Freq (Hz)	Coh_accelerometre /source
source
source
10.000000000000018E+0	584.738200600945950E-3
11.000000000000020E+0	926.714694859252730E-3
12.000000000000021E+0	578.179739633769900E-3
13.000000000000023E+0	58.727822738853803E-3
14.000000000000025E+0	873.296467489734110E-3
15.000000000000027E+0	806.041440174275370E-3
16.000000000000028E+0	784.661987499766230E-3
17.000000000000028E+0	737.367516517669740E-3
18.000000000000028E+0	832.376153596831920E-3
19.000000000000028E+0	947.899053059690800E-3
20.000000000000028E+0	937.899449245356730E-3
21.000000000000028E+0	971.972850926790530E-3
22.000000000000028E+0	975.073504020424140E-3
23.000000000000028E+0	989.351441853695720E-3
24.000000000000028E+0	990.394592507415460E-3
25.000000000000028E+0	995.794772070370930E-3
26.000000000000028E+0	995.562609402050660E-3
27.000000000000028E+0	993.616529799101980E-3
28.000000000000028E+0	996.313490856844060E-3
29.000000000000028E+0	994.880924837061140E-3
30.000000000000028E+0	971.226242918451390E-3
31.000000000000028E+0	981.915198586211460E-3
32.000000000000028E+0	992.828704270291460E-3
33.000000000000028E+0	982.622721735113450E-3
34.000000000000028E+0	990.829994108302080E-3
35.000000000000028E+0	985.368212651764660E-3
36.000000000000028E+0	913.299178319142980E-3
37.000000000000028E+0	965.953321196085570E-3
38.000000000000028E+0	987.229647190383420E-3
39.000000000000028E+0	985.311882885304690E-3
40.000000000000028E+0	984.890765054637130E-3
41.000000000000028E+0	994.371741524979980E-3
42.000000000000028E+0	991.801648047310080E-3
43.000000000000028E+0	967.047538409855470E-3
44.000000000000028E+0	907.128300049316100E-3
45.000000000000028E+0	913.978625692696170E-3
46.000000000000028E+0	939.581103312808970E-3
47.000000000000028E+0	986.979597326299360E-3
48.000000000000028E+0	992.533279027537960E-3
49.000000000000028E+0	982.587520472129380E-3
50.000000000000028E+0	988.562586801409180E-3
51.000000000000028E+0	991.585258872209500E-3
52.000000000000028E+0	995.426769936795570E-3
53.000000000000028E+0	993.292924578864420E-3
54.000000000000028E+0	996.095319268727190E-3
55.000000000000028E+0	997.120093310575940E-3
56.000000000000028E+0	995.510539453583590E-3
57.000000000000028E+0	990.881057710437550E-3
58.000000000000028E+0	982.503877701099700E-3
59.000000000000028E+0	994.467681890286000E-3
60.000000000000028E+0	993.819139934634660E-3
61.000000000000028E+0	995.603790780423160E-3
62.000000000000028E+0	991.872654399394430E-3
63.000000000000028E+0	991.960040507752880E-3
64.000000000000028E+0	991.840616723500770E-3
65.000000000000028E+0	991.514428317435300E-3
66.000000000000028E+0	993.091430052469360E-3
67.000000000000028E+0	991.270636637551770E-3
68.000000000000028E+0	989.159774827290340E-3
69.000000000000028E+0	994.363455847296460E-3
70.000000000000028E+0	995.706173363185010E-3
71.000000000000028E+0	994.464489794447460E-3
72.000000000000028E+0	987.577046826022990E-3
73.000000000000028E+0	994.813811444798300E-3
74.000000000000028E+0	995.284283852536530E-3
75.000000000000028E+0	997.478461603109710E-3
76.000000000000028E+0	997.470569256064590E-3
77.000000000000028E+0	996.039498823562910E-3
78.000000000000028E+0	997.062456925189130E-3
79.000000000000028E+0	996.863283337671820E-3
80.000000000000028E+0	992.932712938838340E-3
81.000000000000028E+0	984.347329606488410E-3
82.000000000000028E+0	983.583374437889790E-3
83.000000000000028E+0	989.327642133574940E-3
84.000000000000028E+0	992.783631393276850E-3
85.000000000000028E+0	991.907479014542680E-3
86.000000000000028E+0	994.302666861357820E-3
87.000000000000028E+0	982.357191188374610E-3
88.000000000000028E+0	993.646312744930870E-3
89.000000000000028E+0	995.489440598968930E-3
90.000000000000028E+0	977.153440114397860E-3
91.000000000000028E+0	992.640231329491200E-3
92.000000000000028E+0	995.537966337057160E-3
93.000000000000028E+0	995.167688787424120E-3
94.000000000000028E+0	997.495971729471240E-3
95.000000000000028E+0	994.724556786529930E-3
96.000000000000028E+0	992.713565191860050E-3
97.000000000000028E+0	994.780877519826580E-3
98.000000000000028E+0	994.022878213064450E-3
99.000000000000028E+0	987.098191117007920E-3
100.000000000000030E+0	961.576140944818250E-3
101.000000000000030E+0	983.409237943449590E-3
102.000000000000030E+0	984.218276679457270E-3
103.000000000000030E+0	950.438273098856420E-3
104.000000000000030E+0	986.998454065204140E-3
105.000000000000030E+0	975.995206786331230E-3
106.000000000000030E+0	975.053899015183020E-3
107.000000000000030E+0	983.646836963534830E-3
108.000000000000030E+0	971.902151963609520E-3
109.000000000000030E+0	893.941845520598850E-3
110.000000000000030E+0	984.237684513727620E-3
111.000000000000030E+0	988.670819526307420E-3
112.000000000000030E+0	991.362300343237580E-3
113.000000000000030E+0	993.600729512032930E-3
114.000000000000030E+0	992.905870385890620E-3
115.000000000000030E+0	997.895515831772050E-3
116.000000000000030E+0	998.573358007939120E-3
117.000000000000030E+0	997.956275878725150E-3
118.000000000000030E+0	996.545737664751300E-3
119.000000000000030E+0	829.573158764750800E-3
120.000000000000030E+0	986.500896074151260E-3
121.000000000000030E+0	989.383814199815910E-3
122.000000000000030E+0	958.552766306140280E-3
123.000000000000030E+0	991.145181729271130E-3
124.000000000000030E+0	987.835090524956660E-3
125.000000000000030E+0	988.805978350286610E-3
126.000000000000030E+0	984.942361706210740E-3
127.000000000000030E+0	976.051249751563210E-3
128.000000000000030E+0	873.052783424843830E-3
129.000000000000030E+0	970.418868468804980E-3
130.000000000000030E+0	965.076360298515510E-3
131.000000000000030E+0	914.918329276262040E-3
132.000000000000030E+0	431.400725929990740E-3
133.000000000000030E+0	930.028995406140260E-3
134.000000000000030E+0	942.691517372851950E-3
135.000000000000030E+0	971.088653601076660E-3
136.000000000000030E+0	980.203573919127490E-3
137.000000000000030E+0	984.260411740058400E-3
138.000000000000030E+0	758.714042993975820E-3
139.000000000000030E+0	948.900469622766080E-3
140.000000000000030E+0	909.807203568254400E-3
141.000000000000030E+0	900.304194840324310E-3
142.000000000000030E+0	967.919967868233200E-3
143.000000000000030E+0	984.449624300636760E-3
144.000000000000030E+0	990.445664168312030E-3
145.000000000000030E+0	992.378702802826250E-3
146.000000000000030E+0	987.774040031369260E-3
147.000000000000030E+0	961.877084016174000E-3
148.000000000000030E+0	868.231789555833690E-3
149.000000000000030E+0	980.738229344601640E-3
150.000000000000030E+0	959.635236075183640E-3
151.000000000000030E+0	957.698294538044560E-3
152.000000000000030E+0	992.278320034762790E-3
153.000000000000030E+0	994.879695560040520E-3
154.000000000000030E+0	996.338363661534500E-3
155.000000000000030E+0	995.369671614789510E-3
156.000000000000030E+0	968.499234564502490E-3
157.000000000000030E+0	986.055365861582040E-3
158.000000000000030E+0	990.482167318545330E-3
159.000000000000030E+0	988.356551476455850E-3
160.000000000000030E+0	980.000374269234360E-3
161.000000000000030E+0	994.138710815022920E-3
162.000000000000030E+0	998.716164199372260E-3
163.000000000000030E+0	997.844718238648510E-3
164.000000000000030E+0	991.009946657104620E-3
165.000000000000030E+0	990.359166876949470E-3
166.000000000000030E+0	950.190374326332240E-3
167.000000000000030E+0	992.474741518837190E-3
168.000000000000030E+0	997.005818560955710E-3
169.000000000000030E+0	995.523930427246290E-3
170.000000000000030E+0	996.451605648638110E-3
171.000000000000030E+0	995.201949329695740E-3
172.000000000000030E+0	995.540343777653660E-3
173.000000000000030E+0	993.370186552147700E-3
174.000000000000030E+0	983.595238789471970E-3
175.000000000000030E+0	977.579576142461600E-3
176.000000000000030E+0	993.774386372870410E-3
177.000000000000030E+0	982.566617369093560E-3
178.000000000000030E+0	978.310008418675550E-3
179.000000000000030E+0	769.377064009145070E-3
180.000000000000030E+0	986.331647501128230E-3
181.000000000000030E+0	996.958205047426710E-3
182.000000000000030E+0	990.858774200448990E-3
183.000000000000030E+0	988.080712150778420E-3
184.000000000000030E+0	990.228734563131760E-3
185.000000000000030E+0	991.255856294800290E-3
186.000000000000030E+0	997.233233728798570E-3
187.000000000000030E+0	997.347696647484240E-3
188.000000000000030E+0	988.107523281102850E-3
189.000000000000030E+0	993.219512189257860E-3
190.000000000000030E+0	997.845382836386020E-3
191.000000000000030E+0	998.951481977269130E-3
192.000000000000030E+0	996.472487801268850E-3
193.000000000000030E+0	991.859545456711070E-3
194.000000000000030E+0	996.769521873119070E-3
195.000000000000030E+0	995.030429463773620E-3
196.000000000000030E+0	995.042142263744770E-3
197.000000000000030E+0	997.950166919899350E-3
198.000000000000030E+0	989.143249531848180E-3
199.000000000000030E+0	996.642153072680890E-3
200.000000000000030E+0	997.057338676429320E-3
201.000000000000030E+0	992.471322146626480E-3
202.000000000000030E+0	993.772830592552390E-3
203.000000000000030E+0	993.573320279713790E-3
204.000000000000030E+0	996.444437351527770E-3
205.000000000000030E+0	995.804949006285240E-3
206.000000000000030E+0	995.540777085556440E-3
207.000000000000030E+0	991.187791720556930E-3
208.000000000000030E+0	990.246626538156320E-3
209.000000000000030E+0	991.753960495664670E-3
210.000000000000030E+0	987.126729674569820E-3
211.000000000000030E+0	970.133373945416430E-3
212.000000000000030E+0	994.840513269760530E-3
213.000000000000030E+0	983.087572251473470E-3
214.000000000000030E+0	992.172410692206740E-3
215.000000000000030E+0	996.444615511139610E-3
216.000000000000030E+0	985.054924523301010E-3
217.000000000000030E+0	985.416815466887750E-3
218.000000000000030E+0	997.308080203453410E-3
219.000000000000030E+0	991.639052967870910E-3
220.000000000000030E+0	991.096920173313520E-3
221.000000000000030E+0	990.461100537778250E-3
222.000000000000030E+0	993.578567571701930E-3
223.000000000000030E+0	993.324127249328390E-3
224.000000000000030E+0	983.423169843557820E-3
225.000000000000030E+0	986.926913225230850E-3
226.000000000000030E+0	974.755945715941820E-3
227.000000000000030E+0	942.445144544518440E-3
228.000000000000030E+0	943.788927748951070E-3
229.000000000000030E+0	931.098972397475740E-3
230.000000000000030E+0	936.948024749098440E-3
231.000000000000030E+0	916.331539509501970E-3
232.000000000000030E+0	902.228546380006490E-3
233.000000000000030E+0	931.295808123804300E-3
234.000000000000030E+0	968.973746286184490E-3
235.000000000000030E+0	981.138838469616470E-3
236.000000000000030E+0	984.098723031182730E-3
237.000000000000030E+0	986.831425273337780E-3
238.000000000000030E+0	991.785217228316700E-3
239.000000000000030E+0	946.061619795938830E-3
240.000000000000030E+0	824.532415946636840E-3
241.000000000000030E+0	962.788631895237000E-3
242.000000000000030E+0	965.423510491844270E-3
243.000000000000030E+0	973.757774408244510E-3
244.000000000000030E+0	974.519261635851450E-3
245.000000000000030E+0	932.282033964341730E-3
246.000000000000030E+0	869.598453953658200E-3
247.000000000000030E+0	844.514855379253970E-3
248.000000000000030E+0	859.141991589828730E-3
249.000000000000030E+0	889.988517194301160E-3
250.000000000000030E+0	943.391629374952690E-3
251.000000000000030E+0	958.898927624761590E-3
252.000000000000030E+0	967.064870339850000E-3
253.000000000000030E+0	970.932031768542590E-3
254.000000000000030E+0	956.093090662559430E-3
255.000000000000030E+0	906.005565861595530E-3
256.000000000000060E+0	239.774076201437540E-3
257.000000000000060E+0	803.197771529697960E-3
258.000000000000060E+0	761.658283651518000E-3
259.000000000000060E+0	950.927951810451200E-3
260.000000000000060E+0	982.940711426950050E-3
261.000000000000060E+0	989.231678315826700E-3
262.000000000000060E+0	972.980593498089190E-3
263.000000000000060E+0	926.978348029437240E-3
264.000000000000060E+0	99.818028352551907E-3
265.000000000000060E+0	696.784821478197980E-3
266.000000000000060E+0	900.144560538479350E-3
267.000000000000060E+0	954.665253381497100E-3
268.000000000000060E+0	984.860074237131400E-3
269.000000000000060E+0	984.988324958659950E-3
270.000000000000060E+0	968.235206885795230E-3
271.000000000000060E+0	964.941360272730700E-3
272.000000000000060E+0	838.633704657051000E-3
273.000000000000060E+0	791.625753474624830E-3
274.000000000000060E+0	799.412250625484710E-3
275.000000000000060E+0	655.407711689042330E-3
276.000000000000060E+0	879.999483534329000E-3
277.000000000000060E+0	906.954635275052380E-3
278.000000000000060E+0	893.856144539323380E-3
279.000000000000060E+0	965.994625012375980E-3
280.000000000000060E+0	962.768432439426560E-3
281.000000000000060E+0	957.504244896398850E-3
282.000000000000060E+0	958.583705432579200E-3
283.000000000000060E+0	986.107448463026780E-3
284.000000000000060E+0	980.429185172791650E-3
285.000000000000060E+0	981.280043199160840E-3
286.000000000000060E+0	979.458894480606970E-3
287.000000000000060E+0	890.507266112455120E-3
288.000000000000060E+0	985.167112448229740E-3
289.000000000000060E+0	990.073263865878570E-3
290.000000000000060E+0	987.690083842991390E-3
291.000000000000060E+0	982.386197814472780E-3
292.000000000000060E+0	988.653513334845190E-3
293.000000000000060E+0	985.738879739897820E-3
294.000000000000060E+0	972.843298507183540E-3
295.000000000000060E+0	953.009016474209880E-3
296.000000000000060E+0	959.062414136222400E-3
297.000000000000060E+0	963.745573177545390E-3
298.000000000000060E+0	956.057019032862330E-3
299.000000000000060E+0	952.844869421946350E-3
300.000000000000060E+0	931.754149431622270E-3
301.000000000000060E+0	838.705862971030220E-3
302.000000000000060E+0	898.095062164704470E-3
303.000000000000060E+0	949.888522904019370E-3
304.000000000000060E+0	884.271443335713280E-3
305.000000000000060E+0	903.036701350250490E-3
306.000000000000060E+0	846.281798470777450E-3
307.000000000000060E+0	951.630981675126610E-3
308.000000000000060E+0	951.828298567628850E-3
309.000000000000060E+0	931.689340272388260E-3
310.000000000000060E+0	972.443931080749220E-3
311.000000000000060E+0	983.298712968535880E-3
312.000000000000060E+0	985.877907828211160E-3
313.000000000000060E+0	977.061386534629820E-3
314.000000000000060E+0	989.970005630927190E-3
315.000000000000060E+0	984.717744219045790E-3
316.000000000000060E+0	991.459731986786500E-3
317.000000000000060E+0	995.290326539512100E-3
318.000000000000060E+0	992.981606214399570E-3
319.000000000000060E+0	984.261639310630150E-3
320.000000000000060E+0	993.189972325109080E-3
321.000000000000060E+0	995.427628668630990E-3
322.000000000000060E+0	993.131460953173280E-3
323.000000000000060E+0	996.065142019756270E-3
324.000000000000060E+0	996.795735370067600E-3
325.000000000000060E+0	995.578643805367650E-3
326.000000000000060E+0	994.196075545298980E-3
327.000000000000060E+0	992.092928116733220E-3
328.000000000000060E+0	988.443901017752150E-3
329.000000000000060E+0	983.358327720884050E-3
330.000000000000060E+0	995.711873902802910E-3
331.000000000000060E+0	995.597085593318390E-3
332.000000000000060E+0	992.458965398653750E-3
333.000000000000060E+0	994.054355181082980E-3
334.000000000000060E+0	994.137125583643420E-3
335.000000000000060E+0	990.027967256902450E-3
336.000000000000060E+0	993.006332945734930E-3
337.000000000000060E+0	983.880116178233790E-3
338.000000000000060E+0	984.706942005128650E-3
339.000000000000060E+0	992.838516046199100E-3
340.000000000000060E+0	990.811995202104500E-3
341.000000000000060E+0	985.212627523457950E-3
342.000000000000060E+0	969.631205032187250E-3
343.000000000000060E+0	961.166251186678640E-3
344.000000000000060E+0	949.983754311715110E-3
345.000000000000060E+0	898.467336765426450E-3
346.000000000000060E+0	961.997881603346320E-3
347.000000000000060E+0	938.562313804483180E-3
348.000000000000060E+0	951.639553859526810E-3
349.000000000000060E+0	964.986927366535020E-3
350.000000000000060E+0	955.872143174304690E-3
351.000000000000060E+0	906.761897677275110E-3
352.000000000000060E+0	884.678809193567780E-3
353.000000000000060E+0	881.202400100247750E-3
354.000000000000060E+0	902.651381328613110E-3
355.000000000000060E+0	934.836046897069340E-3
356.000000000000060E+0	826.865138081527060E-3
357.000000000000060E+0	954.655887752464900E-3
358.000000000000060E+0	982.009014227284930E-3
359.000000000000060E+0	956.270722259202180E-3
360.000000000000060E+0	939.896161862029950E-3
361.000000000000060E+0	946.352556176095930E-3
362.000000000000060E+0	983.790080394069340E-3
363.000000000000060E+0	972.761717353767260E-3
364.000000000000060E+0	949.327272849287970E-3
365.000000000000060E+0	962.953035908738490E-3
366.000000000000060E+0	923.132166489104680E-3
367.000000000000060E+0	969.776673709429220E-3
368.000000000000060E+0	985.589999893702660E-3
369.000000000000060E+0	975.413452598998250E-3
370.000000000000060E+0	938.297005722874670E-3
371.000000000000060E+0	918.760181249070110E-3
372.000000000000060E+0	928.687920445920630E-3
373.000000000000060E+0	894.176153717891830E-3
374.000000000000060E+0	898.458220702009090E-3
375.000000000000060E+0	932.270645171431210E-3
376.000000000000060E+0	962.607421665145350E-3
377.000000000000060E+0	977.906610457747290E-3
378.000000000000060E+0	977.966846100898120E-3
379.000000000000060E+0	969.106905802520570E-3
380.000000000000060E+0	581.320238355988120E-3
381.000000000000060E+0	889.541594828536900E-3
382.000000000000060E+0	889.482771506211910E-3
383.000000000000060E+0	968.733642498805110E-3
384.000000000000060E+0	979.413689202007000E-3
385.000000000000060E+0	985.562155102257640E-3
386.000000000000060E+0	986.408695490799680E-3
387.000000000000060E+0	972.629381397775880E-3
388.000000000000060E+0	962.739776165222990E-3
389.000000000000060E+0	915.699834014955250E-3
390.000000000000060E+0	977.541546830679290E-3
391.000000000000060E+0	988.284894067472000E-3
392.000000000000060E+0	988.088016265323500E-3
393.000000000000060E+0	980.284636329750050E-3
394.000000000000060E+0	987.378770443533840E-3
395.000000000000060E+0	983.250052064865380E-3
396.000000000000060E+0	986.276451348009010E-3
397.000000000000060E+0	991.972764873167880E-3
398.000000000000060E+0	983.491857972579210E-3
399.000000000000060E+0	993.641961547562240E-3
400.000000000000060E+0	994.476209166982090E-3
401.000000000000060E+0	991.291323177053710E-3
402.000000000000060E+0	987.431480721448930E-3
403.000000000000060E+0	980.255075453262960E-3
404.000000000000060E+0	991.147913366296480E-3
405.000000000000060E+0	989.117612600718400E-3
406.000000000000060E+0	995.449502722044800E-3
407.000000000000060E+0	996.764101252727300E-3
408.000000000000060E+0	994.661334450744670E-3
409.000000000000060E+0	997.236212628365260E-3
410.000000000000060E+0	996.691269460114550E-3
411.000000000000060E+0	994.918367600877930E-3
412.000000000000060E+0	994.257886792270560E-3
413.000000000000060E+0	994.626887757937170E-3
414.000000000000060E+0	996.697061120952470E-3
415.000000000000060E+0	998.556776158893600E-3
416.000000000000060E+0	996.018178505459040E-3
417.000000000000060E+0	994.739160391794770E-3
418.000000000000060E+0	994.628510748559960E-3
419.000000000000060E+0	994.141714877119110E-3
420.000000000000060E+0	993.849975374553000E-3
421.000000000000060E+0	987.113207463943490E-3
422.000000000000060E+0	996.218623617597050E-3
423.000000000000060E+0	997.145534871860530E-3
424.000000000000060E+0	998.050190950489190E-3
425.000000000000060E+0	997.400083893803410E-3
426.000000000000060E+0	990.864294988162860E-3
427.000000000000060E+0	991.692959530166230E-3
428.000000000000060E+0	993.596271002464500E-3
429.000000000000060E+0	989.758131633526880E-3
430.000000000000060E+0	993.122711075533740E-3
431.000000000000060E+0	994.203652265951750E-3
432.000000000000060E+0	995.191950615818330E-3
433.000000000000060E+0	991.776123099093910E-3
434.000000000000060E+0	965.134659419013330E-3
435.000000000000060E+0	946.438521758166010E-3
436.000000000000060E+0	961.554352895706680E-3
437.000000000000060E+0	966.363041338858640E-3
438.000000000000060E+0	984.209216152351350E-3
439.000000000000060E+0	986.515934555897480E-3
440.000000000000060E+0	957.677548740192510E-3
441.000000000000060E+0	987.541554138932850E-3
442.000000000000060E+0	989.743822712529140E-3
443.000000000000060E+0	992.447134678406170E-3
444.000000000000060E+0	997.938018368021210E-3
445.000000000000060E+0	996.078366059483520E-3
446.000000000000060E+0	997.571964797705270E-3
447.000000000000060E+0	997.812003326429500E-3
448.000000000000060E+0	996.654781081626530E-3
449.000000000000060E+0	993.263107828927240E-3
450.000000000000060E+0	993.754099589383100E-3
451.000000000000060E+0	998.409660213434910E-3
452.000000000000060E+0	998.433058545000860E-3
453.000000000000060E+0	995.647628174053390E-3
454.000000000000060E+0	996.431231814347230E-3
455.000000000000060E+0	997.732672401780980E-3
456.000000000000060E+0	997.488325199021420E-3
457.000000000000060E+0	997.415612053620280E-3
458.000000000000060E+0	996.636805221037810E-3
459.000000000000060E+0	993.932816547176690E-3
460.000000000000060E+0	997.968101631054760E-3
461.000000000000060E+0	998.019436901891430E-3
462.000000000000060E+0	997.494699695865570E-3
463.000000000000060E+0	995.893115603029730E-3
464.000000000000060E+0	996.874679453031430E-3
465.000000000000060E+0	995.531438659232880E-3
466.000000000000060E+0	991.755318465109000E-3
467.000000000000060E+0	993.103419593602380E-3
468.000000000000060E+0	994.291153280815960E-3
469.000000000000060E+0	992.271997947145050E-3
470.000000000000060E+0	993.812261944720500E-3
471.000000000000060E+0	991.914635677503820E-3
472.000000000000060E+0	986.921643609556250E-3
473.000000000000060E+0	987.626573420302580E-3
474.000000000000060E+0	992.365789631113440E-3
475.000000000000060E+0	995.362011494028480E-3
476.000000000000060E+0	996.296374431736240E-3
477.000000000000060E+0	995.515406107891240E-3
478.000000000000060E+0	995.015561314215090E-3
479.000000000000060E+0	996.213056331965660E-3
480.000000000000060E+0	995.625132002165510E-3
481.000000000000060E+0	994.857296137282130E-3
482.000000000000060E+0	996.481662509552830E-3
483.000000000000060E+0	998.327002095817820E-3
484.000000000000060E+0	998.345938126536380E-3
485.000000000000060E+0	996.157916854393140E-3
486.000000000000060E+0	998.267014775669590E-3
487.000000000000060E+0	992.268741905211640E-3
488.000000000000060E+0	997.920153015963600E-3
489.000000000000060E+0	998.072810021290220E-3
490.000000000000060E+0	997.407101859641210E-3
491.000000000000060E+0	996.762663135845050E-3
492.000000000000060E+0	997.599118198407190E-3
493.000000000000060E+0	996.257653067121990E-3
494.000000000000060E+0	992.673940953969880E-3
495.000000000000060E+0	990.637087395719650E-3
496.000000000000060E+0	996.348171957295640E-3
497.000000000000060E+0	997.930984142401110E-3
498.000000000000060E+0	999.083870722315080E-3
499.000000000000060E+0	998.869594914734150E-3
500.000000000000060E+0	990.123102251784240E-3
501.000000000000060E+0	991.606118258875350E-3
502.000000000000060E+0	995.764965628844310E-3
503.000000000000060E+0	990.010138040506530E-3
504.000000000000060E+0	992.617284292216740E-3
505.000000000000060E+0	995.021362002348700E-3
506.000000000000060E+0	996.464416386546590E-3
507.000000000000060E+0	997.859484393034850E-3
508.000000000000060E+0	994.955532738607820E-3
509.000000000000060E+0	991.986507192056050E-3
510.000000000000060E+0	977.733095514496610E-3
511.000000000000060E+0	993.589531534151300E-3
512.000000000000110E+0	993.872511870333540E-3
513.000000000000110E+0	971.331335400484110E-3
514.000000000000110E+0	957.531722582491310E-3
515.000000000000110E+0	972.247485448547220E-3
516.000000000000110E+0	992.671975490064140E-3
517.000000000000110E+0	981.226989307941720E-3
518.000000000000110E+0	978.603292523601790E-3
519.000000000000110E+0	965.848298894019020E-3
520.000000000000110E+0	979.195788354223720E-3
521.000000000000110E+0	980.726018015097960E-3
522.000000000000110E+0	977.165479459316980E-3
523.000000000000110E+0	983.740933743706410E-3
524.000000000000110E+0	971.919437284279210E-3
525.000000000000110E+0	991.433621668448170E-3
526.000000000000110E+0	994.671011945509770E-3
527.000000000000110E+0	992.316542917599080E-3
528.000000000000110E+0	981.416437249874480E-3
529.000000000000110E+0	984.494258803287340E-3
530.000000000000110E+0	996.995144862350750E-3
531.000000000000110E+0	997.594127346268180E-3
532.000000000000110E+0	996.015880588952630E-3
533.000000000000110E+0	995.546427836672020E-3
534.000000000000110E+0	997.034449152069290E-3
535.000000000000110E+0	996.908144692848050E-3
536.000000000000110E+0	995.431381807506570E-3
537.000000000000110E+0	994.285580993784060E-3
538.000000000000110E+0	992.611069849300140E-3
539.000000000000110E+0	997.315738186000390E-3
540.000000000000110E+0	993.630439850111790E-3
541.000000000000110E+0	990.645168838570460E-3
542.000000000000110E+0	979.714974742433630E-3
543.000000000000110E+0	987.398119378329220E-3
544.000000000000110E+0	995.762008223594730E-3
545.000000000000110E+0	995.901706474096930E-3
546.000000000000110E+0	993.482332116671700E-3
547.000000000000110E+0	986.660899689305370E-3
548.000000000000110E+0	990.836284953803270E-3
549.000000000000110E+0	998.462106026044350E-3
550.000000000000110E+0	997.265230422615830E-3
551.000000000000110E+0	987.241813386486310E-3
552.000000000000110E+0	993.104509031963230E-3
553.000000000000110E+0	997.491494144123300E-3
554.000000000000110E+0	998.131046136495390E-3
555.000000000000110E+0	996.956483672577500E-3
556.000000000000110E+0	998.625161524740010E-3
557.000000000000110E+0	997.991867866686030E-3
558.000000000000110E+0	997.288983979597980E-3
559.000000000000110E+0	997.461120913354150E-3
560.000000000000110E+0	994.950403097831780E-3
561.000000000000110E+0	988.689208354376790E-3
562.000000000000110E+0	998.551463677573300E-3
563.000000000000110E+0	998.428775702384860E-3
564.000000000000110E+0	997.535068951185380E-3
565.000000000000110E+0	997.310214559653630E-3
566.000000000000110E+0	991.815040308856480E-3
567.000000000000110E+0	998.168998718494180E-3
568.000000000000110E+0	998.285878646393620E-3
569.000000000000110E+0	997.765396976073140E-3
570.000000000000110E+0	992.156654732071820E-3
571.000000000000110E+0	997.707193810525970E-3
572.000000000000110E+0	998.704838373939640E-3
573.000000000000110E+0	998.042319349530030E-3
574.000000000000110E+0	991.887170971686100E-3
575.000000000000110E+0	991.810919048325630E-3
576.000000000000110E+0	996.974448276979340E-3
577.000000000000110E+0	998.845286044476530E-3
578.000000000000110E+0	998.349758850942900E-3
579.000000000000110E+0	995.874549185454040E-3
580.000000000000110E+0	995.264740136156960E-3
581.000000000000110E+0	997.476331457379910E-3
582.000000000000110E+0	997.505147366338110E-3
583.000000000000110E+0	995.402625757499490E-3
584.000000000000110E+0	994.828407109696110E-3
585.000000000000110E+0	996.332125228719280E-3
586.000000000000110E+0	995.909532363646430E-3
587.000000000000110E+0	996.099214006824000E-3
588.000000000000110E+0	995.710001345264990E-3
589.000000000000110E+0	985.307095731718820E-3
590.000000000000110E+0	996.529240157724040E-3
591.000000000000110E+0	996.839884439753240E-3
592.000000000000110E+0	996.685657783643150E-3
593.000000000000110E+0	994.979903137626410E-3
594.000000000000110E+0	993.351464314244040E-3
595.000000000000110E+0	994.836581834367960E-3
596.000000000000110E+0	993.897555535846130E-3
597.000000000000110E+0	993.451018293813550E-3
598.000000000000110E+0	983.575178631238110E-3
599.000000000000110E+0	984.884061908780420E-3
600.000000000000110E+0	992.068133737628920E-3
601.000000000000110E+0	987.455575736181700E-3
602.000000000000110E+0	973.683908187350840E-3
603.000000000000110E+0	991.704806343875700E-3
604.000000000000110E+0	991.802763121997780E-3
605.000000000000110E+0	992.711341059481780E-3
606.000000000000110E+0	993.367646092546240E-3
607.000000000000110E+0	988.001617109891090E-3
608.000000000000110E+0	974.862992802319360E-3
609.000000000000110E+0	989.860952192138770E-3
610.000000000000110E+0	983.844879085108310E-3
611.000000000000110E+0	960.670444660472910E-3
612.000000000000110E+0	968.455022691542380E-3
613.000000000000110E+0	992.646521185347240E-3
614.000000000000110E+0	998.045585403994130E-3
615.000000000000110E+0	993.291380875275580E-3
616.000000000000110E+0	989.660639237897710E-3
617.000000000000110E+0	987.828425652926830E-3
618.000000000000110E+0	993.907159524980540E-3
619.000000000000110E+0	996.499593980900820E-3
620.000000000000110E+0	996.822712907318830E-3
621.000000000000110E+0	981.375396002678420E-3
622.000000000000110E+0	997.385232537864600E-3
623.000000000000110E+0	998.435149302620560E-3
624.000000000000110E+0	997.797231485180740E-3
625.000000000000110E+0	996.874528856838580E-3
626.000000000000110E+0	994.335366242983130E-3
627.000000000000110E+0	995.790857077614720E-3
628.000000000000110E+0	997.836234583407640E-3
629.000000000000110E+0	996.808663329187050E-3
630.000000000000110E+0	994.932909943911920E-3
631.000000000000110E+0	994.023617117943620E-3
632.000000000000110E+0	997.260966069605460E-3
633.000000000000110E+0	997.971648738134710E-3
634.000000000000110E+0	995.798656824886220E-3
635.000000000000110E+0	995.947449358556950E-3
636.000000000000110E+0	995.481456816124100E-3
637.000000000000110E+0	998.835507416229840E-3
638.000000000000110E+0	997.278399518264800E-3
639.000000000000110E+0	995.028455183701980E-3
640.000000000000110E+0	984.112793631845340E-3
641.000000000000110E+0	994.632514049836100E-3
642.000000000000110E+0	992.319006192260320E-3
643.000000000000110E+0	987.230647672055820E-3
644.000000000000110E+0	987.954119926653380E-3
645.000000000000110E+0	994.634306447104930E-3
646.000000000000110E+0	994.166603794609530E-3
647.000000000000110E+0	994.110981034186160E-3
648.000000000000110E+0	993.800733306647200E-3
649.000000000000110E+0	991.430760539842250E-3
650.000000000000110E+0	988.814588434595130E-3
651.000000000000110E+0	994.739715743262590E-3
652.000000000000110E+0	994.392028556382200E-3
653.000000000000110E+0	989.474645511696280E-3
654.000000000000110E+0	996.357678236505450E-3
655.000000000000110E+0	997.516122967440520E-3
656.000000000000110E+0	997.280543081758840E-3
657.000000000000110E+0	997.432165703002190E-3
658.000000000000110E+0	995.294799279663360E-3
659.000000000000110E+0	987.268571065369580E-3
660.000000000000110E+0	998.742597264693940E-3
661.000000000000110E+0	999.254688422012820E-3
662.000000000000110E+0	999.008025618853380E-3
663.000000000000110E+0	996.943747330433890E-3
664.000000000000110E+0	994.505271460780380E-3
665.000000000000110E+0	996.573002175944360E-3
666.000000000000110E+0	995.969887960991840E-3
667.000000000000110E+0	997.977740043695660E-3
668.000000000000110E+0	996.805159913170310E-3
669.000000000000110E+0	998.712429416197530E-3
670.000000000000110E+0	999.167332658020160E-3
671.000000000000110E+0	997.448012167524770E-3
672.000000000000110E+0	984.608196689536140E-3
673.000000000000110E+0	994.586639691754760E-3
674.000000000000110E+0	997.197111289841450E-3
675.000000000000110E+0	997.797548000001870E-3
676.000000000000110E+0	995.231260846900610E-3
677.000000000000110E+0	992.754299660910330E-3
678.000000000000110E+0	988.131997087256850E-3
679.000000000000110E+0	996.742756636181950E-3
680.000000000000110E+0	997.850257958038610E-3
681.000000000000110E+0	989.316307791188950E-3
682.000000000000110E+0	982.933104622497280E-3
683.000000000000110E+0	996.148003250420850E-3
684.000000000000110E+0	997.117456021837210E-3
685.000000000000110E+0	995.059559227956750E-3
686.000000000000110E+0	996.339223864842190E-3
687.000000000000110E+0	959.742016637532670E-3
688.000000000000110E+0	997.531035797045940E-3
689.000000000000110E+0	998.696712068338430E-3
690.000000000000110E+0	996.996161746693590E-3
691.000000000000110E+0	989.867988878766260E-3
692.000000000000110E+0	995.266111463577570E-3
693.000000000000110E+0	998.239329955330820E-3
694.000000000000110E+0	997.179665381152880E-3
695.000000000000110E+0	994.075002310975340E-3
696.000000000000110E+0	993.763320502134670E-3
697.000000000000110E+0	991.642331686309770E-3
698.000000000000110E+0	995.183490198795480E-3
699.000000000000110E+0	994.079863643671290E-3
700.000000000000110E+0	983.442975860604920E-3
701.000000000000110E+0	993.350080289857500E-3
702.000000000000110E+0	995.881988584506830E-3
703.000000000000110E+0	991.186954152012860E-3
704.000000000000110E+0	988.124228955583380E-3
705.000000000000110E+0	994.361723545626690E-3
706.000000000000110E+0	993.075030137483220E-3
707.000000000000110E+0	995.577889217410420E-3
708.000000000000110E+0	993.185060753216330E-3
709.000000000000110E+0	991.031727519753770E-3
710.000000000000110E+0	963.643793232662140E-3
711.000000000000110E+0	994.417764267128470E-3
712.000000000000110E+0	996.508908231847230E-3
713.000000000000110E+0	996.205574812986330E-3
714.000000000000110E+0	991.479265538492640E-3
715.000000000000110E+0	984.285442346036540E-3
716.000000000000110E+0	990.409261648460550E-3
717.000000000000110E+0	994.794787350153480E-3
718.000000000000110E+0	993.196216483895220E-3
719.000000000000110E+0	963.956397572940160E-3
720.000000000000110E+0	984.882957501928560E-3
721.000000000000110E+0	993.974626584502750E-3
722.000000000000110E+0	992.455740306565470E-3
723.000000000000110E+0	986.583905756506340E-3
724.000000000000110E+0	988.325703060317530E-3
725.000000000000110E+0	997.404240017398470E-3
726.000000000000110E+0	993.959138218608040E-3
727.000000000000110E+0	992.725159793431900E-3
728.000000000000110E+0	986.028737505590610E-3
729.000000000000110E+0	987.071858927105920E-3
730.000000000000110E+0	993.485359672240050E-3
731.000000000000110E+0	993.556188403790230E-3
732.000000000000110E+0	981.046327892731270E-3
733.000000000000110E+0	983.541914410823720E-3
734.000000000000110E+0	980.320497329886580E-3
735.000000000000110E+0	975.613150873281150E-3
736.000000000000110E+0	974.730577908985760E-3
737.000000000000110E+0	987.187362130986350E-3
738.000000000000110E+0	982.540309064154240E-3
739.000000000000110E+0	986.335323164515220E-3
740.000000000000110E+0	992.901080701331540E-3
741.000000000000110E+0	977.097832254776090E-3
742.000000000000110E+0	928.894136584842210E-3
743.000000000000110E+0	759.965135218727220E-3
744.000000000000110E+0	794.482536248904300E-3
745.000000000000110E+0	730.096603659377780E-3
746.000000000000110E+0	891.021041315758100E-3
747.000000000000110E+0	889.041943671461500E-3
748.000000000000110E+0	932.278226982734440E-3
749.000000000000110E+0	985.785338509564620E-3
750.000000000000110E+0	992.993224929450970E-3
751.000000000000110E+0	994.711440948286120E-3
752.000000000000110E+0	978.151109091332180E-3
753.000000000000110E+0	993.595904135810450E-3
754.000000000000110E+0	996.638308668528210E-3
755.000000000000110E+0	994.015912576320940E-3
756.000000000000110E+0	991.937968029751980E-3
757.000000000000110E+0	985.484069039524790E-3
758.000000000000110E+0	995.020400850357590E-3
759.000000000000110E+0	998.175346663546570E-3
760.000000000000110E+0	995.522875026460200E-3
761.000000000000110E+0	978.018720341626070E-3
762.000000000000110E+0	997.142533236879400E-3
763.000000000000110E+0	998.102067129024050E-3
764.000000000000110E+0	994.910884626002300E-3
765.000000000000110E+0	993.099929218462910E-3
766.000000000000110E+0	982.102680711883220E-3
767.000000000000110E+0	989.662749823785660E-3
768.000000000000110E+0	992.248786711666610E-3
769.000000000000110E+0	995.855468938891430E-3
770.000000000000110E+0	993.493501158326350E-3
771.000000000000110E+0	990.120815494485830E-3
772.000000000000110E+0	995.828073303535070E-3
773.000000000000110E+0	994.080090607308510E-3
774.000000000000110E+0	989.883170906320610E-3
775.000000000000110E+0	989.796367130227230E-3
776.000000000000110E+0	989.760347034176920E-3
777.000000000000110E+0	997.670442094319430E-3
778.000000000000110E+0	998.238857220594580E-3
779.000000000000110E+0	991.880662972062790E-3
780.000000000000110E+0	982.375704072059870E-3
781.000000000000110E+0	994.995441461062340E-3
782.000000000000110E+0	996.389832452141080E-3
783.000000000000110E+0	996.971873711053560E-3
784.000000000000110E+0	991.907048542315260E-3
785.000000000000110E+0	992.942962033458000E-3
786.000000000000110E+0	995.667150703562930E-3
787.000000000000110E+0	995.937551102227480E-3
788.000000000000110E+0	994.668363070195020E-3
789.000000000000110E+0	984.899956614685660E-3
790.000000000000110E+0	991.109537300100430E-3
791.000000000000110E+0	998.276341237692040E-3
792.000000000000110E+0	997.561710851762820E-3
793.000000000000110E+0	996.329042409466960E-3
794.000000000000110E+0	993.403138041782600E-3
795.000000000000110E+0	989.325500430442320E-3
796.000000000000110E+0	987.513287151351340E-3
797.000000000000110E+0	990.006673782885430E-3
798.000000000000110E+0	978.416414067344470E-3
799.000000000000110E+0	970.286839515058670E-3
800.000000000000110E+0	997.100200962918290E-3
801.000000000000110E+0	997.237108215482060E-3
802.000000000000110E+0	992.641478170851130E-3
803.000000000000110E+0	993.828128231395660E-3
804.000000000000110E+0	995.657543094495610E-3
805.000000000000110E+0	994.061727780347960E-3
806.000000000000110E+0	992.368873868864300E-3
807.000000000000110E+0	990.751300929293420E-3
808.000000000000110E+0	964.568183950351600E-3
809.000000000000110E+0	995.526183023912160E-3
810.000000000000110E+0	995.645529822335450E-3
811.000000000000110E+0	995.659003542086140E-3
812.000000000000110E+0	994.676795693898660E-3
813.000000000000110E+0	995.401111830723330E-3
814.000000000000110E+0	997.198353954761420E-3
815.000000000000110E+0	996.558540867642390E-3
816.000000000000110E+0	995.908141526562600E-3
817.000000000000110E+0	996.858120389888970E-3
818.000000000000110E+0	995.166567859673940E-3
819.000000000000110E+0	997.957136834526470E-3
820.000000000000110E+0	997.415539645394870E-3
821.000000000000110E+0	989.392084928096270E-3
822.000000000000110E+0	988.683823488757380E-3
823.000000000000110E+0	996.837401671861410E-3
824.000000000000110E+0	997.092016358177460E-3
825.000000000000110E+0	996.034847925729600E-3
826.000000000000110E+0	986.605820669875010E-3
827.000000000000110E+0	987.708873912106040E-3
828.000000000000110E+0	997.604800149049400E-3
829.000000000000110E+0	996.726902519730950E-3
830.000000000000110E+0	992.663902410206410E-3
831.000000000000110E+0	956.431799254244260E-3
832.000000000000110E+0	993.571808575910320E-3
833.000000000000110E+0	996.748887805552490E-3
834.000000000000110E+0	990.906876833727020E-3
835.000000000000110E+0	990.242739115763100E-3
836.000000000000110E+0	961.085865574847990E-3
837.000000000000110E+0	988.566026090223590E-3
838.000000000000110E+0	991.676650303827570E-3
839.000000000000110E+0	974.882124206236540E-3
840.000000000000110E+0	861.278075116483800E-3
841.000000000000110E+0	983.640766938834840E-3
842.000000000000110E+0	990.503883080435020E-3
843.000000000000110E+0	982.091061241130550E-3
844.000000000000110E+0	931.754783328154640E-3
845.000000000000110E+0	864.871848831366580E-3
846.000000000000110E+0	965.030352997973020E-3
847.000000000000110E+0	979.215462193555490E-3
848.000000000000110E+0	989.693407527495680E-3
849.000000000000110E+0	971.260789271499840E-3
850.000000000000110E+0	949.190050930076130E-3
851.000000000000110E+0	993.309526474713930E-3
852.000000000000110E+0	992.398228531685800E-3
853.000000000000110E+0	968.370899708059120E-3
854.000000000000110E+0	975.403879556442140E-3
855.000000000000110E+0	989.989861443886450E-3
856.000000000000110E+0	995.587626111876790E-3
857.000000000000110E+0	994.009847731846860E-3
858.000000000000110E+0	985.204700202041980E-3
859.000000000000110E+0	988.503757507676050E-3
860.000000000000110E+0	987.161372657531120E-3
861.000000000000110E+0	993.969885919924300E-3
862.000000000000110E+0	992.129138623944250E-3
863.000000000000110E+0	974.309638958873460E-3
864.000000000000110E+0	993.491217648599930E-3
865.000000000000110E+0	993.878601214158050E-3
866.000000000000110E+0	992.773692375450770E-3
867.000000000000110E+0	994.913789313145670E-3
868.000000000000110E+0	984.230923008061140E-3
869.000000000000110E+0	992.146506315709890E-3
870.000000000000110E+0	996.587421492107990E-3
871.000000000000110E+0	993.313767481776580E-3
872.000000000000110E+0	986.844864388944920E-3
873.000000000000110E+0	982.652494543080570E-3
874.000000000000110E+0	995.762056009447120E-3
875.000000000000110E+0	996.435379574181820E-3
876.000000000000110E+0	992.804453312059690E-3
877.000000000000110E+0	992.918040064389550E-3
878.000000000000110E+0	978.814501187044050E-3
879.000000000000110E+0	993.097906051441880E-3
880.000000000000110E+0	997.081689456826290E-3
881.000000000000110E+0	995.973128182740860E-3
882.000000000000110E+0	991.417777275139240E-3
883.000000000000110E+0	995.767817405197150E-3
884.000000000000110E+0	996.563626893996360E-3
885.000000000000110E+0	997.632327863776650E-3
886.000000000000110E+0	998.761139129143220E-3
887.000000000000110E+0	994.156739882647080E-3
888.000000000000110E+0	996.562464307916510E-3
889.000000000000110E+0	998.635003919937200E-3
890.000000000000110E+0	998.469482287253960E-3
891.000000000000110E+0	994.518035267122900E-3
892.000000000000110E+0	993.672321740035280E-3
893.000000000000110E+0	998.371179422301690E-3
894.000000000000110E+0	997.713705332040510E-3
895.000000000000110E+0	995.137876608931380E-3
896.000000000000110E+0	993.896844939184620E-3
897.000000000000110E+0	984.780710183115300E-3
898.000000000000110E+0	996.948868100974160E-3
899.000000000000110E+0	997.888153687778940E-3
900.000000000000110E+0	994.349829531600890E-3
901.000000000000110E+0	987.763157555768270E-3
902.000000000000110E+0	995.867461408125650E-3
903.000000000000110E+0	996.406371502809310E-3
904.000000000000110E+0	994.484884990911030E-3
905.000000000000110E+0	985.867699440096670E-3
906.000000000000110E+0	989.358586599938140E-3
907.000000000000110E+0	985.590139146365510E-3
908.000000000000110E+0	987.869698163396540E-3
909.000000000000110E+0	977.565415409050730E-3
910.000000000000110E+0	503.813446954042180E-3
911.000000000000110E+0	963.280080489746780E-3
912.000000000000110E+0	983.097073847026600E-3
913.000000000000110E+0	982.640146884393720E-3
914.000000000000110E+0	984.601774593340080E-3
915.000000000000110E+0	986.940048541268160E-3
916.000000000000110E+0	924.954831314698130E-3
917.000000000000110E+0	967.339567216221050E-3
918.000000000000110E+0	984.328560425303700E-3
919.000000000000110E+0	982.414382127459570E-3
920.000000000000110E+0	949.213541823480170E-3
921.000000000000110E+0	988.997764223204840E-3
922.000000000000110E+0	990.417089469785680E-3
923.000000000000110E+0	980.144936226850730E-3
924.000000000000110E+0	965.873368034996680E-3
925.000000000000110E+0	992.032420104767780E-3
926.000000000000110E+0	991.535533619054550E-3
927.000000000000110E+0	995.825902156825650E-3
928.000000000000110E+0	997.445017674763120E-3
929.000000000000110E+0	917.471018098328430E-3
930.000000000000110E+0	990.643635137110620E-3
931.000000000000110E+0	995.562841755447070E-3
932.000000000000110E+0	993.254159120927740E-3
933.000000000000110E+0	985.318099362826990E-3
934.000000000000110E+0	993.128551844168040E-3
935.000000000000110E+0	997.022125531705330E-3
936.000000000000110E+0	996.515110622989920E-3
937.000000000000110E+0	992.926688738044790E-3
938.000000000000110E+0	992.377570503029330E-3
939.000000000000110E+0	988.718572572618080E-3
940.000000000000110E+0	999.186798795095420E-3
941.000000000000110E+0	999.146754313379070E-3
942.000000000000110E+0	994.672788822476230E-3
943.000000000000110E+0	995.920900865730710E-3
944.000000000000110E+0	998.309768252234830E-3
945.000000000000110E+0	997.167259489610930E-3
946.000000000000110E+0	994.802071055429500E-3
947.000000000000110E+0	993.675720595539550E-3
948.000000000000110E+0	991.925486266724830E-3
949.000000000000110E+0	997.942183330784990E-3
950.000000000000110E+0	998.083446881781520E-3
951.000000000000110E+0	995.224567938121750E-3
952.000000000000110E+0	982.741296373658030E-3
953.000000000000110E+0	996.622861724504650E-3
954.000000000000110E+0	997.557617741915310E-3
955.000000000000110E+0	994.510098906795760E-3
956.000000000000110E+0	993.728326784593110E-3
957.000000000000110E+0	989.328172521601430E-3
958.000000000000110E+0	995.764773073017810E-3
959.000000000000110E+0	998.169930522655570E-3
960.000000000000110E+0	996.077228916090960E-3
961.000000000000110E+0	963.125099158583020E-3
962.000000000000110E+0	993.579223350474770E-3
963.000000000000110E+0	998.306893744758010E-3
964.000000000000110E+0	998.314600480590730E-3
965.000000000000110E+0	993.507950676230430E-3
966.000000000000110E+0	991.736666189897640E-3
967.000000000000110E+0	995.301817203269930E-3
968.000000000000110E+0	997.182831030732800E-3
969.000000000000110E+0	996.128378366495590E-3
970.000000000000110E+0	991.768414966865520E-3
971.000000000000110E+0	976.388100366357700E-3
972.000000000000110E+0	996.991987448233360E-3
973.000000000000110E+0	996.667214017715190E-3
974.000000000000110E+0	984.523116998524350E-3
975.000000000000110E+0	979.783570629878860E-3
976.000000000000110E+0	989.129314262242380E-3
977.000000000000110E+0	998.120003172586870E-3
978.000000000000110E+0	997.425449836388140E-3
979.000000000000110E+0	990.045831853636590E-3
980.000000000000110E+0	945.625766107619170E-3
981.000000000000110E+0	991.999339767628770E-3
982.000000000000110E+0	996.141885129413040E-3
983.000000000000110E+0	994.436709083020290E-3
984.000000000000110E+0	957.572687688600150E-3
985.000000000000110E+0	990.847068418104880E-3
986.000000000000110E+0	994.860905009263940E-3
987.000000000000110E+0	993.526574437159530E-3
988.000000000000110E+0	993.371901826252570E-3
989.000000000000110E+0	985.459897964555580E-3
990.000000000000110E+0	991.471586619837700E-3
991.000000000000110E+0	997.169880086519850E-3
992.000000000000110E+0	990.285185272698040E-3
993.000000000000110E+0	953.088052431247280E-3
994.000000000000110E+0	970.172067660260210E-3
995.000000000000110E+0	986.507180851154850E-3
996.000000000000110E+0	992.559898453283850E-3
997.000000000000110E+0	984.148479728989000E-3
998.000000000000110E+0	985.330188796317290E-3
999.000000000000110E+0	933.482256073245200E-3
1.000000000000000E+3	994.420849898815070E-3
