Freq (Hz)	accelerometre /source
source
source_Real	accelerometre /source
source
source_Imag
10.000000000000018E+0	7.610695369328761E-3	53.763031220000479E-3
11.000000000000020E+0	-76.292198684980772E-3	-36.067626359664595E-3
12.000000000000021E+0	21.266782648262598E-3	-1.902827795042742E-3
13.000000000000023E+0	-39.635244135938830E-3	-17.957250296288432E-3
14.000000000000025E+0	-27.899706752541775E-3	38.761064899172283E-3
15.000000000000027E+0	-30.676142157625902E-3	28.577708200362931E-3
16.000000000000028E+0	-51.641264312786025E-3	-13.622073289896773E-3
17.000000000000028E+0	-37.846815160170300E-3	23.258010849608862E-3
18.000000000000028E+0	-22.767126336316747E-3	40.598110282091447E-3
19.000000000000028E+0	-88.604396957337114E-3	20.308840025432460E-3
20.000000000000028E+0	-65.349141892141374E-3	27.758676156944252E-3
21.000000000000028E+0	-49.541564420911031E-3	55.460833836240488E-3
22.000000000000028E+0	-49.065249477765659E-3	46.045875354429541E-3
23.000000000000028E+0	-92.359749846833483E-3	72.878439484274443E-3
24.000000000000028E+0	-71.956067062176457E-3	104.673066929807170E-3
25.000000000000028E+0	-53.070112912757407E-3	126.021400916479540E-3
26.000000000000028E+0	-19.909380002327809E-3	140.396693545780830E-3
27.000000000000028E+0	10.032622710965253E-3	118.890012373572770E-3
28.000000000000028E+0	6.054990251159818E-3	117.024354241802550E-3
29.000000000000028E+0	39.913852658528433E-3	105.822810980505930E-3
30.000000000000028E+0	11.041289482606650E-3	56.711910918748297E-3
31.000000000000028E+0	9.013701436223895E-3	53.572814710606591E-3
32.000000000000028E+0	-9.450424907470233E-3	74.788742802251423E-3
33.000000000000028E+0	-26.596172567730586E-3	62.931127390198779E-3
34.000000000000028E+0	-41.592355147966671E-3	132.671114362903380E-3
35.000000000000028E+0	-5.754899575732369E-3	141.537726882901000E-3
36.000000000000028E+0	-3.521522912655471E-3	78.864891259369685E-3
37.000000000000028E+0	-58.129509632085734E-3	101.776935438164530E-3
38.000000000000028E+0	-63.409116184952555E-3	147.943753180280000E-3
39.000000000000028E+0	-67.890311970757428E-3	204.663870318430030E-3
40.000000000000028E+0	-86.706192935635792E-3	222.040706970652170E-3
41.000000000000028E+0	-7.136624762967073E-3	266.485378467097520E-3
42.000000000000028E+0	86.820275012715997E-3	218.683372301493340E-3
43.000000000000028E+0	117.232348874367130E-3	119.062378289269800E-3
44.000000000000028E+0	149.575233569890860E-3	2.095410914717318E-3
45.000000000000028E+0	79.466310138584545E-3	39.290718295816179E-3
46.000000000000028E+0	18.736844170524496E-3	77.692724170391497E-3
47.000000000000028E+0	-8.270442969179830E-3	158.782417543839090E-3
48.000000000000028E+0	39.341145701175695E-3	228.077348021927860E-3
49.000000000000028E+0	-67.813652826249890E-3	249.833416735313040E-3
50.000000000000028E+0	-31.076637914301476E-3	238.638840426110470E-3
51.000000000000028E+0	13.881054237893448E-3	236.292253279313750E-3
52.000000000000028E+0	75.286635926337830E-3	220.696390970137960E-3
53.000000000000028E+0	133.310477425803540E-3	230.988559351767210E-3
54.000000000000028E+0	102.105094014354900E-3	244.202941869691690E-3
55.000000000000028E+0	98.494102956738383E-3	236.655167757001160E-3
56.000000000000028E+0	105.127158350120490E-3	242.144578466409020E-3
57.000000000000028E+0	83.614592969271637E-3	221.663360698547970E-3
58.000000000000028E+0	53.205511998175074E-3	206.630456180840280E-3
59.000000000000028E+0	63.635021637801575E-3	255.315593041662130E-3
60.000000000000028E+0	48.719040475389615E-3	278.938061197532340E-3
61.000000000000028E+0	48.158550784467194E-3	349.221898407727490E-3
62.000000000000028E+0	119.108522466322060E-3	468.389031359674970E-3
63.000000000000028E+0	188.174100458333100E-3	506.690494727745850E-3
64.000000000000028E+0	326.280339857217880E-3	498.937212096882850E-3
65.000000000000028E+0	426.847155984180050E-3	464.008644600950090E-3
66.000000000000028E+0	438.075458562878160E-3	376.851270677547590E-3
67.000000000000028E+0	403.387355045389470E-3	175.238140130390490E-3
68.000000000000028E+0	623.991608175934240E-3	14.899189761498047E-3
69.000000000000028E+0	532.016613573934480E-3	81.672065804167956E-3
70.000000000000028E+0	425.084215808035900E-3	111.502169937390580E-3
71.000000000000028E+0	274.781706490323740E-3	134.973213774028770E-3
72.000000000000028E+0	287.873758356256610E-3	-27.306384659760645E-3
73.000000000000028E+0	364.108446311370630E-3	36.899329876661745E-3
74.000000000000028E+0	348.566392555029190E-3	57.765637138795692E-3
75.000000000000028E+0	341.305888157261480E-3	46.197984922272978E-3
76.000000000000028E+0	357.056252190278370E-3	95.564423651110994E-3
77.000000000000028E+0	199.919931075248580E-3	68.414045210850719E-3
78.000000000000028E+0	310.891740904042590E-3	-451.596492739567860E-6
79.000000000000028E+0	353.573216353011090E-3	32.663390310310909E-3
80.000000000000028E+0	350.230518351602460E-3	102.708625424997470E-3
81.000000000000028E+0	250.451849608038230E-3	77.511421136238740E-3
82.000000000000028E+0	278.042689809969100E-3	56.574645642722986E-3
83.000000000000028E+0	317.974360418205700E-3	76.669422256198827E-3
84.000000000000028E+0	392.728888817758580E-3	97.978031525887549E-3
85.000000000000028E+0	381.313808658827640E-3	146.552874196089780E-3
86.000000000000028E+0	468.542184018049810E-3	184.400509632499460E-3
87.000000000000028E+0	247.917750800924430E-3	262.588106456157270E-3
88.000000000000028E+0	317.927054980203520E-3	58.569293711617863E-3
89.000000000000028E+0	398.717317240396940E-3	19.499211884424859E-3
90.000000000000028E+0	667.588369398182330E-3	-372.580284886469380E-3
91.000000000000028E+0	494.583658317974630E-3	170.397914988008710E-3
92.000000000000028E+0	585.922656393281890E-3	51.679259028802209E-3
93.000000000000028E+0	663.106974598537620E-3	-8.255985251520369E-3
94.000000000000028E+0	662.981557358300780E-3	-79.714009737958766E-3
95.000000000000028E+0	640.784254392642640E-3	-246.962383476290180E-3
96.000000000000028E+0	847.311566668620400E-3	-259.429002087374850E-3
97.000000000000028E+0	730.303827101462130E-3	-285.087778714488150E-3
98.000000000000028E+0	699.739174333039890E-3	-408.677488469532500E-3
99.000000000000028E+0	641.070740157197560E-3	-584.022866804066340E-3
100.000000000000030E+0	727.099603906884990E-3	-824.080555391565660E-3
101.000000000000030E+0	507.155119355194860E-3	-614.499611380329710E-3
102.000000000000030E+0	308.084162615209160E-3	-545.089782199803200E-3
103.000000000000030E+0	-25.581741912296174E-3	-528.524285897903680E-3
104.000000000000030E+0	129.998265259474920E-3	-645.541803528001390E-3
105.000000000000030E+0	54.803671726737169E-3	-429.951745407291750E-3
106.000000000000030E+0	50.995095847687362E-3	-504.319371349708170E-3
107.000000000000030E+0	72.574402288426348E-3	-418.909760317577370E-3
108.000000000000030E+0	88.624904792924758E-3	-366.773248917136970E-3
109.000000000000030E+0	321.014493269007830E-3	-289.656768997100190E-3
110.000000000000030E+0	31.538765698843556E-3	-253.982524834832800E-3
111.000000000000030E+0	42.897777890707312E-3	-281.533791709881630E-3
112.000000000000030E+0	57.952713708171184E-3	-319.295478501913920E-3
113.000000000000030E+0	76.372399705868635E-3	-362.330028708187700E-3
114.000000000000030E+0	86.361181886055252E-3	-402.326009502217090E-3
115.000000000000030E+0	65.339155645787281E-3	-406.327497112444540E-3
116.000000000000030E+0	86.464778262641484E-3	-418.145724336512480E-3
117.000000000000030E+0	71.520226204965120E-3	-388.302794434085110E-3
118.000000000000030E+0	41.044129145337074E-3	-361.645762873899550E-3
119.000000000000030E+0	-75.853799979268208E-3	-172.300332231241050E-3
120.000000000000030E+0	-67.479062375700075E-3	-267.047082560920470E-3
121.000000000000030E+0	-74.173646974373536E-3	-245.686433754329500E-3
122.000000000000030E+0	-187.215393696040370E-3	-159.598218916694620E-3
123.000000000000030E+0	-222.990208628216610E-3	-235.789514473564690E-3
124.000000000000030E+0	-270.211140225468050E-3	-238.198420227161920E-3
125.000000000000030E+0	-205.804828062217950E-3	-206.217301518701710E-3
126.000000000000030E+0	-207.594168122467170E-3	-104.104397731364930E-3
127.000000000000030E+0	-205.092925576367350E-3	-55.957430019805431E-3
128.000000000000030E+0	-78.660938322307972E-3	98.803358921086881E-3
129.000000000000030E+0	-208.469939297754090E-3	107.010392486005440E-3
130.000000000000030E+0	-158.309762253484170E-3	108.713074561415670E-3
131.000000000000030E+0	-121.419654877961720E-3	96.363019414679452E-3
132.000000000000030E+0	79.191948720260558E-3	53.095371180700728E-3
133.000000000000030E+0	36.748450327299363E-3	192.038712619565070E-3
134.000000000000030E+0	65.686458976029469E-3	204.016271383448630E-3
135.000000000000030E+0	41.286167470059247E-3	283.140749188917460E-3
136.000000000000030E+0	36.132962252899331E-3	271.069617594861150E-3
137.000000000000030E+0	23.273269651264739E-3	386.017552368881190E-3
138.000000000000030E+0	-67.789729912991412E-3	63.155563907023565E-3
139.000000000000030E+0	31.470372669570895E-3	118.583167583175150E-3
140.000000000000030E+0	39.185269592510445E-3	92.796358608350185E-3
141.000000000000030E+0	128.920862213625860E-3	-46.146350128261904E-3
142.000000000000030E+0	356.910089372813880E-3	-85.449905381364946E-3
143.000000000000030E+0	442.953010331831430E-3	127.724632557466880E-3
144.000000000000030E+0	411.597153175913500E-3	179.543555056490860E-3
145.000000000000030E+0	367.873739937623730E-3	285.699487298739950E-3
146.000000000000030E+0	226.823448563575720E-3	356.609905152555750E-3
147.000000000000030E+0	-95.810662599506019E-3	438.462478908244970E-3
148.000000000000030E+0	112.851367411883690E-3	59.510874299069129E-3
149.000000000000030E+0	171.073528213373880E-3	150.451931327960560E-3
150.000000000000030E+0	156.338286037662010E-3	155.594678068313310E-3
151.000000000000030E+0	402.762097943600680E-3	-33.305963061690862E-3
152.000000000000030E+0	581.493706341914770E-3	169.340115166125710E-3
153.000000000000030E+0	697.377729672812420E-3	232.583503321160620E-3
154.000000000000030E+0	639.426716012066800E-3	372.764726240803980E-3
155.000000000000030E+0	667.302011585626520E-3	298.997800451318850E-3
156.000000000000030E+0	495.914754351987560E-3	434.989937309887330E-3
157.000000000000030E+0	525.754367544812750E-3	125.770983170990780E-3
158.000000000000030E+0	590.972045548863960E-3	19.437441825497757E-3
159.000000000000030E+0	625.862963262817100E-3	-55.967642592979330E-3
160.000000000000030E+0	642.384222510096970E-3	-208.977192626074230E-3
161.000000000000030E+0	950.142907434123660E-3	-227.790171446880380E-3
162.000000000000030E+0	955.039457384423420E-3	-274.569391993340290E-3
163.000000000000030E+0	1.099673902555668E+0	-393.945224291055880E-3
164.000000000000030E+0	1.182853124517013E+0	-133.658102840043840E-3
165.000000000000030E+0	1.130394702748051E+0	-238.557045946921810E-3
166.000000000000030E+0	847.923683052135390E-3	74.864042326123800E-3
167.000000000000030E+0	643.518108540843460E-3	-521.563980941639140E-3
168.000000000000030E+0	704.229670311345090E-3	-727.584530720357340E-3
169.000000000000030E+0	676.689401124390240E-3	-936.986683520619980E-3
170.000000000000030E+0	831.913781121990880E-3	-1.043159192043122E+0
171.000000000000030E+0	722.651932083383410E-3	-1.078746293627371E+0
172.000000000000030E+0	601.018627711758850E-3	-1.212138331027699E+0
173.000000000000030E+0	581.729087429787130E-3	-1.413749046030209E+0
174.000000000000030E+0	861.282128628021560E-3	-1.288435922037571E+0
175.000000000000030E+0	558.258448929100260E-3	-839.947588229191020E-3
176.000000000000030E+0	40.746757622635348E-3	-788.473158793084770E-3
177.000000000000030E+0	-258.962258313817360E-3	-792.456476618094600E-3
178.000000000000030E+0	-258.964533571484970E-3	-747.493051917580640E-3
179.000000000000030E+0	-590.238399184722540E-3	-457.979233763924910E-3
180.000000000000030E+0	-110.959255737723210E-3	-816.504772785350050E-3
181.000000000000030E+0	-32.070762720086687E-3	-694.919944965581290E-3
182.000000000000030E+0	76.805186412487056E-3	-672.411489929069630E-3
183.000000000000030E+0	105.090649315001450E-3	-619.683854848690260E-3
184.000000000000030E+0	137.041014226803810E-3	-645.331791662841380E-3
185.000000000000030E+0	84.363723737512747E-3	-600.376719386477630E-3
186.000000000000030E+0	16.270407794013446E-3	-663.553382152928810E-3
187.000000000000030E+0	-2.429745413709950E-3	-699.658714188756250E-3
188.000000000000030E+0	-58.904010379837939E-3	-684.860737757181590E-3
189.000000000000030E+0	-75.857829959797146E-3	-798.394253261509480E-3
190.000000000000030E+0	-41.145514542876446E-3	-744.049131279458260E-3
191.000000000000030E+0	-102.997400462332560E-3	-737.794849077668680E-3
192.000000000000030E+0	-105.368476560071620E-3	-815.003608367275810E-3
193.000000000000030E+0	-104.275437801867650E-3	-712.637053704190950E-3
194.000000000000030E+0	-215.372044252161860E-3	-730.045556644121300E-3
195.000000000000030E+0	-231.666032902433980E-3	-769.067639254590210E-3
196.000000000000030E+0	-272.296356404634570E-3	-749.502067446822240E-3
197.000000000000030E+0	-345.144091713938840E-3	-760.441567167477790E-3
198.000000000000030E+0	-245.453901613201940E-3	-950.899977800964800E-3
199.000000000000030E+0	-294.977378034404440E-3	-670.755087053500620E-3
200.000000000000030E+0	-386.455390881446810E-3	-582.503940186722580E-3
201.000000000000030E+0	-520.025485947212100E-3	-593.631798759501340E-3
202.000000000000030E+0	-453.093196409091290E-3	-604.975225069220410E-3
203.000000000000030E+0	-500.031547069497820E-3	-508.238051981050540E-3
204.000000000000030E+0	-520.651746105504800E-3	-514.024580393061870E-3
205.000000000000030E+0	-587.608514328474940E-3	-519.435730056924780E-3
206.000000000000030E+0	-539.982462725791760E-3	-513.709349528585930E-3
207.000000000000030E+0	-566.559783375990330E-3	-474.840206717340730E-3
208.000000000000030E+0	-466.913543043894320E-3	-382.814536314240670E-3
209.000000000000030E+0	-504.557891117860420E-3	-261.204535295825320E-3
210.000000000000030E+0	-511.658136437498020E-3	-189.855549110587020E-3
211.000000000000030E+0	-537.803876341705010E-3	-74.210053298763165E-3
212.000000000000030E+0	-540.147493207901230E-3	-194.247424036746720E-3
213.000000000000030E+0	-423.547148758502190E-3	-165.638418821146080E-3
214.000000000000030E+0	-457.464687287406970E-3	-100.240419717054360E-3
215.000000000000030E+0	-438.368380961657530E-3	-136.828704120740800E-3
216.000000000000030E+0	-416.523488678798010E-3	-112.183761635988140E-3
217.000000000000030E+0	-483.693193720384610E-3	-183.608005815579150E-3
218.000000000000030E+0	-403.288204543288400E-3	-169.664720513739240E-3
219.000000000000030E+0	-389.634969091521510E-3	-77.200853839789405E-3
220.000000000000030E+0	-413.121579885971700E-3	37.249871065020645E-3
221.000000000000030E+0	-449.538239036718690E-3	131.485732078491120E-3
222.000000000000030E+0	-431.463466049117730E-3	36.984657554355684E-3
223.000000000000030E+0	-289.057772344744110E-3	36.822198894568614E-3
224.000000000000030E+0	-195.676885821680500E-3	131.271007656288210E-3
225.000000000000030E+0	-204.537027895122820E-3	100.050179574033930E-3
226.000000000000030E+0	-193.034774656998280E-3	60.792611125662983E-3
227.000000000000030E+0	-170.384417639076360E-3	-86.768962264974783E-3
228.000000000000030E+0	-97.468186513063160E-3	-108.611264226500790E-3
229.000000000000030E+0	-73.661492475994031E-3	-104.780331119445640E-3
230.000000000000030E+0	-20.101863725908962E-3	-177.800550627665200E-3
231.000000000000030E+0	-3.158911675234819E-3	-130.321038093353960E-3
232.000000000000030E+0	-75.834457255891732E-3	-157.910637649644500E-3
233.000000000000030E+0	-215.425985227896220E-3	-222.739452739211830E-3
234.000000000000030E+0	-285.912499319168460E-3	-299.498937467945090E-3
235.000000000000030E+0	-346.633829420882000E-3	-328.869859437078750E-3
236.000000000000030E+0	-329.209100019393850E-3	-229.590034983349960E-3
237.000000000000030E+0	-388.887783268937190E-3	-155.686094431242400E-3
238.000000000000030E+0	-364.424078464850640E-3	-153.194328871037370E-3
239.000000000000030E+0	-249.546383823503830E-3	-166.788945281611170E-3
240.000000000000030E+0	-237.300367925455640E-3	10.701593116053947E-3
241.000000000000030E+0	-246.013934184988960E-3	-68.405932048801951E-3
242.000000000000030E+0	-239.623055388158620E-3	-80.391337387388115E-3
243.000000000000030E+0	-203.260782468015210E-3	-169.868098668410820E-3
244.000000000000030E+0	-122.078039243510610E-3	-128.122437441415440E-3
245.000000000000030E+0	-119.205198222081910E-3	-114.622127776303000E-3
246.000000000000030E+0	-94.982492411479588E-3	-102.870194622700930E-3
247.000000000000030E+0	-95.627813128840680E-3	-60.019620695740315E-3
248.000000000000030E+0	-170.752399112115980E-3	15.084998249791152E-3
249.000000000000030E+0	-351.405065922442860E-3	-39.416674615394595E-3
250.000000000000030E+0	-214.993929276384080E-3	-234.145586301995080E-3
251.000000000000030E+0	-141.998680477332130E-3	-202.983666637489900E-3
252.000000000000030E+0	-122.071706254209860E-3	-186.878931800957160E-3
253.000000000000030E+0	-115.877487623688390E-3	-205.864594836560220E-3
254.000000000000030E+0	-58.757238313010184E-3	-250.171488265118040E-3
255.000000000000030E+0	68.705955425575338E-3	-181.462425063795730E-3
256.000000000000060E+0	1.687906920501794E-3	86.284628539206210E-3
257.000000000000060E+0	-131.472826780626440E-3	8.612294917873187E-3
258.000000000000060E+0	-207.855798840391880E-3	83.468480406834702E-3
259.000000000000060E+0	-268.285658135898330E-3	-194.591789398903590E-3
260.000000000000060E+0	-198.130713411998120E-3	-136.465720850459050E-3
261.000000000000060E+0	-256.331874988912520E-3	-175.080808952755240E-3
262.000000000000060E+0	-138.452902195308120E-3	-245.185742482725540E-3
263.000000000000060E+0	-35.996077292835542E-3	-196.633678647359200E-3
264.000000000000060E+0	45.740699542473645E-3	-110.158487648528490E-3
265.000000000000060E+0	-118.894541979515720E-3	113.464145238934670E-3
266.000000000000060E+0	-254.878860350103930E-3	81.643937625326540E-3
267.000000000000060E+0	-210.544498595496120E-3	-12.335112058574233E-3
268.000000000000060E+0	-269.517922885013690E-3	127.194755845752710E-3
269.000000000000060E+0	-257.323719291145500E-3	-62.228494510576715E-3
270.000000000000060E+0	-202.849422257755100E-3	16.695039886016498E-3
271.000000000000060E+0	-360.982113132280290E-3	-124.699869477638320E-3
272.000000000000060E+0	203.645532484331070E-3	-89.968231718338135E-3
273.000000000000060E+0	164.522274388764460E-3	124.071946118108980E-3
274.000000000000060E+0	110.767021590338600E-3	166.626209261772930E-3
275.000000000000060E+0	-68.241609470409206E-3	85.465496532482907E-3
276.000000000000060E+0	55.516752688182444E-3	-162.894457887235310E-3
277.000000000000060E+0	319.288698302606980E-3	-15.210566527601835E-3
278.000000000000060E+0	-101.360299846244020E-3	-178.032668104533610E-3
279.000000000000060E+0	-27.279038771916817E-3	-344.232562385425770E-3
280.000000000000060E+0	33.034717116621891E-3	-472.698619089581330E-3
281.000000000000060E+0	120.603210358784930E-3	-581.053896371832130E-3
282.000000000000060E+0	165.353657431765800E-3	-386.665631399707170E-3
283.000000000000060E+0	18.710900730431339E-3	-430.062986969828250E-3
284.000000000000060E+0	51.284989359666418E-3	-435.046285234987890E-3
285.000000000000060E+0	-96.470152484690347E-3	-338.401170123921460E-3
286.000000000000060E+0	-133.472104544656360E-3	-341.783432427061940E-3
287.000000000000060E+0	-341.686973243616300E-3	-233.951018552884050E-3
288.000000000000060E+0	-314.390644293962520E-3	-366.927910148672430E-3
289.000000000000060E+0	-329.279040813254820E-3	-314.521526435348970E-3
290.000000000000060E+0	-388.133820626331450E-3	-263.542122539465070E-3
291.000000000000060E+0	-422.403508552008420E-3	-242.722501201581900E-3
292.000000000000060E+0	-445.302302399663400E-3	-208.647288663991740E-3
293.000000000000060E+0	-447.910547571864990E-3	-164.825449906055630E-3
294.000000000000060E+0	-437.516694967444890E-3	-134.627440065387130E-3
295.000000000000060E+0	-378.438159303913500E-3	-70.898868548104066E-3
296.000000000000060E+0	-337.275230182770890E-3	5.563970227423526E-3
297.000000000000060E+0	-317.851248628297780E-3	107.023259562229630E-3
298.000000000000060E+0	-320.268618075340680E-3	108.368870868847180E-3
299.000000000000060E+0	-287.915355022324570E-3	121.768160053137870E-3
300.000000000000060E+0	-265.429134361967360E-3	89.121287684511954E-3
301.000000000000060E+0	-183.173472811244850E-3	139.616722638621770E-3
302.000000000000060E+0	-139.688154974922680E-3	130.654236523907120E-3
303.000000000000060E+0	-105.742941752700940E-3	97.321683667392175E-3
304.000000000000060E+0	-83.900768514440283E-3	61.283887053232226E-3
305.000000000000060E+0	-87.131777869989074E-3	2.106724724055520E-3
306.000000000000060E+0	-49.491664882374928E-3	-18.465530549648237E-3
307.000000000000060E+0	-71.824770979135782E-3	-38.944773922536334E-3
308.000000000000060E+0	-55.844721462323818E-3	-65.670863947930314E-3
309.000000000000060E+0	-61.664426549376428E-3	-45.780075688515512E-3
310.000000000000060E+0	-91.084555559237557E-3	-84.941810730437828E-3
311.000000000000060E+0	-79.123200348626924E-3	-98.389453276077565E-3
312.000000000000060E+0	-80.671257538555668E-3	-102.757929771360540E-3
313.000000000000060E+0	-73.989484534236982E-3	-97.637601780216424E-3
314.000000000000060E+0	-99.810565009030239E-3	-102.257115826009670E-3
315.000000000000060E+0	-91.725133492722197E-3	-97.726366554401062E-3
316.000000000000060E+0	-130.038647751487100E-3	-102.583493564805690E-3
317.000000000000060E+0	-115.044080462510360E-3	-119.534642072555610E-3
318.000000000000060E+0	-126.976881493815780E-3	-105.375087811414070E-3
319.000000000000060E+0	-139.799850111637420E-3	-164.054551523779930E-3
320.000000000000060E+0	-126.885717470717110E-3	-131.290266684428810E-3
321.000000000000060E+0	-148.703588761299190E-3	-148.075103705728740E-3
322.000000000000060E+0	-127.151970969829580E-3	-168.411314432165700E-3
323.000000000000060E+0	-163.236392957417260E-3	-136.639607976164510E-3
324.000000000000060E+0	-203.454504566078330E-3	-178.229829280427080E-3
325.000000000000060E+0	-186.754394468086920E-3	-182.982497648512210E-3
326.000000000000060E+0	-200.473748042370560E-3	-177.503003805530970E-3
327.000000000000060E+0	-222.611988331763020E-3	-164.793249604537450E-3
328.000000000000060E+0	-248.826190429278780E-3	-164.535827586402920E-3
329.000000000000060E+0	-274.345159268215010E-3	-170.407566373728310E-3
330.000000000000060E+0	-277.218891090155130E-3	-152.395791578388420E-3
331.000000000000060E+0	-308.174006822621360E-3	-93.086066725686922E-3
332.000000000000060E+0	-452.480421082857130E-3	-81.559422482563440E-3
333.000000000000060E+0	-458.841234075247020E-3	-142.642181046123310E-3
334.000000000000060E+0	-445.507048961813700E-3	-120.476359058059580E-3
335.000000000000060E+0	-432.805564288280710E-3	-70.315637126673033E-3
336.000000000000060E+0	-438.740170014115030E-3	1.681887049469852E-3
337.000000000000060E+0	-402.129048224868720E-3	63.461968833185584E-3
338.000000000000060E+0	-402.114546155438570E-3	273.785998905097860E-3
339.000000000000060E+0	-403.748822000448040E-3	313.758560667965540E-3
340.000000000000060E+0	-365.891472478035380E-3	409.114225045512920E-3
341.000000000000060E+0	-316.435505660256190E-3	476.725391860593320E-3
342.000000000000060E+0	-276.438835857974350E-3	447.486079196832310E-3
343.000000000000060E+0	-149.488165265569410E-3	372.337431833717810E-3
344.000000000000060E+0	-55.023677973887693E-3	282.401713830500000E-3
345.000000000000060E+0	106.460735942559990E-3	203.216418841435740E-3
346.000000000000060E+0	158.144591372975430E-3	199.164149528413600E-3
347.000000000000060E+0	245.431076993870210E-3	184.664450433129010E-3
348.000000000000060E+0	65.347525347953836E-3	260.464966031578480E-3
349.000000000000060E+0	56.996632336684304E-3	171.505177125750720E-3
350.000000000000060E+0	59.234818455899986E-3	191.482548394580150E-3
351.000000000000060E+0	-55.438934993983550E-3	206.055460455273150E-3
352.000000000000060E+0	-54.782913094460699E-3	108.055426962399420E-3
353.000000000000060E+0	8.558117621847642E-3	78.998214666395700E-3
354.000000000000060E+0	47.978193158110798E-3	63.640064081671693E-3
355.000000000000060E+0	83.583735169106069E-3	60.944200177073728E-3
356.000000000000060E+0	93.788988811847357E-3	6.499971781122342E-3
357.000000000000060E+0	179.601478685841110E-3	-619.799348609979620E-6
358.000000000000060E+0	184.611643276001940E-3	36.885572517474451E-3
359.000000000000060E+0	140.951971740025610E-3	42.048245406163941E-3
360.000000000000060E+0	142.134375099383590E-3	-30.977560930854891E-3
361.000000000000060E+0	203.622051677539380E-3	-4.388259313969640E-3
362.000000000000060E+0	180.278285191484700E-3	-38.781492532602976E-3
363.000000000000060E+0	198.432519478417610E-3	-42.706064364659027E-3
364.000000000000060E+0	166.610871312176610E-3	-78.268104697735819E-3
365.000000000000060E+0	200.434808062697310E-3	-125.681103538344940E-3
366.000000000000060E+0	194.130027836924900E-3	-185.847220759703170E-3
367.000000000000060E+0	254.250700092157890E-3	-268.829237012570670E-3
368.000000000000060E+0	291.916143864175530E-3	-313.167028208604040E-3
369.000000000000060E+0	428.922106361165230E-3	-325.782739070711040E-3
370.000000000000060E+0	349.505212106721310E-3	-235.745955633452020E-3
371.000000000000060E+0	211.158283371525900E-3	-326.102633609757220E-3
372.000000000000060E+0	119.708337375171070E-3	-410.602114457474520E-3
373.000000000000060E+0	-13.696634124348187E-3	-431.316924204242000E-3
374.000000000000060E+0	-205.559632116095870E-3	-555.216293891335530E-3
375.000000000000060E+0	-291.860121210235360E-3	-634.747592332731260E-3
376.000000000000060E+0	-214.201351178211540E-3	-742.153437801147840E-3
377.000000000000060E+0	-113.846239488674600E-3	-652.993196501897350E-3
378.000000000000060E+0	-96.431092227050139E-3	-577.206558547387560E-3
379.000000000000060E+0	86.394345966997299E-3	-604.968287126571800E-3
380.000000000000060E+0	-80.362275084125329E-3	-188.148137780914850E-3
381.000000000000060E+0	-156.569051453305050E-3	-233.016875428657570E-3
382.000000000000060E+0	-267.031081101234250E-3	-152.772965300093350E-3
383.000000000000060E+0	-417.603259476863220E-3	-337.631796019697230E-3
384.000000000000060E+0	-397.962169645973080E-3	-502.653518808249930E-3
385.000000000000060E+0	-210.522815900253260E-3	-601.139129359246850E-3
386.000000000000060E+0	-184.713788953336210E-3	-617.694141830135490E-3
387.000000000000060E+0	-39.641790368901704E-3	-605.090096078896970E-3
388.000000000000060E+0	-104.317417851742910E-3	-523.246881041293020E-3
389.000000000000060E+0	-124.477839764640150E-3	-388.763001019346080E-3
390.000000000000060E+0	-400.610961100969220E-3	-386.968786897159020E-3
391.000000000000060E+0	-536.392459228610900E-3	-459.176614356227640E-3
392.000000000000060E+0	-715.684118702666020E-3	-547.763841272062230E-3
393.000000000000060E+0	-625.610760137593650E-3	-754.295904428660790E-3
394.000000000000060E+0	-650.054780733757330E-3	-587.001685139808100E-3
395.000000000000060E+0	-645.396351041794600E-3	-552.780090593327670E-3
396.000000000000060E+0	-615.313472317371880E-3	-385.702556045265990E-3
397.000000000000060E+0	-675.221241305559830E-3	-264.466458754360310E-3
398.000000000000060E+0	-752.824656865132890E-3	-205.816899598417870E-3
399.000000000000060E+0	-742.998332873483940E-3	-179.288622570483890E-3
400.000000000000060E+0	-791.606815215428310E-3	-128.848638077255830E-3
401.000000000000060E+0	-853.300563949164310E-3	-164.735018222790440E-3
402.000000000000060E+0	-828.595553568619800E-3	-216.126984055349550E-3
403.000000000000060E+0	-704.876292240019130E-3	-199.219190174848290E-3
404.000000000000060E+0	-678.301023973345130E-3	-41.129353229768732E-3
405.000000000000060E+0	-657.175272094425720E-3	72.312773711017839E-3
406.000000000000060E+0	-737.455476082565560E-3	145.469713315571490E-3
407.000000000000060E+0	-767.168732483385800E-3	155.432836094504700E-3
408.000000000000060E+0	-784.584955299926670E-3	79.786800764532415E-3
409.000000000000060E+0	-701.364597540294120E-3	134.544182009300130E-3
410.000000000000060E+0	-687.062076718072620E-3	181.316393260755660E-3
411.000000000000060E+0	-671.811834344048670E-3	205.121988469511300E-3
412.000000000000060E+0	-636.612249513218930E-3	213.793332347820080E-3
413.000000000000060E+0	-596.618105781625660E-3	268.769222556651870E-3
414.000000000000060E+0	-597.248648801584570E-3	334.190474760467930E-3
415.000000000000060E+0	-610.825043874572810E-3	360.375646771972870E-3
416.000000000000060E+0	-592.194474109942410E-3	397.398420501714530E-3
417.000000000000060E+0	-575.065076528086800E-3	403.511624871976060E-3
418.000000000000060E+0	-541.554935477379650E-3	410.336640472365510E-3
419.000000000000060E+0	-498.504019433274990E-3	398.572564307167980E-3
420.000000000000060E+0	-415.230349697268850E-3	418.254037485091100E-3
421.000000000000060E+0	-390.105088848530010E-3	520.501529099843150E-3
422.000000000000060E+0	-384.625170645202960E-3	469.125838064170080E-3
423.000000000000060E+0	-335.872621922511050E-3	479.988306698102000E-3
424.000000000000060E+0	-315.312075246606090E-3	506.078616164528980E-3
425.000000000000060E+0	-312.909382414906730E-3	440.802089208314260E-3
426.000000000000060E+0	-223.672904835609090E-3	423.155246307093220E-3
427.000000000000060E+0	-212.515822676410060E-3	478.213080588641260E-3
428.000000000000060E+0	-180.642314537498430E-3	447.210056859100040E-3
429.000000000000060E+0	-145.580665066293750E-3	452.235959485676960E-3
430.000000000000060E+0	-158.816821078927720E-3	434.627639573670010E-3
431.000000000000060E+0	-157.475913065976410E-3	356.581734978250300E-3
432.000000000000060E+0	-113.556743122770480E-3	324.781135892787620E-3
433.000000000000060E+0	-105.715880224352900E-3	298.483546288386190E-3
434.000000000000060E+0	-126.331756753861100E-3	294.584503956256290E-3
435.000000000000060E+0	-182.786509221842470E-3	306.397354477067340E-3
436.000000000000060E+0	-274.479855474704940E-3	302.260180484597520E-3
437.000000000000060E+0	-318.398696280416390E-3	325.265172712503440E-3
438.000000000000060E+0	-371.668399202191190E-3	392.060467784207830E-3
439.000000000000060E+0	-405.806057620926750E-3	492.465525844526570E-3
440.000000000000060E+0	-374.911637614202320E-3	527.822859473301540E-3
441.000000000000060E+0	-303.994479772204060E-3	655.464719989202970E-3
442.000000000000060E+0	-204.239367418038000E-3	735.140826369264700E-3
443.000000000000060E+0	-61.566590113154622E-3	802.532942447398920E-3
444.000000000000060E+0	46.005783200834219E-3	864.403995484355540E-3
445.000000000000060E+0	116.785468912881800E-3	937.691234939868500E-3
446.000000000000060E+0	168.099722484859990E-3	772.791910088727830E-3
447.000000000000060E+0	301.155814417462860E-3	704.113999106706580E-3
448.000000000000060E+0	353.755763407920700E-3	662.556875427703250E-3
449.000000000000060E+0	436.480773443488850E-3	543.771826134602400E-3
450.000000000000060E+0	552.592822366707700E-3	564.128398797131720E-3
451.000000000000060E+0	523.577072871394990E-3	471.514959227506140E-3
452.000000000000060E+0	579.112320572062300E-3	372.249377546272800E-3
453.000000000000060E+0	615.756050334359980E-3	353.340347152963420E-3
454.000000000000060E+0	589.574120729429940E-3	285.104026084395500E-3
455.000000000000060E+0	557.721575500173320E-3	177.124529084198150E-3
456.000000000000060E+0	605.995936054114390E-3	78.214787977312572E-3
457.000000000000060E+0	623.514918797350100E-3	29.749649480203321E-3
458.000000000000060E+0	611.420757425364170E-3	-103.170126867972560E-3
459.000000000000060E+0	785.962103578953350E-3	9.244270031109766E-3
460.000000000000060E+0	612.250807676230970E-3	-86.174098517119255E-3
461.000000000000060E+0	573.619523576386350E-3	-169.710282418435390E-3
462.000000000000060E+0	521.738707887820290E-3	-275.158991852780140E-3
463.000000000000060E+0	497.091130025241580E-3	-383.539859261653520E-3
464.000000000000060E+0	491.631055675662290E-3	-516.947859075137180E-3
465.000000000000060E+0	490.230642240543300E-3	-641.440840577167660E-3
466.000000000000060E+0	468.547881231402840E-3	-731.638072059580090E-3
467.000000000000060E+0	346.751896870934490E-3	-806.703646314758330E-3
468.000000000000060E+0	296.066079313233700E-3	-873.345079960480160E-3
469.000000000000060E+0	-13.349115317189476E-3	-778.206177449913050E-3
470.000000000000060E+0	-274.122787627798400E-3	-782.592166866432070E-3
471.000000000000060E+0	-486.014635887491660E-3	-696.269722499022860E-3
472.000000000000060E+0	-558.248794063180400E-3	-655.552150050895730E-3
473.000000000000060E+0	-478.661660898444250E-3	-447.064888182034830E-3
474.000000000000060E+0	-413.078373299395510E-3	-367.397922428944150E-3
475.000000000000060E+0	-423.380752611087760E-3	-335.854711600670040E-3
476.000000000000060E+0	-479.365721373735180E-3	-392.642994964536580E-3
477.000000000000060E+0	-420.022344264937180E-3	-390.572160365054150E-3
478.000000000000060E+0	-451.919445622342930E-3	-232.078778250501520E-3
479.000000000000060E+0	-489.870370293421180E-3	-161.508086260143430E-3
480.000000000000060E+0	-479.958222221183170E-3	-81.409042341086910E-3
481.000000000000060E+0	-469.574263294454840E-3	28.783851358542865E-3
482.000000000000060E+0	-552.308360818548170E-3	-25.562511135518683E-3
483.000000000000060E+0	-411.485856953295040E-3	-7.895411178209296E-3
484.000000000000060E+0	-381.787615035027620E-3	26.876609168450315E-3
485.000000000000060E+0	-316.934883391094820E-3	5.614653368601930E-3
486.000000000000060E+0	-281.922459958887320E-3	42.984274299634105E-3
487.000000000000060E+0	-279.707828897241660E-3	89.329053544484144E-3
488.000000000000060E+0	-289.246121005324930E-3	61.767227593904718E-3
489.000000000000060E+0	-280.242042635210350E-3	57.071660247106672E-3
490.000000000000060E+0	-275.350584702647060E-3	40.921465051657585E-3
491.000000000000060E+0	-257.086972378867410E-3	48.547023773346541E-3
492.000000000000060E+0	-253.271203863321910E-3	43.626506751812615E-3
493.000000000000060E+0	-242.406795677926110E-3	47.181867778444214E-3
494.000000000000060E+0	-232.701673370942720E-3	53.247798079784678E-3
495.000000000000060E+0	-220.385510905463430E-3	75.148459942419421E-3
496.000000000000060E+0	-249.645283389463960E-3	67.292426654501136E-3
497.000000000000060E+0	-231.509538960391360E-3	48.269303512799254E-3
498.000000000000060E+0	-233.881395466356390E-3	46.188105001645392E-3
499.000000000000060E+0	-234.867932249158810E-3	26.109401556533948E-3
500.000000000000060E+0	-171.616319281419350E-3	-3.406900812048923E-3
501.000000000000060E+0	-200.866289785909810E-3	85.798524622297007E-3
502.000000000000060E+0	-202.140458772349960E-3	58.847573023235983E-3
503.000000000000060E+0	-189.223687325194070E-3	61.160399832666225E-3
504.000000000000060E+0	-207.111491364586230E-3	76.456827243844450E-3
505.000000000000060E+0	-217.488954097079830E-3	51.077168011095651E-3
506.000000000000060E+0	-189.147798307537530E-3	14.314535374554981E-3
507.000000000000060E+0	-174.782379979961660E-3	36.608712887738690E-3
508.000000000000060E+0	-177.349197114683670E-3	35.647334855702137E-3
509.000000000000060E+0	-168.348967656866440E-3	32.575489558688948E-3
510.000000000000060E+0	-150.713715419512980E-3	24.302032972985301E-3
511.000000000000060E+0	-148.175034633868250E-3	30.471334469340361E-3
512.000000000000110E+0	-134.632779597597920E-3	20.658942192914784E-3
513.000000000000110E+0	-124.579558805582290E-3	42.624275935952444E-3
514.000000000000110E+0	-174.250079422987090E-3	18.877992741082865E-3
515.000000000000110E+0	-144.492690693925120E-3	-41.982022368928701E-3
516.000000000000110E+0	-121.940642792984760E-3	-19.149055195847222E-3
517.000000000000110E+0	-187.249936528742940E-3	-44.304557261391576E-3
518.000000000000110E+0	-215.054677479228710E-3	-97.779842114443183E-3
519.000000000000110E+0	-213.857693361214430E-3	-147.350915840685490E-3
520.000000000000110E+0	-234.559284108243480E-3	-106.322489946450010E-3
521.000000000000110E+0	-267.592474555597700E-3	-74.777138561555642E-3
522.000000000000110E+0	-283.489732847229560E-3	-30.155799586382846E-3
523.000000000000110E+0	-299.010299821258650E-3	-30.203687305390952E-3
524.000000000000110E+0	-224.340949806112220E-3	-15.484468779807657E-3
525.000000000000110E+0	-245.480755748021110E-3	40.771064439533544E-3
526.000000000000110E+0	-282.034777890493300E-3	29.312831580121528E-3
527.000000000000110E+0	-263.532400961238530E-3	-21.392230399022646E-3
528.000000000000110E+0	-213.161688710797350E-3	29.716872088889533E-3
529.000000000000110E+0	-361.527745247317400E-3	15.738747380628474E-3
530.000000000000110E+0	-289.636232891219700E-3	-25.572136211994525E-3
531.000000000000110E+0	-282.127711811227480E-3	-11.510047198742525E-3
532.000000000000110E+0	-300.041223333459450E-3	14.944481643650580E-3
533.000000000000110E+0	-295.806714039494490E-3	19.896804642249091E-3
534.000000000000110E+0	-307.899022362136400E-3	22.982661972460031E-3
535.000000000000110E+0	-274.026304952575850E-3	34.765546279977279E-3
536.000000000000110E+0	-286.742138118871500E-3	86.131990435383152E-3
537.000000000000110E+0	-317.634675910359650E-3	87.995838148035216E-3
538.000000000000110E+0	-387.166601003974040E-3	86.702857538541234E-3
539.000000000000110E+0	-350.386191801588920E-3	20.901569982023523E-3
540.000000000000110E+0	-333.468877905295110E-3	11.366646991801937E-3
541.000000000000110E+0	-320.336526955288470E-3	27.910385424232874E-3
542.000000000000110E+0	-329.715293944632450E-3	-10.715260107235740E-3
543.000000000000110E+0	-268.030377184674320E-3	81.067662820053329E-3
544.000000000000110E+0	-319.009850446649700E-3	135.442197898170910E-3
545.000000000000110E+0	-392.420337811620780E-3	82.427236099774481E-3
546.000000000000110E+0	-320.023877999509820E-3	67.614280898492030E-3
547.000000000000110E+0	-320.465646864393720E-3	116.167486350958280E-3
548.000000000000110E+0	-330.301803763534570E-3	130.459795141972670E-3
549.000000000000110E+0	-354.838209393898600E-3	147.378738350472160E-3
550.000000000000110E+0	-405.510442598993330E-3	132.443003386457230E-3
551.000000000000110E+0	-340.157631779133050E-3	26.619045846518925E-3
552.000000000000110E+0	-286.867190078731900E-3	168.297662608265920E-3
553.000000000000110E+0	-358.744381450971820E-3	160.500452748297000E-3
554.000000000000110E+0	-350.959112443909930E-3	151.108496441450440E-3
555.000000000000110E+0	-344.985445112140580E-3	125.662912405006900E-3
556.000000000000110E+0	-305.817252958509920E-3	174.579262795954680E-3
557.000000000000110E+0	-397.809933014480310E-3	184.835027418429440E-3
558.000000000000110E+0	-367.029088871368650E-3	127.550364133119290E-3
559.000000000000110E+0	-336.741570842877700E-3	141.002334014562110E-3
560.000000000000110E+0	-324.934634316529910E-3	151.020093175657700E-3
561.000000000000110E+0	-339.510733609870720E-3	272.912087683470470E-3
562.000000000000110E+0	-394.800680313648730E-3	208.607447611858930E-3
563.000000000000110E+0	-404.109574131219780E-3	222.523634728845320E-3
564.000000000000110E+0	-458.053512370133810E-3	209.549731031617060E-3
565.000000000000110E+0	-437.475678126881040E-3	177.470654821706990E-3
566.000000000000110E+0	-365.287204869207020E-3	190.457787060656890E-3
567.000000000000110E+0	-414.876470488035720E-3	259.172341233054380E-3
568.000000000000110E+0	-443.199498073739760E-3	255.056785185272530E-3
569.000000000000110E+0	-446.752043563986510E-3	233.340153280328590E-3
570.000000000000110E+0	-406.524961095364120E-3	213.102334540010070E-3
571.000000000000110E+0	-378.239417655707120E-3	310.664035488767700E-3
572.000000000000110E+0	-421.413130413518130E-3	343.248113337804580E-3
573.000000000000110E+0	-456.492030501262300E-3	348.096130764118830E-3
574.000000000000110E+0	-465.150872287597940E-3	279.674968144562770E-3
575.000000000000110E+0	-370.572783396027010E-3	339.226960862747400E-3
576.000000000000110E+0	-382.603546576020860E-3	442.967205537627030E-3
577.000000000000110E+0	-446.966470696787470E-3	443.923668185453150E-3
578.000000000000110E+0	-440.454153814263450E-3	440.209706995121910E-3
579.000000000000110E+0	-396.925118916535590E-3	477.553931970913610E-3
580.000000000000110E+0	-435.103083846066270E-3	489.206316306929570E-3
581.000000000000110E+0	-354.324415026187890E-3	521.481528010554920E-3
582.000000000000110E+0	-321.620117914883430E-3	600.298753961685860E-3
583.000000000000110E+0	-339.769989752059910E-3	639.284008413042890E-3
584.000000000000110E+0	-313.853840284261110E-3	678.239271882482450E-3
585.000000000000110E+0	-324.581292426282140E-3	656.462586804545720E-3
586.000000000000110E+0	-248.438923188230190E-3	684.068220781768210E-3
587.000000000000110E+0	-218.835656538810290E-3	714.873971292666720E-3
588.000000000000110E+0	-139.972364594874640E-3	721.991014613002750E-3
589.000000000000110E+0	-73.281671451180613E-3	707.936474129055140E-3
590.000000000000110E+0	52.996180190637635E-3	707.805267876513210E-3
591.000000000000110E+0	139.514915453099910E-3	670.874401011686380E-3
592.000000000000110E+0	230.917385536310690E-3	644.666276604909830E-3
593.000000000000110E+0	166.068760798252580E-3	644.773876256434120E-3
594.000000000000110E+0	169.293621482135450E-3	513.750082513401150E-3
595.000000000000110E+0	161.398819026376790E-3	486.821763495697720E-3
596.000000000000110E+0	135.571326046188460E-3	418.278409392342450E-3
597.000000000000110E+0	165.050148282243070E-3	362.646407521187540E-3
598.000000000000110E+0	245.963358232173550E-3	359.996570416684980E-3
599.000000000000110E+0	213.957913318838340E-3	419.637581008365460E-3
600.000000000000110E+0	181.675773812856460E-3	394.581641690857410E-3
601.000000000000110E+0	152.765913075250390E-3	316.289564104117460E-3
602.000000000000110E+0	207.892884004428790E-3	173.618772156720450E-3
603.000000000000110E+0	262.127263499344790E-3	281.405687002389940E-3
604.000000000000110E+0	157.302099223154860E-3	205.800450974529950E-3
605.000000000000110E+0	160.243512873129960E-3	145.438983244538660E-3
606.000000000000110E+0	111.928260598595740E-3	158.067300017880770E-3
607.000000000000110E+0	84.181300968099865E-3	120.910618261491670E-3
608.000000000000110E+0	56.190819883387755E-3	225.302140505308950E-3
609.000000000000110E+0	-43.882743915081485E-3	127.219979152743250E-3
610.000000000000110E+0	-54.167334521184232E-3	100.463381491760260E-3
611.000000000000110E+0	-13.372554310627149E-3	99.694897532758731E-3
612.000000000000110E+0	3.101365135469729E-3	154.875224220875520E-3
613.000000000000110E+0	-47.796069854317114E-3	208.169327720558130E-3
614.000000000000110E+0	-100.609715146443120E-3	201.276391226345300E-3
615.000000000000110E+0	-123.598559004778480E-3	179.729414771504200E-3
616.000000000000110E+0	-128.871040560397660E-3	185.929883047918350E-3
617.000000000000110E+0	-152.779711514078010E-3	220.080294172773890E-3
618.000000000000110E+0	-197.119881937964180E-3	209.468993991475640E-3
619.000000000000110E+0	-209.115139621996350E-3	203.471141196521790E-3
620.000000000000110E+0	-219.015416474291570E-3	200.657871704408940E-3
621.000000000000110E+0	-140.464525142381030E-3	162.142959071715890E-3
622.000000000000110E+0	-195.508869925139240E-3	348.320580322289960E-3
623.000000000000110E+0	-257.460880038099360E-3	375.028028480729140E-3
624.000000000000110E+0	-348.416068961726330E-3	390.250802097326150E-3
625.000000000000110E+0	-353.996744554394450E-3	319.734285592959520E-3
626.000000000000110E+0	-262.478936840244870E-3	305.752868432875580E-3
627.000000000000110E+0	-214.128781648904200E-3	562.498591629658540E-3
628.000000000000110E+0	-303.386814621965320E-3	571.254819450110140E-3
629.000000000000110E+0	-294.624124381338890E-3	613.570908263385120E-3
630.000000000000110E+0	-257.927670213036090E-3	635.060079025866030E-3
631.000000000000110E+0	-117.926918837998150E-3	789.956339381420400E-3
632.000000000000110E+0	-141.739537652512290E-3	863.676311341903700E-3
633.000000000000110E+0	-36.869608176592308E-3	880.172525724485570E-3
634.000000000000110E+0	56.978067603096455E-3	860.403899813871770E-3
635.000000000000110E+0	227.394969812718280E-3	759.706153366730970E-3
636.000000000000110E+0	344.893708651248300E-3	631.581755515737590E-3
637.000000000000110E+0	384.861510248444620E-3	620.002648206898880E-3
638.000000000000110E+0	327.739338842271470E-3	594.605639407482120E-3
639.000000000000110E+0	253.969899107617860E-3	598.082364146848570E-3
640.000000000000110E+0	44.135822956302535E-3	535.654026940808660E-3
641.000000000000110E+0	246.186926977729560E-3	534.738810019599110E-3
642.000000000000110E+0	243.439104329516040E-3	628.597520570616240E-3
643.000000000000110E+0	234.428100125469630E-3	707.389503414377900E-3
644.000000000000110E+0	214.913190439878190E-3	774.783175882759360E-3
645.000000000000110E+0	310.162925612235240E-3	651.188633280320170E-3
646.000000000000110E+0	561.337313697994000E-3	842.801535136259330E-3
647.000000000000110E+0	607.074601711431570E-3	1.001191537147164E+0
648.000000000000110E+0	680.410968558845860E-3	992.026753279285580E-3
649.000000000000110E+0	718.821132186896030E-3	993.925578550422850E-3
650.000000000000110E+0	979.036579283705470E-3	461.257757450098500E-3
651.000000000000110E+0	1.213130642903763E+0	545.450753056572310E-3
652.000000000000110E+0	1.307600939861713E+0	406.643483214515380E-3
653.000000000000110E+0	1.436858659688097E+0	255.842733056783460E-3
654.000000000000110E+0	1.314439176112238E+0	85.982095488376847E-3
655.000000000000110E+0	1.319278634470701E+0	-150.450835087613450E-3
656.000000000000110E+0	1.284781931816254E+0	-306.444796443271720E-3
657.000000000000110E+0	1.210872957227777E+0	-488.068323300121120E-3
658.000000000000110E+0	1.197634545059140E+0	-648.816323935246240E-3
659.000000000000110E+0	1.099200755612105E+0	-735.640394286351860E-3
660.000000000000110E+0	912.716607144446130E-3	-911.113181970921060E-3
661.000000000000110E+0	804.969135661074200E-3	-1.107284398035352E+0
662.000000000000110E+0	682.261638107989450E-3	-1.234422863948808E+0
663.000000000000110E+0	567.301456062018650E-3	-1.105538911224090E+0
664.000000000000110E+0	-18.040384237328046E-3	-1.162618061570832E+0
665.000000000000110E+0	-273.601203156909110E-3	-1.229760149687873E+0
666.000000000000110E+0	-570.921876569416290E-3	-1.204448942217227E+0
667.000000000000110E+0	-702.803884012779380E-3	-992.774964506934360E-3
668.000000000000110E+0	-891.231375679743750E-3	-837.700936781245020E-3
669.000000000000110E+0	-713.674769116187880E-3	-539.127080276604940E-3
670.000000000000110E+0	-746.497315204554650E-3	-310.816648653796100E-3
671.000000000000110E+0	-701.406312892496550E-3	-188.567732105233750E-3
672.000000000000110E+0	-587.918629438006320E-3	-42.606089227713861E-3
673.000000000000110E+0	-625.253265989232030E-3	63.731534814058993E-3
674.000000000000110E+0	-600.613050234051980E-3	115.509577707024110E-3
675.000000000000110E+0	-567.572814873128380E-3	138.224524796908420E-3
676.000000000000110E+0	-534.148290791220170E-3	146.974670224020410E-3
677.000000000000110E+0	-431.115195379665310E-3	142.609758545225200E-3
678.000000000000110E+0	-333.320835884774620E-3	160.126940411017940E-3
679.000000000000110E+0	-246.420204685823150E-3	207.263471752027170E-3
680.000000000000110E+0	-202.594077968601880E-3	209.965945370323040E-3
681.000000000000110E+0	-162.093093227353320E-3	212.903887714980760E-3
682.000000000000110E+0	-243.546033008918110E-3	245.287431512343000E-3
683.000000000000110E+0	-242.046119635037330E-3	187.643129814783900E-3
684.000000000000110E+0	-260.471198656863020E-3	181.031294553913450E-3
685.000000000000110E+0	-287.926327553407520E-3	155.173006787211330E-3
686.000000000000110E+0	-282.625954731761110E-3	128.105404704689040E-3
687.000000000000110E+0	-185.324639822623980E-3	-1.400016523439290E-3
688.000000000000110E+0	-184.689131546041970E-3	199.944108470939070E-3
689.000000000000110E+0	-215.447475028400810E-3	199.549247101247020E-3
690.000000000000110E+0	-210.700522448828780E-3	205.897039472610900E-3
691.000000000000110E+0	-187.065246393641440E-3	240.407875991351690E-3
692.000000000000110E+0	-279.908265422727620E-3	278.340319075120020E-3
693.000000000000110E+0	-271.295943790089480E-3	259.993699334723600E-3
694.000000000000110E+0	-290.068558998985200E-3	275.441060695657160E-3
695.000000000000110E+0	-280.467963167995940E-3	256.823382271021420E-3
696.000000000000110E+0	-241.497724290939960E-3	278.073514323749160E-3
697.000000000000110E+0	-195.575773198063910E-3	360.846477126292090E-3
698.000000000000110E+0	-206.042324120136790E-3	455.045239839525550E-3
699.000000000000110E+0	-209.675729518406680E-3	520.206563926652430E-3
700.000000000000110E+0	-252.275320983077420E-3	610.186960434228930E-3
701.000000000000110E+0	-96.031498830347145E-3	508.452407608622980E-3
702.000000000000110E+0	-5.034444841387755E-3	581.540843308365970E-3
703.000000000000110E+0	107.999517915227610E-3	621.748028040417840E-3
704.000000000000110E+0	181.670096713463430E-3	613.749468303259490E-3
705.000000000000110E+0	253.709069896461470E-3	465.317969431597810E-3
706.000000000000110E+0	327.171809846570130E-3	408.001614799465840E-3
707.000000000000110E+0	269.854167499966320E-3	287.637881549672290E-3
708.000000000000110E+0	231.403878771902100E-3	208.535806994887610E-3
709.000000000000110E+0	181.190484385881450E-3	174.529309494079600E-3
710.000000000000110E+0	166.259693048803780E-3	147.683051084093600E-3
711.000000000000110E+0	126.369954279689690E-3	184.068411924080600E-3
712.000000000000110E+0	107.957680054022900E-3	190.901401223925680E-3
713.000000000000110E+0	94.280655491820811E-3	195.431057144328460E-3
714.000000000000110E+0	118.008126599902830E-3	216.688616673302660E-3
715.000000000000110E+0	73.828176395048350E-3	266.913753067912650E-3
716.000000000000110E+0	40.590509347113654E-3	215.827875305281160E-3
717.000000000000110E+0	47.435533157574906E-3	197.236588044753890E-3
718.000000000000110E+0	41.618326542362610E-3	168.585041008970430E-3
719.000000000000110E+0	84.280625126318495E-3	143.900902306606210E-3
720.000000000000110E+0	88.613946271781027E-3	161.513600924997280E-3
721.000000000000110E+0	109.459891572922240E-3	176.420953025686060E-3
722.000000000000110E+0	108.861359193007050E-3	204.459073390054790E-3
723.000000000000110E+0	114.092590373181980E-3	230.197216227281290E-3
724.000000000000110E+0	72.256214648474190E-3	256.486559142595380E-3
725.000000000000110E+0	73.176544121800649E-3	237.279341566490220E-3
726.000000000000110E+0	116.836168993950630E-3	247.091729757735990E-3
727.000000000000110E+0	134.729167711871070E-3	240.566822229844800E-3
728.000000000000110E+0	201.463668794179870E-3	220.198863504927870E-3
729.000000000000110E+0	107.213997973907460E-3	266.441791904924290E-3
730.000000000000110E+0	173.066633686092850E-3	147.493975011080520E-3
731.000000000000110E+0	167.162810379774480E-3	126.833066277346030E-3
732.000000000000110E+0	126.158097043567480E-3	93.021723982314286E-3
733.000000000000110E+0	130.762034400143000E-3	75.100949501787237E-3
734.000000000000110E+0	106.621278273324110E-3	53.922322497611440E-3
735.000000000000110E+0	101.362946466615890E-3	48.302298209936041E-3
736.000000000000110E+0	100.104400883474530E-3	29.687089560176554E-3
737.000000000000110E+0	128.161750942498430E-3	36.333125686055123E-3
738.000000000000110E+0	148.852695937846610E-3	101.380417835376480E-3
739.000000000000110E+0	43.769066456194002E-3	99.674468742351030E-3
740.000000000000110E+0	34.463863874779531E-3	82.851480203759639E-3
741.000000000000110E+0	24.082984488286191E-3	80.391581104500426E-3
742.000000000000110E+0	-14.262207121907466E-3	138.828181030135280E-3
743.000000000000110E+0	-42.133374258320734E-3	22.925209346495168E-3
744.000000000000110E+0	-27.062299234607047E-3	24.423999479150221E-3
745.000000000000110E+0	-17.757078199226600E-3	31.405831753077568E-3
746.000000000000110E+0	-14.559372720497316E-3	53.051930256042129E-3
747.000000000000110E+0	-32.834783447934959E-3	62.359178997810197E-3
748.000000000000110E+0	-32.486227406835433E-3	85.916464640667128E-3
749.000000000000110E+0	-47.361357030425794E-3	90.027305620146811E-3
750.000000000000110E+0	-62.175873369425663E-3	101.150873611160720E-3
751.000000000000110E+0	-78.684100101782728E-3	108.229945121998390E-3
752.000000000000110E+0	-90.040280118148505E-3	99.137660840206546E-3
753.000000000000110E+0	-91.818152417654328E-3	120.418912368903410E-3
754.000000000000110E+0	-101.986798941593430E-3	126.257175312915860E-3
755.000000000000110E+0	-118.775107966569380E-3	149.529056320479720E-3
756.000000000000110E+0	-134.807675640023440E-3	135.762213274431410E-3
757.000000000000110E+0	-136.414216158302540E-3	147.548106484269910E-3
758.000000000000110E+0	-142.445095727539910E-3	162.239352480633700E-3
759.000000000000110E+0	-154.844511266355680E-3	170.192104934065530E-3
760.000000000000110E+0	-153.538096097210310E-3	173.816602681894220E-3
761.000000000000110E+0	-134.040573603197740E-3	232.395106950849970E-3
762.000000000000110E+0	-174.966673972628080E-3	232.329619444436250E-3
763.000000000000110E+0	-168.195448810330660E-3	245.679148070703460E-3
764.000000000000110E+0	-147.913507822320350E-3	280.925864206070190E-3
765.000000000000110E+0	-143.359363203652780E-3	343.625895242491150E-3
766.000000000000110E+0	-205.328371048460300E-3	417.482064044137120E-3
767.000000000000110E+0	-182.032239006308880E-3	341.917861662764670E-3
768.000000000000110E+0	-141.938153545328020E-3	371.219558936384090E-3
769.000000000000110E+0	-132.205500737104130E-3	375.257752002842670E-3
770.000000000000110E+0	-119.447643326854040E-3	376.080864648436600E-3
771.000000000000110E+0	-100.790933226976280E-3	342.939159952184160E-3
772.000000000000110E+0	-107.261114952888560E-3	366.068968397683940E-3
773.000000000000110E+0	-122.158478124542060E-3	384.232786191021250E-3
774.000000000000110E+0	-137.057647564462010E-3	407.759648519696590E-3
775.000000000000110E+0	-123.269429321090960E-3	441.031595095303540E-3
776.000000000000110E+0	-124.111263676019600E-3	566.118489394183080E-3
777.000000000000110E+0	-209.443341309559850E-3	571.768842257504790E-3
778.000000000000110E+0	-186.406094464842020E-3	566.325630038357790E-3
779.000000000000110E+0	-72.497054670815658E-3	563.954593163867530E-3
780.000000000000110E+0	85.938349375982478E-3	842.629141190231470E-3
781.000000000000110E+0	-12.283929064838354E-3	842.447149813484340E-3
782.000000000000110E+0	101.888937435280300E-3	821.196820342128260E-3
783.000000000000110E+0	310.262763694278020E-3	794.803397375378080E-3
784.000000000000110E+0	575.137569376165450E-3	1.026648734430095E+0
785.000000000000110E+0	389.507750110343000E-3	1.008389893113642E+0
786.000000000000110E+0	481.725673171239490E-3	668.754903503230080E-3
787.000000000000110E+0	638.623448393452200E-3	456.255796524838940E-3
788.000000000000110E+0	745.703846870604760E-3	334.927175757288250E-3
789.000000000000110E+0	768.819298992685860E-3	334.370893534004290E-3
790.000000000000110E+0	549.092840846394760E-3	128.194967773053920E-3
791.000000000000110E+0	521.653600028527560E-3	63.090373056011770E-3
792.000000000000110E+0	526.731521690519730E-3	20.589678884749312E-3
793.000000000000110E+0	498.080290420399810E-3	127.556276281677090E-3
794.000000000000110E+0	317.099480356526350E-3	138.389623609605160E-3
795.000000000000110E+0	300.722964699027150E-3	82.376354369946947E-3
796.000000000000110E+0	283.361901998798350E-3	127.550690515199020E-3
797.000000000000110E+0	236.562914853537530E-3	183.591812722235850E-3
798.000000000000110E+0	149.262683270271840E-3	219.651782212469250E-3
799.000000000000110E+0	168.243941209845540E-3	115.305978627654360E-3
800.000000000000110E+0	213.850327716672780E-3	188.027854544598110E-3
801.000000000000110E+0	210.420211132823970E-3	224.324947960960170E-3
802.000000000000110E+0	210.058651937454100E-3	265.601696144518670E-3
803.000000000000110E+0	188.616135329112920E-3	259.694563746081960E-3
804.000000000000110E+0	225.228313668596580E-3	303.867629839990880E-3
805.000000000000110E+0	224.920756789142330E-3	355.533670295413500E-3
806.000000000000110E+0	234.491874512502030E-3	378.837253563913510E-3
807.000000000000110E+0	260.023919513874930E-3	407.139809110829810E-3
808.000000000000110E+0	275.817659103976320E-3	409.409950386104060E-3
809.000000000000110E+0	401.974954801092130E-3	409.520163176049390E-3
810.000000000000110E+0	504.311273427197840E-3	404.110028732722780E-3
811.000000000000110E+0	587.069092980764590E-3	380.426267648475420E-3
812.000000000000110E+0	611.449581803195090E-3	344.729852297977920E-3
813.000000000000110E+0	621.407063605403100E-3	205.762819561169900E-3
814.000000000000110E+0	617.579921888864350E-3	131.446627560309450E-3
815.000000000000110E+0	608.951496257234880E-3	38.995196619465454E-3
816.000000000000110E+0	592.248488331109770E-3	22.486713898376833E-3
817.000000000000110E+0	586.706875830437460E-3	-44.120893424591516E-3
818.000000000000110E+0	512.345110326657420E-3	49.845384086462274E-3
819.000000000000110E+0	441.979909110651660E-3	-37.538432729378866E-3
820.000000000000110E+0	410.337143780441840E-3	-75.980198764023052E-3
821.000000000000110E+0	390.572347626845230E-3	-131.942011952666110E-3
822.000000000000110E+0	413.281407816874000E-3	-65.542677012849715E-3
823.000000000000110E+0	350.227145282233700E-3	-87.798146801509033E-3
824.000000000000110E+0	322.551517119964050E-3	-105.404283704745540E-3
825.000000000000110E+0	306.078929385156680E-3	-121.578675642476870E-3
826.000000000000110E+0	313.640120073294670E-3	-130.261203326588690E-3
827.000000000000110E+0	277.991124943894220E-3	-87.620179176594398E-3
828.000000000000110E+0	227.771286952429510E-3	-101.107770028125140E-3
829.000000000000110E+0	198.468119777483440E-3	-120.810256108279180E-3
830.000000000000110E+0	188.167490627362570E-3	-130.489869041106770E-3
831.000000000000110E+0	240.786396374733370E-3	-166.417151137837370E-3
832.000000000000110E+0	177.740623593120180E-3	-73.815168057414088E-3
833.000000000000110E+0	152.830654168997740E-3	-66.219890966282946E-3
834.000000000000110E+0	140.203571157583450E-3	-60.118290131226687E-3
835.000000000000110E+0	125.673635772116290E-3	-28.991982260056059E-3
836.000000000000110E+0	85.142853220436437E-3	-17.590429907234233E-3
837.000000000000110E+0	107.814300293733290E-3	-59.239261946285406E-3
838.000000000000110E+0	106.894707045195950E-3	-26.299604661185291E-3
839.000000000000110E+0	91.851325981436013E-3	-10.549363819340426E-3
840.000000000000110E+0	70.974677261516128E-3	-5.559906420112677E-3
841.000000000000110E+0	100.139094811057950E-3	-11.432332960353167E-3
842.000000000000110E+0	85.006066125372370E-3	27.010680982211349E-3
843.000000000000110E+0	60.173216203849508E-3	47.631153589271120E-3
844.000000000000110E+0	30.050640982198354E-3	48.008551123526429E-3
845.000000000000110E+0	55.488195954574840E-3	28.498521843489135E-3
846.000000000000110E+0	61.710069109002959E-3	103.468646194046250E-3
847.000000000000110E+0	12.648629795002180E-3	131.477040616908820E-3
848.000000000000110E+0	-871.938874615635290E-6	118.642692631870920E-3
849.000000000000110E+0	-4.786883640394099E-3	119.998084722269800E-3
850.000000000000110E+0	178.937471639450310E-3	249.405947264604740E-3
851.000000000000110E+0	41.021267921673897E-3	242.946164421045940E-3
852.000000000000110E+0	27.767823070826255E-3	257.620273810815480E-3
853.000000000000110E+0	11.470420290279120E-3	208.706749327012890E-3
854.000000000000110E+0	179.381650391706620E-3	206.227952842052700E-3
855.000000000000110E+0	186.415367740891740E-3	298.116965031002430E-3
856.000000000000110E+0	149.158833348616320E-3	256.078129654943530E-3
857.000000000000110E+0	153.974735683353710E-3	238.463884183371310E-3
858.000000000000110E+0	159.115644701098980E-3	197.066120286136010E-3
859.000000000000110E+0	220.849118029542050E-3	255.621598996002450E-3
860.000000000000110E+0	119.239940936317610E-3	282.527599468962830E-3
861.000000000000110E+0	110.838617346654900E-3	295.625943871487380E-3
862.000000000000110E+0	89.330334320632504E-3	301.730871119774700E-3
863.000000000000110E+0	173.042178077211370E-3	282.610112268766920E-3
864.000000000000110E+0	176.269824313205150E-3	399.730882308873050E-3
865.000000000000110E+0	191.742782458774160E-3	424.467726668888930E-3
866.000000000000110E+0	259.656831533267740E-3	469.321619956225570E-3
867.000000000000110E+0	271.225192897071200E-3	534.114854116790940E-3
868.000000000000110E+0	255.829648040418910E-3	521.229339831244200E-3
869.000000000000110E+0	530.976169234504860E-3	626.557958989567230E-3
870.000000000000110E+0	497.980911897290710E-3	634.446009533302430E-3
871.000000000000110E+0	532.104045764080880E-3	648.147254987999190E-3
872.000000000000110E+0	532.294884876842620E-3	564.681454307618740E-3
873.000000000000110E+0	737.812900746585790E-3	319.184122768981500E-3
874.000000000000110E+0	884.425531041017510E-3	411.630004385370230E-3
875.000000000000110E+0	896.700552501181080E-3	356.640641101982180E-3
876.000000000000110E+0	941.872100749965520E-3	231.813880755032680E-3
877.000000000000110E+0	993.024795448387290E-3	161.517584153098160E-3
878.000000000000110E+0	1.015521269042375E+0	108.354795766122280E-3
879.000000000000110E+0	919.173671744984320E-3	-10.716130306566898E-3
880.000000000000110E+0	930.051519340795550E-3	-113.032995235709960E-3
881.000000000000110E+0	921.868753839209410E-3	-182.457873454234060E-3
882.000000000000110E+0	931.999589020510500E-3	-193.947393694336310E-3
883.000000000000110E+0	855.127261328326390E-3	-281.886018281051250E-3
884.000000000000110E+0	863.128433935701270E-3	-341.727963021163090E-3
885.000000000000110E+0	844.996260266740020E-3	-401.372619177417010E-3
886.000000000000110E+0	852.931359939990360E-3	-405.225806132103410E-3
887.000000000000110E+0	794.574510864306420E-3	-455.372976331216210E-3
888.000000000000110E+0	764.048027292483330E-3	-506.400737751538150E-3
889.000000000000110E+0	719.230059975388580E-3	-607.608679337583560E-3
890.000000000000110E+0	721.336839916349340E-3	-683.931598923496750E-3
891.000000000000110E+0	666.285567980691270E-3	-777.017316495272060E-3
892.000000000000110E+0	594.349443456714030E-3	-828.335108385769620E-3
893.000000000000110E+0	485.168941015060860E-3	-944.653025100249290E-3
894.000000000000110E+0	344.688186655228160E-3	-1.054159963829634E+0
895.000000000000110E+0	141.646914446226620E-3	-1.058730423499622E+0
896.000000000000110E+0	-112.884608840191730E-3	-1.114883622163579E+0
897.000000000000110E+0	-79.606951492518244E-3	-955.965234148499210E-3
898.000000000000110E+0	-357.905250563352650E-3	-661.016787773869300E-3
899.000000000000110E+0	-462.981669289994010E-3	-505.380238380627290E-3
900.000000000000110E+0	-487.563396052823280E-3	-373.405233147747320E-3
901.000000000000110E+0	-378.992663936934760E-3	-381.369255685158450E-3
902.000000000000110E+0	-328.903394421469990E-3	-225.090680815238590E-3
903.000000000000110E+0	-285.512690606008870E-3	-159.424778563302560E-3
904.000000000000110E+0	-267.097555519048290E-3	-106.151153386631850E-3
905.000000000000110E+0	-287.164532709236920E-3	-146.443942284336960E-3
906.000000000000110E+0	-131.657315071365910E-3	-175.456649271727330E-3
907.000000000000110E+0	-87.304955589673688E-3	-94.649929512495345E-3
908.000000000000110E+0	-88.353008149701734E-3	-54.342835166849367E-3
909.000000000000110E+0	-75.513304386400013E-3	-43.361859425024206E-3
910.000000000000110E+0	-55.449697312004310E-3	22.888882721012221E-3
911.000000000000110E+0	-123.066364885582870E-3	-65.079590126479875E-3
912.000000000000110E+0	-96.876096663055661E-3	-41.175799326668580E-3
913.000000000000110E+0	-112.513422716072090E-3	-31.379695377248981E-3
914.000000000000110E+0	-110.488150981814860E-3	-75.856707623034550E-3
915.000000000000110E+0	-91.254604136738610E-3	-61.828287062093132E-3
916.000000000000110E+0	-29.811215416718335E-3	-42.283011213958832E-3
917.000000000000110E+0	-42.259609668983768E-3	6.115199108120113E-3
918.000000000000110E+0	-49.339410126759187E-3	35.678574459277516E-3
919.000000000000110E+0	-58.022043350076040E-3	59.195510123299266E-3
920.000000000000110E+0	-99.202742298651461E-3	55.115154281005857E-3
921.000000000000110E+0	-62.397729884629168E-3	61.499631909854413E-3
922.000000000000110E+0	-53.793340512240190E-3	75.023368291949097E-3
923.000000000000110E+0	-48.758322410211025E-3	84.150044878504096E-3
924.000000000000110E+0	18.252618605963365E-3	94.771226626474456E-3
925.000000000000110E+0	13.684056474287800E-3	145.872114708896080E-3
926.000000000000110E+0	25.337196536646057E-3	166.143906373611510E-3
927.000000000000110E+0	53.054886857720210E-3	187.447647394426820E-3
928.000000000000110E+0	80.660821326890980E-3	216.441429569963120E-3
929.000000000000110E+0	28.979848922362026E-3	186.475712620621600E-3
930.000000000000110E+0	172.660657525073290E-3	132.964396507395030E-3
931.000000000000110E+0	210.299487913822860E-3	122.372574544792070E-3
932.000000000000110E+0	224.736446324529770E-3	108.418695810167150E-3
933.000000000000110E+0	238.250068476873550E-3	85.807640976123284E-3
934.000000000000110E+0	237.552717504455560E-3	94.111421162188416E-3
935.000000000000110E+0	220.177115400120440E-3	89.227196979140680E-3
936.000000000000110E+0	212.140817214569340E-3	92.882476240449194E-3
937.000000000000110E+0	197.444663978559610E-3	72.638991441189613E-3
938.000000000000110E+0	228.442114153500880E-3	60.222017725524400E-3
939.000000000000110E+0	207.946868864859160E-3	13.858155643091645E-3
940.000000000000110E+0	262.932905741265100E-3	-7.783167406202260E-3
941.000000000000110E+0	285.989858265915440E-3	-24.999179381344327E-3
942.000000000000110E+0	313.390192240798560E-3	6.405200461647896E-3
943.000000000000110E+0	228.291245080442660E-3	-4.844927459310799E-3
944.000000000000110E+0	220.907560776495370E-3	-44.118749980378388E-3
945.000000000000110E+0	217.965938881255870E-3	-46.411183315516837E-3
946.000000000000110E+0	194.236685830000590E-3	-58.536385013426943E-3
947.000000000000110E+0	192.409195800379600E-3	-75.217106861701064E-3
948.000000000000110E+0	222.100044930284650E-3	-86.906378202023779E-3
949.000000000000110E+0	212.717695792538550E-3	-71.512925497319343E-3
950.000000000000110E+0	213.974788228730060E-3	-68.839873297225837E-3
951.000000000000110E+0	205.837484540336430E-3	-72.492141967163123E-3
952.000000000000110E+0	219.394518671574110E-3	-53.573148324327004E-3
953.000000000000110E+0	192.802211644692440E-3	-75.924333247301343E-3
954.000000000000110E+0	193.798292948098390E-3	-83.383589673865000E-3
955.000000000000110E+0	197.638234153638570E-3	-86.671712325643163E-3
956.000000000000110E+0	191.674889332040880E-3	-85.779261649129121E-3
957.000000000000110E+0	188.431415974761900E-3	-88.420212911702767E-3
958.000000000000110E+0	192.188660912883670E-3	-89.725904631660941E-3
959.000000000000110E+0	183.116012999279880E-3	-85.711114134042324E-3
960.000000000000110E+0	177.709552584179860E-3	-90.604401168027968E-3
961.000000000000110E+0	186.434648102351270E-3	-88.255041480493637E-3
962.000000000000110E+0	173.532983685838580E-3	-93.102757841698372E-3
963.000000000000110E+0	177.594037100771400E-3	-97.987977322978717E-3
964.000000000000110E+0	184.978443711491330E-3	-101.600613004402500E-3
965.000000000000110E+0	189.564036313718820E-3	-92.018015670516484E-3
966.000000000000110E+0	174.635096962945520E-3	-98.820882057077425E-3
967.000000000000110E+0	175.524359327349110E-3	-113.643178893031590E-3
968.000000000000110E+0	183.792347221427700E-3	-117.398079940204920E-3
969.000000000000110E+0	184.216055207343580E-3	-114.554275466916850E-3
970.000000000000110E+0	184.094735518553320E-3	-112.300015123567020E-3
971.000000000000110E+0	162.679080466974910E-3	-138.067369631876100E-3
972.000000000000110E+0	171.780555489645460E-3	-137.145199784141640E-3
973.000000000000110E+0	176.847112280367170E-3	-137.068383560067700E-3
974.000000000000110E+0	161.775584585141270E-3	-130.771410805612330E-3
975.000000000000110E+0	146.129076990755920E-3	-149.519739275293830E-3
976.000000000000110E+0	151.310615331013670E-3	-177.283685217413110E-3
977.000000000000110E+0	151.292025201197920E-3	-168.616873765516960E-3
978.000000000000110E+0	141.396726227784650E-3	-172.033370051095230E-3
979.000000000000110E+0	136.620154708381070E-3	-183.298914038327270E-3
980.000000000000110E+0	159.130679763381300E-3	-125.551997836906510E-3
981.000000000000110E+0	84.506088472915353E-3	-147.124928459793860E-3
982.000000000000110E+0	73.021528754884546E-3	-149.461468773767870E-3
983.000000000000110E+0	61.463016628550554E-3	-141.602956382910340E-3
984.000000000000110E+0	66.757457163558076E-3	-222.180160578851290E-3
985.000000000000110E+0	70.937265725315612E-3	-140.847779574203160E-3
986.000000000000110E+0	71.190873840240615E-3	-133.416645058832720E-3
987.000000000000110E+0	71.019806349906095E-3	-125.259302172972930E-3
988.000000000000110E+0	74.417643471682365E-3	-111.428395554086000E-3
989.000000000000110E+0	88.943289635761508E-3	-109.305503073608900E-3
990.000000000000110E+0	36.264471785884031E-3	-104.325839599567430E-3
991.000000000000110E+0	52.545617804190106E-3	-86.801617677286433E-3
992.000000000000110E+0	48.148945549022881E-3	-74.417434839608512E-3
993.000000000000110E+0	11.321715455594286E-3	-87.339532565293296E-3
994.000000000000110E+0	94.728330008415920E-3	-150.207702009053310E-3
995.000000000000110E+0	84.933169055866814E-3	-79.362385575718730E-3
996.000000000000110E+0	80.017504467429668E-3	-78.885753281876664E-3
997.000000000000110E+0	90.056391727899310E-3	-67.960015706394178E-3
998.000000000000110E+0	87.496818110784830E-3	-57.774203673644803E-3
999.000000000000110E+0	178.734715648173110E-3	-86.305553619531433E-3
1.000000000000000E+3	75.859296575445281E-3	-79.249237105198433E-3
