Freq (Hz)	accelerometre /source
source
source_Mod	accelerometre /source
source
source_Phase(rad)
10.000000000000018E+0	54.299044282265854E-3	7.713355997362976E+0
11.000000000000020E+0	84.388229341590959E-3	9.866394142328724E+0
12.000000000000021E+0	21.351739925027896E-3	12.477134066389407E+0
13.000000000000023E+0	43.513393523362719E-3	9.850175900566811E+0
14.000000000000025E+0	47.757866252541796E-3	8.477864327806071E+0
15.000000000000027E+0	41.925065338767976E-3	8.674779308757595E+0
16.000000000000028E+0	53.407687279438967E-3	9.682685945399324E+0
17.000000000000028E+0	44.422027041194551E-3	8.873742941546512E+0
18.000000000000028E+0	46.546198556817367E-3	8.365073254136902E+0
19.000000000000028E+0	90.902079972638564E-3	9.199461874441585E+0
20.000000000000028E+0	71.000383435762746E-3	9.023097978257672E+0
21.000000000000028E+0	74.365789816839542E-3	8.583066692192077E+0
22.000000000000028E+0	67.287601706934430E-3	8.671114890826511E+0
23.000000000000028E+0	117.650288284528700E-3	8.756736398172073E+0
24.000000000000028E+0	127.020181575796560E-3	8.456225731580579E+0
25.000000000000028E+0	136.740010141600060E-3	8.252561170759973E+0
26.000000000000028E+0	141.801322175306190E-3	7.994850417589882E+0
27.000000000000028E+0	119.312566650159960E-3	7.769795336126093E+0
28.000000000000028E+0	117.180896022570720E-3	7.802286450011287E+0
29.000000000000028E+0	113.099880450257790E-3	7.493304371290878E+0
30.000000000000028E+0	57.776733323153209E-3	7.661696210200789E+0
31.000000000000028E+0	54.325806847191606E-3	7.687291444699595E+0
32.000000000000028E+0	75.383463577054138E-3	7.979677051512609E+0
33.000000000000028E+0	68.320444889168663E-3	8.253837633652918E+0
34.000000000000028E+0	139.037939401622230E-3	8.157777005771464E+0
35.000000000000028E+0	141.654675179838100E-3	7.894619077218475E+0
36.000000000000028E+0	78.943474695357577E-3	7.898604598432634E+0
37.000000000000028E+0	117.207442072809780E-3	8.372914855557076E+0
38.000000000000028E+0	160.959840085732000E-3	8.258899976680656E+0
39.000000000000028E+0	215.630225787587390E-3	8.174276021737342E+0
40.000000000000028E+0	238.369543871314900E-3	8.226268876752265E+0
41.000000000000028E+0	266.580922704081740E-3	7.880755783512916E+0
42.000000000000028E+0	235.287435861835150E-3	7.476052379477583E+0
43.000000000000028E+0	167.090614776828540E-3	7.076328005758421E+0
44.000000000000028E+0	149.589910235914390E-3	6.297193467508656E+0
45.000000000000028E+0	88.649055219121711E-3	6.742368922809987E+0
46.000000000000028E+0	79.920139630052275E-3	7.617334441178486E+0
47.000000000000028E+0	158.997661454414210E-3	7.906021248691441E+0
48.000000000000028E+0	231.445463178254460E-3	7.683172059112127E+0
49.000000000000028E+0	258.873381457576160E-3	8.119030926271266E+0
50.000000000000028E+0	240.653804424478650E-3	7.983477459360523E+0
51.000000000000028E+0	236.699625319878150E-3	7.795303792648392E+0
52.000000000000028E+0	233.184421727415020E-3	7.525228636114968E+0
53.000000000000028E+0	266.697202727926190E-3	7.330547913105875E+0
54.000000000000028E+0	264.689491747391200E-3	7.457956435495901E+0
55.000000000000028E+0	256.333292303881080E-3	7.459594616572311E+0
56.000000000000028E+0	263.980522583478150E-3	7.444386140083493E+0
57.000000000000028E+0	236.909361641940100E-3	7.493271060315410E+0
58.000000000000028E+0	213.370503885823240E-3	7.601965006555927E+0
59.000000000000028E+0	263.126334731168810E-3	7.609717790850688E+0
60.000000000000028E+0	283.160708590512180E-3	7.681066862055067E+0
61.000000000000028E+0	352.526850525115680E-3	7.716943523514844E+0
62.000000000000028E+0	483.296104704108830E-3	7.604965655887083E+0
63.000000000000028E+0	540.504162362095640E-3	7.498389500743015E+0
64.000000000000028E+0	596.151995545055160E-3	7.274834130583494E+0
65.000000000000028E+0	630.478006623699570E-3	7.110273670390411E+0
66.000000000000028E+0	577.864160167732010E-3	6.993595885437284E+0
67.000000000000028E+0	439.806507417606850E-3	6.693004738575181E+0
68.000000000000028E+0	624.169458504289290E-3	6.307057998867261E+0
69.000000000000028E+0	538.249016210338720E-3	6.435510269148393E+0
70.000000000000028E+0	439.464815918043150E-3	6.539712200241215E+0
71.000000000000028E+0	306.141723158121830E-3	6.739769454068498E+0
72.000000000000028E+0	289.165937470759580E-3	6.188612855471920E+0
73.000000000000028E+0	365.973388678230200E-3	6.384182092109061E+0
74.000000000000028E+0	353.320532736038030E-3	6.447416153672394E+0
75.000000000000028E+0	344.418296699951220E-3	6.417724179288219E+0
76.000000000000028E+0	369.623763164568020E-3	6.544701127273992E+0
77.000000000000028E+0	211.301823047612330E-3	6.612900992351964E+0
78.000000000000028E+0	310.892068894879640E-3	6.281732723801836E+0
79.000000000000028E+0	355.078746743277940E-3	6.375304684073265E+0
80.000000000000028E+0	364.980105925685470E-3	6.568447264780831E+0
81.000000000000028E+0	262.171984351201700E-3	6.583322265294122E+0
82.000000000000028E+0	283.740070991677810E-3	6.483919656221786E+0
83.000000000000028E+0	327.086982609314960E-3	6.519787368838050E+0
84.000000000000028E+0	404.766197666899030E-3	6.527674566634784E+0
85.000000000000028E+0	408.506995789589770E-3	6.650116308550010E+0
86.000000000000028E+0	503.522915225443900E-3	6.658129597647007E+0
87.000000000000028E+0	361.131173972033930E-3	7.097312463869820E+0
88.000000000000028E+0	323.276931521974060E-3	6.465365127837820E+0
89.000000000000028E+0	399.193835537941410E-3	6.332051227944933E+0
90.000000000000028E+0	764.519652881341380E-3	5.774145459141827E+0
91.000000000000028E+0	523.114179226153000E-3	6.614976994215251E+0
92.000000000000028E+0	588.197335159490460E-3	6.371159150695527E+0
93.000000000000028E+0	663.158368003977540E-3	6.270735492881196E+0
94.000000000000028E+0	667.756593936549070E-3	6.163524095838814E+0
95.000000000000028E+0	686.727660379152890E-3	5.915322533768189E+0
96.000000000000028E+0	886.137855039769270E-3	5.986069396585592E+0
97.000000000000028E+0	783.976225054945910E-3	5.911009221499263E+0
98.000000000000028E+0	810.340793541858730E-3	5.754581826443620E+0
99.000000000000028E+0	867.210702675962900E-3	5.544319663663565E+0
100.000000000000030E+0	1.098991626799777E+0	5.435347661636634E+0
101.000000000000030E+0	796.753467187158340E-3	5.402375819078356E+0
102.000000000000030E+0	626.129956089742980E-3	5.226826303223568E+0
103.000000000000030E+0	529.143030099760820E-3	4.664024518772046E+0
104.000000000000030E+0	658.501153433050270E-3	4.911109706423858E+0
105.000000000000030E+0	433.430439417340160E-3	4.839170019171124E+0
106.000000000000030E+0	506.891041663866560E-3	4.813163124847938E+0
107.000000000000030E+0	425.149892575374500E-3	4.883932173355647E+0
108.000000000000030E+0	377.328755690296000E-3	4.949478440008946E+0
109.000000000000030E+0	432.378709830395500E-3	5.549091681224728E+0
110.000000000000030E+0	255.933226962196170E-3	4.835933468138172E+0
111.000000000000030E+0	284.783242524035250E-3	4.863597612274225E+0
112.000000000000030E+0	324.512125532941290E-3	4.891936234725248E+0
113.000000000000030E+0	370.291497526623050E-3	4.920129370673573E+0
114.000000000000030E+0	411.490548687007410E-3	4.923835104189163E+0
115.000000000000030E+0	411.547372935568640E-3	4.871828240506290E+0
116.000000000000030E+0	426.991808657864570E-3	4.916296578421136E+0
117.000000000000030E+0	394.834399364757390E-3	4.894534286016709E+0
118.000000000000030E+0	363.967413846272620E-3	4.825398059514230E+0
119.000000000000030E+0	188.258342333854830E-3	4.297679584377387E+0
120.000000000000030E+0	275.440679935630980E-3	4.464883907803669E+0
121.000000000000030E+0	256.638955804452120E-3	4.419186575162580E+0
122.000000000000030E+0	246.010558956611810E-3	3.847527323537287E+0
123.000000000000030E+0	324.532476463812390E-3	3.954882168874632E+0
124.000000000000030E+0	360.211809496389480E-3	3.864107434808481E+0
125.000000000000030E+0	291.343787816686130E-3	3.927991912047623E+0
126.000000000000030E+0	232.234933344381640E-3	3.606423847518798E+0
127.000000000000030E+0	212.589609567106510E-3	3.407949061033055E+0
128.000000000000030E+0	126.291911664346330E-3	2.243176896012732E+0
129.000000000000030E+0	234.330833845693920E-3	2.667351218564845E+0
130.000000000000030E+0	192.042998844921710E-3	2.539841188061379E+0
131.000000000000030E+0	155.011496674915120E-3	2.470744212051628E+0
132.000000000000030E+0	95.344025418107672E-3	590.627099528915680E-3
133.000000000000030E+0	195.523184676492740E-3	1.381722484113907E+0
134.000000000000030E+0	214.330002290893860E-3	1.259310326127256E+0
135.000000000000030E+0	286.134988205964170E-3	1.426001783172976E+0
136.000000000000030E+0	273.467234864057720E-3	1.438279784962828E+0
137.000000000000030E+0	386.718496864479450E-3	1.510578516367229E+0
138.000000000000030E+0	92.650271095612344E-3	2.391569818491899E+0
139.000000000000030E+0	122.688027085046390E-3	1.311389485046500E+0
140.000000000000030E+0	100.730578892445810E-3	1.171238901257782E+0
141.000000000000030E+0	136.930910842164630E-3	-343.733595352858630E-3
142.000000000000030E+0	366.996591572448020E-3	-234.992500420336540E-3
143.000000000000030E+0	460.999946989120060E-3	280.732942171420590E-3
144.000000000000030E+0	449.052452019627180E-3	411.328727835607590E-3
145.000000000000030E+0	465.784591392262860E-3	660.323725086564450E-3
146.000000000000030E+0	422.634003922055360E-3	1.004286945540945E+0
147.000000000000030E+0	448.808454107227750E-3	1.785929821142441E+0
148.000000000000030E+0	127.581249745295920E-3	485.278480026096750E-3
149.000000000000030E+0	227.819963338785100E-3	721.349143145461500E-3
150.000000000000030E+0	220.570540925971980E-3	783.014296841751940E-3
151.000000000000030E+0	404.136851469149400E-3	-82.506161135660797E-3
152.000000000000030E+0	605.649242647700920E-3	283.378477179461410E-3
153.000000000000030E+0	735.139975692215120E-3	321.910909543874800E-3
154.000000000000030E+0	740.148678495988310E-3	527.801138986098150E-3
155.000000000000030E+0	731.226134202648920E-3	421.247513446294520E-3
156.000000000000030E+0	659.657251263754300E-3	720.044476679315700E-3
157.000000000000030E+0	540.588563697238840E-3	234.807373415442920E-3
158.000000000000030E+0	591.291613981568490E-3	32.878775601758024E-3
159.000000000000030E+0	628.360426667314730E-3	-89.187522688228701E-3
160.000000000000030E+0	675.521247902519440E-3	-314.516736180260660E-3
161.000000000000030E+0	977.066991948437930E-3	-235.302023631154880E-3
162.000000000000030E+0	993.724668195736460E-3	-279.945516819024800E-3
163.000000000000030E+0	1.168107671280239E+0	-343.995058524992900E-3
164.000000000000030E+0	1.190380612507806E+0	-112.519096287175060E-3
165.000000000000030E+0	1.155292884151796E+0	-207.986828913264670E-3
166.000000000000030E+0	851.222178467000320E-3	88.062663335569044E-3
167.000000000000030E+0	828.338422527698070E-3	-681.103685817352370E-3
168.000000000000030E+0	1.012580208126936E+0	-801.708093450007150E-3
169.000000000000030E+0	1.155790894015460E+0	-945.327561739592650E-3
170.000000000000030E+0	1.334264456232252E+0	-897.584959943377840E-3
171.000000000000030E+0	1.298429582595312E+0	-980.558735307802460E-3
172.000000000000030E+0	1.352960725373483E+0	-1.110487578004783E+0
173.000000000000030E+0	1.528756061742101E+0	-1.180432963286253E+0
174.000000000000030E+0	1.549798061132747E+0	-981.545566854718830E-3
175.000000000000030E+0	1.008545708816789E+0	-984.201677015143720E-3
176.000000000000030E+0	789.525313333209630E-3	-1.519164204470898E+0
177.000000000000030E+0	833.695818968139600E-3	-1.886641129372357E+0
178.000000000000030E+0	791.080585220592880E-3	-1.904299772214521E+0
179.000000000000030E+0	747.078541005653300E-3	-2.481706526973747E+0
180.000000000000030E+0	824.009708932561980E-3	-1.705864339236069E+0
181.000000000000030E+0	695.659588974675610E-3	-1.616913902446657E+0
182.000000000000030E+0	676.783753091405260E-3	-1.457065743124077E+0
183.000000000000030E+0	628.531721183251960E-3	-1.402807089246086E+0
184.000000000000030E+0	659.722184643721010E-3	-1.361547328074949E+0
185.000000000000030E+0	606.275055617603860E-3	-1.431192398911310E+0
186.000000000000030E+0	663.752828345291700E-3	-1.546281120300394E+0
187.000000000000030E+0	699.662933134976850E-3	-1.574269070858382E+0
188.000000000000030E+0	687.389200206214410E-3	-1.656593921678950E+0
189.000000000000030E+0	801.989896449582960E-3	-1.665524952488351E+0
190.000000000000030E+0	745.185925205726460E-3	-1.626039520011058E+0
191.000000000000030E+0	744.949463942043530E-3	-1.709501583971635E+0
192.000000000000030E+0	821.786710469492920E-3	-1.699369036440600E+0
193.000000000000030E+0	720.225615512917640E-3	-1.716088599312523E+0
194.000000000000030E+0	761.151517256045460E-3	-1.857670519633671E+0
195.000000000000030E+0	803.202455517524010E-3	-1.863380926467285E+0
196.000000000000030E+0	797.432539352577850E-3	-1.919272876212512E+0
197.000000000000030E+0	835.102281832093560E-3	-1.996866584590884E+0
198.000000000000030E+0	982.068422055723530E-3	-1.823410113912516E+0
199.000000000000030E+0	732.751008433424890E-3	-1.985109757861328E+0
200.000000000000030E+0	699.041207279219480E-3	-2.156560536550294E+0
201.000000000000030E+0	789.192763862590960E-3	-2.290196258836113E+0
202.000000000000030E+0	755.836270352092330E-3	-2.213621921626867E+0
203.000000000000030E+0	712.977885734339180E-3	-2.348055472900743E+0
204.000000000000030E+0	731.641654070470770E-3	-2.362599464307310E+0
205.000000000000030E+0	784.281354981162360E-3	-2.417697727345122E+0
206.000000000000030E+0	745.304203560193220E-3	-2.381123667840964E+0
207.000000000000030E+0	739.231499636220810E-3	-2.444041159668752E+0
208.000000000000030E+0	603.784088802685860E-3	-2.454844890462423E+0
209.000000000000030E+0	568.160606473566360E-3	-2.663893466946964E+0
210.000000000000030E+0	545.746441225937740E-3	-2.786281244341561E+0
211.000000000000030E+0	542.899752642022500E-3	-3.004471358667794E+0
212.000000000000030E+0	574.013393714546850E-3	-2.796374200381619E+0
213.000000000000030E+0	454.783765113736420E-3	-2.768804418972923E+0
214.000000000000030E+0	468.318355245677160E-3	-2.925880297855198E+0
215.000000000000030E+0	459.226449258213040E-3	-2.839043278350653E+0
216.000000000000030E+0	431.366448621073210E-3	-2.878502063824455E+0
217.000000000000030E+0	517.369312436483100E-3	-2.778798706727664E+0
218.000000000000030E+0	437.524277395842880E-3	-2.743366882837508E+0
219.000000000000030E+0	397.209492550899930E-3	-2.945989697455280E+0
220.000000000000030E+0	414.797532130848080E-3	-3.231516333581673E+0
221.000000000000030E+0	468.372849444169630E-3	-3.426145978238669E+0
222.000000000000030E+0	433.045710554360700E-3	-3.227102720829552E+0
223.000000000000030E+0	291.393668572838220E-3	-3.268297218374606E+0
224.000000000000030E+0	235.630051343134640E-3	-3.732489941177291E+0
225.000000000000030E+0	227.695924893193210E-3	-3.596526168587218E+0
226.000000000000030E+0	202.381238741031010E-3	-3.446690594749998E+0
227.000000000000030E+0	191.205916714802030E-3	-2.670569206190486E+0
228.000000000000030E+0	145.933046631063100E-3	-2.302175339766411E+0
229.000000000000030E+0	128.081744457559570E-3	-2.183538751832773E+0
230.000000000000030E+0	178.933285692617710E-3	-1.683376775734146E+0
231.000000000000030E+0	130.359317629010900E-3	-1.595031041811527E+0
232.000000000000030E+0	175.176009745093200E-3	-2.018508525498615E+0
233.000000000000030E+0	309.872907686317980E-3	-2.339504929970317E+0
234.000000000000030E+0	414.059863801554180E-3	-2.332990297827079E+0
235.000000000000030E+0	477.818371502340910E-3	-2.382485800031486E+0
236.000000000000030E+0	401.360456073135250E-3	-2.532614587724271E+0
237.000000000000030E+0	418.893623698286420E-3	-2.760795957133567E+0
238.000000000000030E+0	395.314319704211050E-3	-2.743646968949253E+0
239.000000000000030E+0	300.153210789989360E-3	-2.552412774542275E+0
240.000000000000030E+0	237.541551549993430E-3	-3.186659364693941E+0
241.000000000000030E+0	255.347268151906000E-3	-2.870386467153193E+0
242.000000000000030E+0	252.748839365266710E-3	-2.817901611929726E+0
243.000000000000030E+0	264.896426240013190E-3	-2.445450408869773E+0
244.000000000000030E+0	176.970072728327520E-3	-2.332040968132190E+0
245.000000000000030E+0	165.372644228520970E-3	-2.375792215436639E+0
246.000000000000030E+0	140.014109311915940E-3	-2.316349049829330E+0
247.000000000000030E+0	112.902761313729670E-3	-2.581098813352650E+0
248.000000000000030E+0	171.417440695920880E-3	-3.229708172875342E+0
249.000000000000030E+0	353.608815774850700E-3	-3.029890791768884E+0
250.000000000000030E+0	317.878192410872780E-3	-2.313579530698626E+0
251.000000000000030E+0	247.721606201201400E-3	-2.181225031607120E+0
252.000000000000030E+0	223.215672879125800E-3	-2.149426776406343E+0
253.000000000000030E+0	236.236795493841630E-3	-2.083475970758235E+0
254.000000000000030E+0	256.978961385861240E-3	-1.801483044757428E+0
255.000000000000030E+0	194.033811540604510E-3	-1.208852598392845E+0
256.000000000000060E+0	86.301136446289492E-3	1.551236740204698E+0
257.000000000000060E+0	131.754604494268150E-3	3.076179837200290E+0
258.000000000000060E+0	223.988884396086940E-3	2.759734276984338E+0
259.000000000000060E+0	331.425947781520790E-3	3.769107720684126E+0
260.000000000000060E+0	240.579867329713900E-3	3.744739237771243E+0
261.000000000000060E+0	310.417975959644880E-3	3.740834202634545E+0
262.000000000000060E+0	281.576374085449440E-3	4.198340656601250E+0
263.000000000000060E+0	199.901278532341350E-3	4.531332108506908E+0
264.000000000000060E+0	119.277424501226780E-3	5.105952164957960E+0
265.000000000000060E+0	164.347267599193410E-3	2.379560986404736E+0
266.000000000000060E+0	267.635883252481670E-3	2.831595399927089E+0
267.000000000000060E+0	210.905525954931890E-3	3.200112482439513E+0
268.000000000000060E+0	298.024188063507390E-3	2.700648612609167E+0
269.000000000000060E+0	264.741160454662060E-3	3.378866878066770E+0
270.000000000000060E+0	203.535285557813560E-3	3.059475108887237E+0
271.000000000000060E+0	381.913790598331800E-3	3.474204815762593E+0
272.000000000000060E+0	222.633747709890830E-3	5.867181105679734E+0
273.000000000000060E+0	206.061705766954290E-3	6.929327337981057E+0
274.000000000000060E+0	200.084049051748950E-3	7.267297766899574E+0
275.000000000000060E+0	109.367583682989410E-3	8.527788770307930E+0
276.000000000000060E+0	172.095073257246660E-3	11.324042490503455E+0
277.000000000000060E+0	319.650800402351220E-3	12.518767690641496E+0
278.000000000000060E+0	204.864690216102180E-3	10.478007527257205E+0
279.000000000000060E+0	345.311747501812870E-3	10.916493594625573E+0
280.000000000000060E+0	473.851534791407350E-3	11.065346215601062E+0
281.000000000000060E+0	593.438088462253320E-3	11.200227842713424E+0
282.000000000000060E+0	420.537920444513490E-3	11.399678839452582E+0
283.000000000000060E+0	430.469825385653150E-3	11.039054216779842E+0
284.000000000000060E+0	438.058695188651090E-3	11.112916716477287E+0
285.000000000000060E+0	351.883279315256260E-3	10.717864566518392E+0
286.000000000000060E+0	366.920587284501780E-3	10.623269892104821E+0
287.000000000000060E+0	414.105139748730530E-3	10.025157405614756E+0
288.000000000000060E+0	483.195166020568830E-3	10.287134992065910E+0
289.000000000000060E+0	455.355330824312450E-3	10.187257644112398E+0
290.000000000000060E+0	469.150629400195580E-3	10.021269185547528E+0
291.000000000000060E+0	487.174441680388810E-3	9.946328388224218E+0
292.000000000000060E+0	491.759932883186760E-3	9.862952184673215E+0
293.000000000000060E+0	477.274855364140880E-3	9.777386492779584E+0
294.000000000000060E+0	457.761298051501510E-3	9.723291337858944E+0
295.000000000000060E+0	385.022194137864650E-3	9.609977119331109E+0
296.000000000000060E+0	337.321120980487610E-3	9.408282632693094E+0
297.000000000000060E+0	335.385441457872970E-3	9.099992718498415E+0
298.000000000000060E+0	338.106196182911320E-3	9.098502456990731E+0
299.000000000000060E+0	312.606360236572620E-3	9.024661577153577E+0
300.000000000000060E+0	279.991480739484040E-3	9.100842284821018E+0
301.000000000000060E+0	230.315762339622980E-3	8.773507898581851E+0
302.000000000000060E+0	191.267640132728870E-3	8.672783948393988E+0
303.000000000000060E+0	143.711794374613010E-3	8.680826875286142E+0
304.000000000000060E+0	103.899248166995990E-3	8.793917813941633E+0
305.000000000000060E+0	87.157242979846852E-3	9.400604067092033E+0
306.000000000000060E+0	52.824243594293864E-3	9.781885214679333E+0
307.000000000000060E+0	81.703691116636654E-3	9.921627852582576E+0
308.000000000000060E+0	86.204960917989543E-3	10.290863789265007E+0
309.000000000000060E+0	76.800500204814090E-3	10.063401537995697E+0
310.000000000000060E+0	124.545202523378460E-3	10.175293547932249E+0
311.000000000000060E+0	126.257535812221540E-3	10.318287474256181E+0
312.000000000000060E+0	130.640896826942520E-3	10.330009015780440E+0
313.000000000000060E+0	122.505286020784490E-3	10.347101727433953E+0
314.000000000000060E+0	142.893899885459810E-3	10.222283113606636E+0
315.000000000000060E+0	134.029634164176040E-3	10.241842418735629E+0
316.000000000000060E+0	165.630380851448490E-3	10.092694928316376E+0
317.000000000000060E+0	165.902595232499420E-3	10.229316876355169E+0
318.000000000000060E+0	165.006174324349940E-3	10.117472470480575E+0
319.000000000000060E+0	215.540933390631990E-3	10.289830663069491E+0
320.000000000000060E+0	182.584554177310090E-3	10.227234728531053E+0
321.000000000000060E+0	209.854696511543200E-3	10.208058438052486E+0
322.000000000000060E+0	211.021313023784800E-3	10.348875448376361E+0
323.000000000000060E+0	212.876730653277970E-3	10.121714986589861E+0
324.000000000000060E+0	270.480327331875600E-3	10.144184294647301E+0
325.000000000000060E+0	261.457067792839730E-3	10.199974907954680E+0
326.000000000000060E+0	267.763029587996360E-3	10.149477874883400E+0
327.000000000000060E+0	276.970959604512290E-3	10.062023523429286E+0
328.000000000000060E+0	298.306070342341860E-3	10.009019811048095E+0
329.000000000000060E+0	322.961305873194160E-3	9.980598870555490E+0
330.000000000000060E+0	316.345998659788460E-3	9.927414548532166E+0
331.000000000000060E+0	321.925821113448580E-3	9.718120694711590E+0
332.000000000000060E+0	459.772194525733540E-3	9.603112671445473E+0
333.000000000000060E+0	480.501893754114840E-3	9.726181543883971E+0
334.000000000000060E+0	461.509570612084250E-3	9.688886116765712E+0
335.000000000000060E+0	438.480267860968890E-3	9.585835497960305E+0
336.000000000000060E+0	438.743393714437270E-3	9.420944532864045E+0
337.000000000000060E+0	407.105874330527200E-3	9.268253947338703E+0
338.000000000000060E+0	486.471871156243300E-3	8.827009574013180E+0
339.000000000000060E+0	511.329194999838530E-3	8.764148975010416E+0
340.000000000000060E+0	548.863388072784010E-3	8.583666629165210E+0
341.000000000000060E+0	572.187494172232250E-3	8.439975431716602E+0
342.000000000000060E+0	525.986901971394860E-3	8.407357442504981E+0
343.000000000000060E+0	401.225466164592590E-3	8.235768155432634E+0
344.000000000000060E+0	287.712240115323760E-3	8.046412569402055E+0
345.000000000000060E+0	229.414038768705950E-3	7.371414125213396E+0
346.000000000000060E+0	254.314903688127700E-3	7.182884525095929E+0
347.000000000000060E+0	307.143895931761280E-3	6.928226131862730E+0
348.000000000000060E+0	268.537329991442360E-3	7.608167413612601E+0
349.000000000000060E+0	180.728088239372170E-3	7.533132687642883E+0
350.000000000000060E+0	200.435351316044450E-3	7.553970551977065E+0
351.000000000000060E+0	213.383055317665220E-3	8.116806509094932E+0
352.000000000000060E+0	121.149258615732640E-3	8.323204799740335E+0
353.000000000000060E+0	79.460425984934885E-3	7.746069424172498E+0
354.000000000000060E+0	79.699214394097190E-3	7.207989706617095E+0
355.000000000000060E+0	103.442913338916030E-3	6.913201458996953E+0
356.000000000000060E+0	94.013956705928589E-3	6.352378878161961E+0
357.000000000000060E+0	179.602548137194260E-3	6.279734350691224E+0
358.000000000000060E+0	188.260469278623800E-3	6.480389417604501E+0
359.000000000000060E+0	147.090153576430680E-3	6.573096543144996E+0
360.000000000000060E+0	145.470924469864790E-3	6.068595407156141E+0
361.000000000000060E+0	203.669331881795980E-3	6.261637640324818E+0
362.000000000000060E+0	184.402451921439030E-3	6.071294304404002E+0
363.000000000000060E+0	202.976039768419440E-3	6.071201682301218E+0
364.000000000000060E+0	184.079001117396360E-3	5.844016186938862E+0
365.000000000000060E+0	236.579483619663220E-3	5.723118717699326E+0
366.000000000000060E+0	268.748315663691340E-3	5.519581858058842E+0
367.000000000000060E+0	370.016995785481860E-3	5.469923784996172E+0
368.000000000000060E+0	428.122205223623760E-3	5.462680972535369E+0
369.000000000000060E+0	538.617272654445920E-3	5.633607624633235E+0
370.000000000000060E+0	421.580418054840140E-3	5.689769992127967E+0
371.000000000000060E+0	388.498067284290590E-3	5.287019476626091E+0
372.000000000000060E+0	427.696367104137050E-3	4.996069485242431E+0
373.000000000000060E+0	431.534340338453390E-3	4.680644265015529E+0
374.000000000000060E+0	592.047207035160780E-3	4.357803756581616E+0
375.000000000000060E+0	698.632118017095240E-3	4.281411189911644E+0
376.000000000000060E+0	772.446725727175100E-3	4.431403696994257E+0
377.000000000000060E+0	662.843179736714360E-3	4.539778712196536E+0
378.000000000000060E+0	585.206260029932150E-3	4.546852628108674E+0
379.000000000000060E+0	611.106055806946990E-3	4.854237931062347E+0
380.000000000000060E+0	204.591830255078240E-3	4.308722056213922E+0
381.000000000000060E+0	280.732492076571360E-3	4.120757224220141E+0
382.000000000000060E+0	307.644563092991260E-3	3.661257425938152E+0
383.000000000000060E+0	537.017422444734830E-3	3.821494439273997E+0
384.000000000000060E+0	641.119683397449510E-3	4.042715628831500E+0
385.000000000000060E+0	636.936503005884560E-3	4.375530230121407E+0
386.000000000000060E+0	644.721053387249940E-3	4.421815332734949E+0
387.000000000000060E+0	606.387249137397940E-3	4.646968605520592E+0
388.000000000000060E+0	533.544208277717310E-3	4.515603514252774E+0
389.000000000000060E+0	408.205099862850200E-3	4.402514126974117E+0
390.000000000000060E+0	556.986520650994850E-3	3.909670907367864E+0
391.000000000000060E+0	706.087836950166410E-3	3.849586271878202E+0
392.000000000000060E+0	901.248569246207890E-3	3.794858817178594E+0
393.000000000000060E+0	979.975068375613880E-3	4.019978288017864E+0
394.000000000000060E+0	875.866540239885970E-3	3.876064623249992E+0
395.000000000000060E+0	849.766013967627960E-3	3.849846535811299E+0
396.000000000000060E+0	726.207360851645940E-3	3.701513389797336E+0
397.000000000000060E+0	725.166348168675530E-3	3.514900715287639E+0
398.000000000000060E+0	780.452151092179580E-3	3.408464122946584E+0
399.000000000000060E+0	764.323840290225380E-3	3.378370443676525E+0
400.000000000000060E+0	802.024514232499540E-3	3.302946119854326E+0
401.000000000000060E+0	869.056660215445920E-3	3.332302715495697E+0
402.000000000000060E+0	856.318553244380440E-3	3.396742978110596E+0
403.000000000000060E+0	732.488138536017020E-3	3.417038490700655E+0
404.000000000000060E+0	679.546836369935290E-3	3.202154345005647E+0
405.000000000000060E+0	661.141796813787370E-3	3.031997804710361E+0
406.000000000000060E+0	751.666160403857700E-3	2.946834075995933E+0
407.000000000000060E+0	782.756175725586980E-3	2.941692775360315E+0
408.000000000000060E+0	788.631400376137100E-3	3.040248042309222E+0
409.000000000000060E+0	714.152949721143740E-3	2.952063121906282E+0
410.000000000000060E+0	710.584218604128350E-3	2.883574056261792E+0
411.000000000000060E+0	702.428765725323760E-3	2.845256309889925E+0
412.000000000000060E+0	671.552488780040480E-3	2.817597009729287E+0
413.000000000000060E+0	654.362330165912050E-3	2.718333084426909E+0
414.000000000000060E+0	684.389671105537280E-3	2.631446975940360E+0
415.000000000000060E+0	709.209306912064960E-3	2.608572058694295E+0
416.000000000000060E+0	713.175854739634850E-3	2.550554213835975E+0
417.000000000000060E+0	702.510835253860490E-3	2.529740106412033E+0
418.000000000000060E+0	679.454124024614470E-3	2.493181184580838E+0
419.000000000000060E+0	638.252572583552170E-3	2.467133901158925E+0
420.000000000000060E+0	589.366340387959540E-3	2.352566738347426E+0
421.000000000000060E+0	650.464312734214790E-3	2.213964063901444E+0
422.000000000000060E+0	606.642871740253330E-3	2.257540024736041E+0
423.000000000000060E+0	585.832051635972960E-3	2.181355611128084E+0
424.000000000000060E+0	596.269461347238570E-3	2.127991871841316E+0
425.000000000000060E+0	540.572625512699240E-3	2.188111564177888E+0
426.000000000000060E+0	478.633399205295910E-3	2.057048438927191E+0
427.000000000000060E+0	523.307486411105800E-3	1.988979927029934E+0
428.000000000000060E+0	482.315747988165950E-3	1.954687490886432E+0
429.000000000000060E+0	475.090615665133160E-3	1.882233672703532E+0
430.000000000000060E+0	462.735310667984510E-3	1.921131990386361E+0
431.000000000000060E+0	389.806614766940670E-3	1.986664996690584E+0
432.000000000000060E+0	344.060925041569150E-3	1.907151129400907E+0
433.000000000000060E+0	316.651661509143030E-3	1.911187069735929E+0
434.000000000000060E+0	320.530408441493000E-3	1.975921118067120E+0
435.000000000000060E+0	356.777587278198250E-3	2.108687639274801E+0
436.000000000000060E+0	408.289612613395250E-3	2.308063844879006E+0
437.000000000000060E+0	455.164983684777260E-3	2.345527096374092E+0
438.000000000000060E+0	540.230329919277330E-3	2.329500167735091E+0
439.000000000000060E+0	638.122911786722310E-3	2.260018555927278E+0
440.000000000000060E+0	647.422355963350740E-3	2.188400462097400E+0
441.000000000000060E+0	722.527953011160130E-3	2.005054259931577E+0
442.000000000000060E+0	762.984766426044510E-3	1.841785585794447E+0
443.000000000000060E+0	804.891029103593220E-3	1.647361703031962E+0
444.000000000000060E+0	865.627402233339560E-3	1.517623946921088E+0
445.000000000000060E+0	944.935816779244210E-3	1.446888607433493E+0
446.000000000000060E+0	790.863359246128830E-3	1.356610254956057E+0
447.000000000000060E+0	765.814173475187430E-3	1.166633467492107E+0
448.000000000000060E+0	751.082387838272970E-3	1.080378375276303E+0
449.000000000000060E+0	697.282772254977260E-3	894.416658254612470E-3
450.000000000000060E+0	789.683276801921070E-3	795.727658290887650E-3
451.000000000000060E+0	704.598685786380740E-3	733.126928976492790E-3
452.000000000000060E+0	688.433496368346830E-3	571.292130924182850E-3
453.000000000000060E+0	709.933035186803730E-3	520.955835430588100E-3
454.000000000000060E+0	654.890792058807400E-3	450.422470199803580E-3
455.000000000000060E+0	585.172158071190610E-3	307.511587448580650E-3
456.000000000000060E+0	611.022608069814570E-3	128.358553750301830E-3
457.000000000000060E+0	624.224235036626160E-3	47.676654112877269E-3
458.000000000000060E+0	620.064043215343700E-3	-167.163685032839070E-3
459.000000000000060E+0	786.016465979346710E-3	11.761182563284732E-3
460.000000000000060E+0	618.285554380365030E-3	-139.831123603823410E-3
461.000000000000060E+0	598.198075712840780E-3	-287.653048819265010E-3
462.000000000000060E+0	589.850616771645520E-3	-485.317572020243170E-3
463.000000000000060E+0	627.855409463214390E-3	-657.162655824734880E-3
464.000000000000060E+0	713.397633796982840E-3	-810.494353499071060E-3
465.000000000000060E+0	807.324243753350320E-3	-918.228093109198400E-3
466.000000000000060E+0	868.810327685793580E-3	-1.001192769650600E+0
467.000000000000060E+0	878.070413441381040E-3	-1.164834981274736E+0
468.000000000000060E+0	922.164167603083280E-3	-1.243952317848274E+0
469.000000000000060E+0	778.320662388553800E-3	-1.587948344617314E+0
470.000000000000060E+0	829.212760597382800E-3	-1.907716474125593E+0
471.000000000000060E+0	849.118220724133010E-3	-2.180196487406317E+0
472.000000000000060E+0	861.040264743378470E-3	-2.276201371810551E+0
473.000000000000060E+0	654.968701434864410E-3	-2.390313109134559E+0
474.000000000000060E+0	552.824543497101970E-3	-2.414656735009176E+0
475.000000000000060E+0	540.416181276893610E-3	-2.470969642988452E+0
476.000000000000060E+0	619.645072862588520E-3	-2.455320216035116E+0
477.000000000000060E+0	573.555038452317140E-3	-2.392510103065913E+0
478.000000000000060E+0	508.027306988365730E-3	-2.667171695664738E+0
479.000000000000060E+0	515.807950325339100E-3	-2.823119660010892E+0
480.000000000000060E+0	486.813441939118520E-3	-2.973574825851442E+0
481.000000000000060E+0	470.455628989132900E-3	-3.202813814328721E+0
482.000000000000060E+0	552.899599751731750E-3	-3.095342616986886E+0
483.000000000000060E+0	411.561596836075790E-3	-3.122407443874656E+0
484.000000000000060E+0	382.732458924675060E-3	-3.211873464596424E+0
485.000000000000060E+0	316.984612627452980E-3	-3.159306279981631E+0
486.000000000000060E+0	285.180506462725470E-3	-3.292895833196036E+0
487.000000000000060E+0	293.625866288312440E-3	-3.450720004101593E+0
488.000000000000060E+0	295.767660370880150E-3	-3.351978228843968E+0
489.000000000000060E+0	285.994365090846190E-3	-3.342496614457164E+0
490.000000000000060E+0	278.374766812769240E-3	-3.289128648875750E+0
491.000000000000060E+0	261.630512142950190E-3	-3.328229971541001E+0
492.000000000000060E+0	257.001118281112380E-3	-3.312170873936519E+0
493.000000000000060E+0	246.955832565060930E-3	-3.333828336249523E+0
494.000000000000060E+0	238.716142709248790E-3	-3.366544127230986E+0
495.000000000000060E+0	232.845580694114870E-3	-3.470215074027500E+0
496.000000000000060E+0	258.555677183188500E-3	-3.404887035063936E+0
497.000000000000060E+0	236.488038368251720E-3	-3.347145969054966E+0
498.000000000000060E+0	238.398507102987570E-3	-3.336568933563247E+0
499.000000000000060E+0	236.314719068947940E-3	-3.252304400968574E+0
500.000000000000060E+0	171.650132586156800E-3	-3.121743414405151E+0
501.000000000000060E+0	218.423105919955280E-3	-3.545276598084352E+0
502.000000000000060E+0	210.532187380982670E-3	-3.424884899592779E+0
503.000000000000060E+0	198.862259749391400E-3	-3.454211463543885E+0
504.000000000000060E+0	220.773223665049890E-3	-3.495231603530053E+0
505.000000000000060E+0	223.406182202452480E-3	-3.372261967674242E+0
506.000000000000060E+0	189.688680546779810E-3	-3.217127769644489E+0
507.000000000000060E+0	178.575133237403980E-3	-3.348060998467445E+0
508.000000000000060E+0	180.896296809905630E-3	-3.339950359273038E+0
509.000000000000060E+0	171.471681134585360E-3	-3.332730268537784E+0
510.000000000000060E+0	152.660449436564950E-3	-3.301462895944574E+0
511.000000000000060E+0	151.275718848367930E-3	-3.344409378514751E+0
512.000000000000110E+0	136.208579886531290E-3	-3.293851642342655E+0
513.000000000000110E+0	131.669644836073550E-3	-3.471252654080212E+0
514.000000000000110E+0	175.269702997550850E-3	-3.249510252038590E+0
515.000000000000110E+0	150.468029382176540E-3	-2.858830072130518E+0
516.000000000000110E+0	123.435030196698660E-3	-2.985828860654035E+0
517.000000000000110E+0	192.419937959002030E-3	-2.909258788650880E+0
518.000000000000110E+0	236.240157106323730E-3	-2.714858355141223E+0
519.000000000000110E+0	259.706383073015750E-3	-2.538278051288115E+0
520.000000000000110E+0	257.531608991565630E-3	-2.716009272210890E+0
521.000000000000110E+0	277.844116169916940E-3	-2.869099509588843E+0
522.000000000000110E+0	285.089110417230170E-3	-3.035617652600627E+0
523.000000000000110E+0	300.531898683052970E-3	-3.040921926629136E+0
524.000000000000110E+0	224.874699629152130E-3	-3.072679914774502E+0
525.000000000000110E+0	248.843487232742740E-3	-3.306176890176075E+0
526.000000000000110E+0	283.553977286485010E-3	-3.245154219443980E+0
527.000000000000110E+0	264.399231991773900E-3	-3.060595295801280E+0
528.000000000000110E+0	215.223135421790310E-3	-3.280109894861195E+0
529.000000000000110E+0	361.870168365286070E-3	-3.185099178720292E+0
530.000000000000110E+0	290.762930157648650E-3	-3.053530472177878E+0
531.000000000000110E+0	282.362403585102510E-3	-3.100817971632038E+0
532.000000000000110E+0	300.413170868116750E-3	-3.191359620675384E+0
533.000000000000110E+0	296.475116840882790E-3	-3.208754345918094E+0
534.000000000000110E+0	308.755584116141510E-3	-3.216097990173633E+0
535.000000000000110E+0	276.222843034582000E-3	-3.267787838909793E+0
536.000000000000110E+0	299.399020621883340E-3	-3.433399273354713E+0
537.000000000000110E+0	329.598323527372340E-3	-3.411849555265334E+0
538.000000000000110E+0	396.756049025492500E-3	-3.361899835086218E+0
539.000000000000110E+0	351.009058334586680E-3	-3.201174996453231E+0
540.000000000000110E+0	333.662543890159870E-3	-3.175665542116273E+0
541.000000000000110E+0	321.550120690858200E-3	-3.228501504888107E+0
542.000000000000110E+0	329.889363060043350E-3	-3.109105564361546E+0
543.000000000000110E+0	280.021872447251240E-3	-3.435302046076741E+0
544.000000000000110E+0	346.571599606028180E-3	-3.543099523983071E+0
545.000000000000110E+0	400.983753759718450E-3	-3.348631134770940E+0
546.000000000000110E+0	327.088632439688000E-3	-3.349809378930048E+0
547.000000000000110E+0	340.871113040272730E-3	-3.489356026656859E+0
548.000000000000110E+0	355.132425607589340E-3	-3.517756604753078E+0
549.000000000000110E+0	384.227338126330030E-3	-3.535253395234295E+0
550.000000000000110E+0	426.590984671331940E-3	-3.457278354164384E+0
551.000000000000110E+0	341.197579210883840E-3	-3.219688527777866E+0
552.000000000000110E+0	332.591172437082310E-3	-3.672156361205746E+0
553.000000000000110E+0	393.011356776173440E-3	-3.562278172781595E+0
554.000000000000110E+0	382.107414615593220E-3	-3.548162126226909E+0
555.000000000000110E+0	367.159536023960840E-3	-3.490910547318131E+0
556.000000000000110E+0	352.139334930746170E-3	-3.660311097525280E+0
557.000000000000110E+0	438.653314322092920E-3	-3.576547300220108E+0
558.000000000000110E+0	388.560738454412470E-3	-3.476057421971035E+0
559.000000000000110E+0	365.070601022984280E-3	-3.538136892190801E+0
560.000000000000110E+0	358.314924502456830E-3	-3.576661764919885E+0
561.000000000000110E+0	435.601361154970280E-3	-3.818670282819840E+0
562.000000000000110E+0	446.525076983649740E-3	-3.627690924986633E+0
563.000000000000110E+0	461.325607263950170E-3	-3.644936092720208E+0
564.000000000000110E+0	503.710343322468780E-3	-3.570648446322846E+0
565.000000000000110E+0	472.102533646473750E-3	-3.526977181738698E+0
566.000000000000110E+0	411.957413688843030E-3	-3.622206954567838E+0
567.000000000000110E+0	489.175621045072890E-3	-3.699974493293681E+0
568.000000000000110E+0	511.350915479635290E-3	-3.663794944172974E+0
569.000000000000110E+0	504.018864291293500E-3	-3.622923439275094E+0
570.000000000000110E+0	458.993626295605190E-3	-3.624416067784006E+0
571.000000000000110E+0	489.466239913126930E-3	-3.829212397810472E+0
572.000000000000110E+0	543.514759500497100E-3	-3.825122890832214E+0
573.000000000000110E+0	574.069586517275690E-3	-3.793074911462878E+0
574.000000000000110E+0	542.755397759041580E-3	-3.682935511473670E+0
575.000000000000110E+0	502.393390452198000E-3	-3.882857990335677E+0
576.000000000000110E+0	585.325054165942600E-3	-3.999978421202276E+0
577.000000000000110E+0	629.958132817071030E-3	-3.923575367038037E+0
578.000000000000110E+0	622.723411913322810E-3	-3.926713245914166E+0
579.000000000000110E+0	620.972872167364410E-3	-4.018932973900080E+0
580.000000000000110E+0	654.704141950356530E-3	-3.985457786824932E+0
581.000000000000110E+0	630.467108689956480E-3	-4.115583539229149E+0
582.000000000000110E+0	681.027234591639610E-3	-4.220539033084906E+0
583.000000000000110E+0	723.966635521805290E-3	-4.223871615447861E+0
584.000000000000110E+0	747.337101303594100E-3	-4.278984564059195E+0
585.000000000000110E+0	732.322431219494580E-3	-4.253199340707663E+0
586.000000000000110E+0	727.785153213818540E-3	-4.364022358486926E+0
587.000000000000110E+0	747.618779462180580E-3	-4.415329006968881E+0
588.000000000000110E+0	735.434081364328420E-3	-4.520894583992568E+0
589.000000000000110E+0	711.719224675684270E-3	-4.609241875499865E+0
590.000000000000110E+0	709.786511810798770E-3	-4.787123487538029E+0
591.000000000000110E+0	685.227607125307390E-3	-4.917426360682329E+0
592.000000000000110E+0	684.775472059684140E-3	-5.056347310915946E+0
593.000000000000110E+0	665.816930406410320E-3	-4.964471349162796E+0
594.000000000000110E+0	540.924650535601900E-3	-5.030708348279530E+0
595.000000000000110E+0	512.879136050756300E-3	-5.032520839288752E+0
596.000000000000110E+0	439.700366397061340E-3	-5.025822424535036E+0
597.000000000000110E+0	398.439416142546910E-3	-5.139498280590688E+0
598.000000000000110E+0	435.999431541629120E-3	-5.311776515277208E+0
599.000000000000110E+0	471.034699429144000E-3	-5.183896269603262E+0
600.000000000000110E+0	434.397005917343260E-3	-5.143879530680857E+0
601.000000000000110E+0	351.249928909441340E-3	-5.162339342175375E+0
602.000000000000110E+0	270.855919752340080E-3	-5.587384273255757E+0
603.000000000000110E+0	384.577512274108410E-3	-5.462333276084970E+0
604.000000000000110E+0	259.032384155593880E-3	-5.365006484067128E+0
605.000000000000110E+0	216.403514909361330E-3	-5.546180398441408E+0
606.000000000000110E+0	193.683264262996900E-3	-5.328533918870018E+0
607.000000000000110E+0	147.329118103170540E-3	-5.320578595217021E+0
608.000000000000110E+0	232.203494279137200E-3	-4.956804805342822E+0
609.000000000000110E+0	134.575697319913780E-3	-4.380232671277246E+0
610.000000000000110E+0	114.135845157815500E-3	-4.217894750774378E+0
611.000000000000110E+0	100.587761695237740E-3	-4.579050071861386E+0
612.000000000000110E+0	154.906273414506910E-3	-4.732411231871307E+0
613.000000000000110E+0	213.585892083601570E-3	-4.486698738954568E+0
614.000000000000110E+0	225.021111113933580E-3	-4.248854577223920E+0
615.000000000000110E+0	218.126720789006270E-3	-4.109970973494989E+0
616.000000000000110E+0	226.224814079561710E-3	-4.106297875882882E+0
617.000000000000110E+0	267.912254541481540E-3	-4.105566337333812E+0
618.000000000000110E+0	287.634329138644010E-3	-3.957353961638673E+0
619.000000000000110E+0	291.769852656065090E-3	-3.913312111046373E+0
620.000000000000110E+0	297.037597166335880E-3	-3.883276217446662E+0
621.000000000000110E+0	214.524175793794210E-3	-3.998507429838519E+0
622.000000000000110E+0	399.438286717062050E-3	-4.200919139561397E+0
623.000000000000110E+0	454.897930195483690E-3	-4.110773496078265E+0
624.000000000000110E+0	523.153367234073020E-3	-3.983565832488332E+0
625.000000000000110E+0	477.015417506341630E-3	-3.876179786281534E+0
626.000000000000110E+0	402.964029213175030E-3	-4.002999521967908E+0
627.000000000000110E+0	601.876898307115220E-3	-4.348652848035426E+0
628.000000000000110E+0	646.819625576899650E-3	-4.224181059567748E+0
629.000000000000110E+0	680.641340306791800E-3	-4.264723190921394E+0
630.000000000000110E+0	685.439995210276540E-3	-4.326594825541441E+0
631.000000000000110E+0	798.710070247970250E-3	-4.564200494075267E+0
632.000000000000110E+0	875.229608335495570E-3	-4.549727072681165E+0
633.000000000000110E+0	880.944404061525080E-3	-4.670524385872543E+0
634.000000000000110E+0	862.288449999593860E-3	-4.778514895512598E+0
635.000000000000110E+0	793.008141042323760E-3	-5.003221471511157E+0
636.000000000000110E+0	719.615997715137730E-3	-5.212217056895373E+0
637.000000000000110E+0	729.740821014064680E-3	-5.267920299764411E+0
638.000000000000110E+0	678.946935069265840E-3	-5.216143626795576E+0
639.000000000000110E+0	649.771670632243840E-3	-5.113954954049955E+0
640.000000000000110E+0	537.469261861489800E-3	-4.794599408119523E+0
641.000000000000110E+0	588.688031096195160E-3	-5.143847287801342E+0
642.000000000000110E+0	674.090083285819650E-3	-5.081876244771582E+0
643.000000000000110E+0	745.222412216163370E-3	-5.032397531560505E+0
644.000000000000110E+0	804.037716189994530E-3	-4.982971103066948E+0
645.000000000000110E+0	721.281967428711090E-3	-5.156899693088127E+0
646.000000000000110E+0	1.012627279593887E+0	-5.299955787014044E+0
647.000000000000110E+0	1.170864666004656E+0	-5.257466064055212E+0
648.000000000000110E+0	1.202944788989514E+0	-5.313575207573884E+0
649.000000000000110E+0	1.226618064344091E+0	-5.338525668771820E+0
650.000000000000110E+0	1.082252901305158E+0	-5.842895720180151E+0
651.000000000000110E+0	1.330113709711346E+0	-5.860645409171046E+0
652.000000000000110E+0	1.369371805014281E+0	-5.981681801433657E+0
653.000000000000110E+0	1.459458225499667E+0	-6.106975033254775E+0
654.000000000000110E+0	1.317248370066629E+0	-6.217864846671224E+0
655.000000000000110E+0	1.327829646132906E+0	-6.396734985458718E+0
656.000000000000110E+0	1.320822859276998E+0	-6.517329400198001E+0
657.000000000000110E+0	1.305535907876353E+0	-6.666336681787178E+0
658.000000000000110E+0	1.362090718610130E+0	-6.779671073621065E+0
659.000000000000110E+0	1.322652294007765E+0	-6.872974421839294E+0
660.000000000000110E+0	1.289642910002007E+0	-7.067704317944484E+0
661.000000000000110E+0	1.368960937170761E+0	-7.225379478331184E+0
662.000000000000110E+0	1.410418643479082E+0	-7.349070256975084E+0
663.000000000000110E+0	1.242596968562467E+0	-7.379873631370248E+0
664.000000000000110E+0	1.162758019776320E+0	-7.869497422978116E+0
665.000000000000110E+0	1.259828418527399E+0	-8.072899440639491E+0
666.000000000000110E+0	1.332909990792230E+0	-8.296622610007308E+0
667.000000000000110E+0	1.216361553788672E+0	-8.470002362201445E+0
668.000000000000110E+0	1.223125596363752E+0	-8.670331468100635E+0
669.000000000000110E+0	894.421424587213740E-3	-8.777814492003682E+0
670.000000000000110E+0	808.619336083416630E-3	-9.030242432686528E+0
671.000000000000110E+0	726.311644789451200E-3	-9.162145417687871E+0
672.000000000000110E+0	589.460425880774190E-3	-9.352435063463401E+0
673.000000000000110E+0	628.492923715101900E-3	-9.526356297073075E+0
674.000000000000110E+0	611.619570201532130E-3	-9.614777597028953E+0
675.000000000000110E+0	584.161723701868030E-3	-9.663663853320873E+0
676.000000000000110E+0	553.999955092634890E-3	-9.693290177892798E+0
677.000000000000110E+0	454.090139641431130E-3	-9.744240203053309E+0
678.000000000000110E+0	369.788340379085700E-3	-9.872622034149034E+0
679.000000000000110E+0	321.995440961679370E-3	-10.124081033850668E+0
680.000000000000110E+0	291.770558218613640E-3	-10.228042816418657E+0
681.000000000000110E+0	267.585941850771720E-3	-10.344852475286039E+0
682.000000000000110E+0	345.659650888418550E-3	-10.213738464439199E+0
683.000000000000110E+0	306.261764177421680E-3	-10.084236136477166E+0
684.000000000000110E+0	317.202734757455700E-3	-10.032150199017320E+0
685.000000000000110E+0	327.078327215020560E-3	-9.919084768229791E+0
686.000000000000110E+0	310.303762469280490E-3	-9.850346535893458E+0
687.000000000000110E+0	185.329927889834380E-3	-9.417223704124428E+0
688.000000000000110E+0	272.190598337763770E-3	-10.249816446875363E+0
689.000000000000110E+0	293.662249046056200E-3	-10.171885563059197E+0
690.000000000000110E+0	294.598542127749330E-3	-10.198646363643899E+0
691.000000000000110E+0	304.613448893818420E-3	-10.334320333025600E+0
692.000000000000110E+0	394.742916687303940E-3	-10.207367443109442E+0
693.000000000000110E+0	375.763506491396840E-3	-10.188906106728442E+0
694.000000000000110E+0	400.009433434883430E-3	-10.184315843606731E+0
695.000000000000110E+0	380.290057777917080E-3	-10.166197498201015E+0
696.000000000000110E+0	368.301547927867350E-3	-10.280456285705274E+0
697.000000000000110E+0	410.438866478890110E-3	-10.498900315363533E+0
698.000000000000110E+0	499.519378632539980E-3	-10.570398260594610E+0
699.000000000000110E+0	560.873230508864950E-3	-10.612430662824831E+0
700.000000000000110E+0	660.280973723367250E-3	-10.603536189353733E+0
701.000000000000110E+0	517.441687120982040E-3	-10.808903019123385E+0
702.000000000000110E+0	581.562634692658450E-3	-10.986917425133839E+0
703.000000000000110E+0	631.058243145646400E-3	-11.167561249335009E+0
704.000000000000110E+0	640.072209896987210E-3	-11.283357709936626E+0
705.000000000000110E+0	529.989721432098100E-3	-11.494754153487053E+0
706.000000000000110E+0	522.978690614877670E-3	-11.671465704218821E+0
707.000000000000110E+0	394.406925166740920E-3	-11.749083770833186E+0
708.000000000000110E+0	311.504314431903460E-3	-11.832905727102432E+0
709.000000000000110E+0	251.575975610690170E-3	-11.799696167124690E+0
710.000000000000110E+0	222.379336068325940E-3	-11.840075605078015E+0
711.000000000000110E+0	223.272357476029440E-3	-11.597208080055356E+0
712.000000000000110E+0	219.313031240519370E-3	-11.510251417709082E+0
713.000000000000110E+0	216.984193195073950E-3	-11.445062586179974E+0
714.000000000000110E+0	246.738473974790150E-3	-11.494260415509302E+0
715.000000000000110E+0	276.936005616129690E-3	-11.265426812747650E+0
716.000000000000110E+0	219.611614464832240E-3	-11.181471751911198E+0
717.000000000000110E+0	202.860546852953490E-3	-11.231592624105252E+0
718.000000000000110E+0	173.646195340361440E-3	-11.237603437914158E+0
719.000000000000110E+0	166.765384466736530E-3	-11.525401681724675E+0
720.000000000000110E+0	184.225608311161170E-3	-11.497378103311116E+0
721.000000000000110E+0	207.619412699408280E-3	-11.550892999709774E+0
722.000000000000110E+0	231.633996245949850E-3	-11.484832691864048E+0
723.000000000000110E+0	256.919982751152300E-3	-11.455719594207784E+0
724.000000000000110E+0	266.470102593394990E-3	-11.270172974829796E+0
725.000000000000110E+0	248.306851584560530E-3	-11.294718019067638E+0
726.000000000000110E+0	273.322178572930730E-3	-11.437263134214490E+0
727.000000000000110E+0	275.725125061353880E-3	-11.506099782581531E+0
728.000000000000110E+0	298.454601795436980E-3	-11.736569927646524E+0
729.000000000000110E+0	287.203881998583040E-3	-11.378140877669873E+0
730.000000000000110E+0	227.390704207550000E-3	-11.860578665494065E+0
731.000000000000110E+0	209.833343097273500E-3	-11.917299500245129E+0
732.000000000000110E+0	156.744717876858790E-3	-11.931019656974199E+0
733.000000000000110E+0	150.794105509911010E-3	-12.045037758734528E+0
734.000000000000110E+0	119.481018761031790E-3	-12.098143967215657E+0
735.000000000000110E+0	112.283386699705630E-3	-12.121676176483575E+0
736.000000000000110E+0	104.413669425000670E-3	-12.278071584253265E+0
737.000000000000110E+0	133.212350879209680E-3	-12.290124597699755E+0
738.000000000000110E+0	180.097513054568700E-3	-11.968456624199032E+0
739.000000000000110E+0	108.861062357101040E-3	-11.409343773205146E+0
740.000000000000110E+0	89.733637422837756E-3	-11.389773026231850E+0
741.000000000000110E+0	83.921370665310885E-3	-11.286637436432555E+0
742.000000000000110E+0	139.558856401606420E-3	-10.893200635523382E+0
743.000000000000110E+0	47.966513840098424E-3	-9.923088204126264E+0
744.000000000000110E+0	36.454077829797635E-3	-10.158978150737548E+0
745.000000000000110E+0	36.078249601055531E-3	-10.480979259419946E+0
746.000000000000110E+0	55.013476875274116E-3	-10.727732267350985E+0
747.000000000000110E+0	70.475458206057204E-3	-10.510918523166859E+0
748.000000000000110E+0	91.853110276569463E-3	-10.634076239350223E+0
749.000000000000110E+0	101.725188114777060E-3	-10.511282827361711E+0
750.000000000000110E+0	118.732213242876360E-3	-10.444427278489727E+0
751.000000000000110E+0	133.809224756509780E-3	-10.366950781079405E+0
752.000000000000110E+0	133.923589559951960E-3	-10.258228120421768E+0
753.000000000000110E+0	151.430801257542190E-3	-10.344127720103753E+0
754.000000000000110E+0	162.302746361080940E-3	-10.316113271318500E+0
755.000000000000110E+0	190.961946357287140E-3	-10.324301497712808E+0
756.000000000000110E+0	191.322993821019780E-3	-10.213703987811346E+0
757.000000000000110E+0	200.945968103810300E-3	-10.249365090933686E+0
758.000000000000110E+0	215.898616925082030E-3	-10.275051371547333E+0
759.000000000000110E+0	230.091667061639860E-3	-10.257359124767749E+0
760.000000000000110E+0	231.918430317712500E-3	-10.272043656364795E+0
761.000000000000110E+0	268.280377788930490E-3	-10.472404211230860E+0
762.000000000000110E+0	290.844269450578120E-3	-10.350094223200688E+0
763.000000000000110E+0	297.738060713196690E-3	-10.395249128119996E+0
764.000000000000110E+0	317.486609129000900E-3	-10.510935283184978E+0
765.000000000000110E+0	372.331388549716980E-3	-10.600332187827231E+0
766.000000000000110E+0	465.242962070322120E-3	-10.538487548723127E+0
767.000000000000110E+0	387.354566465515470E-3	-10.506354894227705E+0
768.000000000000110E+0	397.429742682628930E-3	-10.630369868578985E+0
769.000000000000110E+0	397.865146580314850E-3	-10.656846738874174E+0
770.000000000000110E+0	394.594166519292360E-3	-10.688039392844374E+0
771.000000000000110E+0	357.443813276261010E-3	-10.709720185694961E+0
772.000000000000110E+0	381.459613071529870E-3	-10.710544505411233E+0
773.000000000000110E+0	403.184235507564550E-3	-10.687751731235346E+0
774.000000000000110E+0	430.177556035656940E-3	-10.671314584308616E+0
775.000000000000110E+0	457.934733425468860E-3	-10.723026984241908E+0
776.000000000000110E+0	579.563413100939510E-3	-10.779756687482967E+0
777.000000000000110E+0	608.922098626253020E-3	-10.644445937189596E+0
778.000000000000110E+0	596.214685572217790E-3	-10.677593425073962E+0
779.000000000000110E+0	568.595292001759840E-3	-10.867724242553447E+0
780.000000000000110E+0	847.000159076995330E-3	-11.097211205880447E+0
781.000000000000110E+0	842.536702548994820E-3	-10.980994074900067E+0
782.000000000000110E+0	827.493548803682310E-3	-11.119017140543889E+0
783.000000000000110E+0	853.214757850949580E-3	-11.367746409514400E+0
784.000000000000110E+0	1.176771365905390E+0	-11.506221483951871E+0
785.000000000000110E+0	1.081002527254106E+0	-11.364186112719018E+0
786.000000000000110E+0	824.192177317825790E-3	-11.619816071553888E+0
787.000000000000110E+0	784.862574404245340E-3	-11.946021399511499E+0
788.000000000000110E+0	817.465864913252350E-3	-12.144230142252603E+0
789.000000000000110E+0	838.383569105653040E-3	-12.156132101940555E+0
790.000000000000110E+0	563.858934159155220E-3	-12.337012076115892E+0
791.000000000000110E+0	525.454920611720720E-3	-12.446012137720606E+0
792.000000000000110E+0	527.133788348828510E-3	-12.527300992170941E+0
793.000000000000110E+0	514.154236901843810E-3	-12.315662996519869E+0
794.000000000000110E+0	345.982323775633430E-3	-12.154864193752379E+0
795.000000000000110E+0	311.801483730683060E-3	-12.299001571933809E+0
796.000000000000110E+0	310.746112051753060E-3	-12.143405658036421E+0
797.000000000000110E+0	299.446099294411520E-3	-11.906385988850896E+0
798.000000000000110E+0	265.567795574229050E-3	-11.592437919022753E+0
799.000000000000110E+0	203.964439207188870E-3	-11.965544707182572E+0
800.000000000000110E+0	284.756802814564720E-3	-11.845138720414914E+0
801.000000000000110E+0	307.568443652579070E-3	-11.748999700618166E+0
802.000000000000110E+0	338.627964362994860E-3	-11.664728495105066E+0
803.000000000000110E+0	320.963102156241740E-3	-11.623733996985427E+0
804.000000000000110E+0	378.237134272368160E-3	-11.633423020745361E+0
805.000000000000110E+0	420.705998945021360E-3	-11.559640516531678E+0
806.000000000000110E+0	445.537993778573170E-3	-11.549831353672841E+0
807.000000000000110E+0	483.089290796392070E-3	-11.563936291698274E+0
808.000000000000110E+0	493.651586190857360E-3	-11.588427263481218E+0
809.000000000000110E+0	573.838503705596750E-3	-11.771674809129378E+0
810.000000000000110E+0	646.246683417504240E-3	-11.890830964532473E+0
811.000000000000110E+0	699.552903682206910E-3	-11.991396061825288E+0
812.000000000000110E+0	701.932519657472390E-3	-12.053000894090733E+0
813.000000000000110E+0	654.587714987420190E-3	-12.246609736919606E+0
814.000000000000110E+0	631.413632904164080E-3	-12.356658513236768E+0
815.000000000000110E+0	610.198779213229740E-3	-12.502421309313473E+0
816.000000000000110E+0	592.675226605965170E-3	-12.528420466608704E+0
817.000000000000110E+0	588.363502762787370E-3	-12.641430249443774E+0
818.000000000000110E+0	514.764095863689540E-3	-12.469387142605230E+0
819.000000000000110E+0	443.571160006191120E-3	-12.651099714507088E+0
820.000000000000110E+0	417.312307714631680E-3	-12.749462202003102E+0
821.000000000000110E+0	412.256538151746840E-3	-12.892151102633877E+0
822.000000000000110E+0	418.446369989163680E-3	-12.723651663422441E+0
823.000000000000110E+0	361.064492680078060E-3	-12.811997787881230E+0
824.000000000000110E+0	339.336918444929800E-3	-12.882214137311349E+0
825.000000000000110E+0	329.341290130075130E-3	-12.944472510326456E+0
826.000000000000110E+0	339.614643399959390E-3	-12.960014243092637E+0
827.000000000000110E+0	291.472745460892630E-3	-12.871704790727172E+0
828.000000000000110E+0	249.203812811975710E-3	-12.984140564089408E+0
829.000000000000110E+0	232.346105086695010E-3	-13.113172596577645E+0
830.000000000000110E+0	228.986048595463070E-3	-13.172705448708616E+0
831.000000000000110E+0	292.699089291313000E-3	-13.171125602169326E+0
832.000000000000110E+0	192.458848356253850E-3	-12.959994210969349E+0
833.000000000000110E+0	166.560147734415100E-3	-12.975241391634341E+0
834.000000000000110E+0	152.549172969380310E-3	-12.971449456255387E+0
835.000000000000110E+0	128.974407397552920E-3	-12.793096738800507E+0
836.000000000000110E+0	86.940949378518428E-3	-12.770103257337428E+0
837.000000000000110E+0	123.017126871699920E-3	-13.068796411286932E+0
838.000000000000110E+0	110.082458183004360E-3	-12.807611976085232E+0
839.000000000000110E+0	92.455152163310142E-3	-12.680722164945921E+0
840.000000000000110E+0	71.192115938331149E-3	-12.644547442275316E+0
841.000000000000110E+0	100.789565662792850E-3	-12.680043000618825E+0
842.000000000000110E+0	89.194215985309119E-3	-12.258709965233027E+0
843.000000000000110E+0	76.743356328479354E-3	-11.896792721312197E+0
844.000000000000110E+0	56.637990822602721E-3	-11.554851794047728E+0
845.000000000000110E+0	62.378727444194648E-3	-12.091905369156995E+0
846.000000000000110E+0	120.473621073937360E-3	-11.533352280526367E+0
847.000000000000110E+0	132.084064311601610E-3	-11.091483223631192E+0
848.000000000000110E+0	118.645896651935100E-3	-10.988225135607244E+0
849.000000000000110E+0	120.093524354978080E-3	-10.955704093628233E+0
850.000000000000110E+0	306.955933788017670E-3	-11.617919019264900E+0
851.000000000000110E+0	246.385030447873690E-3	-11.162845766096956E+0
852.000000000000110E+0	259.112441763131580E-3	-11.102945623221867E+0
853.000000000000110E+0	209.021715992105090E-3	-11.050478559848139E+0
854.000000000000110E+0	273.327175799766340E-3	-11.711464188637951E+0
855.000000000000110E+0	351.602636749595240E-3	-11.554396127467761E+0
856.000000000000110E+0	296.351760672168730E-3	-11.523007279746302E+0
857.000000000000110E+0	283.854264171914390E-3	-11.568916592533254E+0
858.000000000000110E+0	253.284117451679560E-3	-11.674824863242119E+0
859.000000000000110E+0	337.811685422070130E-3	-11.708122339038466E+0
860.000000000000110E+0	306.659433209205520E-3	-11.394941106549956E+0
861.000000000000110E+0	315.721234295740730E-3	-11.354282347500934E+0
862.000000000000110E+0	314.676702691085890E-3	-11.283412167701105E+0
863.000000000000110E+0	331.379044223183150E-3	-11.544988866420130E+0
864.000000000000110E+0	436.870494809203540E-3	-11.410894580265868E+0
865.000000000000110E+0	465.766191998182090E-3	-11.419861991707680E+0
866.000000000000110E+0	536.362240580217970E-3	-11.500916853498781E+0
867.000000000000110E+0	599.034041311722440E-3	-11.465444893748703E+0
868.000000000000110E+0	580.627964808274830E-3	-11.451850752405445E+0
869.000000000000110E+0	821.285923578458640E-3	-11.698585734710608E+0
870.000000000000110E+0	806.539972739596100E-3	-11.661043990079785E+0
871.000000000000110E+0	838.587848509016690E-3	-11.682966683629179E+0
872.000000000000110E+0	776.017389821271000E-3	-11.751457534895579E+0
873.000000000000110E+0	803.894508462332680E-3	-12.158073200815238E+0
874.000000000000110E+0	975.524361801121680E-3	-12.130767039981599E+0
875.000000000000110E+0	965.020428665402050E-3	-12.187826582865691E+0
876.000000000000110E+0	969.979757253656150E-3	-12.325046716892247E+0
877.000000000000110E+0	1.006074636578204E+0	-12.405130510930498E+0
878.000000000000110E+0	1.021285567137299E+0	-12.460074081981471E+0
879.000000000000110E+0	919.236136298994480E-3	-12.578028525335363E+0
880.000000000000110E+0	936.895024343751270E-3	-12.687311609498375E+0
881.000000000000110E+0	939.751496349166880E-3	-12.761767056857966E+0
882.000000000000110E+0	951.965769056443700E-3	-12.771540596150622E+0
883.000000000000110E+0	900.390115655002600E-3	-12.884795464174454E+0
884.000000000000110E+0	928.314975737701720E-3	-12.943352959836099E+0
885.000000000000110E+0	935.477770601801150E-3	-13.009818367135495E+0
886.000000000000110E+0	944.298606757679400E-3	-13.009898737534129E+0
887.000000000000110E+0	915.812863465021550E-3	-13.086778023238166E+0
888.000000000000110E+0	916.630293632518690E-3	-13.151682153952217E+0
889.000000000000110E+0	941.530767621835850E-3	-13.267840588612231E+0
890.000000000000110E+0	994.026794722635110E-3	-13.325157199705075E+0
891.000000000000110E+0	1.023568448240207E+0	-13.428339852021187E+0
892.000000000000110E+0	1.019504935113985E+0	-13.514777166162007E+0
893.000000000000110E+0	1.061959622187552E+0	-13.662702686238219E+0
894.000000000000110E+0	1.109082131927553E+0	-13.821146133238079E+0
895.000000000000110E+0	1.068163825457418E+0	-14.004167329353047E+0
896.000000000000110E+0	1.120583966457483E+0	-14.238075409415345E+0
897.000000000000110E+0	959.274098277717040E-3	-14.220249147413845E+0
898.000000000000110E+0	751.691001741873200E-3	-14.633419484568586E+0
899.000000000000110E+0	685.391283460921370E-3	-14.878809245420483E+0
900.000000000000110E+0	614.125014400720980E-3	-15.054388878696853E+0
901.000000000000110E+0	537.659695811268820E-3	-14.919439508769251E+0
902.000000000000110E+0	398.551448939572510E-3	-15.107806376467717E+0
903.000000000000110E+0	327.007272880956880E-3	-15.198708509474701E+0
904.000000000000110E+0	287.418112737460100E-3	-15.329678987023183E+0
905.000000000000110E+0	322.349650345541140E-3	-15.236375251202800E+0
906.000000000000110E+0	219.359714591040730E-3	-14.780904476652395E+0
907.000000000000110E+0	128.766317130044660E-3	-14.882220003173490E+0
908.000000000000110E+0	103.727517000420970E-3	-15.156540206502871E+0
909.000000000000110E+0	87.077609017178814E-3	-15.186709303665609E+0
910.000000000000110E+0	59.988081184591577E-3	-16.099443603529728E+0
911.000000000000110E+0	139.214522292690570E-3	-15.221528682880235E+0
912.000000000000110E+0	105.263595582042440E-3	-15.306062384702290E+0
913.000000000000110E+0	116.807343832716570E-3	-15.435977344817335E+0
914.000000000000110E+0	134.021907159937340E-3	-15.106314733880021E+0
915.000000000000110E+0	110.227672828493770E-3	-15.112473385416653E+0
916.000000000000110E+0	51.735496537114178E-3	-14.751267471641722E+0
917.000000000000110E+0	42.699768963155048E-3	-15.851671268874792E+0
918.000000000000110E+0	60.887913965767926E-3	-16.334041540101566E+0
919.000000000000110E+0	82.889480232872306E-3	-16.503372112673787E+0
920.000000000000110E+0	113.485084090340830E-3	-16.215081180957373E+0
921.000000000000110E+0	87.610966321589712E-3	-16.486112832729223E+0
922.000000000000110E+0	92.315921017640579E-3	-16.656701160539203E+0
923.000000000000110E+0	97.255354903019814E-3	-16.753608992260265E+0
924.000000000000110E+0	96.512918732475084E-3	-17.469026498257268E+0
925.000000000000110E+0	146.512549807983450E-3	-17.372294448822906E+0
926.000000000000110E+0	168.064782609028520E-3	-17.430095104208206E+0
927.000000000000110E+0	194.811297242205280E-3	-17.554583599819733E+0
928.000000000000110E+0	230.982814363791870E-3	-17.635484314155001E+0
929.000000000000110E+0	188.714130474990080E-3	-17.432934462298046E+0
930.000000000000110E+0	217.924834279084430E-3	-18.193320157197451E+0
931.000000000000110E+0	243.312395116929510E-3	-18.322554047947019E+0
932.000000000000110E+0	249.521710293424790E-3	-18.400066129376231E+0
933.000000000000110E+0	253.231211305246120E-3	-18.503860576486122E+0
934.000000000000110E+0	255.515661333935610E-3	-18.472355036787263E+0
935.000000000000110E+0	237.569894613505940E-3	-18.464530249427082E+0
936.000000000000110E+0	231.583420652306050E-3	-18.436865119247578E+0
937.000000000000110E+0	210.382552535136660E-3	-18.497028408509124E+0
938.000000000000110E+0	236.246673919135840E-3	-18.591799639196097E+0
939.000000000000110E+0	208.408130236147650E-3	-18.783011547345705E+0
940.000000000000110E+0	263.048076625581830E-3	-18.879148624180047E+0
941.000000000000110E+0	287.080403372816480E-3	-18.936747114078624E+0
942.000000000000110E+0	313.455641496015460E-3	-18.829120346449606E+0
943.000000000000110E+0	228.342650204609640E-3	-18.870775308523626E+0
944.000000000000110E+0	225.270092351497340E-3	-19.046678283220100E+0
945.000000000000110E+0	222.852301870844230E-3	-19.059351365797230E+0
946.000000000000110E+0	202.865468950885060E-3	-19.142265700582438E+0
947.000000000000110E+0	206.588750403291250E-3	-19.222212560758770E+0
948.000000000000110E+0	238.497690827872920E-3	-19.222534525928591E+0
949.000000000000110E+0	224.416836749099820E-3	-19.173872579805636E+0
950.000000000000110E+0	224.775750812021500E-3	-19.160817913686785E+0
951.000000000000110E+0	218.229651259586100E-3	-19.188172795030759E+0
952.000000000000110E+0	225.840733802633610E-3	-19.089055480741539E+0
953.000000000000110E+0	207.212927188754420E-3	-19.224700782688359E+0
954.000000000000110E+0	210.975357273062690E-3	-19.255873108949185E+0
955.000000000000110E+0	215.807454266129350E-3	-19.262836576024927E+0
956.000000000000110E+0	209.993678308466880E-3	-19.270349542683149E+0
957.000000000000110E+0	208.145460141711010E-3	-19.288296985135180E+0
958.000000000000110E+0	212.101907925075720E-3	-19.286344846500992E+0
959.000000000000110E+0	202.182762130828720E-3	-19.287334842366587E+0
960.000000000000110E+0	199.473914561995650E-3	-19.321048807550373E+0
961.000000000000110E+0	206.268830315613130E-3	-19.291684316872821E+0
962.000000000000110E+0	196.931003005213600E-3	-19.341985749043658E+0
963.000000000000110E+0	202.833147472494650E-3	-19.353743727018468E+0
964.000000000000110E+0	211.044329942303180E-3	-19.351828129734322E+0
965.000000000000110E+0	210.717438935386470E-3	-19.301470967203581E+0
966.000000000000110E+0	200.656382459657110E-3	-19.364502214531917E+0
967.000000000000110E+0	209.101824062321250E-3	-19.424136163040739E+0
968.000000000000110E+0	218.086991979825760E-3	-19.417984608060628E+0
969.000000000000110E+0	216.929105986046340E-3	-19.405884987808140E+0
970.000000000000110E+0	215.643606541903950E-3	-19.397304749495071E+0
971.000000000000110E+0	213.370761302118430E-3	-19.553300623315071E+0
972.000000000000110E+0	219.812113106087230E-3	-19.523304864563805E+0
973.000000000000110E+0	223.746827672873680E-3	-19.508907927655535E+0
974.000000000000110E+0	208.020435659466930E-3	-19.529368066875644E+0
975.000000000000110E+0	209.069030645674810E-3	-19.646422128961898E+0
976.000000000000110E+0	233.075969066132620E-3	-19.713833055976238E+0
977.000000000000110E+0	226.541225846282080E-3	-19.689056804308581E+0
978.000000000000110E+0	222.684787534021180E-3	-19.732390893645462E+0
979.000000000000110E+0	228.612244991759060E-3	-19.779839718185254E+0
980.000000000000110E+0	202.696515517150400E-3	-19.517545297848358E+0
981.000000000000110E+0	169.667390983923780E-3	-19.898981627176326E+0
982.000000000000110E+0	166.345647101787480E-3	-19.965895030183464E+0
983.000000000000110E+0	154.366769965112280E-3	-20.010839703659887E+0
984.000000000000110E+0	231.992633162754620E-3	-20.128468509903666E+0
985.000000000000110E+0	157.702861989145130E-3	-19.953792973422956E+0
986.000000000000110E+0	151.222160072165380E-3	-19.930188779270118E+0
987.000000000000110E+0	143.992033372816520E-3	-19.904564363557757E+0
988.000000000000110E+0	133.993555798912510E-3	-19.831529685294122E+0
989.000000000000110E+0	140.920551281229680E-3	-19.737305578578873E+0
990.000000000000110E+0	110.449050344780460E-3	-20.085810184868073E+0
991.000000000000110E+0	101.467052691096850E-3	-19.876006028025113E+0
992.000000000000110E+0	88.635633723633686E-3	-19.846080687086769E+0
993.000000000000110E+0	88.070285508685453E-3	-20.291442330216736E+0
994.000000000000110E+0	177.583248784968200E-3	-19.857701073836509E+0
995.000000000000110E+0	116.241263973433720E-3	-19.601059984320550E+0
996.000000000000110E+0	112.364420934939370E-3	-19.627831939893301E+0
997.000000000000110E+0	112.821617724007990E-3	-19.496019033747405E+0
998.000000000000110E+0	104.850139673896270E-3	-19.433138306725223E+0
999.000000000000110E+0	198.481100267524500E-3	-19.299405502266858E+0
1.000000000000000E+3	109.704486957814650E-3	-19.656805886801692E+0
