Freq (Hz)	Gxyaccelerometre /source
source
source_Real	Gxyaccelerometre /source
source
source_Imag
10.000000000000018E+0	891.881180801627430E-6	6.300375122253487E-3
11.000000000000020E+0	-24.764390721359476E-3	-11.707524582570144E-3
12.000000000000021E+0	13.422573584447501E-3	-1.200973674293877E-3
13.000000000000023E+0	-4.014007766434247E-3	-1.818597153227754E-3
14.000000000000025E+0	-42.711155341047739E-3	59.338611648387829E-3
15.000000000000027E+0	-65.277724531357675E-3	60.812332726038795E-3
16.000000000000028E+0	-131.287154024367390E-3	-34.631282907980683E-3
17.000000000000028E+0	-137.747095693542850E-3	84.649750119901834E-3
18.000000000000028E+0	-93.114871670567964E-3	166.041500940521500E-3
19.000000000000028E+0	-372.905438621464300E-3	85.472924117113117E-3
20.000000000000028E+0	-356.010272775090620E-3	151.224233163152500E-3
21.000000000000028E+0	-347.393731437105000E-3	388.900638084261120E-3
22.000000000000028E+0	-427.237118133671490E-3	400.945828213581100E-3
23.000000000000028E+0	-972.198747386762820E-3	767.134251615156030E-3
24.000000000000028E+0	-987.007990963112870E-3	1.435780994103871E+0
25.000000000000028E+0	-1.108205364038354E+0	2.631567652943480E+0
26.000000000000028E+0	-693.613287507306220E-3	4.891212692412276E+0
27.000000000000028E+0	322.672726305321570E-3	3.823782228063394E+0
28.000000000000028E+0	181.398795205045930E-3	3.505881262987220E+0
29.000000000000028E+0	673.473475148100630E-3	1.785566952674358E+0
30.000000000000028E+0	150.015670513416850E-3	770.532767569887200E-3
31.000000000000028E+0	192.590667572066110E-3	1.144660073537191E+0
32.000000000000028E+0	-318.308156003979880E-3	2.519026080237183E+0
33.000000000000028E+0	-809.761722590423560E-3	1.916035775082694E+0
34.000000000000028E+0	-843.022715528232270E-3	2.689070207841769E+0
35.000000000000028E+0	-88.983723640938581E-3	2.188492398168726E+0
36.000000000000028E+0	-108.636427215331550E-3	2.432924683906999E+0
37.000000000000028E+0	-3.162874295812310E+0	5.537766532718804E+0
38.000000000000028E+0	-2.485120633400101E+0	5.798189530643759E+0
39.000000000000028E+0	-1.205781136126729E+0	3.634978642946083E+0
40.000000000000028E+0	-2.820625611713933E+0	7.223171537348011E+0
41.000000000000028E+0	-518.872402275510900E-3	19.374972495966706E+0
42.000000000000028E+0	5.537797686239442E+0	13.948634382612559E+0
43.000000000000028E+0	3.267229039545239E+0	3.318231389195331E+0
44.000000000000028E+0	2.227759130794143E+0	31.208848461172556E-3
45.000000000000028E+0	3.173322398732878E+0	1.568993403783049E+0
46.000000000000028E+0	1.224388683794756E+0	5.076953804048838E+0
47.000000000000028E+0	-507.386948623363750E-3	9.741210553392998E+0
48.000000000000028E+0	1.059886599215776E+0	6.144613240022901E+0
49.000000000000028E+0	-1.582566387142584E+0	5.830359392721663E+0
50.000000000000028E+0	-2.568509116286946E+0	19.723692081006380E+0
51.000000000000028E+0	1.521410806186420E+0	25.898435478762472E+0
52.000000000000028E+0	4.325664131436162E+0	12.680317703277341E+0
53.000000000000028E+0	3.806189097462426E+0	6.595026536699462E+0
54.000000000000028E+0	6.872152619003278E+0	16.436005497455106E+0
55.000000000000028E+0	8.623142852860653E+0	20.719121827351096E+0
56.000000000000028E+0	9.389197774085082E+0	21.626603180613529E+0
57.000000000000028E+0	4.725942740778778E+0	12.528534950530847E+0
58.000000000000028E+0	936.154011974018040E-3	3.635674637551652E+0
59.000000000000028E+0	6.113114777314278E+0	24.526958340414648E+0
60.000000000000028E+0	8.828910476454682E+0	50.549418600164984E+0
61.000000000000028E+0	5.476806151633435E+0	39.715078845384113E+0
62.000000000000028E+0	5.189281284015032E+0	20.406620649332154E+0
63.000000000000028E+0	25.435832177990157E+0	68.490267038271440E+0
64.000000000000028E+0	57.470200951486618E+0	87.881549510247140E+0
65.000000000000028E+0	90.467488472457404E+0	98.343625154932084E+0
66.000000000000028E+0	92.145124832122263E+0	79.267182630232526E+0
67.000000000000028E+0	28.515963667241543E+0	12.387806346857158E+0
68.000000000000028E+0	45.513827492623974E+0	1.086744026200904E+0
69.000000000000028E+0	125.812736990339350E+0	19.314032442427653E+0
70.000000000000028E+0	109.362595326694380E+0	28.686472551636513E+0
71.000000000000028E+0	26.980946904629214E+0	13.253084278783598E+0
72.000000000000028E+0	29.450094886206642E+0	-2.793500956186514E+0
73.000000000000028E+0	96.663939375345848E+0	9.796077576124963E+0
74.000000000000028E+0	106.841431638991410E+0	17.706134335578746E+0
75.000000000000028E+0	101.315073485352760E+0	13.713658040141036E+0
76.000000000000028E+0	79.312889947403875E+0	21.227721316831825E+0
77.000000000000028E+0	22.962952341365131E+0	7.858088241664379E+0
78.000000000000028E+0	149.671756868492510E+0	-217.410859057984490E-3
79.000000000000028E+0	179.408717239164330E+0	16.573927789836461E+0
80.000000000000028E+0	44.831588158031693E+0	13.147314565855165E+0
81.000000000000028E+0	16.736038297788674E+0	5.179574895063917E+0
82.000000000000028E+0	44.372686921673925E+0	9.028718001990724E+0
83.000000000000028E+0	70.734004620350873E+0	17.055259615828753E+0
84.000000000000028E+0	54.054502226339920E+0	13.485521116594281E+0
85.000000000000028E+0	20.290239589649829E+0	7.798282838088956E+0
86.000000000000028E+0	17.596610837407876E+0	6.925361508319975E+0
87.000000000000028E+0	9.197996911032895E+0	9.742281802149627E+0
88.000000000000028E+0	63.736469995244953E+0	11.741687197793421E+0
89.000000000000028E+0	64.817127309934946E+0	3.169872098618017E+0
90.000000000000028E+0	3.993020128008070E+0	-2.228499843686318E+0
91.000000000000028E+0	28.087265708246566E+0	9.676849272934163E+0
92.000000000000028E+0	56.091052681118903E+0	4.947315160245391E+0
93.000000000000028E+0	39.350036808788488E+0	-489.925963660430950E-3
94.000000000000028E+0	33.569612142594430E+0	-4.036263693211717E+0
95.000000000000028E+0	17.285541681559280E+0	-6.661959222769655E+0
96.000000000000028E+0	22.892818969458283E+0	-7.009300254880418E+0
97.000000000000028E+0	80.810702564710226E+0	-31.545971465010147E+0
98.000000000000028E+0	77.402353685224909E+0	-45.206272088251971E+0
99.000000000000028E+0	29.502538962057496E+0	-26.877154584210878E+0
100.000000000000030E+0	7.101208221204383E+0	-8.048371342024115E+0
101.000000000000030E+0	64.372004017804301E+0	-77.996987397083984E+0
102.000000000000030E+0	52.509051210083065E+0	-92.903663221958510E+0
103.000000000000030E+0	-735.287068664865370E-3	-15.191188865417621E+0
104.000000000000030E+0	8.265114509303654E+0	-41.042677885368604E+0
105.000000000000030E+0	1.437928805483052E+0	-11.280995966320237E+0
106.000000000000030E+0	3.489319760171313E+0	-34.507858425125690E+0
107.000000000000030E+0	11.967032458354412E+0	-69.075411450427737E+0
108.000000000000030E+0	7.647166054253934E+0	-31.647717368848156E+0
109.000000000000030E+0	1.464255576350831E+0	-1.321222400000331E+0
110.000000000000030E+0	2.254683579875464E+0	-18.157027253016675E+0
111.000000000000030E+0	6.186525863373669E+0	-40.601545568730650E+0
112.000000000000030E+0	4.895805591019382E+0	-26.973863496861082E+0
113.000000000000030E+0	3.549157381405700E+0	-16.838102519329215E+0
114.000000000000030E+0	2.264235972251994E+0	-10.548269527962663E+0
115.000000000000030E+0	5.092073088440219E+0	-31.666300133355822E+0
116.000000000000030E+0	9.189323939988629E+0	-44.439789151805478E+0
117.000000000000030E+0	11.649872184557251E+0	-63.250330208679557E+0
118.000000000000030E+0	3.843206427906432E+0	-33.863048125117679E+0
119.000000000000030E+0	-999.957981032193800E-3	-2.271383798784213E+0
120.000000000000030E+0	-19.372669398930409E+0	-76.666963977623197E+0
121.000000000000030E+0	-23.779662832274088E+0	-78.765717953173919E+0
122.000000000000030E+0	-11.569595399723850E+0	-9.862900603038202E+0
123.000000000000030E+0	-35.349470600635740E+0	-37.378477562295778E+0
124.000000000000030E+0	-24.820835235849522E+0	-21.880236828743396E+0
125.000000000000030E+0	-62.050738744599116E+0	-62.175100660343936E+0
126.000000000000030E+0	-72.299130349560727E+0	-36.256593764725729E+0
127.000000000000030E+0	-51.448210894370064E+0	-14.037098806189345E+0
128.000000000000030E+0	-4.374368019722559E+0	5.494496540769094E+0
129.000000000000030E+0	-72.531500772532411E+0	37.231384013509498E+0
130.000000000000030E+0	-96.838376821027225E+0	66.499990461069018E+0
131.000000000000030E+0	-41.816430977098207E+0	33.187028526384829E+0
132.000000000000030E+0	3.757832722358417E+0	2.519492529895996E+0
133.000000000000030E+0	8.117402763210679E+0	42.419627564633643E+0
134.000000000000030E+0	13.730821660880249E+0	42.646704997542102E+0
135.000000000000030E+0	7.270091140368692E+0	49.858322491388876E+0
136.000000000000030E+0	9.317270295179885E+0	69.898196507254568E+0
137.000000000000030E+0	1.505867606753224E+0	24.976779647241138E+0
138.000000000000030E+0	-5.758733264980625E+0	5.365061156118968E+0
139.000000000000030E+0	10.921378006759770E+0	41.152725200074876E+0
140.000000000000030E+0	6.532154084159536E+0	15.469081090474976E+0
141.000000000000030E+0	9.226878362635526E+0	-3.302698664918336E+0
142.000000000000030E+0	21.919101265360563E+0	-5.247778600097718E+0
143.000000000000030E+0	49.289346581831310E+0	14.212486503807458E+0
144.000000000000030E+0	52.469819240107007E+0	22.887956845303972E+0
145.000000000000030E+0	29.218968761601257E+0	22.692145397501946E+0
146.000000000000030E+0	18.147205586284127E+0	28.530882957168519E+0
147.000000000000030E+0	-2.661210754591935E+0	12.178613869242534E+0
148.000000000000030E+0	14.420805627216414E+0	7.604646453599052E+0
149.000000000000030E+0	38.579879422128812E+0	33.929371949466557E+0
150.000000000000030E+0	12.193585120923277E+0	12.135587510097062E+0
151.000000000000030E+0	13.237168669827787E+0	-1.094632918563237E+0
152.000000000000030E+0	72.307600412456139E+0	21.057110760940525E+0
153.000000000000030E+0	80.256364134908452E+0	26.766421610672012E+0
154.000000000000030E+0	53.163514214251066E+0	30.992578704985497E+0
155.000000000000030E+0	68.447052483270994E+0	30.669049073064166E+0
156.000000000000030E+0	14.419735878674988E+0	12.648222201184902E+0
157.000000000000030E+0	68.332095271913118E+0	16.346406867936857E+0
158.000000000000030E+0	107.181404225663730E+0	3.525263716114709E+0
159.000000000000030E+0	75.621113881695209E+0	-6.762399634816593E+0
160.000000000000030E+0	29.086026879221549E+0	-9.462119443275579E+0
161.000000000000030E+0	69.515690449477873E+0	-16.665904593759983E+0
162.000000000000030E+0	229.161182610135850E+0	-65.882771744385579E+0
163.000000000000030E+0	120.187460001618130E+0	-43.055742049778203E+0
164.000000000000030E+0	67.355080142225006E+0	-7.610879188508596E+0
165.000000000000030E+0	97.387856449464408E+0	-20.552608119276837E+0
166.000000000000030E+0	30.427346721148506E+0	2.686461315249814E+0
167.000000000000030E+0	147.859097159157780E+0	-119.838087396840280E+0
168.000000000000030E+0	164.990221758189480E+0	-170.461907715855740E+0
169.000000000000030E+0	38.642102349746260E+0	-53.506284071822549E+0
170.000000000000030E+0	59.229364998354470E+0	-74.269302827969895E+0
171.000000000000030E+0	152.690447293324180E+0	-227.930275665509780E+0
172.000000000000030E+0	126.113620070554630E+0	-254.346780455358330E+0
173.000000000000030E+0	67.417429287389751E+0	-163.841431347302290E+0
174.000000000000030E+0	58.919776640260146E+0	-88.141102919050468E+0
175.000000000000030E+0	40.214039867682743E+0	-60.505462773752811E+0
176.000000000000030E+0	7.439754853141873E+0	-143.963528681955410E+0
177.000000000000030E+0	-38.813664026056593E+0	-118.774603059932130E+0
178.000000000000030E+0	-42.341600742080914E+0	-122.217710376301510E+0
179.000000000000030E+0	-11.067627177786163E+0	-8.587620563942624E+0
180.000000000000030E+0	-19.640391822792306E+0	-144.525786119096270E+0
181.000000000000030E+0	-10.069703299791888E+0	-218.193677649216710E+0
182.000000000000030E+0	7.972456742994365E+0	-69.796998970375966E+0
183.000000000000030E+0	11.031644683053930E+0	-65.049860735231704E+0
184.000000000000030E+0	12.971453927441306E+0	-61.083111874915190E+0
185.000000000000030E+0	13.762650762312839E+0	-97.942276000615862E+0
186.000000000000030E+0	4.719004710843771E+0	-192.454397942511380E+0
187.000000000000030E+0	-550.864716855565040E-3	-158.624560957036240E+0
188.000000000000030E+0	-4.312907657919480E+0	-50.144991850883613E+0
189.000000000000030E+0	-8.987468624786210E+0	-94.591992747489627E+0
190.000000000000030E+0	-14.316620834479485E+0	-258.892601370957610E+0
191.000000000000030E+0	-40.750090373803459E+0	-291.902578533881470E+0
192.000000000000030E+0	-13.722252856562477E+0	-106.138818346212280E+0
193.000000000000030E+0	-12.439082154125284E+0	-85.010919579581511E+0
194.000000000000030E+0	-54.685381873759027E+0	-185.366769345339460E+0
195.000000000000030E+0	-56.109611744123242E+0	-186.268509469914220E+0
196.000000000000030E+0	-77.244806586313146E+0	-212.618130482579690E+0
197.000000000000030E+0	-70.295272524990423E+0	-154.878639057432960E+0
198.000000000000030E+0	-9.371547833372588E+0	-36.305817785523288E+0
199.000000000000030E+0	-108.811334517985370E+0	-247.428316853864770E+0
200.000000000000030E+0	-136.703121189760960E+0	-206.052518887715540E+0
201.000000000000030E+0	-60.544151278259719E+0	-69.113792302343157E+0
202.000000000000030E+0	-51.678569187497409E+0	-69.001817447802665E+0
203.000000000000030E+0	-40.419861751961854E+0	-41.083231485203214E+0
204.000000000000030E+0	-133.960768109957090E+0	-132.255635618091990E+0
205.000000000000030E+0	-103.467286354022320E+0	-91.463285697502826E+0
206.000000000000030E+0	-91.368527388569987E+0	-86.922946599475111E+0
207.000000000000030E+0	-47.740245461195464E+0	-40.011643411136106E+0
208.000000000000030E+0	-45.188735508081258E+0	-37.049481832071720E+0
209.000000000000030E+0	-138.027117595830130E+0	-71.455247741669538E+0
210.000000000000030E+0	-102.356193580905280E+0	-37.980225375632507E+0
211.000000000000030E+0	-25.705546367082821E+0	-3.547036475361893E+0
212.000000000000030E+0	-75.881169614340507E+0	-27.288327569462275E+0
213.000000000000030E+0	-80.253191763881873E+0	-31.384963464124304E+0
214.000000000000030E+0	-57.549608447789481E+0	-12.610365489772217E+0
215.000000000000030E+0	-73.092758878218959E+0	-22.814573113089644E+0
216.000000000000030E+0	-37.380635498496609E+0	-10.067860316513656E+0
217.000000000000030E+0	-30.696060373820238E+0	-11.652102003506505E+0
218.000000000000030E+0	-94.128320293398389E+0	-39.600104776416622E+0
219.000000000000030E+0	-74.634801921809952E+0	-14.787867854781496E+0
220.000000000000030E+0	-44.517098757960767E+0	4.013966516541059E+0
221.000000000000030E+0	-29.949921013894738E+0	8.760071887640411E+0
222.000000000000030E+0	-61.971950766001996E+0	5.312179494694584E+0
223.000000000000030E+0	-62.657255162184569E+0	7.981718993592904E+0
224.000000000000030E+0	-18.680927359197558E+0	12.532211702462000E+0
225.000000000000030E+0	-33.773907208808907E+0	16.520654064117576E+0
226.000000000000030E+0	-13.596605538348427E+0	4.281990924125365E+0
227.000000000000030E+0	-20.151642365015743E+0	-10.262306378575225E+0
228.000000000000030E+0	-24.038585368574957E+0	-26.786803371453619E+0
229.000000000000030E+0	-9.365695422961112E+0	-13.322302258558725E+0
230.000000000000030E+0	-1.027424316190423E+0	-9.087545893143258E+0
231.000000000000030E+0	-393.644321108319870E-3	-16.239813530897969E+0
232.000000000000030E+0	-11.770832161983199E+0	-24.510488762300742E+0
233.000000000000030E+0	-24.559365762892263E+0	-25.393128335292335E+0
234.000000000000030E+0	-42.387838777647616E+0	-44.402090519646272E+0
235.000000000000030E+0	-26.216545693927554E+0	-24.873024400682773E+0
236.000000000000030E+0	-37.718759028858983E+0	-26.305017705932578E+0
237.000000000000030E+0	-60.144167784658371E+0	-24.077924244628072E+0
238.000000000000030E+0	-77.290301346209688E+0	-32.490816448932506E+0
239.000000000000030E+0	-23.974467519057036E+0	-16.023779186557572E+0
240.000000000000030E+0	-13.288483325438287E+0	599.274004172555160E-3
241.000000000000030E+0	-56.560924665010361E+0	-15.727169203118208E+0
242.000000000000030E+0	-36.705554927177573E+0	-12.314377034221971E+0
243.000000000000030E+0	-16.704076759940840E+0	-13.959848647482413E+0
244.000000000000030E+0	-20.259933349943832E+0	-21.263054840008088E+0
245.000000000000030E+0	-6.867290995881905E+0	-6.603264939340693E+0
246.000000000000030E+0	-14.573168242252512E+0	-15.783378760533484E+0
247.000000000000030E+0	-17.616582617830154E+0	-11.056831397501146E+0
248.000000000000030E+0	-17.941332360664365E+0	1.585014141334776E+0
249.000000000000030E+0	-19.850606758159291E+0	-2.226618177659419E+0
250.000000000000030E+0	-29.530387641342326E+0	-32.160954271032054E+0
251.000000000000030E+0	-30.920006119490914E+0	-44.199398145744034E+0
252.000000000000030E+0	-12.629724892545195E+0	-19.334779280824616E+0
253.000000000000030E+0	-11.187022552497101E+0	-19.874540883008247E+0
254.000000000000030E+0	-6.580963229966912E+0	-28.019856152672467E+0
255.000000000000030E+0	7.755223107845377E+0	-20.482672620495393E+0
256.000000000000060E+0	90.620608188369298E-3	4.632462501667987E+0
257.000000000000060E+0	-26.251176085496617E+0	1.719616714156115E+0
258.000000000000060E+0	-13.202674381488055E+0	5.301786979613028E+0
259.000000000000060E+0	-26.621495126638955E+0	-19.308987327763930E+0
260.000000000000060E+0	-54.971364743773869E+0	-37.862413084302410E+0
261.000000000000060E+0	-27.371239459070313E+0	-18.695212004909216E+0
262.000000000000060E+0	-15.260281128700417E+0	-27.024376518720111E+0
263.000000000000060E+0	-3.903080393612940E+0	-21.321130344534787E+0
264.000000000000060E+0	995.372025588406430E-3	-2.397179712668239E+0
265.000000000000060E+0	-15.198947555338744E+0	14.504749874851498E+0
266.000000000000060E+0	-38.125338729473455E+0	12.212479186771080E+0
267.000000000000060E+0	-33.011493857297864E+0	-1.934035221376309E+0
268.000000000000060E+0	-14.981563630026859E+0	7.070313943172769E+0
269.000000000000060E+0	-43.159593938352408E+0	-10.437267741465829E+0
270.000000000000060E+0	-59.766859222171107E+0	4.918969388575289E+0
271.000000000000060E+0	-27.530760353788356E+0	-9.510394276736667E+0
272.000000000000060E+0	22.851084791343027E+0	-10.095343936313087E+0
273.000000000000060E+0	23.023159188456589E+0	17.362561859246384E+0
274.000000000000060E+0	13.586008010814584E+0	20.437355643762906E+0
275.000000000000060E+0	-8.649464366777469E+0	10.832551761065924E+0
276.000000000000060E+0	11.211593345151380E+0	-32.896492168197817E+0
277.000000000000060E+0	18.049117387772171E+0	-859.840333374436440E-3
278.000000000000060E+0	-16.216243443319161E+0	-28.482759928948059E+0
279.000000000000060E+0	-6.946360637558392E+0	-87.655710361086378E+0
280.000000000000060E+0	5.420656340762308E+0	-77.564967721435394E+0
281.000000000000060E+0	12.780577252578023E+0	-61.575510207392483E+0
282.000000000000060E+0	18.847108858793355E+0	-44.072380134389171E+0
283.000000000000060E+0	5.621569157554910E+0	-129.209644056499340E+0
284.000000000000060E+0	6.755712143672949E+0	-57.308142380804632E+0
285.000000000000060E+0	-18.431108514792470E+0	-64.653247947094968E+0
286.000000000000060E+0	-28.633473934647224E+0	-73.322040115283016E+0
287.000000000000060E+0	-19.961970426715599E+0	-13.667841268045526E+0
288.000000000000060E+0	-104.169463410725170E+0	-121.577038643894530E+0
289.000000000000060E+0	-96.768518557404107E+0	-92.431580498994748E+0
290.000000000000060E+0	-36.515451113769586E+0	-24.793921530671298E+0
291.000000000000060E+0	-58.611707348107437E+0	-33.679597634014790E+0
292.000000000000060E+0	-98.296464938559751E+0	-46.057006182461436E+0
293.000000000000060E+0	-80.318461241658241E+0	-29.556183889137735E+0
294.000000000000060E+0	-66.582934251740042E+0	-20.488109581785764E+0
295.000000000000060E+0	-58.940535391781282E+0	-11.042272477445588E+0
296.000000000000060E+0	-39.318120333797580E+0	648.624124626510200E-3
297.000000000000060E+0	-46.418896172688207E+0	15.629643096011156E+0
298.000000000000060E+0	-84.440323698689283E+0	28.571961218111870E+0
299.000000000000060E+0	-56.173911087877670E+0	23.757655424904474E+0
300.000000000000060E+0	-17.307828660584121E+0	5.811328816491745E+0
301.000000000000060E+0	-31.749701640795621E+0	24.199952208198955E+0
302.000000000000060E+0	-45.127499475849468E+0	42.209011861518377E+0
303.000000000000060E+0	-8.635989420667485E+0	7.948228190196708E+0
304.000000000000060E+0	-16.327290213488634E+0	11.925990989660209E+0
305.000000000000060E+0	-10.067111821046879E+0	243.408706808175000E-3
306.000000000000060E+0	-4.991192065862323E+0	-1.862232959638516E+0
307.000000000000060E+0	-17.075833755660518E+0	-9.258845884050114E+0
308.000000000000060E+0	-9.877363129201189E+0	-11.615331820746853E+0
309.000000000000060E+0	-5.845639528755141E+0	-4.339841218824969E+0
310.000000000000060E+0	-8.678710779619662E+0	-8.093418295785934E+0
311.000000000000060E+0	-18.667256643082286E+0	-23.212675513433851E+0
312.000000000000060E+0	-17.490531210778585E+0	-22.279196242378966E+0
313.000000000000060E+0	-6.478382360710983E+0	-8.548967749902172E+0
314.000000000000060E+0	-13.943546335227733E+0	-14.285329739368928E+0
315.000000000000060E+0	-13.089514056589769E+0	-13.945912096326058E+0
316.000000000000060E+0	-16.904875427573273E+0	-13.335736795359541E+0
317.000000000000060E+0	-28.617339091947521E+0	-29.734371135589470E+0
318.000000000000060E+0	-20.264799155541574E+0	-16.817273864139317E+0
319.000000000000060E+0	-6.395164287161829E+0	-7.504699098127946E+0
320.000000000000060E+0	-32.084176109027645E+0	-33.197905340895048E+0
321.000000000000060E+0	-39.941118289109838E+0	-39.772310016514801E+0
322.000000000000060E+0	-13.018806054149433E+0	-17.243257994301779E+0
323.000000000000060E+0	-22.420743380499637E+0	-18.767638334454208E+0
324.000000000000060E+0	-21.541484515140922E+0	-18.870730415966698E+0
325.000000000000060E+0	-37.510523276665438E+0	-36.752919559490166E+0
326.000000000000060E+0	-37.836837505452628E+0	-33.501405432396744E+0
327.000000000000060E+0	-37.238176179409564E+0	-27.566350347698659E+0
328.000000000000060E+0	-30.740198329493495E+0	-20.326895507211148E+0
329.000000000000060E+0	-25.987877262057005E+0	-16.142187204100459E+0
330.000000000000060E+0	-107.750984712636450E+0	-59.234046222675417E+0
331.000000000000060E+0	-63.042940134034858E+0	-19.042551292387230E+0
332.000000000000060E+0	-42.353263736303468E+0	-7.634159556159145E+0
333.000000000000060E+0	-74.688167219550138E+0	-23.218669725718403E+0
334.000000000000060E+0	-99.470843072950686E+0	-26.899428491179481E+0
335.000000000000060E+0	-75.228853830234158E+0	-12.222035074990158E+0
336.000000000000060E+0	-127.730784849375300E+0	489.649153506663210E-3
337.000000000000060E+0	-58.886716531946298E+0	9.293203228505039E+0
338.000000000000060E+0	-51.053598072066350E+0	34.760643402481932E+0
339.000000000000060E+0	-160.542825042241930E+0	124.759957097204690E+0
340.000000000000060E+0	-131.169686077375730E+0	146.664758556870310E+0
341.000000000000060E+0	-69.820025331573191E+0	105.187244606006660E+0
342.000000000000060E+0	-38.350080000577144E+0	62.079291005117604E+0
343.000000000000060E+0	-37.346109257508075E+0	93.019767720199027E+0
344.000000000000060E+0	-18.356962986875097E+0	94.214672648323187E+0
345.000000000000060E+0	15.026026952861674E+0	28.682268253555470E+0
346.000000000000060E+0	32.394927103341914E+0	40.797526172460564E+0
347.000000000000060E+0	23.525204995350311E+0	17.700566305633608E+0
348.000000000000060E+0	11.343893792389791E+0	45.214977852151506E+0
349.000000000000060E+0	21.721858375872024E+0	65.361952373748338E+0
350.000000000000060E+0	9.248946671689412E+0	29.898156604956387E+0
351.000000000000060E+0	-4.718252251527677E+0	17.536802255277347E+0
352.000000000000060E+0	-8.136784650539257E+0	16.049233051902430E+0
353.000000000000060E+0	1.719991698414364E+0	15.876887818050529E+0
354.000000000000060E+0	9.345743452984033E+0	12.396542535037538E+0
355.000000000000060E+0	12.415790599565053E+0	9.052842949954703E+0
356.000000000000060E+0	9.417919607724704E+0	652.701478740717820E-3
357.000000000000060E+0	26.332058519729856E+0	-90.871148932110929E-3
358.000000000000060E+0	43.257783747203547E+0	8.642944134174869E+0
359.000000000000060E+0	31.981259723644236E+0	9.540525333965189E+0
360.000000000000060E+0	20.117561188433246E+0	-4.384533840312322E+0
361.000000000000060E+0	13.128247643196124E+0	-282.926895794116510E-3
362.000000000000060E+0	60.222242594053952E+0	-12.955018120885834E+0
363.000000000000060E+0	39.214146785968758E+0	-8.439553562332879E+0
364.000000000000060E+0	24.835309575314650E+0	-11.666781373463390E+0
365.000000000000060E+0	32.836153033527459E+0	-20.589657001676017E+0
366.000000000000060E+0	19.176703185450577E+0	-18.358504503711050E+0
367.000000000000060E+0	55.028246510510357E+0	-58.183523263448571E+0
368.000000000000060E+0	87.736252197715984E+0	-94.123267741244106E+0
369.000000000000060E+0	52.031133199345035E+0	-39.519635008885544E+0
370.000000000000060E+0	37.087885955330982E+0	-25.016276765263846E+0
371.000000000000060E+0	35.018140592530031E+0	-54.080321591024429E+0
372.000000000000060E+0	37.638841427698345E+0	-129.102017577164990E+0
373.000000000000060E+0	-2.685577571773915E+0	-84.570781949287578E+0
374.000000000000060E+0	-22.891263041307788E+0	-61.829271133879487E+0
375.000000000000060E+0	-46.641449443672812E+0	-101.437454402872620E+0
376.000000000000060E+0	-40.393656154697737E+0	-139.953789346664930E+0
377.000000000000060E+0	-26.710028092722418E+0	-153.201956439302250E+0
378.000000000000060E+0	-26.266526474196063E+0	-157.223266905107550E+0
379.000000000000060E+0	8.743231055928554E+0	-61.223653662214076E+0
380.000000000000060E+0	-9.491884945987806E+0	-22.222871051731673E+0
381.000000000000060E+0	-57.417302083771197E+0	-85.452394345595920E+0
382.000000000000060E+0	-43.791564465296489E+0	-25.053889348398457E+0
383.000000000000060E+0	-63.555365504019598E+0	-51.384446157560035E+0
384.000000000000060E+0	-47.437254473994244E+0	-59.916506398504318E+0
385.000000000000060E+0	-39.894951478340197E+0	-113.918371721199990E+0
386.000000000000060E+0	-56.787834062459225E+0	-189.901970103945190E+0
387.000000000000060E+0	-7.240080360640062E+0	-110.512186262792330E+0
388.000000000000060E+0	-18.554501060676394E+0	-93.067725497905272E+0
389.000000000000060E+0	-9.697583119900486E+0	-30.287009506715503E+0
390.000000000000060E+0	-102.442711755434590E+0	-98.954186838798293E+0
391.000000000000060E+0	-191.311494886327270E+0	-163.771438240694150E+0
392.000000000000060E+0	-106.777678404911580E+0	-81.724534269687780E+0
393.000000000000060E+0	-61.522612644698498E+0	-74.177520120403074E+0
394.000000000000060E+0	-141.126983408833670E+0	-127.438147576077310E+0
395.000000000000060E+0	-111.402053240897200E+0	-95.415533390268607E+0
396.000000000000060E+0	-170.403942016769800E+0	-106.815857206125130E+0
397.000000000000060E+0	-116.847830630842100E+0	-45.766231998740928E+0
398.000000000000060E+0	-51.204940175797887E+0	-13.999065964431077E+0
399.000000000000060E+0	-149.558460387576420E+0	-36.089085493569627E+0
400.000000000000060E+0	-240.646672276840890E+0	-39.169693065687419E+0
401.000000000000060E+0	-165.635178151268490E+0	-31.976908540646299E+0
402.000000000000060E+0	-105.295777590852680E+0	-27.464857548972112E+0
403.000000000000060E+0	-61.805762006212504E+0	-17.468162840160289E+0
404.000000000000060E+0	-218.005325865301070E+0	-13.218936337382214E+0
405.000000000000060E+0	-117.285751124438970E+0	12.905625547288860E+0
406.000000000000060E+0	-136.591170922660860E+0	26.943834739838689E+0
407.000000000000060E+0	-126.903272235991180E+0	25.711339211469124E+0
408.000000000000060E+0	-61.638967236236695E+0	6.268251723395772E+0
409.000000000000060E+0	-254.156863954731930E+0	48.755422618652780E+0
410.000000000000060E+0	-198.129621377078480E+0	52.286612176023276E+0
411.000000000000060E+0	-68.269441367534384E+0	20.844472885304754E+0
412.000000000000060E+0	-71.849931092079970E+0	24.129344367600101E+0
413.000000000000060E+0	-132.956066918513840E+0	59.895096031427990E+0
414.000000000000060E+0	-149.939567780740670E+0	83.898683475585230E+0
415.000000000000060E+0	-137.220082291744120E+0	80.957348428799619E+0
416.000000000000060E+0	-68.708108808298206E+0	46.107309523811089E+0
417.000000000000060E+0	-65.959500254055555E+0	46.282457776685277E+0
418.000000000000060E+0	-126.505060241693090E+0	95.852992968427657E+0
419.000000000000060E+0	-130.323310222731240E+0	104.198349300221030E+0
420.000000000000060E+0	-99.300453704631806E+0	100.023554916792240E+0
421.000000000000060E+0	-17.841978110459415E+0	23.805833746162502E+0
422.000000000000060E+0	-77.441632340374184E+0	94.455260459924062E+0
423.000000000000060E+0	-114.002616831673820E+0	162.918676428506420E+0
424.000000000000060E+0	-51.728062901933107E+0	83.023989708633238E+0
425.000000000000060E+0	-62.296140096161061E+0	87.757894928156219E+0
426.000000000000060E+0	-26.901542373401195E+0	50.893642202321033E+0
427.000000000000060E+0	-29.306047679493695E+0	65.945844239690786E+0
428.000000000000060E+0	-70.626150086556706E+0	174.846766533163960E+0
429.000000000000060E+0	-26.830353816420210E+0	83.346581745478602E+0
430.000000000000060E+0	-21.647470230539430E+0	59.241765608473088E+0
431.000000000000060E+0	-16.096990629411106E+0	36.449338408720664E+0
432.000000000000060E+0	-36.483156694235816E+0	104.344671626395810E+0
433.000000000000060E+0	-31.611052894376645E+0	89.252240531879380E+0
434.000000000000060E+0	-18.422828308786244E+0	42.958950926242082E+0
435.000000000000060E+0	-22.728800221555684E+0	38.099333960529840E+0
436.000000000000060E+0	-54.859926314523385E+0	60.412343195538028E+0
437.000000000000060E+0	-81.479322533381875E+0	83.236477491658292E+0
438.000000000000060E+0	-144.524468427759900E+0	152.453990760798180E+0
439.000000000000060E+0	-96.864146624493671E+0	117.549385986427140E+0
440.000000000000060E+0	-20.333143680880067E+0	28.626206719055055E+0
441.000000000000060E+0	-129.079261291933020E+0	278.317231031726580E+0
442.000000000000060E+0	-76.015297173885358E+0	273.610073746144620E+0
443.000000000000060E+0	-12.774796329698217E+0	166.522051469736940E+0
444.000000000000060E+0	9.267682337723633E+0	174.130752358604180E+0
445.000000000000060E+0	12.377129090982489E+0	99.378163827823343E+0
446.000000000000060E+0	49.462467785846385E+0	227.389994420538700E+0
447.000000000000060E+0	86.297155860175323E+0	201.766104505666110E+0
448.000000000000060E+0	68.529393099444491E+0	128.350193165808780E+0
449.000000000000060E+0	50.403767412932197E+0	62.793484427653581E+0
450.000000000000060E+0	61.698888701686585E+0	62.986875475098223E+0
451.000000000000060E+0	226.047085246314220E+0	203.569995146813060E+0
452.000000000000060E+0	146.033448659513480E+0	93.869286550043370E+0
453.000000000000060E+0	57.699360933914022E+0	33.109722936254954E+0
454.000000000000060E+0	88.571880763050927E+0	42.831255503837966E+0
455.000000000000060E+0	107.104582167753960E+0	34.014909073958407E+0
456.000000000000060E+0	156.556682039395350E+0	20.206484835319731E+0
457.000000000000060E+0	156.349625541916030E+0	7.459880134391440E+0
458.000000000000060E+0	84.800798752340611E+0	-14.309146458529199E+0
459.000000000000060E+0	66.994702597000668E+0	787.973260594175830E-3
460.000000000000060E+0	238.018515405041030E+0	-33.501027255906976E+0
461.000000000000060E+0	139.312384420808430E+0	-41.216770233052635E+0
462.000000000000060E+0	99.260203438027105E+0	-52.348689288703994E+0
463.000000000000060E+0	44.432942468093671E+0	-34.283058923076005E+0
464.000000000000060E+0	106.860920000271040E+0	-112.363780064747250E+0
465.000000000000060E+0	155.363796396908380E+0	-203.285301997083050E+0
466.000000000000060E+0	93.696550850508018E+0	-146.307275240974120E+0
467.000000000000060E+0	80.147845372270268E+0	-186.460577979613700E+0
468.000000000000060E+0	29.644921527653764E+0	-87.447526653667850E+0
469.000000000000060E+0	-3.335751567747011E+0	-194.462510419416160E+0
470.000000000000060E+0	-144.891998427734510E+0	-413.651648563891850E+0
471.000000000000060E+0	-107.975378863239940E+0	-154.686673047513920E+0
472.000000000000060E+0	-60.749662018100722E+0	-71.338392441424602E+0
473.000000000000060E+0	-97.082707815760045E+0	-90.674214083902569E+0
474.000000000000060E+0	-129.005629165138600E+0	-114.739485774430090E+0
475.000000000000060E+0	-145.154348281737330E+0	-115.146405402439130E+0
476.000000000000060E+0	-112.978833304075760E+0	-92.539673777646101E+0
477.000000000000060E+0	-60.857825093355679E+0	-56.590732722632346E+0
478.000000000000060E+0	-66.382992419865090E+0	-34.090331643504996E+0
479.000000000000060E+0	-178.997314630873630E+0	-59.014619958380116E+0
480.000000000000060E+0	-123.442367994005890E+0	-20.937916046528226E+0
481.000000000000060E+0	-62.688927011955648E+0	3.842690918107619E+0
482.000000000000060E+0	-42.654099756307367E+0	-1.974161496270290E+0
483.000000000000060E+0	-139.728482196178310E+0	-2.681049182137869E+0
484.000000000000060E+0	-103.697801541566290E+0	7.299988721227902E+0
485.000000000000060E+0	-49.811111703149848E+0	882.427718670480310E-3
486.000000000000060E+0	-50.775995947556893E+0	7.741736284385361E+0
487.000000000000060E+0	-16.442115852415093E+0	5.251045897269426E+0
488.000000000000060E+0	-90.476279108606647E+0	19.320808535399777E+0
489.000000000000060E+0	-89.027384764152174E+0	18.130543897590570E+0
490.000000000000060E+0	-41.836249387001814E+0	6.217530349650163E+0
491.000000000000060E+0	-20.880612907599755E+0	3.942990972461337E+0
492.000000000000060E+0	-52.447795217184442E+0	9.034244940830161E+0
493.000000000000060E+0	-71.285745435693997E+0	13.875001343211192E+0
494.000000000000060E+0	-48.861691248590638E+0	11.180742414749725E+0
495.000000000000060E+0	-25.526677415818035E+0	8.704249600458235E+0
496.000000000000060E+0	-33.161703100301210E+0	8.938808870400404E+0
497.000000000000060E+0	-40.305264412189715E+0	8.403571834715915E+0
498.000000000000060E+0	-79.084948703182050E+0	15.618103814836195E+0
499.000000000000060E+0	-59.404114434139863E+0	6.603736248786278E+0
500.000000000000060E+0	-14.126746737849265E+0	-280.442006531248570E-3
501.000000000000060E+0	-25.514474774606068E+0	10.898315961863180E+0
502.000000000000060E+0	-78.158540403071953E+0	22.753685440771623E+0
503.000000000000060E+0	-40.277511482812145E+0	13.018395008443587E+0
504.000000000000060E+0	-30.189045545130181E+0	11.144522328012368E+0
505.000000000000060E+0	-33.911481896088361E+0	7.964093926069365E+0
506.000000000000060E+0	-24.974524862897177E+0	1.890049595139260E+0
507.000000000000060E+0	-64.738575827848152E+0	13.559695980307088E+0
508.000000000000060E+0	-36.991823958339978E+0	7.435387117729166E+0
509.000000000000060E+0	-26.845520804466929E+0	5.194602585540775E+0
510.000000000000060E+0	-8.775150496693190E+0	1.414960782566815E+0
511.000000000000060E+0	-45.596039956731573E+0	9.376560548354396E+0
512.000000000000110E+0	-51.915072631310203E+0	7.966191351295137E+0
513.000000000000110E+0	-17.816189463984330E+0	6.095720542927856E+0
514.000000000000110E+0	-21.614014038201546E+0	2.341629923326191E+0
515.000000000000110E+0	-23.012342171770367E+0	-6.686183634459253E+0
516.000000000000110E+0	-24.347758951376473E+0	-3.823471562689789E+0
517.000000000000110E+0	-58.933504019583871E+0	-13.944051740969794E+0
518.000000000000110E+0	-49.191052945177205E+0	-22.365909204124186E+0
519.000000000000110E+0	-10.978268901638966E+0	-7.564179485792576E+0
520.000000000000110E+0	-60.970998453373951E+0	-27.637313077287153E+0
521.000000000000110E+0	-99.090826913137818E+0	-27.690347071861744E+0
522.000000000000110E+0	-66.539557387132390E+0	-7.078046661444004E+0
523.000000000000110E+0	-32.430316026250061E+0	-3.275857470653669E+0
524.000000000000110E+0	-26.295084262988873E+0	-1.814940213476659E+0
525.000000000000110E+0	-64.256235840725623E+0	10.672099831700173E+0
526.000000000000110E+0	-84.025000262533325E+0	8.733003424746530E+0
527.000000000000110E+0	-55.639579875874666E+0	-4.516540310292248E+0
528.000000000000110E+0	-37.225029061614151E+0	5.189541487588856E+0
529.000000000000110E+0	-29.086077872009106E+0	1.266233194931358E+0
530.000000000000110E+0	-129.404556840820080E+0	-11.425196775118497E+0
531.000000000000110E+0	-93.384701662748753E+0	-3.809843126994620E+0
532.000000000000110E+0	-25.219798347719625E+0	1.256150102565037E+0
533.000000000000110E+0	-39.779271408064730E+0	2.675667435701255E+0
534.000000000000110E+0	-57.378373295913072E+0	4.282922848772793E+0
535.000000000000110E+0	-82.568157063598761E+0	10.475370552997669E+0
536.000000000000110E+0	-73.957268204585119E+0	22.215384036034560E+0
537.000000000000110E+0	-49.857618181124074E+0	13.812292021765518E+0
538.000000000000110E+0	-27.206917725748145E+0	6.092771188220703E+0
539.000000000000110E+0	-109.413912840706300E+0	6.526862672550865E+0
540.000000000000110E+0	-106.295154933920600E+0	3.623185199957111E+0
541.000000000000110E+0	-69.644904685891987E+0	6.068043975792127E+0
542.000000000000110E+0	-18.065510515560192E+0	-587.102411381430270E-3
543.000000000000110E+0	-62.563601203582209E+0	18.922798902326388E+0
544.000000000000110E+0	-110.316800881416310E+0	46.837268365080391E+0
545.000000000000110E+0	-78.098963174763298E+0	16.404556686978033E+0
546.000000000000110E+0	-70.696075059906647E+0	14.936586317876969E+0
547.000000000000110E+0	-32.776807565304011E+0	11.881458692143804E+0
548.000000000000110E+0	-47.144687276680180E+0	18.620807316423988E+0
549.000000000000110E+0	-172.455189962387490E+0	71.627653521477583E+0
550.000000000000110E+0	-100.247204442474550E+0	32.741551000172635E+0
551.000000000000110E+0	-31.005168456492022E+0	2.426310402931935E+0
552.000000000000110E+0	-43.003094058446280E+0	25.228818300808832E+0
553.000000000000110E+0	-102.547673160181600E+0	45.879319151770247E+0
554.000000000000110E+0	-128.823254601052980E+0	55.465972015672818E+0
555.000000000000110E+0	-49.076501593847595E+0	17.876395101037321E+0
556.000000000000110E+0	-47.830181941587448E+0	27.304404254430938E+0
557.000000000000110E+0	-46.009026995131208E+0	21.377243402896113E+0
558.000000000000110E+0	-112.504667360621350E+0	39.097749261917279E+0
559.000000000000110E+0	-128.650739670172300E+0	53.869364928092544E+0
560.000000000000110E+0	-56.234872218270439E+0	26.136320186328550E+0
561.000000000000110E+0	-18.271985356451381E+0	14.687740846158542E+0
562.000000000000110E+0	-153.928238357302290E+0	81.333641303749744E+0
563.000000000000110E+0	-136.837423857134410E+0	75.349763709715489E+0
564.000000000000110E+0	-81.807032292835259E+0	37.424975795417964E+0
565.000000000000110E+0	-83.129532485069532E+0	33.723137771487309E+0
566.000000000000110E+0	-30.332091527085531E+0	15.814906605443488E+0
567.000000000000110E+0	-130.641920860337390E+0	81.611696254375744E+0
568.000000000000110E+0	-155.011163838864950E+0	89.207341814250725E+0
569.000000000000110E+0	-109.854140617757000E+0	57.377201468928057E+0
570.000000000000110E+0	-35.756381539959314E+0	18.743666711971411E+0
571.000000000000110E+0	-73.138086715117666E+0	60.071404793479324E+0
572.000000000000110E+0	-191.740582578250130E+0	156.175943439859850E+0
573.000000000000110E+0	-139.376175084445630E+0	106.280732249199190E+0
574.000000000000110E+0	-45.684222824895585E+0	27.467934221914259E+0
575.000000000000110E+0	-68.311043915618057E+0	62.532784001279751E+0
576.000000000000110E+0	-58.436966040751734E+0	67.656611599196680E+0
577.000000000000110E+0	-170.436637548371040E+0	169.276360295477470E+0
578.000000000000110E+0	-160.538081805979400E+0	160.448985079092610E+0
579.000000000000110E+0	-46.624881586507293E+0	56.095959837696263E+0
580.000000000000110E+0	-51.461418233666009E+0	57.860428437985242E+0
581.000000000000110E+0	-165.744600205010780E+0	243.936753181457620E+0
582.000000000000110E+0	-110.048006719367890E+0	205.402826595216170E+0
583.000000000000110E+0	-57.702936143007413E+0	108.569224555771640E+0
584.000000000000110E+0	-40.452707372419141E+0	87.418445379209046E+0
585.000000000000110E+0	-61.454447552817498E+0	124.291037569053170E+0
586.000000000000110E+0	-92.912363404940962E+0	255.831068285913890E+0
587.000000000000110E+0	-62.792786094028919E+0	205.126207828971250E+0
588.000000000000110E+0	-37.576243978769781E+0	193.821906160547370E+0
589.000000000000110E+0	-4.205808252952186E+0	40.630146754245210E+0
590.000000000000110E+0	18.115102349506731E+0	241.941302655775330E+0
591.000000000000110E+0	72.858232957788601E+0	350.347654482560700E+0
592.000000000000110E+0	44.455783844219589E+0	124.109947710711620E+0
593.000000000000110E+0	18.498822748995362E+0	71.823006281961412E+0
594.000000000000110E+0	29.777885609859290E+0	90.366022388824518E+0
595.000000000000110E+0	38.959201053798047E+0	117.511311890664120E+0
596.000000000000110E+0	44.328672442682112E+0	136.767317548270970E+0
597.000000000000110E+0	41.908626951822391E+0	92.081183606298424E+0
598.000000000000110E+0	21.189273753035028E+0	31.013017286552440E+0
599.000000000000110E+0	39.353451519661078E+0	77.184278645638358E+0
600.000000000000110E+0	71.557246259068137E+0	155.415194393860190E+0
601.000000000000110E+0	56.753157422786806E+0	117.502858205962840E+0
602.000000000000110E+0	19.105349911236683E+0	15.955560042847633E+0
603.000000000000110E+0	32.556694582481512E+0	34.951110705556566E+0
604.000000000000110E+0	44.848812289421971E+0	58.676304006224242E+0
605.000000000000110E+0	45.227206878217132E+0	41.048769247627291E+0
606.000000000000110E+0	23.649339469276832E+0	33.398064234385053E+0
607.000000000000110E+0	17.346246276162919E+0	24.914622815840495E+0
608.000000000000110E+0	2.948005580574941E+0	11.820293224115989E+0
609.000000000000110E+0	-20.863016589884999E+0	60.483741417006556E+0
610.000000000000110E+0	-22.960846748483810E+0	42.585154441458400E+0
611.000000000000110E+0	-2.108291950435587E+0	15.717711447302296E+0
612.000000000000110E+0	270.036528944760430E-3	13.485019061392290E+0
613.000000000000110E+0	-10.227306316252386E+0	44.543651533185169E+0
614.000000000000110E+0	-34.815411165741708E+0	69.650533333704942E+0
615.000000000000110E+0	-29.228432581859998E+0	42.502187120344736E+0
616.000000000000110E+0	-22.931377367478113E+0	33.084456317900724E+0
617.000000000000110E+0	-15.569355155639963E+0	22.427770210954346E+0
618.000000000000110E+0	-40.534814562803810E+0	43.074228457450445E+0
619.000000000000110E+0	-91.406898377852329E+0	88.939834580105923E+0
620.000000000000110E+0	-77.852648412873833E+0	71.327155816506647E+0
621.000000000000110E+0	-7.899123041219859E+0	9.118225279135050E+0
622.000000000000110E+0	-42.552905052869846E+0	75.812686084730231E+0
623.000000000000110E+0	-103.632403522182090E+0	150.955189673444860E+0
624.000000000000110E+0	-83.719704952605099E+0	93.772029821892659E+0
625.000000000000110E+0	-74.795850163807501E+0	67.556547017251816E+0
626.000000000000110E+0	-34.859760008879419E+0	40.606959719909618E+0
627.000000000000110E+0	-28.327982514765960E+0	74.415266110243564E+0
628.000000000000110E+0	-136.327047423481100E+0	256.693696326606810E+0
629.000000000000110E+0	-105.524767146025010E+0	219.761118876556340E+0
630.000000000000110E+0	-42.478140188290141E+0	104.588123649418090E+0
631.000000000000110E+0	-11.049411223693596E+0	74.016624266930961E+0
632.000000000000110E+0	-51.041899851702688E+0	311.018933163707060E+0
633.000000000000110E+0	-18.270978541610923E+0	436.175325037423020E+0
634.000000000000110E+0	8.246946411802373E+0	124.533968117324590E+0
635.000000000000110E+0	41.478398033579083E+0	138.575599292531420E+0
636.000000000000110E+0	36.041141318013729E+0	65.999833378924990E+0
637.000000000000110E+0	109.991070577016940E+0	177.192972591205010E+0
638.000000000000110E+0	135.094328787780090E+0	245.096759006526640E+0
639.000000000000110E+0	70.259326625504144E+0	165.456080894614700E+0
640.000000000000110E+0	1.646348624456116E+0	19.980895593846640E+0
641.000000000000110E+0	81.887802025875743E+0	177.867226127724110E+0
642.000000000000110E+0	101.250440527097990E+0	261.444339631920230E+0
643.000000000000110E+0	62.446278526156298E+0	188.432367677130460E+0
644.000000000000110E+0	35.142035592810842E+0	126.690492509345630E+0
645.000000000000110E+0	36.388490940584390E+0	76.397821035376879E+0
646.000000000000110E+0	153.581506428428670E+0	230.589925572021630E+0
647.000000000000110E+0	198.126000443393990E+0	326.750739321872060E+0
648.000000000000110E+0	205.286653603132490E+0	299.304188021584020E+0
649.000000000000110E+0	88.444721877894182E+0	122.293944106474780E+0
650.000000000000110E+0	69.042651041302719E+0	32.528364171051599E+0
651.000000000000110E+0	615.658802376338030E+0	276.814009559826790E+0
652.000000000000110E+0	524.358733372857500E+0	163.067381868997560E+0
653.000000000000110E+0	131.265251285995990E+0	23.372695997590124E+0
654.000000000000110E+0	229.504502209781690E+0	15.012697721304715E+0
655.000000000000110E+0	208.027338855932700E+0	-23.723484966832522E+0
656.000000000000110E+0	396.621968739270530E+0	-94.601842900619303E+0
657.000000000000110E+0	393.187102648627500E+0	-158.482497100519230E+0
658.000000000000110E+0	160.559135864230570E+0	-86.982618141250811E+0
659.000000000000110E+0	55.609017329107452E+0	-37.216349447540963E+0
660.000000000000110E+0	281.957243208294470E+0	-281.461911647458290E+0
661.000000000000110E+0	315.271668792935430E+0	-433.675509447073010E+0
662.000000000000110E+0	141.780041890097040E+0	-256.524059957557650E+0
663.000000000000110E+0	43.747354856203010E+0	-85.253444248825033E+0
664.000000000000110E+0	-2.837088058233357E+0	-182.837004765345110E+0
665.000000000000110E+0	-97.957173068281520E+0	-440.289832155325830E+0
666.000000000000110E+0	-109.265417414133570E+0	-230.512477847528460E+0
667.000000000000110E+0	-216.279156026427760E+0	-305.514150294340310E+0
668.000000000000110E+0	-60.312701338265128E+0	-56.690111894161511E+0
669.000000000000110E+0	-139.210124301202430E+0	-105.162675082929670E+0
670.000000000000110E+0	-357.529855461236020E+0	-148.863538025835790E+0
671.000000000000110E+0	-162.660119636530030E+0	-43.729931282394332E+0
672.000000000000110E+0	-40.726728420649081E+0	-2.951440111196578E+0
673.000000000000110E+0	-80.604103607201864E+0	8.215907880258664E+0
674.000000000000110E+0	-123.114921047352680E+0	23.677395178262582E+0
675.000000000000110E+0	-192.647513481841060E+0	46.916642775228560E+0
676.000000000000110E+0	-100.037096755992110E+0	27.525912858583361E+0
677.000000000000110E+0	-57.266093534977735E+0	18.943205573302457E+0
678.000000000000110E+0	-28.265708820919816E+0	13.578813517698119E+0
679.000000000000110E+0	-80.307246565627196E+0	67.546241799691018E+0
680.000000000000110E+0	-87.313490506188970E+0	90.490599535470793E+0
681.000000000000110E+0	-22.600424877370138E+0	29.684906522534611E+0
682.000000000000110E+0	-14.203686434337389E+0	14.305245379865227E+0
683.000000000000110E+0	-69.973529778058307E+0	54.246075712928722E+0
684.000000000000110E+0	-73.870053127175780E+0	51.340767867375256E+0
685.000000000000110E+0	-47.296660181426574E+0	25.489732160681228E+0
686.000000000000110E+0	-55.469024173513880E+0	25.142353953536691E+0
687.000000000000110E+0	-5.897117735396928E+0	-44.549188268352510E-3
688.000000000000110E+0	-50.760705372125216E+0	54.953444721003642E+0
689.000000000000110E+0	-86.801095752113724E+0	80.395898362764470E+0
690.000000000000110E+0	-43.476305076093510E+0	42.485146208167158E+0
691.000000000000110E+0	-15.261627122721887E+0	19.613559608099855E+0
692.000000000000110E+0	-38.340983620016999E+0	38.126211093954240E+0
693.000000000000110E+0	-120.207790403092350E+0	115.199909291436820E+0
694.000000000000110E+0	-65.298638897694062E+0	62.005776917126980E+0
695.000000000000110E+0	-39.481543348680717E+0	36.153089948510669E+0
696.000000000000110E+0	-30.169869389856910E+0	34.739216001137095E+0
697.000000000000110E+0	-22.453129879245719E+0	41.427078031693114E+0
698.000000000000110E+0	-67.089061065148584E+0	148.166441110414130E+0
699.000000000000110E+0	-81.285259876452557E+0	201.669148047496380E+0
700.000000000000110E+0	-17.732486608653083E+0	42.890172778337316E+0
701.000000000000110E+0	-9.279272513491133E+0	49.130426035276244E+0
702.000000000000110E+0	-1.565795082159134E+0	180.868759359755190E+0
703.000000000000110E+0	32.398997045527125E+0	186.519467053135490E+0
704.000000000000110E+0	29.377353626608027E+0	99.247677491610517E+0
705.000000000000110E+0	31.152243097822456E+0	57.135121371238064E+0
706.000000000000110E+0	33.691851079131666E+0	42.015629807211383E+0
707.000000000000110E+0	88.836791523256778E+0	94.691242881852673E+0
708.000000000000110E+0	62.357516453470865E+0	56.195147137699983E+0
709.000000000000110E+0	38.131289804776188E+0	36.729454652668252E+0
710.000000000000110E+0	4.923992689540872E+0	4.373821763845727E+0
711.000000000000110E+0	34.099254235708678E+0	49.668416917130720E+0
712.000000000000110E+0	51.625215411484930E+0	91.288789788811613E+0
713.000000000000110E+0	12.396537941256094E+0	25.696347804875320E+0
714.000000000000110E+0	12.892662715153119E+0	23.673736118647078E+0
715.000000000000110E+0	7.038235029899965E+0	25.445592977299238E+0
716.000000000000110E+0	6.506494121485292E+0	34.596333589155371E+0
717.000000000000110E+0	16.231633186869850E+0	67.491008007379520E+0
718.000000000000110E+0	10.164145976251495E+0	41.172317788495278E+0
719.000000000000110E+0	5.566409858556637E+0	9.504098955770024E+0
720.000000000000110E+0	12.648787071983243E+0	23.054510416044298E+0
721.000000000000110E+0	41.588115018576786E+0	67.029254101090004E+0
722.000000000000110E+0	35.045530455565611E+0	65.821120887384367E+0
723.000000000000110E+0	11.704875618423745E+0	23.616168016122664E+0
724.000000000000110E+0	6.658793237935525E+0	23.636596159222261E+0
725.000000000000110E+0	18.293431800594462E+0	59.317551883997581E+0
726.000000000000110E+0	24.506302129391589E+0	51.827311998141432E+0
727.000000000000110E+0	36.970774196879290E+0	66.013483308534830E+0
728.000000000000110E+0	27.684819112023426E+0	30.259379973046425E+0
729.000000000000110E+0	2.868859957647847E+0	7.129518554340311E+0
730.000000000000110E+0	62.149893632469514E+0	52.966505808365909E+0
731.000000000000110E+0	69.388312831576428E+0	52.647670018506588E+0
732.000000000000110E+0	12.092988648934606E+0	8.916674225309356E+0
733.000000000000110E+0	13.602939406065127E+0	7.812616789706750E+0
734.000000000000110E+0	10.872380185840857E+0	5.498564641052802E+0
735.000000000000110E+0	33.556155641300286E+0	15.990453050799392E+0
736.000000000000110E+0	24.841857499552912E+0	7.367133132226920E+0
737.000000000000110E+0	23.575341231060143E+0	6.683474825683801E+0
738.000000000000110E+0	9.959893487745820E+0	6.783472459277003E+0
739.000000000000110E+0	7.945329470305841E+0	18.093748806095618E+0
740.000000000000110E+0	15.539056666082534E+0	37.356050686387881E+0
741.000000000000110E+0	6.665455360449712E+0	22.250003751347862E+0
742.000000000000110E+0	-630.543336657898410E-3	6.137702512707637E+0
743.000000000000110E+0	-6.359612066989488E+0	3.460331401524016E+0
744.000000000000110E+0	-6.755246810603145E+0	6.096678746819649E+0
745.000000000000110E+0	-2.688841524803168E+0	4.755585552488856E+0
746.000000000000110E+0	-2.950594858042095E+0	10.751476428809973E+0
747.000000000000110E+0	-2.719962691675685E+0	5.165699984789667E+0
748.000000000000110E+0	-2.706799976214636E+0	7.158685480262034E+0
749.000000000000110E+0	-18.386939770872011E+0	34.950996972238684E+0
750.000000000000110E+0	-19.188569904396090E+0	31.216941620524608E+0
751.000000000000110E+0	-9.213997555644770E+0	12.673849589836859E+0
752.000000000000110E+0	-4.650848035359326E+0	5.120754783789923E+0
753.000000000000110E+0	-23.275555501809837E+0	30.525740330308292E+0
754.000000000000110E+0	-39.696171011949986E+0	49.142893734487401E+0
755.000000000000110E+0	-19.725477861577847E+0	24.832914409494187E+0
756.000000000000110E+0	-21.737749535918279E+0	21.891668813295162E+0
757.000000000000110E+0	-11.926935240941784E+0	12.900390886821540E+0
758.000000000000110E+0	-32.752385813027864E+0	37.303677177242363E+0
759.000000000000110E+0	-78.253565013969549E+0	86.009758043105819E+0
760.000000000000110E+0	-26.950221170221663E+0	30.509665056467423E+0
761.000000000000110E+0	-3.885115002212304E+0	6.735883711810231E+0
762.000000000000110E+0	-38.329908213925812E+0	50.896395219095766E+0
763.000000000000110E+0	-59.393986400250640E+0	86.755403208272085E+0
764.000000000000110E+0	-24.548119021881838E+0	46.623203332718042E+0
765.000000000000110E+0	-21.342627036811830E+0	51.157309564306118E+0
766.000000000000110E+0	-9.338011574266636E+0	18.986428062456063E+0
767.000000000000110E+0	-35.427101304441109E+0	66.544029722695569E+0
768.000000000000110E+0	-38.057503596565851E+0	99.534123464733824E+0
769.000000000000110E+0	-39.528176002749142E+0	112.198466666382250E+0
770.000000000000110E+0	-12.351291509341490E+0	38.888037143163451E+0
771.000000000000110E+0	-7.420039332242529E+0	25.246537301932232E+0
772.000000000000110E+0	-46.916571920532434E+0	160.120478807707400E+0
773.000000000000110E+0	-43.038282061187310E+0	135.371030182495080E+0
774.000000000000110E+0	-13.868819048340677E+0	41.261067011053854E+0
775.000000000000110E+0	-18.253177485708186E+0	65.305956443672784E+0
776.000000000000110E+0	-13.332642802207568E+0	60.815234486056951E+0
777.000000000000110E+0	-67.972009389929937E+0	185.559860112022310E+0
778.000000000000110E+0	-77.255314563425287E+0	234.711557149196840E+0
779.000000000000110E+0	-8.589985356065400E+0	66.821496663002762E+0
780.000000000000110E+0	4.124666754470889E+0	40.442531538626881E+0
781.000000000000110E+0	-3.616178728376151E+0	248.002039645180820E+0
782.000000000000110E+0	36.972498649638950E+0	297.988173156412130E+0
783.000000000000110E+0	56.647577698997090E+0	145.114697852086860E+0
784.000000000000110E+0	38.997218726318465E+0	69.611945703868344E+0
785.000000000000110E+0	44.502020338946224E+0	115.210512551337980E+0
786.000000000000110E+0	110.991684659662770E+0	154.084030596908660E+0
787.000000000000110E+0	150.757953611803630E+0	107.706959994413860E+0
788.000000000000110E+0	189.402765602376630E+0	85.068802621895500E+0
789.000000000000110E+0	54.314949256430154E+0	23.622375425437163E+0
790.000000000000110E+0	89.889230494165048E+0	20.986154160344785E+0
791.000000000000110E+0	293.175471301390250E+0	35.457533225621873E+0
792.000000000000110E+0	114.744104096933230E+0	4.485291196721301E+0
793.000000000000110E+0	52.172614796274317E+0	13.361188136302365E+0
794.000000000000110E+0	35.988316871709380E+0	15.706142503353865E+0
795.000000000000110E+0	70.621209566164808E+0	19.345106520478179E+0
796.000000000000110E+0	89.594285121661500E+0	40.329390976250600E+0
797.000000000000110E+0	68.173221530106218E+0	52.907892716725179E+0
798.000000000000110E+0	15.991466960324377E+0	23.532701818490292E+0
799.000000000000110E+0	14.220828765477052E+0	9.746244446653943E+0
800.000000000000110E+0	74.873499165150562E+0	65.832508000278409E+0
801.000000000000110E+0	107.346137247876370E+0	114.439656353826340E+0
802.000000000000110E+0	28.273902421042170E+0	35.749998252342536E+0
803.000000000000110E+0	13.455022622631471E+0	18.525436458980469E+0
804.000000000000110E+0	52.942767728330146E+0	71.427934990661527E+0
805.000000000000110E+0	53.776636042434269E+0	85.005070502369179E+0
806.000000000000110E+0	49.787142009395865E+0	80.434446527615080E+0
807.000000000000110E+0	52.312205175149963E+0	81.909315377582530E+0
808.000000000000110E+0	5.240360994819286E+0	7.778529996462105E+0
809.000000000000110E+0	106.630853851773100E+0	108.632351711034890E+0
810.000000000000110E+0	205.134756821217340E+0	164.376679326938050E+0
811.000000000000110E+0	104.167576224873000E+0	67.501564478569691E+0
812.000000000000110E+0	38.444204380639839E+0	21.674501532518661E+0
813.000000000000110E+0	55.640788648732858E+0	18.424002920958848E+0
814.000000000000110E+0	214.110008467064350E+0	45.571492113646670E+0
815.000000000000110E+0	149.077274769672670E+0	9.546405053386707E+0
816.000000000000110E+0	96.230535107997440E+0	3.653717238449858E+0
817.000000000000110E+0	70.909554981996564E+0	-5.332463359522771E+0
818.000000000000110E+0	45.258433453674158E+0	4.403133655772893E+0
819.000000000000110E+0	179.645566627911250E+0	-15.257736559931960E+0
820.000000000000110E+0	158.389285485568390E+0	-29.328198959547091E+0
821.000000000000110E+0	32.221401003986031E+0	-10.884939761432726E+0
822.000000000000110E+0	39.776091443303088E+0	-6.308126775103252E+0
823.000000000000110E+0	119.954023094126300E+0	-30.071172583046369E+0
824.000000000000110E+0	72.934291389564933E+0	-23.833671005711313E+0
825.000000000000110E+0	67.467315800770052E+0	-26.798927063315070E+0
826.000000000000110E+0	25.358749685289190E+0	-10.532011172842244E+0
827.000000000000110E+0	21.593773117973424E+0	-6.806153506078383E+0
828.000000000000110E+0	61.077852304145118E+0	-27.112484313569571E+0
829.000000000000110E+0	61.920335166225151E+0	-37.691754011320235E+0
830.000000000000110E+0	32.384805209338836E+0	-22.458124815285519E+0
831.000000000000110E+0	4.325985789260578E+0	-2.989862557646791E+0
832.000000000000110E+0	36.011361829490866E+0	-14.955414646824192E+0
833.000000000000110E+0	64.002150206071974E+0	-27.731448453836986E+0
834.000000000000110E+0	16.194686479520190E+0	-6.944165917612493E+0
835.000000000000110E+0	15.751402867198687E+0	-3.633732641624922E+0
836.000000000000110E+0	6.292664501291240E+0	-1.300058309687184E+0
837.000000000000110E+0	14.193981845520502E+0	-7.798974777156556E+0
838.000000000000110E+0	43.459038090652612E+0	-10.692349063235710E+0
839.000000000000110E+0	21.891023499611947E+0	-2.514241017291483E+0
840.000000000000110E+0	3.583687479736734E+0	-280.733464315017060E-3
841.000000000000110E+0	11.698123570240231E+0	-1.335510810424998E+0
842.000000000000110E+0	30.926654544590189E+0	9.826945744306704E+0
843.000000000000110E+0	18.010773958358552E+0	14.256740702806898E+0
844.000000000000110E+0	3.708239881895997E+0	5.924240486376473E+0
845.000000000000110E+0	4.667158788156558E+0	2.397034619402614E+0
846.000000000000110E+0	12.305174909822149E+0	20.631961809203254E+0
847.000000000000110E+0	3.085754154559645E+0	32.075080928776885E+0
848.000000000000110E+0	-314.281124860585850E-3	42.763500954432793E+0
849.000000000000110E+0	-865.606220672415100E-3	21.699104554758037E+0
850.000000000000110E+0	4.434506950898323E+0	6.180887639726953E+0
851.000000000000110E+0	18.312916783624502E+0	108.457225174960560E+0
852.000000000000110E+0	10.407533191084672E+0	96.557499071626168E+0
853.000000000000110E+0	1.445920842424908E+0	26.308838836744577E+0
854.000000000000110E+0	21.090061146230482E+0	24.246404947235973E+0
855.000000000000110E+0	18.223941612688364E+0	29.143874940762743E+0
856.000000000000110E+0	41.229147162580723E+0	70.782820270429767E+0
857.000000000000110E+0	45.607042891147877E+0	70.632578427062725E+0
858.000000000000110E+0	22.190504636387203E+0	27.483134446641476E+0
859.000000000000110E+0	11.377193460766630E+0	13.168521615463295E+0
860.000000000000110E+0	16.288355036201835E+0	38.593694457916875E+0
861.000000000000110E+0	51.452971249382060E+0	137.234057539875520E+0
862.000000000000110E+0	20.253364839611784E+0	68.409745274525591E+0
863.000000000000110E+0	6.323848147251431E+0	10.328022073716156E+0
864.000000000000110E+0	17.686645609666336E+0	40.108387707212593E+0
865.000000000000110E+0	41.206928462515869E+0	91.221223678926805E+0
866.000000000000110E+0	42.287300087239245E+0	76.432975259406604E+0
867.000000000000110E+0	70.132641060612897E+0	138.109903983476900E+0
868.000000000000110E+0	22.846776363616449E+0	46.548202104388032E+0
869.000000000000110E+0	34.245802957872357E+0	40.410439579948346E+0
870.000000000000110E+0	212.017983655425040E+0	270.118714323783250E+0
871.000000000000110E+0	147.667468056466250E+0	179.871333123187240E+0
872.000000000000110E+0	67.922476003979085E+0	72.055102575286554E+0
873.000000000000110E+0	32.403467928525870E+0	14.018015237973893E+0
874.000000000000110E+0	180.555234325188480E+0	84.034154701072310E+0
875.000000000000110E+0	302.195573945199270E+0	120.190874121107870E+0
876.000000000000110E+0	178.565523979221270E+0	43.948607299992418E+0
877.000000000000110E+0	182.271719325872650E+0	29.646880823004260E+0
878.000000000000110E+0	54.890358838648545E+0	5.856729743434600E+0
879.000000000000110E+0	199.717057799445200E+0	-2.328389162583394E+0
880.000000000000110E+0	510.271612518599060E+0	-62.015412638230728E+0
881.000000000000110E+0	221.582508544715070E+0	-43.855997001038375E+0
882.000000000000110E+0	46.028648123737781E+0	-9.578476690375650E+0
883.000000000000110E+0	196.377189570157300E+0	-64.734205717131090E+0
884.000000000000110E+0	268.020743446259700E+0	-106.114199352319180E+0
885.000000000000110E+0	221.979600739405380E+0	-105.440151563046330E+0
886.000000000000110E+0	163.584697186417830E+0	-77.718728495228575E+0
887.000000000000110E+0	64.271118009203974E+0	-36.833965726071696E+0
888.000000000000110E+0	147.907175721455640E+0	-98.030883175645073E+0
889.000000000000110E+0	305.200646364238200E+0	-257.834831982269010E+0
890.000000000000110E+0	201.775987438399230E+0	-191.312804333014870E+0
891.000000000000110E+0	66.484279931935987E+0	-77.533477032074074E+0
892.000000000000110E+0	50.126898354414735E+0	-69.861039222913973E+0
893.000000000000110E+0	223.404420874813980E+0	-434.981805633784630E+0
894.000000000000110E+0	83.845284216313942E+0	-256.424052806784060E+0
895.000000000000110E+0	16.790263622096848E+0	-125.497706637593750E+0
896.000000000000110E+0	-14.370702303178566E+0	-141.929540274916690E+0
897.000000000000110E+0	-4.859846135094893E+0	-58.359777147078660E+0
898.000000000000110E+0	-114.323873611846890E+0	-211.145267027571210E+0
899.000000000000110E+0	-164.297072713165420E+0	-179.342940078714890E+0
900.000000000000110E+0	-48.383351325883424E+0	-37.054866564169856E+0
901.000000000000110E+0	-13.518548331852404E+0	-13.603320607071927E+0
902.000000000000110E+0	-71.676620097031360E+0	-49.053124685911847E+0
903.000000000000110E+0	-82.761230743352002E+0	-46.212274686915784E+0
904.000000000000110E+0	-37.929373667803894E+0	-15.074068177994949E+0
905.000000000000110E+0	-16.156384013879336E+0	-8.239194951166841E+0
906.000000000000110E+0	-10.240812456889389E+0	-13.647693168678071E+0
907.000000000000110E+0	-11.909889825319203E+0	-12.911869948896461E+0
908.000000000000110E+0	-21.822895507395465E+0	-13.422497300967930E+0
909.000000000000110E+0	-15.970805810140103E+0	-9.170885078740891E+0
910.000000000000110E+0	-1.251999270019966E+0	516.808311811577710E-3
911.000000000000110E+0	-14.892146675325538E+0	-7.875220842304609E+0
912.000000000000110E+0	-42.299601972138674E+0	-17.978840832745412E+0
913.000000000000110E+0	-20.161105071489295E+0	-5.622878767171946E+0
914.000000000000110E+0	-8.438314074671130E+0	-5.793406061243784E+0
915.000000000000110E+0	-8.314325585666309E+0	-5.633255591882230E+0
916.000000000000110E+0	-2.879678523684980E+0	-4.084418485040492E+0
917.000000000000110E+0	-12.761564881077209E+0	1.846668977547540E+0
918.000000000000110E+0	-11.192100816587082E+0	8.093290967898559E+0
919.000000000000110E+0	-7.273521136486641E+0	7.420624459382505E+0
920.000000000000110E+0	-2.705341015712362E+0	1.503035944458431E+0
921.000000000000110E+0	-19.771467473559504E+0	19.486894382051851E+0
922.000000000000110E+0	-21.799761928527005E+0	30.403234903557472E+0
923.000000000000110E+0	-7.733029856079743E+0	13.346127948398095E+0
924.000000000000110E+0	1.139320290875235E+0	5.915577584654126E+0
925.000000000000110E+0	2.464688506445735E+0	26.273592571727665E+0
926.000000000000110E+0	5.462401029741895E+0	35.818668570847777E+0
927.000000000000110E+0	16.522801471697772E+0	58.376531318231265E+0
928.000000000000110E+0	21.256981661607565E+0	57.039978312828950E+0
929.000000000000110E+0	966.592583595450750E-3	6.219702570660554E+0
930.000000000000110E+0	47.613065329642012E+0	36.666387051744415E+0
931.000000000000110E+0	102.314646747255470E+0	59.536553608886003E+0
932.000000000000110E+0	52.255728225427255E+0	25.209519841877910E+0
933.000000000000110E+0	23.004416979923640E+0	8.285222185654607E+0
934.000000000000110E+0	30.692074777684986E+0	12.159300074897759E+0
935.000000000000110E+0	73.437289445182429E+0	29.760601954620199E+0
936.000000000000110E+0	72.229477895273590E+0	31.624525881231740E+0
937.000000000000110E+0	41.811418733477680E+0	15.382230273160895E+0
938.000000000000110E+0	34.158846045647657E+0	9.004971082793345E+0
939.000000000000110E+0	16.694724072633591E+0	1.112582679796831E+0
940.000000000000110E+0	147.726211424085990E+0	-4.372894410291541E+0
941.000000000000110E+0	122.460265429628930E+0	-10.704596873207354E+0
942.000000000000110E+0	24.178534937167718E+0	494.171058877684480E-3
943.000000000000110E+0	31.358031143047327E+0	-665.498083824191180E-3
944.000000000000110E+0	74.000597676305489E+0	-14.779095182634729E+0
945.000000000000110E+0	57.853986620510305E+0	-12.318768667983228E+0
946.000000000000110E+0	53.069591120613587E+0	-15.993384591931544E+0
947.000000000000110E+0	28.224743940050011E+0	-11.033690839212493E+0
948.000000000000110E+0	19.652367968177202E+0	-7.689850417382156E+0
949.000000000000110E+0	78.887046829743554E+0	-26.520800169540365E+0
950.000000000000110E+0	87.227887209723860E+0	-28.062916912824619E+0
951.000000000000110E+0	45.476297404093877E+0	-16.015907962150017E+0
952.000000000000110E+0	7.359697001890801E+0	-1.797137601667374E+0
953.000000000000110E+0	53.115053542955806E+0	-20.916383641259163E+0
954.000000000000110E+0	78.760508224145838E+0	-33.887470319596993E+0
955.000000000000110E+0	30.818722275389469E+0	-13.515155317669951E+0
956.000000000000110E+0	31.560533313709090E+0	-14.124120558186016E+0
957.000000000000110E+0	17.499722411392188E+0	-8.211630600484584E+0
958.000000000000110E+0	35.843650183002239E+0	-16.734098269348408E+0
959.000000000000110E+0	95.773543185543104E+0	-44.828723368010415E+0
960.000000000000110E+0	35.694872343676977E+0	-18.198867120190837E+0
961.000000000000110E+0	4.987944073446171E+0	-2.361209225780292E+0
962.000000000000110E+0	29.093953378083732E+0	-15.609293625246655E+0
963.000000000000110E+0	55.067286014632302E+0	-30.383519972452586E+0
964.000000000000110E+0	50.354145134072823E+0	-27.657341635514211E+0
965.000000000000110E+0	17.412785658534624E+0	-8.452499824084118E+0
966.000000000000110E+0	14.096327103583217E+0	-7.976698283259483E+0
967.000000000000110E+0	20.869668055899030E+0	-13.512058550753972E+0
968.000000000000110E+0	42.630360962012702E+0	-27.230309638891629E+0
969.000000000000110E+0	47.634156897903424E+0	-29.621176746918206E+0
970.000000000000110E+0	17.181185984901312E+0	-10.480731241501378E+0
971.000000000000110E+0	6.301387876577716E+0	-5.348051185511208E+0
972.000000000000110E+0	73.072762418662677E+0	-58.339423645016026E+0
973.000000000000110E+0	46.294397193463702E+0	-35.881265514451123E+0
974.000000000000110E+0	11.107454636833147E+0	-8.978718989289458E+0
975.000000000000110E+0	9.781997142934546E+0	-10.008970784751936E+0
976.000000000000110E+0	6.231901857814981E+0	-7.301632637272297E+0
977.000000000000110E+0	28.089330071972711E+0	-31.305913293216065E+0
978.000000000000110E+0	35.261756230025391E+0	-42.901974607241328E+0
979.000000000000110E+0	12.031770240660673E+0	-16.142643256255017E+0
980.000000000000110E+0	2.177636435779270E+0	-1.718126293943245E+0
981.000000000000110E+0	10.524658781594750E+0	-18.323409570686163E+0
982.000000000000110E+0	22.274442805981266E+0	-45.591635708894309E+0
983.000000000000110E+0	9.372970328741623E+0	-21.594128981013746E+0
984.000000000000110E+0	351.898738231426030E-3	-1.171178793946535E+0
985.000000000000110E+0	4.768487709808746E+0	-9.467955932416942E+0
986.000000000000110E+0	6.569486455429542E+0	-12.311674170621332E+0
987.000000000000110E+0	10.166279375633131E+0	-17.930505949471332E+0
988.000000000000110E+0	14.428386390724665E+0	-21.604177060036015E+0
989.000000000000110E+0	3.024331570219601E+0	-3.716706286646451E+0
990.000000000000110E+0	1.810011034822398E+0	-5.207050084921709E+0
991.000000000000110E+0	14.871650526479906E+0	-24.566907330696299E+0
992.000000000000110E+0	6.126214768060388E+0	-9.468477099906771E+0
993.000000000000110E+0	287.518032993723190E-3	-2.218011104788557E+0
994.000000000000110E+0	1.072668740800600E+0	-1.700896728130733E+0
995.000000000000110E+0	6.764046060620544E+0	-6.320390931860659E+0
996.000000000000110E+0	12.472643042196735E+0	-12.296232534971642E+0
997.000000000000110E+0	5.552063543476647E+0	-4.189800616902564E+0
998.000000000000110E+0	5.651730315101409E+0	-3.731841058719988E+0
999.000000000000110E+0	514.914442334719720E-3	-248.636510547102090E-3
1.000000000000000E+3	11.110840674717888E+0	-11.607353176457163E+0
