Freq (Hz)	accelerometre (V^2 )	source
source
source(V^2 )
10.000000000000020E+0	436.053223475176780E-6	158.799351834473770E-3
11.000000000000021E+0	2.399517111313715E-3	337.434031548028870E-3
12.000000000000023E+0	364.648200535244090E-6	861.385585222097180E-3
13.000000000000025E+0	362.233197119071440E-6	912.866145570186300E-3
14.000000000000027E+0	3.727820499108017E-3	1.641937023892322E+0
15.000000000000028E+0	4.142037689586416E-3	2.383990995472649E+0
16.000000000000032E+0	8.126563513464668E-3	2.891137397667578E+0
17.000000000000036E+0	8.267765579806286E-3	4.287763388488307E+0
18.000000000000039E+0	9.671517713552012E-3	4.501692617612928E+0
19.000000000000043E+0	35.707104430222056E-3	4.324319804255268E+0
20.000000000000046E+0	28.342802158070578E-3	5.628175138995738E+0
21.000000000000050E+0	39.330341261833913E-3	7.113266212331813E+0
22.000000000000053E+0	39.921954638082797E-3	8.818828102715372E+0
23.000000000000057E+0	146.479477861318850E-3	10.582864498812961E+0
24.000000000000060E+0	222.376823283296610E-3	13.783330754623066E+0
25.000000000000064E+0	391.269113933425340E-3	20.926002815140436E+0
26.000000000000067E+0	702.077195332287740E-3	34.916158271985964E+0
27.000000000000071E+0	459.312774835972990E-3	32.265663523844111E+0
28.000000000000075E+0	412.131522098252320E-3	30.013986649481875E+0
29.000000000000078E+0	216.388489653851350E-3	16.916586107615082E+0
30.000000000000082E+0	46.016790089317326E-3	13.788051565532692E+0
31.000000000000085E+0	63.634021120699227E-3	21.563197466794243E+0
32.000000000000085E+0	192.091714197642180E-3	33.803532021635803E+0
33.000000000000085E+0	143.360461272522530E-3	30.715768287448590E+0
34.000000000000085E+0	393.630036131743910E-3	20.362486006272697E+0
35.000000000000085E+0	312.552935776411910E-3	15.577054749594003E+0
36.000000000000085E+0	200.966904167123510E-3	32.313557854803463E+0
37.000000000000085E+0	760.418094017497160E-3	55.369721443560252E+0
38.000000000000085E+0	1.021910301334847E+0	39.445334959315588E+0
39.000000000000085E+0	831.919319286103960E-3	17.893104850359567E+0
40.000000000000085E+0	1.862474102609500E+0	32.780371978807359E+0
41.000000000000085E+0	5.181431092742422E+0	72.911335303245352E+0
42.000000000000085E+0	3.545661815609152E+0	64.048239158011512E+0
43.000000000000085E+0	791.136401469122780E-3	28.344522832127375E+0
44.000000000000085E+0	349.512917069159990E-3	15.656321890024467E+0
45.000000000000085E+0	327.923306489258050E-3	41.812120919571640E+0
46.000000000000085E+0	430.385252550986310E-3	67.447605642236539E+0
47.000000000000085E+0	1.561092301481245E+0	61.754094427315792E+0
48.000000000000085E+0	1.448552213126048E+0	27.042255293481976E+0
49.000000000000085E+0	1.577673821994223E+0	23.543765704719192E+0
50.000000000000085E+0	4.814190578350129E+0	83.128928430603665E+0
51.000000000000085E+0	6.166663901782291E+0	110.068460224181560E+0
52.000000000000085E+0	3.131325189317840E+0	57.587919143144461E+0
53.000000000000085E+0	2.037613779001943E+0	28.647706904927539E+0
54.000000000000085E+0	4.724626763852924E+0	67.436615773542584E+0
55.000000000000085E+0	5.760911415451105E+0	87.676270760179619E+0
56.000000000000085E+0	6.237826630282825E+0	89.514157766764612E+0
57.000000000000085E+0	3.186805086265053E+0	56.780624926584878E+0
58.000000000000085E+0	808.119138034196440E-3	17.751720558333446E+0
59.000000000000085E+0	6.669572202860832E+0	96.332468166488070E+0
60.000000000000085E+0	14.575336924817410E+0	181.784477168618480E+0
61.000000000000085E+0	14.164264812766950E+0	113.975562240518980E+0
62.000000000000085E+0	10.217846892159528E+0	43.746169521623202E+0
63.000000000000085E+0	39.649120791693811E+0	135.719593755650810E+0
64.000000000000085E+0	62.855201846905892E+0	176.861990726952910E+0
65.000000000000085E+0	84.607051978993070E+0	212.850446125349350E+0
66.000000000000085E+0	70.481920952867568E+0	211.072391317780270E+0
67.000000000000085E+0	13.733738702547413E+0	71.002530110924084E+0
68.000000000000085E+0	28.571297666926021E+0	73.339481564344837E+0
69.000000000000085E+0	68.705514038355886E+0	237.152972667805390E+0
70.000000000000085E+0	49.793820025924347E+0	257.827498098266350E+0
71.000000000000085E+0	9.228223473312131E+0	98.463757205765830E+0
72.000000000000085E+0	8.607656165236930E+0	102.945557559205870E+0
73.000000000000085E+0	35.650069469409701E+0	266.173184955002510E+0
74.000000000000085E+0	38.354573172998293E+0	307.242879566178260E+0
75.000000000000085E+0	35.257425983700870E+0	297.220572020506840E+0
76.000000000000085E+0	30.386208092539924E+0	222.411600574132020E+0
77.000000000000085E+0	5.138531032706109E+0	115.089103057843060E+0
78.000000000000085E+0	46.600256369184521E+0	482.136443130809200E+0
79.000000000000085E+0	64.075971952833214E+0	508.214342779058200E+0
80.000000000000085E+0	17.112201385923392E+0	128.461490967546240E+0
81.000000000000085E+0	4.629278241023423E+0	67.354675108539496E+0
82.000000000000085E+0	12.954633430530265E+0	160.921299488737560E+0
83.000000000000085E+0	23.926894973041879E+0	223.651760982071750E+0
84.000000000000085E+0	22.631708784446516E+0	138.138446339516040E+0
85.000000000000085E+0	8.915885294671011E+0	53.428458490180255E+0
86.000000000000085E+0	9.548996571903208E+0	37.663684385979245E+0
87.000000000000085E+0	4.881616752574527E+0	37.434162602356750E+0
88.000000000000085E+0	21.018021494227153E+0	201.116087851426100E+0
89.000000000000085E+0	25.964077376594037E+0	162.932402473859330E+0
90.000000000000085E+0	3.536386030473035E+0	6.051183894393725E+0
91.000000000000085E+0	15.597815723640405E+0	57.000245465831071E+0
92.000000000000085E+0	33.194750214926145E+0	95.945690155983783E+0
93.000000000000085E+0	26.160536607334471E+0	59.485989137036981E+0
94.000000000000085E+0	22.606083637814546E+0	50.697861661512526E+0
95.000000000000085E+0	12.755200935573972E+0	27.047134532535729E+0
96.000000000000085E+0	21.293342352376211E+0	27.117338609163703E+0
97.000000000000085E+0	68.187676202987092E+0	110.943810535516690E+0
98.000000000000085E+0	72.853973334872663E+0	110.948577886973070E+0
99.000000000000085E+0	34.834803348368283E+0	46.321478586610596E+0
100.000000000000090E+0	12.026851024757288E+0	9.961616882882018E+0
101.000000000000090E+0	81.249707103990573E+0	127.998319665143550E+0
102.000000000000090E+0	67.349490132524366E+0	171.803822361546650E+0
103.000000000000090E+0	8.252219290458083E+0	29.492060306148375E+0
104.000000000000090E+0	27.749608758593798E+0	63.997407165957291E+0
105.000000000000090E+0	4.988967247436352E+0	26.560480892627726E+0
106.000000000000090E+0	17.802977095423689E+0	69.299913178120704E+0
107.000000000000090E+0	30.050575260656519E+0	166.263975234599340E+0
108.000000000000090E+0	12.460319566510012E+0	87.534158424833905E+0
109.000000000000090E+0	900.501011038035370E-3	4.831918750645428E+0
110.000000000000090E+0	4.719875646867717E+0	72.061718990941145E+0
111.000000000000090E+0	11.762726310264220E+0	145.041815079978160E+0
112.000000000000090E+0	8.934946564499466E+0	84.847348027652757E+0
113.000000000000090E+0	6.392461380099283E+0	46.621378172837218E+0
114.000000000000090E+0	4.455188121967899E+0	26.311876437693883E+0
115.000000000000090E+0	13.213504037109706E+0	78.015126327567188E+0
116.000000000000090E+0	19.390692469164115E+0	106.354152839796800E+0
117.000000000000090E+0	25.419456641150980E+0	163.055987728553330E+0
118.000000000000090E+0	12.425629625606684E+0	93.798241979660389E+0
119.000000000000090E+0	510.732018118923210E-3	14.536822970546535E+0
120.000000000000090E+0	21.928949207953103E+0	289.055816789138420E+0
121.000000000000090E+0	21.228173780632293E+0	322.314499420689510E+0
122.000000000000090E+0	3.819256536360149E+0	63.134373038754987E+0
123.000000000000090E+0	16.770287825830302E+0	159.232890118053210E+0
124.000000000000090E+0	11.991642660943944E+0	92.422784621233148E+0
125.000000000000090E+0	25.735967587470839E+0	303.209451734378090E+0
126.000000000000090E+0	18.925837889233900E+0	350.933649384100420E+0
127.000000000000090E+0	11.474544563102882E+0	253.930684358915020E+0
128.000000000000090E+0	947.081272514860960E-3	59.653470418122467E+0
129.000000000000090E+0	19.391595244064860E+0	353.225910662003510E+0
130.000000000000090E+0	22.960816473768649E+0	622.769826278697790E+0
131.000000000000090E+0	8.643020190629803E+0	360.409227215421310E+0
132.000000000000090E+0	602.715199868151140E-3	78.723932394755394E+0
133.000000000000090E+0	8.750658834290927E+0	229.200422836063350E+0
134.000000000000090E+0	9.885821509231446E+0	215.389696801829730E+0
135.000000000000090E+0	14.628542412355833E+0	178.711527972658870E+0
136.000000000000090E+0	19.476722724524606E+0	260.464590204995260E+0
137.000000000000090E+0	9.753278099088160E+0	65.221088749143291E+0
138.000000000000090E+0	829.260945847641650E-3	98.457810293843025E+0
139.000000000000090E+0	5.360684577036338E+0	356.381011554975770E+0
140.000000000000090E+0	1.771318708884034E+0	174.962002968593170E+0
141.000000000000090E+0	1.412347145950961E+0	75.532776937639610E+0
142.000000000000090E+0	8.406409520192584E+0	62.431232028966086E+0
143.000000000000090E+0	23.833458680486306E+0	112.153282444308870E+0
144.000000000000090E+0	25.829203810604053E+0	128.093437806427970E+0
145.000000000000090E+0	17.297941999665078E+0	79.731614128458972E+0
146.000000000000090E+0	14.378502717463970E+0	80.500989919450674E+0
147.000000000000090E+0	5.703555679477700E+0	28.326156275063163E+0
148.000000000000090E+0	2.226668880199132E+0	137.482612553943740E+0
149.000000000000090E+0	11.818558814008478E+0	227.730939191789640E+0
150.000000000000090E+0	3.872717698078068E+0	79.635209340669775E+0
151.000000000000090E+0	5.483876287598823E+0	33.591822061268402E+0
152.000000000000090E+0	45.789012170806458E+0	124.831859944095800E+0
153.000000000000090E+0	62.354065019763411E+0	115.379207990170740E+0
154.000000000000090E+0	45.630652850452421E+0	83.295244498127843E+0
155.000000000000090E+0	54.972103469518274E+0	102.811402664501270E+0
156.000000000000090E+0	12.855284814238516E+0	29.549915878281315E+0
157.000000000000090E+0	38.248481737882408E+0	130.888624407939230E+0
158.000000000000090E+0	63.712940361443543E+0	182.235985202592760E+0
159.000000000000090E+0	47.986292950970188E+0	121.538659387706320E+0
160.000000000000090E+0	20.870472742097895E+0	45.740253846247207E+0
161.000000000000090E+0	70.051465449101684E+0	73.379085211505668E+0
162.000000000000090E+0	237.099562527592070E+0	240.103665456670400E+0
163.000000000000090E+0	149.289497602722600E+0	109.411761427594880E+0
164.000000000000090E+0	81.052756976007004E+0	57.201175841338241E+0
165.000000000000090E+0	115.546669601678590E+0	86.573190935199008E+0
166.000000000000090E+0	26.665281085591136E+0	36.825080428897046E+0
167.000000000000090E+0	158.248667529274770E+0	230.637883363896970E+0
168.000000000000090E+0	240.576621632082610E+0	234.636477066920350E+0
169.000000000000090E+0	76.454484553210975E+0	57.233013397660990E+0
170.000000000000090E+0	126.973707313768460E+0	71.323285088236190E+0
171.000000000000090E+0	357.077625096051750E+0	211.801165663046360E+0
172.000000000000090E+0	384.958508137072840E+0	210.303118178620880E+0
173.000000000000090E+0	271.750173360589030E+0	116.278186486640220E+0
174.000000000000090E+0	165.669598957295280E+0	68.979858585123708E+0
175.000000000000090E+0	74.101943544679884E+0	72.860853188719076E+0
176.000000000000090E+0	114.169912981666430E+0	183.157112059301770E+0
177.000000000000090E+0	105.091023554558120E+0	151.211199029860180E+0
178.000000000000090E+0	103.443708800920010E+0	165.315981220235300E+0
179.000000000000090E+0	11.829576235385751E+0	21.561462897383699E+0
180.000000000000090E+0	121.012296780397380E+0	178.231889369157980E+0
181.000000000000090E+0	152.181534040079750E+0	314.462898850659940E+0
182.000000000000090E+0	47.762935987916961E+0	104.279831883650260E+0
183.000000000000090E+0	41.718297357927639E+0	105.605803297294340E+0
184.000000000000090E+0	41.398754337487269E+0	95.120815567611260E+0
185.000000000000090E+0	60.226646045253275E+0	163.854228282985470E+0
186.000000000000090E+0	127.957561128123640E+0	290.438388164333100E+0
187.000000000000090E+0	111.131772405236030E+0	227.018512577961760E+0
188.000000000000090E+0	34.803332582512169E+0	73.659872512204544E+0
189.000000000000090E+0	76.462700485166195E+0	118.882208339025510E+0
190.000000000000090E+0	193.426259644952380E+0	348.326609000114100E+0
191.000000000000090E+0	219.676539657395270E+0	395.849567236795680E+0
192.000000000000090E+0	88.104808211336092E+0	130.461611385941410E+0
193.000000000000090E+0	62.131913006108604E+0	119.780149973882800E+0
194.000000000000090E+0	147.341881157028010E+0	254.322692166343300E+0
195.000000000000090E+0	156.640993238336340E+0	242.805247259017680E+0
196.000000000000090E+0	180.839496005150240E+0	284.385902449335280E+0
197.000000000000090E+0	142.183879602955670E+0	203.878522011751040E+0
198.000000000000090E+0	37.024467005905727E+0	38.390013030209587E+0
199.000000000000090E+0	198.393772326758320E+0	369.501677196250280E+0
200.000000000000090E+0	173.110765448686040E+0	354.257835533700360E+0
201.000000000000090E+0	72.786640116000484E+0	116.866943050512500E+0
202.000000000000090E+0	65.363111724534548E+0	114.414613739436870E+0
203.000000000000090E+0	41.223733409042147E+0	81.096052552125542E+0
204.000000000000090E+0	137.974844531112980E+0	257.753425115197100E+0
205.000000000000090E+0	108.535212371028510E+0	176.452899106153100E+0
206.000000000000090E+0	94.200563447171902E+0	169.585426399310310E+0
207.000000000000090E+0	46.250625226531227E+0	84.637959622175302E+0
208.000000000000090E+0	35.455216795266502E+0	97.258428300361118E+0
209.000000000000090E+0	88.672705468163230E+0	274.697790506476850E+0
210.000000000000080E+0	59.968128770764508E+0	201.352441434178960E+0
211.000000000000080E+0	14.301334551148154E+0	48.532995605688647E+0
212.000000000000080E+0	46.407430145518738E+0	140.846601609311080E+0
213.000000000000080E+0	39.523787876725073E+0	191.108605084255400E+0
214.000000000000080E+0	27.699391692683974E+0	126.297448476648990E+0
215.000000000000080E+0	35.225863588101546E+0	167.035676182883260E+0
216.000000000000080E+0	16.825089263267376E+0	90.425156440942459E+0
217.000000000000080E+0	17.111665980602449E+0	63.931426554803991E+0
218.000000000000080E+0	44.739799973627001E+0	233.717113825189700E+0
219.000000000000080E+0	30.348837275288066E+0	192.358097615166490E+0
220.000000000000080E+0	18.623396699760050E+0	108.241860861831650E+0
221.000000000000080E+0	14.685500975761741E+0	66.944563880682594E+0
222.000000000000080E+0	27.021861343153994E+0	144.096119285540770E+0
223.000000000000080E+0	18.467113091254667E+0	217.492185727225430E+0
224.000000000000080E+0	5.344842017420822E+0	96.272855645709200E+0
225.000000000000080E+0	8.617235943313695E+0	166.217317583503610E+0
226.000000000000080E+0	2.921810263741965E+0	71.348112204351537E+0
227.000000000000080E+0	4.452095376687999E+0	121.883034674706960E+0
228.000000000000080E+0	5.404234817879455E+0	253.974580205068060E+0
229.000000000000080E+0	2.160227284742922E+0	131.849414621831070E+0
230.000000000000080E+0	1.689693049414444E+0	52.830654018420091E+0
231.000000000000080E+0	2.210090270677254E+0	130.303032882857930E+0
232.000000000000080E+0	5.007917252716934E+0	163.627659907668940E+0
233.000000000000080E+0	11.336199280023688E+0	118.208910162576870E+0
234.000000000000080E+0	25.818111496495696E+0	150.628118502365230E+0
235.000000000000080E+0	17.431922822572062E+0	76.358778412503611E+0
236.000000000000080E+0	18.604647475287638E+0	115.499519610739780E+0
237.000000000000080E+0	27.317798308182876E+0	155.688764992880750E+0
238.000000000000080E+0	33.280551914980990E+0	212.967245932551210E+0
239.000000000000080E+0	8.895227998313528E+0	98.810900443202541E+0
240.000000000000080E+0	3.463654732838561E+0	61.957068080727438E+0
241.000000000000080E+0	15.274805470351442E+0	234.352385803139300E+0
242.000000000000080E+0	9.957616165681276E+0	155.923463512655470E+0
243.000000000000080E+0	5.843287089072404E+0	83.287879255119719E+0
244.000000000000080E+0	5.264640819772597E+0	168.128531072926880E+0
245.000000000000080E+0	1.630711287832411E+0	59.701255133800956E+0
246.000000000000080E+0	3.217626844438333E+0	164.933928248729840E+0
247.000000000000080E+0	2.546211097485128E+0	201.178844297550850E+0
248.000000000000080E+0	3.321355220166932E+0	113.685609759290540E+0
249.000000000000080E+0	7.474510661195542E+0	59.980562539703762E+0
250.000000000000080E+0	14.283481884043450E+0	141.475508815592040E+0
251.000000000000080E+0	13.642721203910710E+0	222.415199216456190E+0
252.000000000000080E+0	5.241306520685731E+0	105.223308987721150E+0
253.000000000000080E+0	5.467249288126411E+0	97.986955942028629E+0
254.000000000000080E+0	7.562470697154422E+0	114.574358125769050E+0
255.000000000000080E+0	4.459237197185089E+0	118.730751402822990E+0
256.000000000000110E+0	645.058277964760450E-3	138.799789548989250E+0
257.000000000000110E+0	3.844421535219438E+0	224.131880961361100E+0
258.000000000000110E+0	3.617937215857022E+0	73.456676002253488E+0
259.000000000000110E+0	11.173693755412712E+0	101.788475027277000E+0
260.000000000000110E+0	16.196588345847609E+0	279.857613512069290E+0
261.000000000000110E+0	10.344993079326134E+0	107.361656956112630E+0
262.000000000000110E+0	8.858497707740838E+0	111.750406181494850E+0
263.000000000000110E+0	4.497142254374893E+0	112.701467230920200E+0
264.000000000000110E+0	562.999871875980110E-3	119.884898574187450E+0
265.000000000000110E+0	4.069863085655396E+0	155.650203056644470E+0
266.000000000000110E+0	11.277476458705717E+0	157.878968399449230E+0
267.000000000000110E+0	7.135999323862544E+0	160.513868232465650E+0
268.000000000000110E+0	4.974765557503323E+0	56.013777344813334E+0
269.000000000000110E+0	11.844384720915141E+0	169.002997811141400E+0
270.000000000000110E+0	12.402781142026974E+0	299.469631985922320E+0
271.000000000000110E+0	11.322533281191516E+0	77.651741439260519E+0
272.000000000000110E+0	6.049907122477766E+0	123.005588575586710E+0
273.000000000000110E+0	6.633114467403050E+0	158.357121237969440E+0
274.000000000000110E+0	5.457649562192863E+0	138.042007373269630E+0
275.000000000000110E+0	1.831648812209897E+0	160.067581839737440E+0
276.000000000000110E+0	6.362860804482017E+0	215.719099603042710E+0
277.000000000000110E+0	6.057782128638345E+0	59.428836059312651E+0
278.000000000000110E+0	7.090871249420414E+0	169.485180664393200E+0
279.000000000000110E+0	30.888629541676408E+0	259.122953128424460E+0
280.000000000000110E+0	37.542811848326394E+0	167.262471352532000E+0
281.000000000000110E+0	38.130255779816665E+0	108.323731019552300E+0
282.000000000000110E+0	20.583968934139083E+0	116.442905265274700E+0
283.000000000000110E+0	56.062898443673099E+0	302.559900311777540E+0
284.000000000000110E+0	25.527962596336462E+0	133.043590840752700E+0
285.000000000000110E+0	23.880305752531978E+0	192.877422613819130E+0
286.000000000000110E+0	29.181741182068322E+0	216.777304033363260E+0
287.000000000000110E+0	10.598584645234038E+0	62.013447253401317E+0
288.000000000000110E+0	77.937935747603518E+0	333.832015100559710E+0
289.000000000000110E+0	61.239521044069555E+0	295.353241082407010E+0
290.000000000000110E+0	20.835365057430295E+0	94.665812100693898E+0
291.000000000000110E+0	33.225198036146899E+0	140.001559412866020E+0
292.000000000000110E+0	53.685884706303270E+0	222.007665956020390E+0
293.000000000000110E+0	41.140451726728898E+0	180.615221114442480E+0
294.000000000000110E+0	32.328373068414592E+0	154.307844323284140E+0
295.000000000000110E+0	23.643753973635107E+0	159.586591173727070E+0
296.000000000000110E+0	13.541821756712366E+0	119.063790818358830E+0
297.000000000000110E+0	16.730313420169804E+0	148.786563889873950E+0
298.000000000000110E+0	30.816992207549315E+0	269.713834876164700E+0
299.000000000000110E+0	19.526648368919936E+0	199.933415363657500E+0
300.000000000000110E+0	5.292511045312905E+0	67.594991714604603E+0
301.000000000000110E+0	10.000970041754076E+0	189.998273861335520E+0
302.000000000000110E+0	12.453078452382472E+0	341.387286622404420E+0
303.000000000000110E+0	1.730078264594394E+0	83.823899505322672E+0
304.000000000000110E+0	2.229767148367185E+0	207.336634095125650E+0
305.000000000000110E+0	922.397498168844980E-3	121.741902404668320E+0
306.000000000000110E+0	304.839190774752850E-3	110.008238576634170E+0
307.000000000000110E+0	1.626384827272879E+0	243.784900928408030E+0
308.000000000000110E+0	1.346826941086343E+0	181.347633799461560E+0
309.000000000000110E+0	578.919453735923910E-3	98.272837271232433E+0
310.000000000000110E+0	1.498614075607127E+0	96.631912025878833E+0
311.000000000000110E+0	3.792565906063038E+0	237.930061501837000E+0
312.000000000000110E+0	3.726661358224548E+0	218.365279991588120E+0
313.000000000000110E+0	1.329278786416219E+0	88.585957428477613E+0
314.000000000000110E+0	2.866867186589247E+0	140.407798026288300E+0
315.000000000000110E+0	2.583259759855959E+0	143.811019264236220E+0
316.000000000000110E+0	3.581607554956418E+0	130.558750059348430E+0
317.000000000000110E+0	6.862703418139975E+0	249.339618523776240E+0
318.000000000000110E+0	4.360584861899629E+0	160.158406116110430E+0
319.000000000000110E+0	2.142079463257839E+0	46.110876914156634E+0
320.000000000000110E+0	8.458386473606435E+0	253.725737546716660E+0
321.000000000000110E+0	11.855781075792990E+0	269.212403470415040E+0
322.000000000000110E+0	4.575038508691202E+0	102.741823506388270E+0
323.000000000000110E+0	6.236553998650312E+0	137.622673786547660E+0
324.000000000000110E+0	7.758469214323490E+0	106.048808364645580E+0
325.000000000000110E+0	13.760816813916808E+0	201.300833318383520E+0
326.000000000000110E+0	13.571276055234827E+0	189.288023727228510E+0
327.000000000000110E+0	12.883347672754081E+0	167.945007383105230E+0
328.000000000000110E+0	11.057358985368250E+0	124.263017635763620E+0
329.000000000000110E+0	9.963302168656039E+0	95.528485759713334E+0
330.000000000000110E+0	38.981206021825997E+0	389.522532620626520E+0
331.000000000000110E+0	21.247567273241785E+0	205.021639841915370E+0
332.000000000000110E+0	19.861548566664748E+0	93.958034149579731E+0
333.000000000000110E+0	37.694030166083408E+0	163.262419217824660E+0
334.000000000000110E+0	47.695523392470086E+0	223.933954554574400E+0
335.000000000000110E+0	33.586328700799967E+0	174.692126150132340E+0
336.000000000000110E+0	56.238105086791222E+0	292.156024557441640E+0
337.000000000000110E+0	24.467027062583476E+0	147.636975086465780E+0
338.000000000000110E+0	30.277892679236583E+0	127.948725677561430E+0
339.000000000000110E+0	104.337085240111970E+0	399.064530368880070E+0
340.000000000000110E+0	108.494934611693760E+0	360.155613944700350E+0
341.000000000000110E+0	72.777056143009290E+0	222.301226176737320E+0
342.000000000000110E+0	38.972849235491026E+0	140.901480275815260E+0
343.000000000000110E+0	41.013904610162527E+0	254.873365628318420E+0
344.000000000000110E+0	28.324802791582396E+0	342.401796398398180E+0
345.000000000000110E+0	7.825670300009156E+0	149.116444555768880E+0
346.000000000000110E+0	13.505098284295769E+0	208.889728957259340E+0
347.000000000000110E+0	9.329059667882708E+0	98.989817006711235E+0
348.000000000000110E+0	12.828406795472159E+0	178.004153799112660E+0
349.000000000000110E+0	12.669790135801481E+0	388.021706714713840E+0
350.000000000000110E+0	6.414360895638660E+0	159.744485143151280E+0
351.000000000000110E+0	4.064617347559126E+0	89.482783227723644E+0
352.000000000000110E+0	2.313352795805016E+0	158.208359381996190E+0
353.000000000000110E+0	1.349100642525916E+0	214.525022818111950E+0
354.000000000000110E+0	1.300615192101422E+0	205.295363243359760E+0
355.000000000000110E+0	1.643008903882934E+0	153.720337181023690E+0
356.000000000000110E+0	971.653221041950290E-3	110.928958695990700E+0
357.000000000000110E+0	4.839044047085402E+0	150.095739405976640E+0
358.000000000000110E+0	8.380073375107697E+0	236.464163690745550E+0
359.000000000000110E+0	5.018716388756935E+0	232.082562563931330E+0
360.000000000000110E+0	3.088020081815358E+0	146.064547782491500E+0
361.000000000000110E+0	2.748158105413752E+0	66.301065209311972E+0
362.000000000000110E+0	11.451995527167941E+0	336.803646623648030E+0
363.000000000000110E+0	8.254197140949703E+0	200.386328741351490E+0
364.000000000000110E+0	5.182269292617812E+0	153.040032034875590E+0
365.000000000000110E+0	9.342290596365935E+0	166.975953935525470E+0
366.000000000000110E+0	7.419823854910888E+0	102.895523638061350E+0
367.000000000000110E+0	30.087068002439288E+0	219.805612509311370E+0
368.000000000000110E+0	55.487721498808241E+0	302.750074197722200E+0
369.000000000000110E+0	35.630129117719221E+0	122.835564193804430E+0
370.000000000000110E+0	19.460274110873133E+0	109.604509015112430E+0
371.000000000000110E+0	26.089874072103203E+0	173.170334620950540E+0
372.000000000000110E+0	59.641836210235283E+0	326.493106416779600E+0
373.000000000000110E+0	38.553534579831506E+0	207.678305724717890E+0
374.000000000000110E+0	41.121935638873438E+0	117.653563522234280E+0
375.000000000000110E+0	80.733989555294244E+0	165.612544818029510E+0
376.000000000000110E+0	114.663340596994000E+0	192.240635584113420E+0
377.000000000000110E+0	104.232091601920190E+0	237.265208225564120E+0
378.000000000000110E+0	94.322319744315365E+0	275.454859881305540E+0
379.000000000000110E+0	38.386676218549297E+0	102.814471067538050E+0
380.000000000000110E+0	6.252979192582823E+0	160.647744606581200E+0
381.000000000000110E+0	30.591147113853093E+0	389.490672834721240E+0
382.000000000000110E+0	16.429115951096936E+0	174.182310370700260E+0
383.000000000000110E+0	44.586986972670715E+0	154.646795656603960E+0
384.000000000000110E+0	49.505038543182387E+0	120.453149335338520E+0
385.000000000000110E+0	77.438611651993312E+0	190.892226379417250E+0
386.000000000000110E+0	128.665194369544570E+0	309.554917656084510E+0
387.000000000000110E+0	68.088653433688705E+0	185.207360818598600E+0
388.000000000000110E+0	51.594159702097031E+0	181.307706733276750E+0
389.000000000000110E+0	13.552856950692924E+0	81.492154219164547E+0
390.000000000000110E+0	80.232807225396144E+0	258.653663834520100E+0
391.000000000000110E+0	178.865773502533700E+0	358.777220969113440E+0
392.000000000000110E+0	121.910934015606810E+0	150.095984441946510E+0
393.000000000000110E+0	95.381246066557040E+0	99.328982495170223E+0
394.000000000000110E+0	167.604364211387580E+0	218.487687144468420E+0
395.000000000000110E+0	125.694978020497770E+0	174.080526016049480E+0
396.000000000000110E+0	147.060083514916810E+0	278.865152465218330E+0
397.000000000000110E+0	91.368488720728834E+0	173.751358897184900E+0
398.000000000000110E+0	41.774394692060682E+0	68.587928389141695E+0
399.000000000000110E+0	117.967068742658430E+0	201.934439469895720E+0
400.000000000000110E+0	196.086076675089030E+0	304.842000232414020E+0
401.000000000000110E+0	147.245464117772800E+0	194.963829805086280E+0
402.000000000000110E+0	93.772802589474764E+0	127.886163114328980E+0
403.000000000000110E+0	47.514494672964233E+0	88.566218332594019E+0
404.000000000000110E+0	149.076742186470940E+0	322.834312220130530E+0
405.000000000000110E+0	78.437329691938942E+0	179.451284752208210E+0
406.000000000000110E+0	104.888065324547030E+0	185.642896285474530E+0
407.000000000000110E+0	101.516858019552160E+0	165.686186734885950E+0
408.000000000000110E+0	48.991905805029774E+0	78.773349967652777E+0
409.000000000000110E+0	185.072135069331180E+0	362.876962986516670E+0
410.000000000000110E+0	145.849056672293930E+0	288.850884073769860E+0
411.000000000000110E+0	50.267599091684453E+0	101.879401245644020E+0
412.000000000000110E+0	51.045794565202094E+0	113.188848816996740E+0
413.000000000000110E+0	95.679002201440156E+0	223.451466144144060E+0
414.000000000000110E+0	117.783861569275740E+0	251.466469253913090E+0
415.000000000000110E+0	113.074115216746120E+0	224.809454736638770E+0
416.000000000000110E+0	59.129255411241388E+0	116.254795321574830E+0
417.000000000000110E+0	56.755806399041603E+0	115.002495749207920E+0
418.000000000000110E+0	108.131849383990240E+0	234.226755389609650E+0
419.000000000000110E+0	106.810159433033770E+0	262.199079999284660E+0
420.000000000000110E+0	83.324040254159215E+0	239.885387536007160E+0
421.000000000000110E+0	19.476715518473711E+0	46.034882403625730E+0
422.000000000000110E+0	74.237764741929610E+0	201.725243184250470E+0
423.000000000000110E+0	116.655912566903230E+0	339.907999050005800E+0
424.000000000000110E+0	58.384067573950190E+0	164.213791383768300E+0
425.000000000000110E+0	58.252636136637264E+0	199.346318988427640E+0
426.000000000000110E+0	27.679493673343444E+0	120.826246870167250E+0
427.000000000000110E+0	37.921672592337096E+0	138.478115187305630E+0
428.000000000000110E+0	91.243452793679495E+0	392.232257836478820E+0
429.000000000000110E+0	41.812420772896147E+0	185.252430590465850E+0
430.000000000000110E+0	29.286798042909062E+0	136.776592762599900E+0
431.000000000000110E+0	15.577202065519609E+0	102.516722587686490E+0
432.000000000000110E+0	38.123739840146413E+0	322.052973977233080E+0
433.000000000000110E+0	30.105909195292973E+0	300.258706227765860E+0
434.000000000000110E+0	15.248247179296532E+0	148.462981162088600E+0
435.000000000000110E+0	16.263604534343450E+0	127.864698603264540E+0
436.000000000000110E+0	33.971213038026470E+0	203.864335628930120E+0
437.000000000000110E+0	53.923752817940318E+0	260.357158943284900E+0
438.000000000000110E+0	114.389510778915040E+0	391.972666112928380E+0
439.000000000000110E+0	97.856831609797751E+0	240.326955012828930E+0
440.000000000000110E+0	23.224149958912356E+0	55.432883004947335E+0
441.000000000000110E+0	223.055974181365570E+0	427.288905510794730E+0
442.000000000000110E+0	217.784067931128900E+0	374.115679773985110E+0
443.000000000000110E+0	134.935507455249960E+0	208.285152894005650E+0
444.000000000000110E+0	151.101469286995150E+0	201.654147160764100E+0
445.000000000000110E+0	94.817421599802913E+0	106.190385166506420E+0
446.000000000000110E+0	184.263474332618780E+0	294.602879258557950E+0
447.000000000000110E+0	168.239282477860830E+0	286.867354667157540E+0
448.000000000000110E+0	109.465063016107090E+0	194.044614496196090E+0
449.000000000000110E+0	56.335365723591153E+0	115.869253416307260E+0
450.000000000000110E+0	69.845171243430315E+0	112.004318177427510E+0
451.000000000000110E+0	214.509941032888210E+0	432.079877284510810E+0
452.000000000000110E+0	119.606260827502370E+0	252.365622280547170E+0
453.000000000000110E+0	47.330732064287339E+0	93.909713646340180E+0
454.000000000000110E+0	64.546227369992280E+0	150.499301019060650E+0
455.000000000000110E+0	65.834044734718901E+0	192.257720323940300E+0
456.000000000000110E+0	96.574440799838854E+0	258.671349943108790E+0
457.000000000000110E+0	97.834674269386255E+0	251.080091836382960E+0
458.000000000000110E+0	53.415067697329604E+0	138.928683292538690E+0
459.000000000000110E+0	52.822824502760511E+0	85.499259385210877E+0
460.000000000000110E+0	148.765086890513430E+0	389.155587020430000E+0
461.000000000000110E+0	86.993361216884921E+0	243.106468575073360E+0
462.000000000000110E+0	66.275122398082914E+0	190.487791171329230E+0
463.000000000000110E+0	35.308645438742047E+0	89.570214628961821E+0
464.000000000000110E+0	110.795498175746570E+0	217.700711955065490E+0
465.000000000000110E+0	207.022134231432570E+0	317.631064696895120E+0
466.000000000000110E+0	151.570116837056450E+0	200.803407090339450E+0
467.000000000000110E+0	178.826491200744750E+0	231.941449760549910E+0
468.000000000000110E+0	85.392469104479758E+0	100.416861683594080E+0
469.000000000000110E+0	151.963643899161100E+0	250.858668933164320E+0
470.000000000000110E+0	364.566659989311970E+0	530.211543674104860E+0
471.000000000000110E+0	160.831451801285790E+0	223.070333911611980E+0
472.000000000000110E+0	81.210512117562956E+0	109.542877290774340E+0
473.000000000000110E+0	87.548666043745271E+0	204.091665462802920E+0
474.000000000000110E+0	95.810201753928979E+0	313.504298000659960E+0
475.000000000000110E+0	100.360756015008060E+0	343.644646010811130E+0
476.000000000000110E+0	90.661122016641528E+0	236.122070565296610E+0
477.000000000000110E+0	47.771529052399202E+0	145.218229391695930E+0
478.000000000000110E+0	38.006127256614036E+0	147.259125057756650E+0
479.000000000000110E+0	97.401245645830272E+0	366.091807657518420E+0
480.000000000000110E+0	61.085335322461695E+0	257.759052351827110E+0
481.000000000000110E+0	29.623887603165304E+0	133.846678754163800E+0
482.000000000000110E+0	23.650285286520340E+0	77.365116083660865E+0
483.000000000000110E+0	57.565615800253042E+0	339.855084772063090E+0
484.000000000000110E+0	39.819667375534664E+0	271.836227352464620E+0
485.000000000000110E+0	15.822228563827286E+0	157.468213815497730E+0
486.000000000000110E+0	14.660369702439960E+0	180.262577727541270E+0
487.000000000000110E+0	5.087726751995387E+0	59.012185174707305E+0
488.000000000000110E+0	27.391790920130205E+0	313.126286013007870E+0
489.000000000000110E+0	26.009018558156036E+0	317.987036898078830E+0
490.000000000000110E+0	11.789350473847382E+0	152.135609225367290E+0
491.000000000000110E+0	5.568567695047951E+0	81.351930346642291E+0
492.000000000000110E+0	13.694087725546780E+0	207.330744353064200E+0
493.000000000000110E+0	17.968419637439474E+0	294.627195952350580E+0
494.000000000000110E+0	12.009538525942379E+0	210.750499831684460E+0
495.000000000000110E+0	6.309357779170624E+0	116.374750760044920E+0
496.000000000000110E+0	8.896421008300894E+0	133.078722730372110E+0
497.000000000000110E+0	9.746770852951796E+0	174.278118982767690E+0
498.000000000000110E+0	19.226675842337542E+0	338.296288090932880E+0
499.000000000000110E+0	14.132528866981289E+0	253.068723423306720E+0
500.000000000000110E+0	2.437372556427342E+0	82.726438496387928E+0
501.000000000000110E+0	6.085598210056406E+0	127.559801061601400E+0
502.000000000000110E+0	17.174369401937827E+0	387.476840703396480E+0
503.000000000000110E+0	8.459926230572012E+0	213.930536495639530E+0
504.000000000000110E+0	7.130895752113186E+0	146.304354018320080E+0
505.000000000000110E+0	7.801576706095584E+0	156.312861567850490E+0
506.000000000000110E+0	4.759345104664551E+0	132.271332239688580E+0
507.000000000000110E+0	11.824220340782420E+0	370.792590358460700E+0
508.000000000000110E+0	6.842781105819370E+0	209.110611321605800E+0
509.000000000000110E+0	4.707494171272225E+0	160.107622241653790E+0
510.000000000000110E+0	1.372199273393299E+0	58.886964334435106E+0
511.000000000000110E+0	7.064554664849005E+0	308.710093887613650E+0
512.000000000000110E+0	7.176029134658961E+0	386.793676070837420E+0
513.000000000000110E+0	2.515415499106192E+0	145.121000625689620E+0
514.000000000000110E+0	3.893115898499018E+0	126.790900601954060E+0
515.000000000000110E+0	3.656554035005348E+0	161.536076892363950E+0
516.000000000000110E+0	3.053384884729978E+0	200.405930634971840E+0
517.000000000000110E+0	11.763498063356803E+0	317.742522669691480E+0
518.000000000000110E+0	12.903749978533602E+0	231.238042883237910E+0
519.000000000000110E+0	3.522526169660646E+0	52.242033343959157E+0
520.000000000000110E+0	17.420996742045929E+0	262.699898616057570E+0
521.000000000000110E+0	28.864733677708720E+0	373.943742812913570E+0
522.000000000000110E+0	19.297044887971058E+0	237.458368964785360E+0
523.000000000000110E+0	9.876230637153812E+0	109.355152035153570E+0
524.000000000000110E+0	6.011571722246776E+0	118.903576298257720E+0
525.000000000000110E+0	16.278506126724796E+0	262.887554182320230E+0
526.000000000000110E+0	24.017957047971397E+0	298.722322373619480E+0
527.000000000000110E+0	14.816371421053393E+0	211.947323768963630E+0
528.000000000000110E+0	8.165034715161926E+0	176.286206230205830E+0
529.000000000000110E+0	10.617670500985460E+0	81.086805867118073E+0
530.000000000000110E+0	37.829250759764470E+0	447.456323017546030E+0
531.000000000000110E+0	26.422047713521714E+0	331.400654795848030E+0
532.000000000000110E+0	7.600893093479923E+0	84.222555724951377E+0
533.000000000000110E+0	11.846592621926263E+0	134.778034796512460E+0
534.000000000000110E+0	17.791558896915195E+0	186.631659802378640E+0
535.000000000000110E+0	23.025624916942014E+0	301.781967089754740E+0
536.000000000000110E+0	23.173054879773350E+0	258.514445494007870E+0
537.000000000000110E+0	17.100793154536298E+0	157.416347622289490E+0
538.000000000000110E+0	11.102889770512526E+0	70.533410912111975E+0
539.000000000000110E+0	38.525251858498663E+0	312.686853640844390E+0
540.000000000000110E+0	35.600689877513986E+0	319.777522819792750E+0
541.000000000000110E+0	22.584806860844633E+0	218.438214658543240E+0
542.000000000000110E+0	6.023863173254106E+0	55.358469244852870E+0
543.000000000000110E+0	18.419029917748382E+0	234.909350818327910E+0
544.000000000000110E+0	41.624089997401093E+0	346.545902789510020E+0
545.000000000000110E+0	32.065510716414550E+0	199.428139793353100E+0
546.000000000000110E+0	23.711630910600938E+0	221.633378445723880E+0
547.000000000000110E+0	11.963873684605712E+0	102.970068361167480E+0
548.000000000000110E+0	18.084100726194826E+0	143.392178729608840E+0
549.000000000000110E+0	71.805298481854976E+0	486.385058160566760E+0
550.000000000000110E+0	45.049277289280276E+0	247.551348375159340E+0
551.000000000000110E+0	10.679355347142369E+0	91.738377709723821E+0
552.000000000000110E+0	16.639496657088479E+0	150.426360085544220E+0
553.000000000000110E+0	44.207500459616817E+0	286.211081331598170E+0
554.000000000000110E+0	53.643203067685320E+0	367.404229721251280E+0
555.000000000000110E+0	19.206305971506005E+0	142.473872010238150E+0
556.000000000000110E+0	19.407418648635090E+0	156.508850079060550E+0
557.000000000000110E+0	22.276478373518774E+0	115.772162106278840E+0
558.000000000000110E+0	46.342234981015586E+0	306.944561918250310E+0
559.000000000000110E+0	50.982477526363716E+0	382.532128049117430E+0
560.000000000000110E+0	22.276009584383644E+0	173.504356173845510E+0
561.000000000000110E+0	10.270078529773766E+0	54.126426714758828E+0
562.000000000000110E+0	77.794120344793455E+0	390.171276508141430E+0
563.000000000000110E+0	72.121075569918133E+0	338.881093001469200E+0
564.000000000000110E+0	45.370309432311785E+0	178.817765974858280E+0
565.000000000000110E+0	42.409051563942668E+0	190.277170777653230E+0
566.000000000000110E+0	14.149905248455818E+0	83.378911187122910E+0
567.000000000000110E+0	75.420801206392056E+0	315.182355035214640E+0
568.000000000000110E+0	91.532256525004342E+0	350.055102961554380E+0
569.000000000000110E+0	62.535838187062737E+0	246.170459182911540E+0
570.000000000000110E+0	18.603136158582959E+0	88.303839430831459E+0
571.000000000000110E+0	46.378901274151509E+0	193.586711775541120E+0
572.000000000000110E+0	134.496194220898640E+0	455.289352132670780E+0
573.000000000000110E+0	100.718612277720720E+0	305.619507872288810E+0
574.000000000000110E+0	29.049988520362074E+0	98.615428715797378E+0
575.000000000000110E+0	46.718309962644341E+0	185.100090293553710E+0
576.000000000000110E+0	52.407130877136829E+0	152.966789965114230E+0
577.000000000000110E+0	151.412664320140490E+0	381.539030932003070E+0
578.000000000000110E+0	141.457585250162740E+0	364.784308756242520E+0
579.000000000000110E+0	45.389058019557211E+0	117.708484784141770E+0
580.000000000000110E+0	50.817024737467364E+0	118.555444536195320E+0
581.000000000000110E+0	186.170785976451750E+0	468.368152249905050E+0
582.000000000000110E+0	158.894923471847110E+0	342.595567576241760E+0
583.000000000000110E+0	89.217377923908245E+0	170.221595492027060E+0
584.000000000000110E+0	72.173486245991597E+0	129.225290269366870E+0
585.000000000000110E+0	101.725939053958750E+0	189.683039358231330E+0
586.000000000000110E+0	198.494919740831420E+0	374.752756982928470E+0
587.000000000000110E+0	160.694104032788000E+0	287.502216511834660E+0
588.000000000000110E+0	145.509428030633500E+0	269.033050730119440E+0
589.000000000000110E+0	29.286926498805496E+0	57.820280102023638E+0
590.000000000000110E+0	172.506724470857930E+0	342.414271329787820E+0
591.000000000000110E+0	245.592132818201800E+0	523.053165212399680E+0
592.000000000000110E+0	90.424960890214521E+0	192.838228978336930E+0
593.000000000000110E+0	49.505937034550676E+0	111.673561450154510E+0
594.000000000000110E+0	51.638417484340593E+0	176.483541181971870E+0
595.000000000000110E+0	63.659383133241782E+0	242.011091850499780E+0
596.000000000000110E+0	63.409990919900323E+0	327.980560744439120E+0
597.000000000000110E+0	40.442363677766799E+0	254.751428232140280E+0
598.000000000000110E+0	16.511967853449413E+0	86.867388781606337E+0
599.000000000000110E+0	41.120191486174129E+0	185.342285513129100E+0
600.000000000000110E+0	74.620139115638835E+0	395.447917994821750E+0
601.000000000000110E+0	46.124176334929643E+0	373.863817227597960E+0
602.000000000000110E+0	6.831946097047270E+0	93.141876666651825E+0
603.000000000000110E+0	18.445944921731535E+0	124.721311608248330E+0
604.000000000000110E+0	19.209153136031809E+0	286.290837411626740E+0
605.000000000000110E+0	13.265802726241784E+0	283.276614854018700E+0
606.000000000000110E+0	7.952543311307343E+0	211.995508146793160E+0
607.000000000000110E+0	4.499666386949782E+0	207.309382058795710E+0
608.000000000000110E+0	2.864794394038451E+0	53.140584139768336E+0
609.000000000000110E+0	8.654139101504523E+0	477.861310084804070E+0
610.000000000000110E+0	5.566943808428315E+0	427.367527541648090E+0
611.000000000000110E+0	1.627166753232069E+0	160.885371301830300E+0
612.000000000000110E+0	2.122814906662445E+0	88.488261150244696E+0
613.000000000000110E+0	9.797469784242880E+0	214.770545988426420E+0
614.000000000000110E+0	17.538915752962822E+0	346.383046726117580E+0
615.000000000000110E+0	11.289353352638381E+0	237.277329058282190E+0
616.000000000000110E+0	9.153902305882081E+0	178.870005812001860E+0
617.000000000000110E+0	7.359379472000998E+0	102.535043893143850E+0
618.000000000000110E+0	17.064920080823999E+0	206.265635083066630E+0
619.000000000000110E+0	37.276497394467512E+0	437.880495578970280E+0
620.000000000000110E+0	31.413189857978988E+0	356.033031808297100E+0
621.000000000000110E+0	2.612329395518718E+0	56.769337739308220E+0
622.000000000000110E+0	34.772049603690910E+0	217.937344191165320E+0
623.000000000000110E+0	83.358939130466538E+0	402.832520460921780E+0
624.000000000000110E+0	65.836411533737817E+0	240.551810161198600E+0
625.000000000000110E+0	48.152881983403937E+0	211.620880478431670E+0
626.000000000000110E+0	21.626901396191620E+0	133.188044701458580E+0
627.000000000000110E+0	48.025391633861801E+0	132.573736992406880E+0
628.000000000000110E+0	188.200951168418700E+0	449.837799623344840E+0
629.000000000000110E+0	166.194362512793390E+0	358.740781948000120E+0
630.000000000000110E+0	77.572563385994115E+0	165.109499624108200E+0
631.000000000000110E+0	59.952072850823711E+0	93.978776025751685E+0
632.000000000000110E+0	276.232645532608900E+0	360.605060788765970E+0
633.000000000000110E+0	384.973612172737150E+0	496.060226539501230E+0
634.000000000000110E+0	107.845955832864230E+0	145.044294711153900E+0
635.000000000000110E+0	114.941617921462170E+0	182.777951118883640E+0
636.000000000000110E+0	54.237190065141853E+0	104.736435425956640E+0
637.000000000000110E+0	152.280106313542490E+0	285.960492807425170E+0
638.000000000000110E+0	190.270561329712280E+0	412.762982177958120E+0
639.000000000000110E+0	117.091180143209430E+0	277.335417230864890E+0
640.000000000000110E+0	10.861791902885709E+0	37.602962392104445E+0
641.000000000000110E+0	115.582408656010810E+0	333.521989988732340E+0
642.000000000000110E+0	189.720200055648090E+0	417.526603620932580E+0
643.000000000000110E+0	148.884822812501680E+0	268.099834197704750E+0
644.000000000000110E+0	106.350692974991530E+0	164.514214282272320E+0
645.000000000000110E+0	61.199943545627697E+0	117.637020170914870E+0
646.000000000000110E+0	281.373254348388120E+0	274.402007430533840E+0
647.000000000000110E+0	448.738652992573070E+0	327.328535374414970E+0
648.000000000000110E+0	437.954551227570110E+0	302.650818047920670E+0
649.000000000000110E+0	185.923626303009740E+0	123.573091133447780E+0
650.000000000000110E+0	83.063792564222098E+0	70.919877441694055E+0
651.000000000000110E+0	900.230703405462240E+0	508.837724118499070E+0
652.000000000000110E+0	754.076680991576380E+0	402.138988749531050E+0
653.000000000000110E+0	195.618826194487700E+0	91.841605557904899E+0
654.000000000000110E+0	303.513278517613290E+0	174.921745286293060E+0
655.000000000000110E+0	278.360948846678070E+0	157.878960443735710E+0
656.000000000000110E+0	539.296278185791610E+0	309.128520319094380E+0
657.000000000000110E+0	554.161413702320370E+0	325.131732105163680E+0
658.000000000000110E+0	249.313445085218380E+0	134.380436597776880E+0
659.000000000000110E+0	89.070320073590054E+0	50.916607453591219E+0
660.000000000000110E+0	514.113940443096000E+0	309.115371716449940E+0
661.000000000000110E+0	734.259714280601880E+0	391.802903072482190E+0
662.000000000000110E+0	413.595386409279970E+0	207.912074895644620E+0
663.000000000000110E+0	119.251168893375090E+0	77.233031599743001E+0
664.000000000000110E+0	213.206542258636630E+0	157.697618883347790E+0
665.000000000000110E+0	569.227460941733060E+0	358.644620869757660E+0
666.000000000000110E+0	340.709075138302520E+0	191.771394246310050E+0
667.000000000000110E+0	455.769472778262180E+0	308.049358329330860E+0
668.000000000000110E+0	101.403916272971460E+0	67.781898727130127E+0
669.000000000000110E+0	156.147324641807700E+0	195.186753550089350E+0
670.000000000000110E+0	313.294778368402600E+0	479.142823343834270E+0
671.000000000000110E+0	122.493189300277410E+0	232.202364014504100E+0
672.000000000000110E+0	24.256426750065650E+0	69.814179909442814E+0
673.000000000000110E+0	51.059793982683736E+0	129.265155401154630E+0
674.000000000000110E+0	76.787006895175082E+0	205.270172994989310E+0
675.000000000000110E+0	115.954213953084310E+0	339.798040281004090E+0
676.000000000000110E+0	57.617637955949341E+0	187.732071431352640E+0
677.000000000000110E+0	27.489358904410864E+0	133.317208112965970E+0
678.000000000000110E+0	11.665104299970162E+0	85.309554730902917E+0
679.000000000000110E+0	33.844316303003040E+0	326.428038636623400E+0
680.000000000000110E+0	36.728618910021098E+0	431.441749496544960E+0
681.000000000000110E+0	10.037021003274941E+0	140.181522642983050E+0
682.000000000000110E+0	7.028122497246801E+0	58.826650582621610E+0
683.000000000000110E+0	27.168050407821095E+0	289.650666266414990E+0
684.000000000000110E+0	28.576493452864319E+0	284.011545727846230E+0
685.000000000000110E+0	17.616789405478890E+0	164.674324267887840E+0
686.000000000000110E+0	18.932511186089176E+0	196.623580130380700E+0
687.000000000000110E+0	1.115395374110482E+0	32.487854675977957E+0
688.000000000000110E+0	20.387736399665428E+0	275.184160675832290E+0
689.000000000000110E+0	34.766673390736443E+0	403.150387190891760E+0
690.000000000000110E+0	17.934982913374004E+0	206.652547414026540E+0
691.000000000000110E+0	7.608720062237379E+0	82.002051615512727E+0
692.000000000000110E+0	21.394659948432047E+0	137.302720167090480E+0
693.000000000000110E+0	62.618261576737176E+0	443.478064943976850E+0
694.000000000000110E+0	36.070885035860492E+0	225.432847895912800E+0
695.000000000000110E+0	20.418757431154571E+0	141.189760392220340E+0
696.000000000000110E+0	16.999019395968666E+0	125.320185977611940E+0
697.000000000000110E+0	19.421261633706457E+0	115.289067803764940E+0
698.000000000000110E+0	81.441752295236966E+0	326.396097842832600E+0
699.000000000000110E+0	122.315222116183160E+0	388.825654268263970E+0
700.000000000000110E+0	30.900301429479875E+0	70.881910333447109E+0
701.000000000000110E+0	25.957894810165339E+0	96.950816975141237E+0
702.000000000000110E+0	105.407488375388170E+0	311.659466712316880E+0
703.000000000000110E+0	119.995951805708800E+0	301.325728073855370E+0
704.000000000000110E+0	66.645931879361370E+0	162.678888950464200E+0
705.000000000000110E+0	34.587111128379355E+0	123.135383236754320E+0
706.000000000000110E+0	28.263330057229773E+0	103.338127159725630E+0
707.000000000000110E+0	51.323245462296256E+0	329.934082091947740E+0
708.000000000000110E+0	26.237876301953804E+0	270.399338646207980E+0
709.000000000000110E+0	13.379388228235024E+0	211.400853406057510E+0
710.000000000000110E+0	1.491717450148389E+0	30.174953543773757E+0
711.000000000000110E+0	13.489157652384147E+0	270.594096043463480E+0
712.000000000000110E+0	23.040715000068179E+0	479.036278538926010E+0
713.000000000000110E+0	6.202385382844094E+0	131.735893485836210E+0
714.000000000000110E+0	6.679726191514810E+0	109.721784512525000E+0
715.000000000000110E+0	7.369301434034007E+0	96.093655059609801E+0
716.000000000000110E+0	7.768206500358055E+0	161.072068489832330E+0
717.000000000000110E+0	14.118396946504806E+0	343.078230541870710E+0
718.000000000000110E+0	7.389188849718264E+0	245.059352843620620E+0
719.000000000000110E+0	1.870498673193500E+0	67.280914884748171E+0
720.000000000000110E+0	4.881371885982739E+0	143.835831713860640E+0
721.000000000000110E+0	16.427085110730957E+0	381.090880756726900E+0
722.000000000000110E+0	17.338231525789912E+0	323.151684970545090E+0
723.000000000000110E+0	6.817548148806027E+0	103.288567217116710E+0
724.000000000000110E+0	6.582028690923757E+0	92.699579628206109E+0
725.000000000000110E+0	15.433510618293434E+0	250.315678202870170E+0
726.000000000000110E+0	15.716794117777079E+0	210.386661876057270E+0
727.000000000000110E+0	20.937855316915595E+0	275.413546607858390E+0
728.000000000000110E+0	12.326675921128871E+0	138.391976512721900E+0
729.000000000000110E+0	2.221543860941455E+0	26.933492001895466E+0
730.000000000000110E+0	18.628993956691538E+0	360.287028710855450E+0
731.000000000000110E+0	18.335686656392831E+0	416.440266942798360E+0
732.000000000000110E+0	2.377605017093287E+0	96.781786697654780E+0
733.000000000000110E+0	2.385110142996052E+0	104.898579867772740E+0
734.000000000000110E+0	1.470188740761418E+0	102.995476025268390E+0
735.000000000000110E+0	4.225246666151550E+0	335.187057303175950E+0
736.000000000000110E+0	2.740108481824757E+0	251.376202143086320E+0
737.000000000000110E+0	3.285335448792505E+0	185.143636339254610E+0
738.000000000000110E+0	2.189381229000585E+0	67.505575380056484E+0
739.000000000000110E+0	2.166043596284703E+0	182.785866001380900E+0
740.000000000000110E+0	3.643472385833241E+0	452.491523279948180E+0
741.000000000000110E+0	1.971816475042101E+0	280.013927308145350E+0
742.000000000000110E+0	892.821434705181490E-3	45.902926785818344E+0
743.000000000000110E+0	394.645019034686740E-3	174.777202559832200E+0
744.000000000000110E+0	369.708573283128560E-3	281.904114404290910E+0
745.000000000000110E+0	227.847495397885790E-3	179.412925973169960E+0
746.000000000000110E+0	648.692293248481430E-3	215.052909570474500E+0
747.000000000000110E+0	435.605146139279310E-3	88.007188106170261E+0
748.000000000000110E+0	727.620544178493310E-3	86.347746319042585E+0
749.000000000000110E+0	4.046131701575572E+0	391.025666948775660E+0
750.000000000000110E+0	4.365982738405724E+0	309.706453831834210E+0
751.000000000000110E+0	2.102244072557858E+0	117.412431054535930E+0
752.000000000000110E+0	936.655755603503340E-3	52.229855994104184E+0
753.000000000000110E+0	5.831668233710458E+0	254.313169034375360E+0
754.000000000000110E+0	10.270391304074890E+0	389.884961786910030E+0
755.000000000000110E+0	6.074312628945173E+0	166.574065865005340E+0
756.000000000000110E+0	5.926366175734022E+0	161.905372428207020E+0
757.000000000000110E+0	3.556242858225700E+0	88.075685572204932E+0
758.000000000000110E+0	10.744292297217836E+0	230.505238699462240E+0
759.000000000000110E+0	26.779748674548141E+0	505.830576059285080E+0
760.000000000000110E+0	9.462153599043111E+0	175.922607675283270E+0
761.000000000000110E+0	2.109332371399652E+0	29.310338578971375E+0
762.000000000000110E+0	18.557710706985272E+0	219.383654579938960E+0
763.000000000000110E+0	31.333526214646668E+0	353.460553758909160E+0
764.000000000000110E+0	16.771337719581130E+0	166.387120434461620E+0
765.000000000000110E+0	20.710092269598544E+0	149.392205563477520E+0
766.000000000000110E+0	9.932736560529799E+0	45.892815569775621E+0
767.000000000000110E+0	29.353182516730016E+0	195.636352782286080E+0
768.000000000000110E+0	42.515598938465970E+0	269.174642330570920E+0
769.000000000000110E+0	47.427468990250226E+0	299.612569536559360E+0
770.000000000000110E+0	16.152928802386434E+0	103.741992319135110E+0
771.000000000000110E+0	9.452590927819257E+0	73.985394982642376E+0
772.000000000000110E+0	63.780506108518431E+0	438.321456866708440E+0
773.000000000000110E+0	57.441503381958945E+0	353.364193180974950E+0
774.000000000000110E+0	18.820628435898552E+0	101.706767365233400E+0
775.000000000000110E+0	31.211283148860012E+0	148.838701938853400E+0
776.000000000000110E+0	36.269051073920892E+0	107.980608860829900E+0
777.000000000000110E+0	120.473956676969960E+0	324.915398110168440E+0
778.000000000000110E+0	147.453875608385370E+0	414.811884906225430E+0
779.000000000000110E+0	38.463186389898603E+0	118.972327187346150E+0
780.000000000000110E+0	34.738644748145710E+0	48.426180446019906E+0
781.000000000000110E+0	209.497252963098670E+0	295.123238726914790E+0
782.000000000000110E+0	248.923356408949980E+0	363.527973196777400E+0
783.000000000000110E+0	133.114833138254650E+0	182.856639121945820E+0
784.000000000000110E+0	94.277272242689875E+0	68.081637521558477E+0
785.000000000000110E+0	133.983762504245530E+0	114.657956268242670E+0
786.000000000000110E+0	156.851802633653450E+0	230.905663462882960E+0
787.000000000000110E+0	145.715469856784440E+0	236.548511213777370E+0
788.000000000000110E+0	170.183904118858580E+0	254.672664267256180E+0
789.000000000000110E+0	50.034779662389425E+0	71.188789772622911E+0
790.000000000000110E+0	52.280250096515466E+0	164.439210468671940E+0
791.000000000000110E+0	155.306917107540700E+0	562.496980341760720E+0
792.000000000000110E+0	60.605574218407845E+0	218.107956222691710E+0
793.000000000000110E+0	27.741373237414457E+0	104.940368776257940E+0
794.000000000000110E+0	13.630402670749941E+0	113.869029652484760E+0
795.000000000000110E+0	22.953507464196853E+0	236.105012962471160E+0
796.000000000000110E+0	30.723466257813079E+0	318.182248709375190E+0
797.000000000000110E+0	25.970477658924988E+0	289.636685734105750E+0
798.000000000000110E+0	7.638360770671125E+0	108.318102000802510E+0
799.000000000000110E+0	3.569397574117128E+0	85.819265581486391E+0
800.000000000000110E+0	28.431290086151325E+0	350.630156760032260E+0
801.000000000000110E+0	48.326226887856102E+0	510.857965600530970E+0
802.000000000000110E+0	15.491435031984844E+0	135.098937289152840E+0
803.000000000000110E+0	7.371537599668526E+0	71.556984199882706E+0
804.000000000000110E+0	33.702022396319450E+0	235.575266066320180E+0
805.000000000000110E+0	42.443667411210349E+0	239.805613289221810E+0
806.000000000000110E+0	42.307672664065663E+0	213.135610329396000E+0
807.000000000000110E+0	47.169094033360416E+0	202.121302659121910E+0
808.000000000000110E+0	4.713495535766265E+0	19.348322390952969E+0
809.000000000000110E+0	87.545903230398878E+0	265.863452295300590E+0
810.000000000000110E+0	170.248706500105500E+0	407.651677787176030E+0
811.000000000000110E+0	87.021813419263168E+0	177.823460256863110E+0
812.000000000000110E+0	31.061212994619080E+0	63.042115502458806E+0
813.000000000000110E+0	38.454978953396939E+0	89.746843753199158E+0
814.000000000000110E+0	138.414154990911410E+0	347.179002678224150E+0
815.000000000000110E+0	91.310213655339822E+0	245.232474539208680E+0
816.000000000000110E+0	57.191558925711504E+0	162.817173520494980E+0
817.000000000000110E+0	41.904225533480442E+0	121.050738693994480E+0
818.000000000000110E+0	23.464119082950379E+0	88.550355132940112E+0
819.000000000000110E+0	80.054252669802651E+0	406.872426099816780E+0
820.000000000000110E+0	67.308347275444021E+0	386.498014254946160E+0
821.000000000000110E+0	14.095732251359172E+0	82.940163284683393E+0
822.000000000000110E+0	16.948064228082146E+0	96.795363287130868E+0
823.000000000000110E+0	44.722067265897827E+0	343.046818911618860E+0
824.000000000000110E+0	26.075150413615695E+0	226.446451667308570E+0
825.000000000000110E+0	23.955996434263419E+0	220.863316225852400E+0
826.000000000000110E+0	9.388308086081954E+0	81.401847163627551E+0
827.000000000000110E+0	6.640040457802433E+0	78.161237769314908E+0
828.000000000000110E+0	16.673031473723459E+0	268.476222686547430E+0
829.000000000000110E+0	16.870372137978155E+0	312.503608402736690E+0
830.000000000000110E+0	9.057548827815255E+0	172.742231056991870E+0
831.000000000000110E+0	1.573479779554129E+0	18.375275187317094E+0
832.000000000000110E+0	7.528816690978073E+0	203.261662420312350E+0
833.000000000000110E+0	11.636780216199103E+0	419.461193738517520E+0
834.000000000000110E+0	2.700301345922832E+0	116.038358769957770E+0
835.000000000000110E+0	2.095106429120558E+0	125.953269601370640E+0
836.000000000000110E+0	569.729254977835440E-3	75.403377863122785E+0
837.000000000000110E+0	2.003775287975077E+0	132.413484831472770E+0
838.000000000000110E+0	4.947334897637374E+0	408.265476360815850E+0
839.000000000000110E+0	2.063154204274220E+0	241.401360274770640E+0
840.000000000000110E+0	274.985148637739930E-3	54.558770794749947E+0
841.000000000000110E+0	1.196494374735020E+0	117.790171196944730E+0
842.000000000000110E+0	2.908194012968915E+0	365.561016030658210E+0
843.000000000000110E+0	1.778759044893673E+0	302.044547342614810E+0
844.000000000000110E+0	409.833785365864070E-3	127.918821634989430E+0
845.000000000000110E+0	350.999094178065800E-3	90.681607025608400E+0
846.000000000000110E+0	2.945617960957782E+0	203.015899927154750E+0
847.000000000000110E+0	4.300863004865332E+0	246.548666349798170E+0
848.000000000000110E+0	5.100133431949061E+0	362.316194424248240E+0
849.000000000000110E+0	2.646016759639213E+0	183.504082034036510E+0
850.000000000000110E+0	2.395917829941015E+0	25.445738300182661E+0
851.000000000000110E+0	27.191447756479221E+0	447.928388932568050E+0
852.000000000000110E+0	25.260174928100213E+0	376.241019038490210E+0
853.000000000000110E+0	5.595914421180639E+0	128.115122672520900E+0
854.000000000000110E+0	8.892820878020110E+0	119.053248898901330E+0
855.000000000000110E+0	12.146299393939801E+0	98.254109640938225E+0
856.000000000000110E+0	24.329298698429284E+0	277.023549768280300E+0
857.000000000000110E+0	23.937345548433104E+0	297.090703997322630E+0
858.000000000000110E+0	9.013530069974966E+0	140.508669008169900E+0
859.000000000000110E+0	5.912789121996154E+0	51.815246623488612E+0
860.000000000000110E+0	12.929001659407996E+0	137.489794393553920E+0
861.000000000000110E+0	46.412861407734091E+0	465.623329457174350E+0
862.000000000000110E+0	22.539273636158352E+0	227.623718610013610E+0
863.000000000000110E+0	4.065315648373580E+0	37.026932208614482E+0
864.000000000000110E+0	19.212708790445170E+0	100.667156374336200E+0
865.000000000000110E+0	46.764729337624516E+0	215.569142951234970E+0
866.000000000000110E+0	47.021730867712257E+0	163.451130879807010E+0
867.000000000000110E+0	93.024862342760031E+0	259.238114243388000E+0
868.000000000000110E+0	30.346439076276162E+0	90.020054054701163E+0
869.000000000000110E+0	43.674687252263901E+0	64.751196011608243E+0
870.000000000000110E+0	277.430025112915930E+0	426.484191188994540E+0
871.000000000000110E+0	195.812190914588480E+0	278.450167325197010E+0
872.000000000000110E+0	77.351753058202348E+0	128.453603885410250E+0
873.000000000000110E+0	28.630357202188804E+0	44.305933553158681E+0
874.000000000000110E+0	194.691183634261650E+0	204.584159730538430E+0
875.000000000000110E+0	314.404254434892490E+0	337.611152523183250E+0
876.000000000000110E+0	179.017848045611090E+0	190.272775164904430E+0
877.000000000000110E+0	186.449041689445750E+0	184.206622145503470E+0
878.000000000000110E+0	56.980511904884239E+0	54.636357752290927E+0
879.000000000000110E+0	184.235417730204800E+0	218.033965855517040E+0
880.000000000000110E+0	482.292415861729470E+0	549.451666534789750E+0
881.000000000000110E+0	212.700121037173350E+0	240.848226627273850E+0
882.000000000000110E+0	44.949284107922224E+0	49.600742861522896E+0
883.000000000000110E+0	186.569954858503370E+0	230.134760869703940E+0
884.000000000000110E+0	268.059089267932110E+0	311.057810711935300E+0
885.000000000000110E+0	230.165200145181470E+0	263.010645512419840E+0
886.000000000000110E+0	171.126153390331670E+0	191.910111297592950E+0
887.000000000000110E+0	68.040172972181750E+0	81.125177354301229E+0
888.000000000000110E+0	162.931138196413340E+0	193.917483489189690E+0
889.000000000000110E+0	376.429073041614340E+0	424.633572647657270E+0
890.000000000000110E+0	276.604999737599090E+0	279.939445507905700E+0
891.000000000000110E+0	104.829706856219060E+0	100.058473231304830E+0
892.000000000000110E+0	87.939471978327646E+0	84.607636583534983E+0
893.000000000000110E+0	519.719029374272850E+0	460.842897531177530E+0
894.000000000000110E+0	299.554884575644680E+0	243.528367426207350E+0
895.000000000000110E+0	135.576123051038170E+0	118.825611466923160E+0
896.000000000000110E+0	160.346460718573040E+0	127.695219486432780E+0
897.000000000000110E+0	56.607558983799322E+0	61.519745201526746E+0
898.000000000000110E+0	180.763447354843210E+0	319.913764362776820E+0
899.000000000000110E+0	166.879122322596170E+0	355.242844059345880E+0
900.000000000000110E+0	37.532464585019355E+0	99.516935651703946E+0
901.000000000000110E+0	10.374796273308286E+0	35.890629222661474E+0
902.000000000000110E+0	34.687759133881663E+0	218.378220160005870E+0
903.000000000000110E+0	31.052559006745906E+0	290.391552997091710E+0
904.000000000000110E+0	11.763410994629146E+0	142.399454241146860E+0
905.000000000000110E+0	5.887724199515406E+0	56.665019936770577E+0
906.000000000000110E+0	3.762877553699719E+0	78.202163552634161E+0
907.000000000000110E+0	2.278315084489069E+0	137.414357059348790E+0
908.000000000000110E+0	2.673751730733954E+0	248.513099819433650E+0
909.000000000000110E+0	1.621867916508742E+0	213.923447174899910E+0
910.000000000000110E+0	108.061469406770260E-3	33.697610752446458E+0
911.000000000000110E+0	2.389102323763098E+0	123.315485538734120E+0
912.000000000000110E+0	4.879351127609129E+0	440.389771551205170E+0
913.000000000000110E+0	2.466245994292613E+0	180.771263393069770E+0
914.000000000000110E+0	1.382446037089346E+0	76.970223140946757E+0
915.000000000000110E+0	1.114291329147750E+0	91.714127163974297E+0
916.000000000000110E+0	268.627840196495440E-3	100.515803162141990E+0
917.000000000000110E+0	559.732044532923360E-3	307.078089687758850E+0
918.000000000000110E+0	847.610374169232900E-3	228.644712026227270E+0
919.000000000000110E+0	868.932567035951560E-3	126.479872291390250E+0
920.000000000000110E+0	360.368218303928960E-3	28.000374376552070E+0
921.000000000000110E+0	2.445584969624293E+0	318.624454065920930E+0
922.000000000000110E+0	3.470262714497944E+0	407.210724388804120E+0
923.000000000000110E+0	1.515168714468912E+0	160.205571465053910E+0
924.000000000000110E+0	591.515335723067580E-3	63.522269358404344E+0
925.000000000000110E+0	3.881775624864827E+0	180.837178858612670E+0
926.000000000000110E+0	6.115336978044305E+0	216.508425866350390E+0
927.000000000000110E+0	11.843877573219627E+0	312.081146333982590E+0
928.000000000000110E+0	14.078405086506089E+0	263.872924643112130E+0
929.000000000000110E+0	1.238960239797896E+0	34.854094154089879E+0
930.000000000000110E+0	13.157781696210012E+0	277.063184894441010E+0
931.000000000000110E+0	28.866401557505647E+0	487.602954230566240E+0
932.000000000000110E+0	14.525944780794598E+0	233.309641387351120E+0
933.000000000000110E+0	6.237528679599117E+0	97.275135114669894E+0
934.000000000000110E+0	8.464396109192533E+0	129.648080669227480E+0
935.000000000000110E+0	18.852736186540376E+0	334.035439650228000E+0
936.000000000000110E+0	18.292057640140882E+0	341.074267757639180E+0
937.000000000000110E+0	9.406057200620769E+0	212.516985150912570E+0
938.000000000000110E+0	8.377545159545685E+0	150.103814402213940E+0
939.000000000000110E+0	3.506814880195471E+0	80.741627988770148E+0
940.000000000000110E+0	38.891930475490206E+0	562.068583462962920E+0
941.000000000000110E+0	35.305062036813652E+0	428.380765438462840E+0
942.000000000000110E+0	7.600726313842516E+0	77.358138637210686E+0
943.000000000000110E+0	7.176625345975883E+0	137.641061720387970E+0
944.000000000000110E+0	17.013705286385402E+0	335.268029669296540E+0
945.000000000000110E+0	13.200624113979398E+0	265.803741471669980E+0
946.000000000000110E+0	11.273555987249503E+0	273.935057893939190E+0
947.000000000000110E+0	6.280482348692635E+0	147.158052626973640E+0
948.000000000000110E+0	5.053491099048772E+0	88.844446169326517E+0
949.000000000000110E+0	18.696487808288605E+0	371.235601475650920E+0
950.000000000000110E+0	20.616172332654571E+0	408.046372572241120E+0
951.000000000000110E+0	10.546937228690366E+0	221.463078098645980E+0
952.000000000000110E+0	1.725848454078270E+0	33.840051251012071E+0
953.000000000000110E+0	11.848769743524695E+0	275.956616087995710E+0
954.000000000000110E+0	18.111428481574670E+0	406.902063717834950E+0
955.000000000000110E+0	7.282329136452499E+0	156.365418174010670E+0
956.000000000000110E+0	7.283759041333364E+0	165.176183048012150E+0
957.000000000000110E+0	4.045156203755832E+0	93.371408277027953E+0
958.000000000000110E+0	8.408030194254229E+0	186.899038904171850E+0
959.000000000000110E+0	21.399570554479965E+0	523.500585277663280E+0
960.000000000000110E+0	8.007923877219511E+0	201.256257474289750E+0
961.000000000000110E+0	1.159696054765337E+0	27.266552295106543E+0
962.000000000000110E+0	6.522970088401436E+0	168.198340401969350E+0
963.000000000000110E+0	12.767649795441056E+0	310.336897339678330E+0
964.000000000000110E+0	12.134660140748490E+0	272.446070941622570E+0
965.000000000000110E+0	4.091902610954259E+0	92.157128923255740E+0
966.000000000000110E+0	3.263461346049919E+0	81.055033927744489E+0
967.000000000000110E+0	5.210929351299197E+0	119.179607367792640E+0
968.000000000000110E+0	11.047481482899256E+0	232.276151412308590E+0
969.000000000000110E+0	12.191809955167141E+0	259.080165151287300E+0
970.000000000000110E+0	4.357888330892451E+0	93.715265970112910E+0
971.000000000000110E+0	1.784563816125670E+0	39.203447592071164E+0
972.000000000000110E+0	20.584410713426518E+0	426.026075460153440E+0
973.000000000000110E+0	13.127092417378202E+0	262.214062875647930E+0
974.000000000000110E+0	2.994245510303474E+0	69.199318748430755E+0
975.000000000000110E+0	2.955851295242808E+0	67.631412517481721E+0
976.000000000000110E+0	2.249640815994598E+0	41.412472163661377E+0
977.000000000000110E+0	9.537361968131083E+0	185.837843687308180E+0
978.000000000000110E+0	12.382407730422152E+0	249.703553375263110E+0
979.000000000000110E+0	4.625733957078982E+0	88.510040692601620E+0
980.000000000000110E+0	577.955909957513340E-3	14.078016589285955E+0
981.000000000000110E+0	3.599627767737734E+0	125.045433334149900E+0
982.000000000000110E+0	8.457020781524928E+0	305.630110546950450E+0
983.000000000000110E+0	3.644019906824249E+0	152.924294702780880E+0
984.000000000000110E+0	289.853407981457310E-3	5.388080490122327E+0
985.000000000000110E+0	1.679490179317816E+0	67.531671394607684E+0
986.000000000000110E+0	2.115706151788703E+0	92.518238740090410E+0
987.000000000000110E+0	2.977607515699746E+0	143.613445661165260E+0
988.000000000000110E+0	3.492620015536109E+0	194.530774456905190E+0
989.000000000000110E+0	680.195505268683110E-3	34.253770445728762E+0
990.000000000000110E+0	611.476427925699560E-3	50.126076492947874E+0
991.000000000000110E+0	2.918016530659963E+0	283.425243680453720E+0
992.000000000000110E+0	1.004469677308721E+0	127.858754607906580E+0
993.000000000000110E+0	201.706472198803610E-3	26.020261397808447E+0
994.000000000000110E+0	362.506314262785570E-3	11.497704399151536E+0
995.000000000000110E+0	1.083402244970376E+0	80.184259000193862E+0
996.000000000000110E+0	1.975375834801919E+0	156.458137389483480E+0
997.000000000000110E+0	791.007057302552160E-3	62.147467053891731E+0
998.000000000000110E+0	715.359660376018500E-3	65.074393973690832E+0
999.000000000000110E+0	117.396265489524680E-3	2.983529163665987E+0
1.000000000000000E+3	1.767665477504617E+0	146.877305682001010E+0
