Freq (Hz)	Coh_accelerometre /source
source
source
10.000000000000018E+0	989.895227067465130E-3
11.000000000000020E+0	996.965804563943240E-3
12.000000000000021E+0	993.666738689172210E-3
13.000000000000023E+0	981.121509718071770E-3
14.000000000000025E+0	999.172068855130770E-3
15.000000000000027E+0	998.706743213989670E-3
16.000000000000028E+0	998.741637418862790E-3
17.000000000000028E+0	996.403148453783190E-3
18.000000000000028E+0	999.443586037854550E-3
19.000000000000028E+0	999.781272638080360E-3
20.000000000000028E+0	999.203242986572700E-3
21.000000000000028E+0	999.726427343809340E-3
22.000000000000028E+0	999.892799550593070E-3
23.000000000000028E+0	999.584611361452820E-3
24.000000000000028E+0	999.850571220913480E-3
25.000000000000028E+0	999.924555885645550E-3
26.000000000000028E+0	999.979859396434190E-3
27.000000000000028E+0	999.959265755910760E-3
28.000000000000028E+0	999.980381113059760E-3
29.000000000000028E+0	999.878441743357050E-3
30.000000000000028E+0	999.002119064346440E-3
31.000000000000028E+0	999.825034553642020E-3
32.000000000000028E+0	999.980338859021040E-3
33.000000000000028E+0	999.940913048385950E-3
34.000000000000028E+0	999.939926215973940E-3
35.000000000000028E+0	998.769611738919760E-3
36.000000000000028E+0	999.757871418548770E-3
37.000000000000028E+0	999.928294366334120E-3
38.000000000000028E+0	999.699459747533050E-3
39.000000000000028E+0	999.838170905472220E-3
40.000000000000028E+0	999.738034353133240E-3
41.000000000000028E+0	999.788486579741060E-3
42.000000000000028E+0	997.794676199319050E-3
43.000000000000028E+0	999.501805560102150E-3
44.000000000000028E+0	999.674991506485870E-3
45.000000000000028E+0	999.755690763063140E-3
46.000000000000028E+0	999.713861705576860E-3
47.000000000000028E+0	998.788125406557810E-3
48.000000000000028E+0	997.734316763258740E-3
49.000000000000028E+0	998.320440768599270E-3
50.000000000000028E+0	999.463996581284490E-3
51.000000000000028E+0	999.753243374975400E-3
52.000000000000028E+0	999.783790644420130E-3
53.000000000000028E+0	999.447564073115630E-3
54.000000000000028E+0	999.891872678939750E-3
55.000000000000028E+0	999.846919654139630E-3
56.000000000000028E+0	999.835988913478360E-3
57.000000000000028E+0	999.821274521563550E-3
58.000000000000028E+0	999.432242879635610E-3
59.000000000000028E+0	999.849247240680470E-3
60.000000000000028E+0	999.565978841975180E-3
61.000000000000028E+0	999.661793897542840E-3
62.000000000000028E+0	998.230656282378950E-3
63.000000000000028E+0	999.858943394260180E-3
64.000000000000028E+0	999.874405147614830E-3
65.000000000000028E+0	999.984253197595320E-3
66.000000000000028E+0	999.957575878317680E-3
67.000000000000028E+0	999.956975227936810E-3
68.000000000000028E+0	999.847948778130430E-3
69.000000000000028E+0	999.969850060033030E-3
70.000000000000028E+0	999.973588547825030E-3
71.000000000000028E+0	999.939355336177500E-3
72.000000000000028E+0	999.869067268287390E-3
73.000000000000028E+0	999.920645758913820E-3
74.000000000000028E+0	999.928723748744640E-3
75.000000000000028E+0	999.930500297121270E-3
76.000000000000028E+0	999.934349017629230E-3
77.000000000000028E+0	999.902873378846090E-3
78.000000000000028E+0	999.921982309444180E-3
79.000000000000028E+0	999.958685730132690E-3
80.000000000000028E+0	999.940813513026660E-3
81.000000000000028E+0	999.922287432250420E-3
82.000000000000028E+0	999.896079661398480E-3
83.000000000000028E+0	999.937965022174250E-3
84.000000000000028E+0	999.942926054545600E-3
85.000000000000028E+0	999.854067397835440E-3
86.000000000000028E+0	999.906738270501580E-3
87.000000000000028E+0	999.892491825260190E-3
88.000000000000028E+0	999.942713878612330E-3
89.000000000000028E+0	999.948753605294450E-3
90.000000000000028E+0	998.713603108457140E-3
91.000000000000028E+0	999.561744211015290E-3
92.000000000000028E+0	999.882716874196610E-3
93.000000000000028E+0	999.740545966771980E-3
94.000000000000028E+0	999.699434271644090E-3
95.000000000000028E+0	999.763294098006460E-3
96.000000000000028E+0	993.602690240708910E-3
97.000000000000028E+0	998.685556630259930E-3
98.000000000000028E+0	999.345543987861790E-3
99.000000000000028E+0	998.577682797284650E-3
100.000000000000030E+0	995.711297268266460E-3
101.000000000000030E+0	999.771743619767390E-3
102.000000000000030E+0	999.852881955532240E-3
103.000000000000030E+0	999.833241335244650E-3
104.000000000000030E+0	999.828366425529860E-3
105.000000000000030E+0	999.565509323767530E-3
106.000000000000030E+0	999.776292767267870E-3
107.000000000000030E+0	999.890315861982740E-3
108.000000000000030E+0	999.864079823462480E-3
109.000000000000030E+0	998.423931570687650E-3
110.000000000000030E+0	999.573780219798150E-3
111.000000000000030E+0	999.823441094840890E-3
112.000000000000030E+0	999.653534428164400E-3
113.000000000000030E+0	999.727785540400980E-3
114.000000000000030E+0	999.639670893461280E-3
115.000000000000030E+0	999.322530804892750E-3
116.000000000000030E+0	999.286942951365220E-3
117.000000000000030E+0	999.810828132754130E-3
118.000000000000030E+0	999.719737124640570E-3
119.000000000000030E+0	998.661740495012550E-3
120.000000000000030E+0	999.886484218197920E-3
121.000000000000030E+0	999.922571269960310E-3
122.000000000000030E+0	999.691945867778320E-3
123.000000000000030E+0	999.806468852174720E-3
124.000000000000030E+0	999.582417262969590E-3
125.000000000000030E+0	999.893008665994510E-3
126.000000000000030E+0	999.910814424895490E-3
127.000000000000030E+0	999.850463431585680E-3
128.000000000000030E+0	999.138120291585770E-3
129.000000000000030E+0	999.785783562726180E-3
130.000000000000030E+0	999.867199035103680E-3
131.000000000000030E+0	999.840220533848240E-3
132.000000000000030E+0	998.787317788496830E-3
133.000000000000030E+0	999.094895357466320E-3
134.000000000000030E+0	999.486692065808090E-3
135.000000000000030E+0	999.480628109418290E-3
136.000000000000030E+0	999.594049987794330E-3
137.000000000000030E+0	999.119587264743810E-3
138.000000000000030E+0	999.802128245706130E-3
139.000000000000030E+0	999.896388693070070E-3
140.000000000000030E+0	999.770563774165070E-3
141.000000000000030E+0	999.767752325442020E-3
142.000000000000030E+0	999.633950266575980E-3
143.000000000000030E+0	999.600772640617640E-3
144.000000000000030E+0	999.609504556435160E-3
145.000000000000030E+0	999.548490438163520E-3
146.000000000000030E+0	999.539370322322650E-3
147.000000000000030E+0	998.788495175070070E-3
148.000000000000030E+0	999.834857156264080E-3
149.000000000000030E+0	999.862531762480300E-3
150.000000000000030E+0	999.300594545904250E-3
151.000000000000030E+0	998.659388550261260E-3
152.000000000000030E+0	999.307349464977900E-3
153.000000000000030E+0	998.378695105271880E-3
154.000000000000030E+0	999.124508454104050E-3
155.000000000000030E+0	998.938433624050880E-3
156.000000000000030E+0	994.217355645107160E-3
157.000000000000030E+0	999.588305786967330E-3
158.000000000000030E+0	999.354059415923920E-3
159.000000000000030E+0	998.783572707842570E-3
160.000000000000030E+0	997.144988647499790E-3
161.000000000000030E+0	994.213027261583340E-3
162.000000000000030E+0	999.268769620073160E-3
163.000000000000030E+0	999.183105291901680E-3
164.000000000000030E+0	997.934534067151380E-3
165.000000000000030E+0	998.185137852394710E-3
166.000000000000030E+0	993.653118389448590E-3
167.000000000000030E+0	999.611003219087130E-3
168.000000000000030E+0	999.812631322963050E-3
169.000000000000030E+0	999.876625223834030E-3
170.000000000000030E+0	999.720110973024490E-3
171.000000000000030E+0	999.866011444576430E-3
172.000000000000030E+0	999.841263117401620E-3
173.000000000000030E+0	999.607643157997660E-3
174.000000000000030E+0	999.236815481812200E-3
175.000000000000030E+0	998.971449478963100E-3
176.000000000000030E+0	999.787444906383050E-3
177.000000000000030E+0	999.728033878106380E-3
178.000000000000030E+0	999.642821182326720E-3
179.000000000000030E+0	998.496820668652080E-3
180.000000000000030E+0	999.413338725853030E-3
181.000000000000030E+0	999.758122735225800E-3
182.000000000000030E+0	999.369177063844090E-3
183.000000000000030E+0	999.108457349634490E-3
184.000000000000030E+0	999.303675942755040E-3
185.000000000000030E+0	999.576429534763550E-3
186.000000000000030E+0	999.731378806241300E-3
187.000000000000030E+0	999.539198833144680E-3
188.000000000000030E+0	998.775386732070780E-3
189.000000000000030E+0	999.027132720517570E-3
190.000000000000030E+0	999.714021579110270E-3
191.000000000000030E+0	999.807038521647540E-3
192.000000000000030E+0	999.414970116042190E-3
193.000000000000030E+0	998.869425960676960E-3
194.000000000000030E+0	998.969781641408370E-3
195.000000000000030E+0	998.997454121978820E-3
196.000000000000030E+0	999.097167150164060E-3
197.000000000000030E+0	998.851687790637270E-3
198.000000000000030E+0	997.624200923442950E-3
199.000000000000030E+0	999.644037469590960E-3
200.000000000000030E+0	999.187857434389980E-3
201.000000000000030E+0	996.513195521321450E-3
202.000000000000030E+0	994.926245302476750E-3
203.000000000000030E+0	995.288671135990620E-3
204.000000000000030E+0	999.163635700563430E-3
205.000000000000030E+0	999.247804559606490E-3
206.000000000000030E+0	999.147100597824740E-3
207.000000000000030E+0	997.186286861134420E-3
208.000000000000030E+0	998.179926387119830E-3
209.000000000000030E+0	999.415099315713590E-3
210.000000000000030E+0	998.757188388753600E-3
211.000000000000030E+0	995.384022730233960E-3
212.000000000000030E+0	997.581444265087990E-3
213.000000000000030E+0	996.229460973765410E-3
214.000000000000030E+0	994.341103757154010E-3
215.000000000000030E+0	995.170725676334910E-3
216.000000000000030E+0	995.635908556370070E-3
217.000000000000030E+0	998.489781265950000E-3
218.000000000000030E+0	999.717063750504620E-3
219.000000000000030E+0	999.262346600818580E-3
220.000000000000030E+0	995.201997592405910E-3
221.000000000000030E+0	983.757736453528150E-3
222.000000000000030E+0	992.839936766666150E-3
223.000000000000030E+0	996.306862919626560E-3
224.000000000000030E+0	996.002199098456550E-3
225.000000000000030E+0	997.897448111553340E-3
226.000000000000030E+0	994.674636231386630E-3
227.000000000000030E+0	994.846796171340200E-3
228.000000000000030E+0	997.611085531935450E-3
229.000000000000030E+0	996.966130385694150E-3
230.000000000000030E+0	992.573545389127560E-3
231.000000000000030E+0	997.563604498717840E-3
232.000000000000030E+0	997.818337740905340E-3
233.000000000000030E+0	997.147954295570240E-3
234.000000000000030E+0	997.866598215462860E-3
235.000000000000030E+0	995.719561682157690E-3
236.000000000000030E+0	997.482354675129800E-3
237.000000000000030E+0	998.099285618315960E-3
238.000000000000030E+0	998.713358566537200E-3
239.000000000000030E+0	997.453579156239670E-3
240.000000000000030E+0	993.457583094773720E-3
241.000000000000030E+0	998.530712151013740E-3
242.000000000000030E+0	998.578774585437090E-3
243.000000000000030E+0	998.085292559075740E-3
244.000000000000030E+0	998.807255687748420E-3
245.000000000000030E+0	997.167016120128700E-3
246.000000000000030E+0	996.045132581806050E-3
247.000000000000030E+0	997.139493805495160E-3
248.000000000000030E+0	996.059031004092320E-3
249.000000000000030E+0	996.186415833630660E-3
250.000000000000030E+0	998.658625501435910E-3
251.000000000000030E+0	998.995003277413640E-3
252.000000000000030E+0	997.994328908893610E-3
253.000000000000030E+0	997.979815996823620E-3
254.000000000000030E+0	998.511447253413120E-3
255.000000000000030E+0	994.285043311090130E-3
256.000000000000060E+0	986.484992690004340E-3
257.000000000000060E+0	997.572579068678690E-3
258.000000000000060E+0	996.933184263051660E-3
259.000000000000060E+0	997.297933677339540E-3
260.000000000000060E+0	998.171276606302560E-3
261.000000000000060E+0	995.739174823457530E-3
262.000000000000060E+0	995.146603313347140E-3
263.000000000000060E+0	995.487925789063980E-3
264.000000000000060E+0	994.559385796959570E-3
265.000000000000060E+0	995.816803737212490E-3
266.000000000000060E+0	994.794907015336790E-3
267.000000000000060E+0	989.920696543793780E-3
268.000000000000060E+0	992.228343203532150E-3
269.000000000000060E+0	996.584901053302660E-3
270.000000000000060E+0	997.064234888901610E-3
271.000000000000060E+0	988.893228752087180E-3
272.000000000000060E+0	992.328344803470320E-3
273.000000000000060E+0	995.454385902948660E-3
274.000000000000060E+0	989.002300916288380E-3
275.000000000000060E+0	992.139754837491390E-3
276.000000000000060E+0	985.664379441433260E-3
277.000000000000060E+0	997.038207611316450E-3
278.000000000000060E+0	999.378248052660730E-3
279.000000000000060E+0	998.731695578819580E-3
280.000000000000060E+0	996.973377410572570E-3
281.000000000000060E+0	996.491168203593400E-3
282.000000000000060E+0	993.054661323750980E-3
283.000000000000060E+0	997.921538080718260E-3
284.000000000000060E+0	998.047712353679510E-3
285.000000000000060E+0	993.436059125632600E-3
286.000000000000060E+0	990.158870050520830E-3
287.000000000000060E+0	963.271920884640420E-3
288.000000000000060E+0	997.192630628387810E-3
289.000000000000060E+0	997.366359082600070E-3
290.000000000000060E+0	995.217736419086400E-3
291.000000000000060E+0	997.094131624539410E-3
292.000000000000060E+0	998.499997070700140E-3
293.000000000000060E+0	998.451990257027690E-3
294.000000000000060E+0	996.108665817781460E-3
295.000000000000060E+0	992.823359608630330E-3
296.000000000000060E+0	992.514214287513410E-3
297.000000000000060E+0	996.036175428038680E-3
298.000000000000060E+0	997.167367177876570E-3
299.000000000000060E+0	994.893131941272270E-3
300.000000000000060E+0	985.782721245439970E-3
301.000000000000060E+0	994.190935443404420E-3
302.000000000000060E+0	998.075895660830330E-3
303.000000000000060E+0	992.085366112893220E-3
304.000000000000060E+0	998.644304036823250E-3
305.000000000000060E+0	994.525155853180130E-3
306.000000000000060E+0	997.151313519715980E-3
307.000000000000060E+0	999.014892109435390E-3
308.000000000000060E+0	998.871264492911080E-3
309.000000000000060E+0	998.598028509633530E-3
310.000000000000060E+0	993.733119719238390E-3
311.000000000000060E+0	996.259387839905420E-3
312.000000000000060E+0	996.117870267440700E-3
313.000000000000060E+0	992.829147886204800E-3
314.000000000000060E+0	995.309439892335670E-3
315.000000000000060E+0	996.289341025073490E-3
316.000000000000060E+0	997.667448863543420E-3
317.000000000000060E+0	997.730133976958750E-3
318.000000000000060E+0	998.007817018834340E-3
319.000000000000060E+0	989.862020770685410E-3
320.000000000000060E+0	995.849979455884710E-3
321.000000000000060E+0	997.606029279313850E-3
322.000000000000060E+0	994.664895725649310E-3
323.000000000000060E+0	996.848950141775660E-3
324.000000000000060E+0	996.756763072451980E-3
325.000000000000060E+0	996.937400361484700E-3
326.000000000000060E+0	996.736699270809990E-3
327.000000000000060E+0	994.690280186315440E-3
328.000000000000060E+0	993.017719639054830E-3
329.000000000000060E+0	990.409753846512640E-3
330.000000000000060E+0	997.719641288260630E-3
331.000000000000060E+0	996.851895514115460E-3
332.000000000000060E+0	993.739390560338660E-3
333.000000000000060E+0	995.256925669460890E-3
334.000000000000060E+0	996.393985100078820E-3
335.000000000000060E+0	995.920719211801590E-3
336.000000000000060E+0	997.958774049815260E-3
337.000000000000060E+0	997.573202621483300E-3
338.000000000000060E+0	996.130997220179950E-3
339.000000000000060E+0	998.525570936766860E-3
340.000000000000060E+0	998.596601705082130E-3
341.000000000000060E+0	998.160512822674710E-3
342.000000000000060E+0	996.850306123830300E-3
343.000000000000060E+0	998.352504775299580E-3
344.000000000000060E+0	998.841240353756540E-3
345.000000000000060E+0	996.437298124529080E-3
346.000000000000060E+0	994.092098864082560E-3
347.000000000000060E+0	988.638419650284090E-3
348.000000000000060E+0	996.166182341498230E-3
349.000000000000060E+0	997.263486689788370E-3
350.000000000000060E+0	996.588860408510140E-3
351.000000000000060E+0	998.348345664522800E-3
352.000000000000060E+0	996.219953527502810E-3
353.000000000000060E+0	952.886318041879730E-3
354.000000000000060E+0	996.654068457148540E-3
355.000000000000060E+0	998.044326303909160E-3
356.000000000000060E+0	999.143831897766230E-3
357.000000000000060E+0	999.465735677595450E-3
358.000000000000060E+0	999.337515239708370E-3
359.000000000000060E+0	996.564059506827250E-3
360.000000000000060E+0	985.025247121257940E-3
361.000000000000060E+0	990.615242960838250E-3
362.000000000000060E+0	998.078636010815030E-3
363.000000000000060E+0	997.999607510417940E-3
364.000000000000060E+0	998.420559667498870E-3
365.000000000000060E+0	998.734834083189640E-3
366.000000000000060E+0	998.783866875917580E-3
367.000000000000060E+0	998.139792459951990E-3
368.000000000000060E+0	997.026166366837500E-3
369.000000000000060E+0	867.919998544808610E-3
370.000000000000060E+0	993.396796807419660E-3
371.000000000000060E+0	998.139864460856230E-3
372.000000000000060E+0	998.666089469675610E-3
373.000000000000060E+0	997.996661675199740E-3
374.000000000000060E+0	996.997844191444990E-3
375.000000000000060E+0	996.746351954041710E-3
376.000000000000060E+0	993.276205048255530E-3
377.000000000000060E+0	990.812698258908940E-3
378.000000000000060E+0	996.809000024132310E-3
379.000000000000060E+0	993.741975455500030E-3
380.000000000000060E+0	998.361846910102430E-3
381.000000000000060E+0	999.101804943143600E-3
382.000000000000060E+0	998.634818497371460E-3
383.000000000000060E+0	998.009574128821520E-3
384.000000000000060E+0	995.759778013899590E-3
385.000000000000060E+0	993.055235014482450E-3
386.000000000000060E+0	997.551075999578710E-3
387.000000000000060E+0	997.811246572123280E-3
388.000000000000060E+0	998.846679018138390E-3
389.000000000000060E+0	998.982798806856250E-3
390.000000000000060E+0	999.427027042992910E-3
391.000000000000060E+0	999.156601309709850E-3
392.000000000000060E+0	995.811177499005270E-3
393.000000000000060E+0	991.314623389259350E-3
394.000000000000060E+0	996.745084207048990E-3
395.000000000000060E+0	997.319376369888430E-3
396.000000000000060E+0	998.832961876802820E-3
397.000000000000060E+0	998.576186949715840E-3
398.000000000000060E+0	997.934997012449810E-3
399.000000000000060E+0	997.452525739226160E-3
400.000000000000060E+0	996.840503140441700E-3
401.000000000000060E+0	994.658279016593430E-3
402.000000000000060E+0	992.140068566014780E-3
403.000000000000060E+0	993.019864875030690E-3
404.000000000000060E+0	998.304257252037200E-3
405.000000000000060E+0	997.175713346233340E-3
406.000000000000060E+0	997.290032449363980E-3
407.000000000000060E+0	997.043916858770360E-3
408.000000000000060E+0	989.699744361720260E-3
409.000000000000060E+0	997.012455892182240E-3
410.000000000000060E+0	997.147345331724780E-3
411.000000000000060E+0	992.035201833805450E-3
412.000000000000060E+0	993.171415373877760E-3
413.000000000000060E+0	996.692188389437960E-3
414.000000000000060E+0	998.190370970307720E-3
415.000000000000060E+0	997.743539300210540E-3
416.000000000000060E+0	995.390690063824410E-3
417.000000000000060E+0	993.125653173603570E-3
418.000000000000060E+0	996.449858314913170E-3
419.000000000000060E+0	996.716351769605600E-3
420.000000000000060E+0	996.516748212677440E-3
421.000000000000060E+0	993.342136795392070E-3
422.000000000000060E+0	997.726266631078880E-3
423.000000000000060E+0	998.215082670863340E-3
424.000000000000060E+0	997.029365581105000E-3
425.000000000000060E+0	994.611639365361450E-3
426.000000000000060E+0	991.847442069353160E-3
427.000000000000060E+0	994.055988220447720E-3
428.000000000000060E+0	995.763388475369380E-3
429.000000000000060E+0	995.143514789410770E-3
430.000000000000060E+0	995.664455999799690E-3
431.000000000000060E+0	993.289363855706650E-3
432.000000000000060E+0	993.758760035712170E-3
433.000000000000060E+0	993.723974753401240E-3
434.000000000000060E+0	993.375325851358570E-3
435.000000000000060E+0	993.497885528836890E-3
436.000000000000060E+0	996.616159702060410E-3
437.000000000000060E+0	996.130475130082240E-3
438.000000000000060E+0	995.378858292203960E-3
439.000000000000060E+0	995.513429394693670E-3
440.000000000000060E+0	983.351027927948820E-3
441.000000000000060E+0	994.188289755804200E-3
442.000000000000060E+0	996.035662109410300E-3
443.000000000000060E+0	996.474859296779700E-3
444.000000000000060E+0	996.456801440579800E-3
445.000000000000060E+0	994.115056674557130E-3
446.000000000000060E+0	996.192495932067050E-3
447.000000000000060E+0	996.765654125513770E-3
448.000000000000060E+0	996.968029122215490E-3
449.000000000000060E+0	996.300502390411900E-3
450.000000000000060E+0	996.942090264386850E-3
451.000000000000060E+0	998.450269012426840E-3
452.000000000000060E+0	998.318577345412520E-3
453.000000000000060E+0	996.571546516485610E-3
454.000000000000060E+0	997.211935170710380E-3
455.000000000000060E+0	998.057595344973290E-3
456.000000000000060E+0	998.434843135620810E-3
457.000000000000060E+0	998.644252157732450E-3
458.000000000000060E+0	998.319511423334530E-3
459.000000000000060E+0	997.622036751252050E-3
460.000000000000060E+0	998.992866999265930E-3
461.000000000000060E+0	997.982136536190280E-3
462.000000000000060E+0	997.613567390124740E-3
463.000000000000060E+0	996.997037037950060E-3
464.000000000000060E+0	999.293899652958560E-3
465.000000000000060E+0	999.390866222050090E-3
466.000000000000060E+0	999.061902971101530E-3
467.000000000000060E+0	998.642969550913250E-3
468.000000000000060E+0	996.985027104242530E-3
469.000000000000060E+0	998.527592196713720E-3
470.000000000000060E+0	999.185424180496720E-3
471.000000000000060E+0	998.511269909619470E-3
472.000000000000060E+0	998.699871879594860E-3
473.000000000000060E+0	999.141839869788000E-3
474.000000000000060E+0	999.111793573669750E-3
475.000000000000060E+0	998.719375825776520E-3
476.000000000000060E+0	998.144546430381200E-3
477.000000000000060E+0	998.606249584171660E-3
478.000000000000060E+0	997.848736753637610E-3
479.000000000000060E+0	997.384263008415870E-3
480.000000000000060E+0	997.474927512981950E-3
481.000000000000060E+0	995.454859749200340E-3
482.000000000000060E+0	993.516235435582980E-3
483.000000000000060E+0	997.691501121394490E-3
484.000000000000060E+0	997.675474135305770E-3
485.000000000000060E+0	998.271482041450550E-3
486.000000000000060E+0	998.855206439395290E-3
487.000000000000060E+0	994.960721969990190E-3
488.000000000000060E+0	998.568454978160710E-3
489.000000000000060E+0	998.478710915000070E-3
490.000000000000060E+0	997.633086741076870E-3
491.000000000000060E+0	994.920197968518490E-3
492.000000000000060E+0	997.085812758262250E-3
493.000000000000060E+0	998.054479111491250E-3
494.000000000000060E+0	997.529069821593280E-3
495.000000000000060E+0	995.540708903909000E-3
496.000000000000060E+0	996.957904245340360E-3
497.000000000000060E+0	998.283809217190840E-3
498.000000000000060E+0	998.654428150185240E-3
499.000000000000060E+0	998.212537016183180E-3
500.000000000000060E+0	997.294454015871360E-3
501.000000000000060E+0	997.608097826491180E-3
502.000000000000060E+0	999.350099676381440E-3
503.000000000000060E+0	998.648744638223620E-3
504.000000000000060E+0	997.273026691727350E-3
505.000000000000060E+0	997.862797836276850E-3
506.000000000000060E+0	997.931611520326390E-3
507.000000000000060E+0	999.154511164307650E-3
508.000000000000060E+0	998.316122159713990E-3
509.000000000000060E+0	997.815421852757400E-3
510.000000000000060E+0	993.722421876245490E-3
511.000000000000060E+0	999.020111469979040E-3
512.000000000000110E+0	999.093112196970720E-3
513.000000000000110E+0	998.169593123234830E-3
514.000000000000110E+0	997.585428167511280E-3
515.000000000000110E+0	995.967932204453010E-3
516.000000000000110E+0	995.349458056671300E-3
517.000000000000110E+0	998.935720415720760E-3
518.000000000000110E+0	998.330306211365430E-3
519.000000000000110E+0	991.455021226169460E-3
520.000000000000110E+0	994.639630285147010E-3
521.000000000000110E+0	996.130988716880110E-3
522.000000000000110E+0	996.602829623041700E-3
523.000000000000110E+0	996.745252895479440E-3
524.000000000000110E+0	998.133002943745180E-3
525.000000000000110E+0	999.023432790436040E-3
526.000000000000110E+0	998.642948670900530E-3
527.000000000000110E+0	997.795964488497280E-3
528.000000000000110E+0	996.180129273695480E-3
529.000000000000110E+0	994.427714866145560E-3
530.000000000000110E+0	998.900183142851340E-3
531.000000000000110E+0	998.464028586642520E-3
532.000000000000110E+0	995.987146402504300E-3
533.000000000000110E+0	996.769805193272520E-3
534.000000000000110E+0	996.661095509549620E-3
535.000000000000110E+0	997.713880621088790E-3
536.000000000000110E+0	997.877104174856640E-3
537.000000000000110E+0	996.762866135528450E-3
538.000000000000110E+0	993.050687744768790E-3
539.000000000000110E+0	998.035263793736300E-3
540.000000000000110E+0	998.335332884087710E-3
541.000000000000110E+0	998.592105794311790E-3
542.000000000000110E+0	996.862085072178660E-3
543.000000000000110E+0	998.355248778794780E-3
544.000000000000110E+0	998.844614792074310E-3
545.000000000000110E+0	997.893886793088660E-3
546.000000000000110E+0	997.144474128550340E-3
547.000000000000110E+0	995.212021647406740E-3
548.000000000000110E+0	996.688349111660040E-3
549.000000000000110E+0	999.019069339456390E-3
550.000000000000110E+0	998.662880002459170E-3
551.000000000000110E+0	996.477447122110170E-3
552.000000000000110E+0	998.181621489081400E-3
553.000000000000110E+0	999.318611940721020E-3
554.000000000000110E+0	999.704219813274620E-3
555.000000000000110E+0	999.144963464003390E-3
556.000000000000110E+0	998.811297676988170E-3
557.000000000000110E+0	997.376913888561420E-3
558.000000000000110E+0	998.597400629218530E-3
559.000000000000110E+0	998.662065990402860E-3
560.000000000000110E+0	998.068458278341450E-3
561.000000000000110E+0	995.272873616388390E-3
562.000000000000110E+0	999.010027978923460E-3
563.000000000000110E+0	998.421990182032040E-3
564.000000000000110E+0	997.729362580590860E-3
565.000000000000110E+0	998.683294686972480E-3
566.000000000000110E+0	996.932907605075020E-3
567.000000000000110E+0	998.603962778334080E-3
568.000000000000110E+0	998.720311969787390E-3
569.000000000000110E+0	998.438172395313630E-3
570.000000000000110E+0	995.257658712010770E-3
571.000000000000110E+0	997.777064700596570E-3
572.000000000000110E+0	999.194527019157780E-3
573.000000000000110E+0	998.852918713912680E-3
574.000000000000110E+0	995.320415365000820E-3
575.000000000000110E+0	996.950134143281930E-3
576.000000000000110E+0	996.345047776191930E-3
577.000000000000110E+0	998.692858546999180E-3
578.000000000000110E+0	998.773885630262810E-3
579.000000000000110E+0	996.251985732487740E-3
580.000000000000110E+0	998.222047251411730E-3
581.000000000000110E+0	999.548485504207270E-3
582.000000000000110E+0	999.385532097189720E-3
583.000000000000110E+0	998.341609862558150E-3
584.000000000000110E+0	995.836588523226430E-3
585.000000000000110E+0	997.184657512255380E-3
586.000000000000110E+0	997.915297126529710E-3
587.000000000000110E+0	996.486254197656800E-3
588.000000000000110E+0	996.993199487959060E-3
589.000000000000110E+0	984.695089143239330E-3
590.000000000000110E+0	997.718672761328970E-3
591.000000000000110E+0	998.029317292818410E-3
592.000000000000110E+0	997.763972307937560E-3
593.000000000000110E+0	996.991647398966060E-3
594.000000000000110E+0	995.866132123880090E-3
595.000000000000110E+0	998.214936195408350E-3
596.000000000000110E+0	999.250504613037880E-3
597.000000000000110E+0	998.763296473401340E-3
598.000000000000110E+0	991.046172327243790E-3
599.000000000000110E+0	996.653481454841780E-3
600.000000000000110E+0	998.328583033220810E-3
601.000000000000110E+0	998.482020031032920E-3
602.000000000000110E+0	997.851572862387790E-3
603.000000000000110E+0	997.773451003777790E-3
604.000000000000110E+0	997.679738082550500E-3
605.000000000000110E+0	998.140216102916700E-3
606.000000000000110E+0	998.483468606406580E-3
607.000000000000110E+0	998.643724385616880E-3
608.000000000000110E+0	997.411539144052010E-3
609.000000000000110E+0	999.242275536935120E-3
610.000000000000110E+0	998.142726743435180E-3
611.000000000000110E+0	994.925662468022720E-3
612.000000000000110E+0	994.906811310963480E-3
613.000000000000110E+0	998.524929401828020E-3
614.000000000000110E+0	998.770483491071230E-3
615.000000000000110E+0	997.652882492677250E-3
616.000000000000110E+0	995.509333679209570E-3
617.000000000000110E+0	996.589002165060630E-3
618.000000000000110E+0	998.478014349808760E-3
619.000000000000110E+0	999.178587809976480E-3
620.000000000000110E+0	998.994367037495560E-3
621.000000000000110E+0	988.135002434283980E-3
622.000000000000110E+0	996.616738700102370E-3
623.000000000000110E+0	998.674421322812810E-3
624.000000000000110E+0	998.943294885147550E-3
625.000000000000110E+0	998.145188217988030E-3
626.000000000000110E+0	996.134730355971220E-3
627.000000000000110E+0	997.625834462837370E-3
628.000000000000110E+0	999.462520997152600E-3
629.000000000000110E+0	998.989364611566840E-3
630.000000000000110E+0	996.471210385812320E-3
631.000000000000110E+0	993.245904216201180E-3
632.000000000000110E+0	998.878830588793450E-3
633.000000000000110E+0	999.115490451416900E-3
634.000000000000110E+0	996.868038858336750E-3
635.000000000000110E+0	996.295890283066860E-3
636.000000000000110E+0	993.361894708936880E-3
637.000000000000110E+0	998.430276884480380E-3
638.000000000000110E+0	999.169450396144460E-3
639.000000000000110E+0	999.069117893242600E-3
640.000000000000110E+0	996.172928893195420E-3
641.000000000000110E+0	998.705449645461260E-3
642.000000000000110E+0	998.108256356829540E-3
643.000000000000110E+0	996.890064049663180E-3
644.000000000000110E+0	995.010606249988940E-3
645.000000000000110E+0	996.935727400422240E-3
646.000000000000110E+0	997.773109137759520E-3
647.000000000000110E+0	996.884986328240070E-3
648.000000000000110E+0	995.458527810889170E-3
649.000000000000110E+0	991.783181047974360E-3
650.000000000000110E+0	992.518085748845920E-3
651.000000000000110E+0	997.487390290820670E-3
652.000000000000110E+0	997.233486310868060E-3
653.000000000000110E+0	996.746875790757710E-3
654.000000000000110E+0	997.805712940721840E-3
655.000000000000110E+0	997.508896181922180E-3
656.000000000000110E+0	997.495003561638000E-3
657.000000000000110E+0	997.255348267146900E-3
658.000000000000110E+0	994.872319866332070E-3
659.000000000000110E+0	987.440578248839130E-3
660.000000000000110E+0	998.044898780813260E-3
661.000000000000110E+0	998.518269205073140E-3
662.000000000000110E+0	996.905361402187990E-3
663.000000000000110E+0	994.432706426343070E-3
664.000000000000110E+0	992.103697596054210E-3
665.000000000000110E+0	993.872317408308840E-3
666.000000000000110E+0	994.479216001159740E-3
667.000000000000110E+0	994.389481461750210E-3
668.000000000000110E+0	987.585915931511790E-3
669.000000000000110E+0	994.114366688056860E-3
670.000000000000110E+0	994.559129743803000E-3
671.000000000000110E+0	994.756721913554240E-3
672.000000000000110E+0	993.154515305198600E-3
673.000000000000110E+0	996.346261230511060E-3
674.000000000000110E+0	995.652564424653770E-3
675.000000000000110E+0	997.100248361284190E-3
676.000000000000110E+0	997.043319174934610E-3
677.000000000000110E+0	997.751235521865620E-3
678.000000000000110E+0	994.884691692805240E-3
679.000000000000110E+0	997.544907597052940E-3
680.000000000000110E+0	998.118664022019320E-3
681.000000000000110E+0	997.109067141682010E-3
682.000000000000110E+0	996.835001951263950E-3
683.000000000000110E+0	999.227987875880190E-3
684.000000000000110E+0	998.826906366591770E-3
685.000000000000110E+0	997.905207883446170E-3
686.000000000000110E+0	997.153107724352950E-3
687.000000000000110E+0	977.593431012208300E-3
688.000000000000110E+0	997.609366277646400E-3
689.000000000000110E+0	998.909146946600160E-3
690.000000000000110E+0	998.221432802378290E-3
691.000000000000110E+0	995.477763563889170E-3
692.000000000000110E+0	996.770287850372250E-3
693.000000000000110E+0	999.145868590501140E-3
694.000000000000110E+0	997.918943345660110E-3
695.000000000000110E+0	997.321392962038480E-3
696.000000000000110E+0	995.714120268306630E-3
697.000000000000110E+0	994.600090493212300E-3
698.000000000000110E+0	998.647532312885280E-3
699.000000000000110E+0	998.802926042533180E-3
700.000000000000110E+0	994.068602397045090E-3
701.000000000000110E+0	995.112796119810520E-3
702.000000000000110E+0	998.259285552815730E-3
703.000000000000110E+0	998.513915552954100E-3
704.000000000000110E+0	996.250289721243960E-3
705.000000000000110E+0	987.677326811907450E-3
706.000000000000110E+0	986.973664443628000E-3
707.000000000000110E+0	997.288044027406230E-3
708.000000000000110E+0	997.773553774559230E-3
709.000000000000110E+0	996.855322729049310E-3
710.000000000000110E+0	992.044208263438860E-3
711.000000000000110E+0	997.788559591745060E-3
712.000000000000110E+0	997.932453743622600E-3
713.000000000000110E+0	993.178226308469080E-3
714.000000000000110E+0	992.915516960535930E-3
715.000000000000110E+0	994.011408710859360E-3
716.000000000000110E+0	998.304626242719430E-3
717.000000000000110E+0	999.218657038243970E-3
718.000000000000110E+0	999.345295836060580E-3
719.000000000000110E+0	997.779496364379900E-3
720.000000000000110E+0	995.249904234089320E-3
721.000000000000110E+0	997.017082179638800E-3
722.000000000000110E+0	998.070504868143970E-3
723.000000000000110E+0	995.350147957854150E-3
724.000000000000110E+0	995.030464247693480E-3
725.000000000000110E+0	997.363855078715060E-3
726.000000000000110E+0	997.620501290532370E-3
727.000000000000110E+0	998.802544329478680E-3
728.000000000000110E+0	998.394534032598920E-3
729.000000000000110E+0	989.986817860746160E-3
730.000000000000110E+0	998.913417544297190E-3
731.000000000000110E+0	999.054235418757490E-3
732.000000000000110E+0	996.293633497889350E-3
733.000000000000110E+0	996.764121986235650E-3
734.000000000000110E+0	998.250103032139790E-3
735.000000000000110E+0	998.937379009327890E-3
736.000000000000110E+0	998.466661530412970E-3
737.000000000000110E+0	996.922456031891780E-3
738.000000000000110E+0	990.776620031653680E-3
739.000000000000110E+0	989.907512477125160E-3
740.000000000000110E+0	996.746300089202060E-3
741.000000000000110E+0	994.104707543656980E-3
742.000000000000110E+0	967.782036002368450E-3
743.000000000000110E+0	994.966679901757690E-3
744.000000000000110E+0	995.194081962203490E-3
745.000000000000110E+0	996.595495515176450E-3
746.000000000000110E+0	998.062764845722650E-3
747.000000000000110E+0	992.761224811336660E-3
748.000000000000110E+0	988.659769249451430E-3
749.000000000000110E+0	997.274971225932230E-3
750.000000000000110E+0	994.583167551962300E-3
751.000000000000110E+0	983.586756987527070E-3
752.000000000000110E+0	988.928342689757160E-3
753.000000000000110E+0	997.920987316687770E-3
754.000000000000110E+0	998.350208407273290E-3
755.000000000000110E+0	997.334504282269770E-3
756.000000000000110E+0	996.555722435194190E-3
757.000000000000110E+0	995.017355595598120E-3
758.000000000000110E+0	996.943657614131730E-3
759.000000000000110E+0	999.008841915378640E-3
760.000000000000110E+0	997.755810718768180E-3
761.000000000000110E+0	985.462444393892520E-3
762.000000000000110E+0	998.710318172086440E-3
763.000000000000110E+0	999.019093832409390E-3
764.000000000000110E+0	996.930071851075740E-3
765.000000000000110E+0	997.847250796384140E-3
766.000000000000110E+0	997.485242445495520E-3
767.000000000000110E+0	999.191486391541430E-3
768.000000000000110E+0	998.996895409490550E-3
769.000000000000110E+0	998.221909600249370E-3
770.000000000000110E+0	993.467985482242800E-3
771.000000000000110E+0	996.033476150838810E-3
772.000000000000110E+0	998.788686475451710E-3
773.000000000000110E+0	997.959625338156960E-3
774.000000000000110E+0	996.224996861314600E-3
775.000000000000110E+0	997.734302843730100E-3
776.000000000000110E+0	993.632071798355550E-3
777.000000000000110E+0	997.358775234375330E-3
778.000000000000110E+0	997.734279441775620E-3
779.000000000000110E+0	993.863156763504010E-3
780.000000000000110E+0	971.459753925539290E-3
781.000000000000110E+0	997.583514306025760E-3
782.000000000000110E+0	998.270753263541530E-3
783.000000000000110E+0	995.194438550448980E-3
784.000000000000110E+0	975.230702456812870E-3
785.000000000000110E+0	985.872272105020490E-3
786.000000000000110E+0	993.497435939143300E-3
787.000000000000110E+0	994.356289366274070E-3
788.000000000000110E+0	995.022063537503440E-3
789.000000000000110E+0	982.381638913690460E-3
790.000000000000110E+0	996.671179482467530E-3
791.000000000000110E+0	998.866209685051580E-3
792.000000000000110E+0	995.938687321152540E-3
793.000000000000110E+0	992.882647225679090E-3
794.000000000000110E+0	993.833202647302020E-3
795.000000000000110E+0	996.614412220502510E-3
796.000000000000110E+0	997.779443899352910E-3
797.000000000000110E+0	997.214172446463710E-3
798.000000000000110E+0	984.397328014459670E-3
799.000000000000110E+0	994.734054393511480E-3
800.000000000000110E+0	998.318987423273300E-3
801.000000000000110E+0	998.597938321538090E-3
802.000000000000110E+0	997.648290481387030E-3
803.000000000000110E+0	998.075681158109850E-3
804.000000000000110E+0	996.021950461497440E-3
805.000000000000110E+0	996.066080828387430E-3
806.000000000000110E+0	996.162109532541140E-3
807.000000000000110E+0	996.603477481892930E-3
808.000000000000110E+0	879.612894309103170E-3
809.000000000000110E+0	995.440702977491430E-3
810.000000000000110E+0	997.100772393692100E-3
811.000000000000110E+0	996.682018844281540E-3
812.000000000000110E+0	994.794434829308630E-3
813.000000000000110E+0	989.840087612903980E-3
814.000000000000110E+0	997.605085527260680E-3
815.000000000000110E+0	995.602236610572340E-3
816.000000000000110E+0	994.786890028436570E-3
817.000000000000110E+0	994.375071785558950E-3
818.000000000000110E+0	991.662206841120940E-3
819.000000000000110E+0	996.511119267857850E-3
820.000000000000110E+0	997.544779913246750E-3
821.000000000000110E+0	997.291887975107260E-3
822.000000000000110E+0	994.330231839270160E-3
823.000000000000110E+0	996.119511495314970E-3
824.000000000000110E+0	991.512587413693640E-3
825.000000000000110E+0	994.013863769028340E-3
826.000000000000110E+0	989.175866016052560E-3
827.000000000000110E+0	986.002491757664410E-3
828.000000000000110E+0	995.197690618995880E-3
829.000000000000110E+0	996.921068974401360E-3
830.000000000000110E+0	994.992913051013890E-3
831.000000000000110E+0	952.628499635073790E-3
832.000000000000110E+0	996.332393983338730E-3
833.000000000000110E+0	997.234831215775500E-3
834.000000000000110E+0	993.045267679796510E-3
835.000000000000110E+0	994.194494773590230E-3
836.000000000000110E+0	990.561487936515660E-3
837.000000000000110E+0	961.851535689345450E-3
838.000000000000110E+0	987.925984054209730E-3
839.000000000000110E+0	987.056669571120480E-3
840.000000000000110E+0	685.028223136484590E-3
841.000000000000110E+0	977.793607221382530E-3
842.000000000000110E+0	994.081770915522740E-3
843.000000000000110E+0	996.429764123811790E-3
844.000000000000110E+0	994.645278767857240E-3
845.000000000000110E+0	991.499836438456520E-3
846.000000000000110E+0	994.023251026182390E-3
847.000000000000110E+0	994.130277658397450E-3
848.000000000000110E+0	987.251194587768220E-3
849.000000000000110E+0	966.671404773062790E-3
850.000000000000110E+0	971.817023192309340E-3
851.000000000000110E+0	986.613254190799370E-3
852.000000000000110E+0	984.899125810000050E-3
853.000000000000110E+0	983.710441821449950E-3
854.000000000000110E+0	981.903234655247650E-3
855.000000000000110E+0	989.386144441078530E-3
856.000000000000110E+0	971.049117764098300E-3
857.000000000000110E+0	954.567487747851830E-3
858.000000000000110E+0	973.583503631842870E-3
859.000000000000110E+0	981.852197237408800E-3
860.000000000000110E+0	991.523175300115020E-3
861.000000000000110E+0	995.171642961890200E-3
862.000000000000110E+0	994.223547430431620E-3
863.000000000000110E+0	986.040845853237370E-3
864.000000000000110E+0	983.244779754723020E-3
865.000000000000110E+0	988.076578172658370E-3
866.000000000000110E+0	991.171921320084580E-3
867.000000000000110E+0	996.798414677773520E-3
868.000000000000110E+0	985.578435244859110E-3
869.000000000000110E+0	983.405322127992590E-3
870.000000000000110E+0	995.950759628185470E-3
871.000000000000110E+0	996.379120006650850E-3
872.000000000000110E+0	991.849095160130530E-3
873.000000000000110E+0	952.875374850741030E-3
874.000000000000110E+0	992.312722253779980E-3
875.000000000000110E+0	994.639931207966900E-3
876.000000000000110E+0	992.919947025618370E-3
877.000000000000110E+0	996.726799859941730E-3
878.000000000000110E+0	993.689968890141830E-3
879.000000000000110E+0	996.657318944343510E-3
880.000000000000110E+0	998.238934858265310E-3
881.000000000000110E+0	996.688834208181440E-3
882.000000000000110E+0	981.475584795294510E-3
883.000000000000110E+0	996.991405180333020E-3
884.000000000000110E+0	998.282145120745640E-3
885.000000000000110E+0	997.169456068593860E-3
886.000000000000110E+0	995.254809706483940E-3
887.000000000000110E+0	989.603922192113130E-3
888.000000000000110E+0	995.884860423204010E-3
889.000000000000110E+0	998.131272961632730E-3
890.000000000000110E+0	996.676334146328950E-3
891.000000000000110E+0	991.856364396616730E-3
892.000000000000110E+0	988.987895051950950E-3
893.000000000000110E+0	997.907495717997640E-3
894.000000000000110E+0	996.338148463226100E-3
895.000000000000110E+0	992.124080833428620E-3
896.000000000000110E+0	991.783169082733890E-3
897.000000000000110E+0	980.933796514237950E-3
898.000000000000110E+0	998.470377167187560E-3
899.000000000000110E+0	998.258395005637070E-3
900.000000000000110E+0	995.281703637455490E-3
901.000000000000110E+0	980.378190434846640E-3
902.000000000000110E+0	996.479215886093560E-3
903.000000000000110E+0	996.633707537942780E-3
904.000000000000110E+0	995.455335877424850E-3
905.000000000000110E+0	992.377644694876880E-3
906.000000000000110E+0	990.134871157028030E-3
907.000000000000110E+0	993.626591245163950E-3
908.000000000000110E+0	993.189443133282060E-3
909.000000000000110E+0	989.612476591282490E-3
910.000000000000110E+0	981.188950067984120E-3
911.000000000000110E+0	989.385854227705750E-3
912.000000000000110E+0	994.262253394600390E-3
913.000000000000110E+0	985.822539971665910E-3
914.000000000000110E+0	989.399209592046410E-3
915.000000000000110E+0	988.617999297326080E-3
916.000000000000110E+0	848.925150290720580E-3
917.000000000000110E+0	988.028077469383150E-3
918.000000000000110E+0	980.621868254381470E-3
919.000000000000110E+0	984.193902891577150E-3
920.000000000000110E+0	992.518109498610630E-3
921.000000000000110E+0	959.982831231000140E-3
922.000000000000110E+0	966.364034991448630E-3
923.000000000000110E+0	384.159101691738670E-3
924.000000000000110E+0	974.914093784474020E-3
925.000000000000110E+0	990.249169584953010E-3
926.000000000000110E+0	992.960203542209370E-3
927.000000000000110E+0	990.120964842638230E-3
928.000000000000110E+0	993.922721856743570E-3
929.000000000000110E+0	978.735568595130220E-3
930.000000000000110E+0	992.547678065546110E-3
931.000000000000110E+0	996.805126959056870E-3
932.000000000000110E+0	997.123395848178220E-3
933.000000000000110E+0	990.298033691934360E-3
934.000000000000110E+0	992.555600036539420E-3
935.000000000000110E+0	996.679457168909930E-3
936.000000000000110E+0	995.803954553557860E-3
937.000000000000110E+0	991.147818547593820E-3
938.000000000000110E+0	988.463407188253870E-3
939.000000000000110E+0	956.619643498110900E-3
940.000000000000110E+0	997.451506944959540E-3
941.000000000000110E+0	997.856545706080180E-3
942.000000000000110E+0	990.801155644921880E-3
943.000000000000110E+0	993.134138998072570E-3
944.000000000000110E+0	997.357419014447740E-3
945.000000000000110E+0	996.119038602596980E-3
946.000000000000110E+0	995.763004105924220E-3
947.000000000000110E+0	994.696263365375200E-3
948.000000000000110E+0	991.783001821034520E-3
949.000000000000110E+0	998.301181759144730E-3
950.000000000000110E+0	998.802545127363440E-3
951.000000000000110E+0	997.917220318994320E-3
952.000000000000110E+0	987.798343117345820E-3
953.000000000000110E+0	998.042015108632660E-3
954.000000000000110E+0	998.333228026048400E-3
955.000000000000110E+0	996.808228417600310E-3
956.000000000000110E+0	995.802459585820360E-3
957.000000000000110E+0	992.020918548174870E-3
958.000000000000110E+0	995.687592382166420E-3
959.000000000000110E+0	998.034805843185490E-3
960.000000000000110E+0	995.344490996524000E-3
961.000000000000110E+0	971.226793872155710E-3
962.000000000000110E+0	995.059243484599730E-3
963.000000000000110E+0	998.068379530191340E-3
964.000000000000110E+0	998.031850859399050E-3
965.000000000000110E+0	991.946301636837170E-3
966.000000000000110E+0	991.242266230587640E-3
967.000000000000110E+0	991.701722445989310E-3
968.000000000000110E+0	994.360751611123920E-3
969.000000000000110E+0	995.041030151732510E-3
970.000000000000110E+0	989.849456298723560E-3
971.000000000000110E+0	970.860277635286590E-3
972.000000000000110E+0	997.366818806072360E-3
973.000000000000110E+0	995.845207466628970E-3
974.000000000000110E+0	982.923919262877810E-3
975.000000000000110E+0	988.477348336499810E-3
976.000000000000110E+0	983.926462034583780E-3
977.000000000000110E+0	996.560040577236680E-3
978.000000000000110E+0	997.183848762526190E-3
979.000000000000110E+0	993.889551710425370E-3
980.000000000000110E+0	962.427448510697390E-3
981.000000000000110E+0	990.356793607296340E-3
982.000000000000110E+0	996.007614137116800E-3
983.000000000000110E+0	989.121727825768020E-3
984.000000000000110E+0	972.333910804365260E-3
985.000000000000110E+0	992.924666931610740E-3
986.000000000000110E+0	994.527670881966920E-3
987.000000000000110E+0	994.737201374363940E-3
988.000000000000110E+0	991.066125301436780E-3
989.000000000000110E+0	956.348162809020020E-3
990.000000000000110E+0	990.642408341622650E-3
991.000000000000110E+0	997.118733019150330E-3
992.000000000000110E+0	994.640310877970780E-3
993.000000000000110E+0	981.861082182543090E-3
994.000000000000110E+0	937.947399411455220E-3
995.000000000000110E+0	981.801972665702680E-3
996.000000000000110E+0	993.798816808549200E-3
997.000000000000110E+0	989.480167217934300E-3
998.000000000000110E+0	983.740802712839370E-3
999.000000000000110E+0	976.646702658661710E-3
1.000000000000000E+3	997.076552480992920E-3
