Freq (Hz)	accelerometre /source
source
source_Mod	accelerometre /source
source
source_Phase(rad)
10.000000000000018E+0	195.301067042847170E-3	8.328863021632136E+0
11.000000000000020E+0	174.390548731662600E-3	9.578956893476681E+0
12.000000000000021E+0	69.746874705652065E-3	11.220296762039496E+0
13.000000000000023E+0	30.342065025137643E-3	12.338859970092686E+0
14.000000000000025E+0	77.776872402350747E-3	14.401176213120113E+0
15.000000000000027E+0	59.543418094039464E-3	15.648118349536061E+0
16.000000000000028E+0	68.285067396469223E-3	15.786713275597688E+0
17.000000000000028E+0	22.565757976512134E-3	15.312662071121812E+0
18.000000000000028E+0	64.742391039540839E-3	14.528904476367815E+0
19.000000000000028E+0	103.403986410888400E-3	15.252166721382942E+0
20.000000000000028E+0	57.909487048214393E-3	15.337458378313469E+0
21.000000000000028E+0	81.691596136321973E-3	14.753731787280484E+0
22.000000000000028E+0	125.577425124656530E-3	14.820649010361702E+0
23.000000000000028E+0	88.594587662250479E-3	14.815514686696480E+0
24.000000000000028E+0	133.500403919140230E-3	14.749030491967499E+0
25.000000000000028E+0	186.462895801150550E-3	14.610353258912713E+0
26.000000000000028E+0	207.897351581538440E-3	14.227350173021659E+0
27.000000000000028E+0	206.105929742031400E-3	13.884154038468541E+0
28.000000000000028E+0	177.959524574881930E-3	13.689879480315126E+0
29.000000000000028E+0	145.311964424634010E-3	13.305537736642476E+0
30.000000000000028E+0	72.073349218474386E-3	14.082946510106330E+0
31.000000000000028E+0	136.057307253681920E-3	14.078674480711756E+0
32.000000000000028E+0	192.742460152915630E-3	13.739969963312275E+0
33.000000000000028E+0	139.869881119443650E-3	13.282856092570002E+0
34.000000000000028E+0	124.381711018091370E-3	13.190844077001659E+0
35.000000000000028E+0	55.261744080880471E-3	12.980218935371960E+0
36.000000000000028E+0	94.557845918484901E-3	14.251825365163535E+0
37.000000000000028E+0	196.617408752045780E-3	13.636886662323819E+0
38.000000000000028E+0	151.506841201191540E-3	12.913672729094253E+0
39.000000000000028E+0	145.137832164497240E-3	12.780356808318569E+0
40.000000000000028E+0	145.692778216080930E-3	12.789224853576156E+0
41.000000000000028E+0	103.581022561351820E-3	12.765201049073239E+0
42.000000000000028E+0	36.510445220256427E-3	12.915883877783759E+0
43.000000000000028E+0	99.408071326444150E-3	14.695761837522699E+0
44.000000000000028E+0	274.604064644626390E-3	14.748386054949940E+0
45.000000000000028E+0	331.044853282845160E-3	14.470786135278891E+0
46.000000000000028E+0	363.825888522318290E-3	13.755935828801096E+0
47.000000000000028E+0	216.849165938905630E-3	12.476114758804780E+0
48.000000000000028E+0	229.483647864899470E-3	10.309471880450419E+0
49.000000000000028E+0	173.364226370397200E-3	12.296712667859083E+0
50.000000000000028E+0	230.494294352452690E-3	12.887347008831599E+0
51.000000000000028E+0	165.147341527204700E-3	13.109153437736916E+0
52.000000000000028E+0	205.913864293787190E-3	13.407613491019845E+0
53.000000000000028E+0	221.531364930818760E-3	13.250138290192664E+0
54.000000000000028E+0	206.836222333761030E-3	12.996504916364763E+0
55.000000000000028E+0	153.692929266120330E-3	12.877509474511267E+0
56.000000000000028E+0	155.814339436489780E-3	12.797777689967974E+0
57.000000000000028E+0	145.841334054268800E-3	12.713326115977301E+0
58.000000000000028E+0	148.733217625462630E-3	12.405986411518974E+0
59.000000000000028E+0	119.798671089124430E-3	12.534620380357232E+0
60.000000000000028E+0	89.668311834910822E-3	13.009005400908800E+0
61.000000000000028E+0	89.937354321510496E-3	13.487210716755058E+0
62.000000000000028E+0	64.161285891103662E-3	13.446624341143258E+0
63.000000000000028E+0	87.044153943773364E-3	13.224954943168159E+0
64.000000000000028E+0	102.948381816999900E-3	13.727695502774493E+0
65.000000000000028E+0	124.692705019054550E-3	13.765805316234063E+0
66.000000000000028E+0	152.613776792925510E-3	13.642179978780412E+0
67.000000000000028E+0	189.805819196757960E-3	13.669294505269065E+0
68.000000000000028E+0	149.388755076990950E-3	13.723527475844140E+0
69.000000000000028E+0	169.707511585607600E-3	13.529526635077730E+0
70.000000000000028E+0	185.192230832142280E-3	13.413358571267405E+0
71.000000000000028E+0	204.809844406046880E-3	13.377437649546247E+0
72.000000000000028E+0	190.536881463371780E-3	13.592437782171606E+0
73.000000000000028E+0	193.422706476527320E-3	13.575006358108146E+0
74.000000000000028E+0	206.260526780818910E-3	13.565420449300840E+0
75.000000000000028E+0	216.807434592108470E-3	13.578255780164506E+0
76.000000000000028E+0	247.747423869109360E-3	13.450719540364227E+0
77.000000000000028E+0	337.632682860225740E-3	13.533945366816049E+0
78.000000000000028E+0	306.763403218452250E-3	13.528173619683061E+0
79.000000000000028E+0	324.731432269652510E-3	13.380056466951357E+0
80.000000000000028E+0	364.270939919316750E-3	13.252886304009618E+0
81.000000000000028E+0	416.291056720702160E-3	13.210037867225319E+0
82.000000000000028E+0	435.197840041414260E-3	13.127579229277579E+0
83.000000000000028E+0	448.236023653495070E-3	13.027587933932120E+0
84.000000000000028E+0	451.372411759457410E-3	12.837116792921231E+0
85.000000000000028E+0	505.004841677111020E-3	12.731308669156450E+0
86.000000000000028E+0	429.951977264193650E-3	12.722764238357751E+0
87.000000000000028E+0	401.780477943431640E-3	12.398745747603156E+0
88.000000000000028E+0	405.491131541112050E-3	12.396554379673953E+0
89.000000000000028E+0	385.359535268224640E-3	12.455401228833907E+0
90.000000000000028E+0	941.854200870297590E-3	12.912327138940645E+0
91.000000000000028E+0	241.930671591280430E-3	12.011501692341170E+0
92.000000000000028E+0	245.307131004171370E-3	12.286399404947851E+0
93.000000000000028E+0	259.511744991102190E-3	12.319700598502484E+0
94.000000000000028E+0	242.123155243851030E-3	12.197261881455374E+0
95.000000000000028E+0	224.924489224727130E-3	12.261117607114254E+0
96.000000000000028E+0	57.466159711401378E-3	12.770865265728943E+0
97.000000000000028E+0	88.993096761747881E-3	12.395065416192301E+0
98.000000000000028E+0	112.246193908490650E-3	12.684145552774671E+0
99.000000000000028E+0	118.511106713305060E-3	13.203472809613412E+0
100.000000000000030E+0	160.814028729536480E-3	13.327660744518175E+0
101.000000000000030E+0	207.393311826777700E-3	13.194997334833484E+0
102.000000000000030E+0	248.490947964962520E-3	13.010126919504847E+0
103.000000000000030E+0	398.564843233211120E-3	12.976184074353579E+0
104.000000000000030E+0	278.020519103885480E-3	13.112829323114807E+0
105.000000000000030E+0	264.961669309834110E-3	12.660018769461768E+0
106.000000000000030E+0	342.553877968075570E-3	12.779217316364868E+0
107.000000000000030E+0	325.330526042797440E-3	12.664868930231206E+0
108.000000000000030E+0	298.894993802103160E-3	12.527905803363742E+0
109.000000000000030E+0	443.878500364942420E-3	12.139119119430964E+0
110.000000000000030E+0	370.421276408118670E-3	12.839928991195110E+0
111.000000000000030E+0	333.632187468867910E-3	12.796978616575277E+0
112.000000000000030E+0	334.348573214815540E-3	12.776660079322992E+0
113.000000000000030E+0	460.088683970734050E-3	12.764556819038035E+0
114.000000000000030E+0	604.937470242724600E-3	13.375399909036117E+0
115.000000000000030E+0	312.056763446920240E-3	13.513217630566579E+0
116.000000000000030E+0	236.612201655608920E-3	13.087145811501111E+0
117.000000000000030E+0	272.867581304445660E-3	12.809657863399147E+0
118.000000000000030E+0	295.453349992528370E-3	12.882027708705493E+0
119.000000000000030E+0	361.847913016786040E-3	12.095188724694895E+0
120.000000000000030E+0	338.312599928270340E-3	12.477789699018459E+0
121.000000000000030E+0	310.775321295283570E-3	12.345635350854918E+0
122.000000000000030E+0	407.169166377758570E-3	12.007508301196658E+0
123.000000000000030E+0	347.738385019442820E-3	12.312404515155302E+0
124.000000000000030E+0	327.213567391159030E-3	12.007932937559957E+0
125.000000000000030E+0	328.845216016581400E-3	12.118398216141959E+0
126.000000000000030E+0	298.086397287117060E-3	12.066654553113397E+0
127.000000000000030E+0	281.104785366742220E-3	12.202893767416953E+0
128.000000000000030E+0	245.040312468560510E-3	12.314033699783062E+0
129.000000000000030E+0	266.777726558568850E-3	12.684815425182679E+0
130.000000000000030E+0	316.821440020121970E-3	12.894058824978638E+0
131.000000000000030E+0	388.221141424564540E-3	13.089923532611794E+0
132.000000000000030E+0	347.666731805250040E-3	13.671066017688469E+0
133.000000000000030E+0	238.565143432347470E-3	12.665718930955315E+0
134.000000000000030E+0	291.015767339061090E-3	12.586231566094048E+0
135.000000000000030E+0	364.720393966460050E-3	12.389925579592370E+0
136.000000000000030E+0	430.331680208767720E-3	12.313033315510630E+0
137.000000000000030E+0	563.897365905555500E-3	11.924843942645802E+0
138.000000000000030E+0	810.512977945673450E-3	12.707187656581629E+0
139.000000000000030E+0	644.836817741189840E-3	12.599003454288201E+0
140.000000000000030E+0	717.679394687614880E-3	12.477946809511208E+0
141.000000000000030E+0	850.674560500739750E-3	12.693890350055822E+0
142.000000000000030E+0	664.001238668297080E-3	12.883790576144532E+0
143.000000000000030E+0	546.472202693074840E-3	12.589678069148254E+0
144.000000000000030E+0	615.100777014383930E-3	12.375428000746840E+0
145.000000000000030E+0	730.999631701047980E-3	12.212728747936529E+0
146.000000000000030E+0	790.595533133490290E-3	12.041372621728719E+0
147.000000000000030E+0	1.227865344887858E+0	11.642046936583684E+0
148.000000000000030E+0	1.232157814231043E+0	12.125780115453631E+0
149.000000000000030E+0	1.016188669259035E+0	11.987053461609561E+0
150.000000000000030E+0	979.381462438568830E-3	11.734775363090016E+0
151.000000000000030E+0	1.114671217524888E+0	11.731954458897384E+0
152.000000000000030E+0	883.116839403110590E-3	11.728566135327105E+0
153.000000000000030E+0	670.789552412493610E-3	11.563239735659044E+0
154.000000000000030E+0	811.777858163320600E-3	11.384298594319725E+0
155.000000000000030E+0	582.139800757386030E-3	11.637654479645597E+0
156.000000000000030E+0	648.820574922895130E-3	10.416761172564765E+0
157.000000000000030E+0	796.259503635272650E-3	11.195429968503252E+0
158.000000000000030E+0	689.028505678638710E-3	11.381281357774613E+0
159.000000000000030E+0	581.478296853602310E-3	11.449641333190577E+0
160.000000000000030E+0	541.801682466500840E-3	11.695303404279853E+0
161.000000000000030E+0	417.309861827310060E-3	11.181291094605086E+0
162.000000000000030E+0	538.202444834707920E-3	11.371954433768327E+0
163.000000000000030E+0	529.011234468538590E-3	11.587054387414813E+0
164.000000000000030E+0	397.009565533976590E-3	11.611480808751601E+0
165.000000000000030E+0	442.855813494761000E-3	11.551275860839773E+0
166.000000000000030E+0	312.727082856555540E-3	11.285025203138675E+0
167.000000000000030E+0	566.884966519619280E-3	11.185911636279469E+0
168.000000000000030E+0	681.045211975655820E-3	11.276868333647174E+0
169.000000000000030E+0	932.729984969112640E-3	11.368592720433092E+0
170.000000000000030E+0	699.230190151097770E-3	11.733305055409009E+0
171.000000000000030E+0	717.883948426381700E-3	11.401613601318285E+0
172.000000000000030E+0	800.268127368064410E-3	11.317319573305914E+0
173.000000000000030E+0	838.985707746019770E-3	11.223037057258116E+0
174.000000000000030E+0	828.871919114476440E-3	11.255622986325195E+0
175.000000000000030E+0	731.762364681498020E-3	11.145879502046803E+0
176.000000000000030E+0	759.489822877905900E-3	11.044587762873038E+0
177.000000000000030E+0	816.033570623576290E-3	11.087279572082892E+0
178.000000000000030E+0	726.373514142277690E-3	11.077377821329888E+0
179.000000000000030E+0	1.076862479097658E+0	10.928813803213393E+0
180.000000000000030E+0	637.550512072649460E-3	11.402103928763033E+0
181.000000000000030E+0	673.310059950588460E-3	11.173533447382832E+0
182.000000000000030E+0	754.117027499700110E-3	11.176196815919445E+0
183.000000000000030E+0	721.596441977456870E-3	11.141460914788521E+0
184.000000000000030E+0	863.868197549940710E-3	11.081609526793123E+0
185.000000000000030E+0	828.829355870675410E-3	11.224597069993081E+0
186.000000000000030E+0	780.819014491293090E-3	11.163166147792396E+0
187.000000000000030E+0	801.002098214239290E-3	11.027622922062559E+0
188.000000000000030E+0	911.958100882703570E-3	11.015777988948708E+0
189.000000000000030E+0	836.801265015171050E-3	11.035101840989569E+0
190.000000000000030E+0	804.664257082809420E-3	10.893477872183249E+0
191.000000000000030E+0	877.149246420697250E-3	10.756343262756848E+0
192.000000000000030E+0	1.029844577873286E+0	10.713764551411879E+0
193.000000000000030E+0	982.368428871355450E-3	10.799410481243399E+0
194.000000000000030E+0	858.578682739958850E-3	10.684331462025018E+0
195.000000000000030E+0	829.265193708016990E-3	10.603245363306712E+0
196.000000000000030E+0	820.147019927165880E-3	10.515620186208988E+0
197.000000000000030E+0	857.776187543128340E-3	10.444807473439649E+0
198.000000000000030E+0	1.013376489093810E+0	10.499252348301063E+0
199.000000000000030E+0	852.323739811688070E-3	10.457457530814109E+0
200.000000000000030E+0	828.754549963742760E-3	10.413114872758168E+0
201.000000000000030E+0	759.845185602630700E-3	10.434474607354844E+0
202.000000000000030E+0	692.297839062597670E-3	10.252628097526330E+0
203.000000000000030E+0	820.316386005367600E-3	10.056164155903954E+0
204.000000000000030E+0	864.714213062968580E-3	10.072765274808210E+0
205.000000000000030E+0	928.888942193877960E-3	10.013279235345921E+0
206.000000000000030E+0	850.634564172034760E-3	10.079352789405075E+0
207.000000000000030E+0	746.918553856643850E-3	9.866211827852247E+0
208.000000000000030E+0	1.001703808121136E+0	9.777525468493991E+0
209.000000000000030E+0	899.554063281943980E-3	9.729359120436403E+0
210.000000000000030E+0	841.136169207799770E-3	9.541714079962752E+0
211.000000000000030E+0	886.137811797825360E-3	9.414455730173319E+0
212.000000000000030E+0	712.719231312903820E-3	9.444591389035713E+0
213.000000000000030E+0	507.869000014916860E-3	9.276998831091662E+0
214.000000000000030E+0	448.229748810050290E-3	8.814156635078836E+0
215.000000000000030E+0	385.320574970282270E-3	8.727610858780896E+0
216.000000000000030E+0	335.713192133096030E-3	8.640499733469740E+0
217.000000000000030E+0	479.597156130352030E-3	9.027872420387066E+0
218.000000000000030E+0	366.436447236951120E-3	9.455580659043758E+0
219.000000000000030E+0	279.867452326048260E-3	9.723097437451296E+0
220.000000000000030E+0	174.155491840504800E-3	9.624543826575835E+0
221.000000000000030E+0	156.325792436519090E-3	9.371651322795534E+0
222.000000000000030E+0	168.993039417850460E-3	8.952003770642019E+0
223.000000000000030E+0	151.568724562541610E-3	8.868647219905871E+0
224.000000000000030E+0	160.102363712540110E-3	8.735029461346519E+0
225.000000000000030E+0	122.182778140528440E-3	9.372739383285893E+0
226.000000000000030E+0	101.503974010097230E-3	9.875935190043483E+0
227.000000000000030E+0	103.447761884096390E-3	10.015684049380546E+0
228.000000000000030E+0	134.395281327175570E-3	10.288939033646766E+0
229.000000000000030E+0	160.310897562036200E-3	10.474633054577831E+0
230.000000000000030E+0	168.740099250340230E-3	10.620933967134464E+0
231.000000000000030E+0	177.473104954171040E-3	10.542402183779011E+0
232.000000000000030E+0	221.317809136163390E-3	10.420326888974458E+0
233.000000000000030E+0	299.315962963412060E-3	10.335330875353085E+0
234.000000000000030E+0	337.176696346013720E-3	10.345868551351733E+0
235.000000000000030E+0	356.148679778706350E-3	10.236626272768760E+0
236.000000000000030E+0	400.060342406264420E-3	10.099583386505405E+0
237.000000000000030E+0	428.362685457338080E-3	10.116519332787732E+0
238.000000000000030E+0	404.236255508348520E-3	10.116366735883084E+0
239.000000000000030E+0	412.650292438807410E-3	10.138086602248615E+0
240.000000000000030E+0	303.881736747315110E-3	10.294727708071029E+0
241.000000000000030E+0	297.898980686645390E-3	10.045768768292401E+0
242.000000000000030E+0	309.523427893516610E-3	10.024396772010613E+0
243.000000000000030E+0	287.239850674146200E-3	10.172210714635924E+0
244.000000000000030E+0	258.144985107187810E-3	10.080875133079346E+0
245.000000000000030E+0	260.318926761494540E-3	10.286354479946910E+0
246.000000000000030E+0	166.378168351740570E-3	9.990380876036193E+0
247.000000000000030E+0	193.029448569277950E-3	9.756097259249216E+0
248.000000000000030E+0	235.738373290611870E-3	9.604096322767015E+0
249.000000000000030E+0	320.012608651301820E-3	9.633676252157734E+0
250.000000000000030E+0	282.512482084450620E-3	9.935898089388090E+0
251.000000000000030E+0	262.629163376545850E-3	9.883042302700861E+0
252.000000000000030E+0	277.965544579218460E-3	9.912953815649431E+0
253.000000000000030E+0	271.169634802312650E-3	10.097929758567783E+0
254.000000000000030E+0	243.158330922392310E-3	10.395938009165981E+0
255.000000000000030E+0	130.848322623275810E-3	10.648846650641646E+0
256.000000000000060E+0	111.996949915311100E-3	9.303255632787398E+0
257.000000000000060E+0	188.859720251496530E-3	9.465991110564069E+0
258.000000000000060E+0	212.526562403236970E-3	9.381426322726327E+0
259.000000000000060E+0	264.402750062215530E-3	9.618661493358092E+0
260.000000000000060E+0	255.410505276051520E-3	9.581661448341320E+0
261.000000000000060E+0	277.411078755748890E-3	9.700114746864735E+0
262.000000000000060E+0	201.317745496047110E-3	9.656417185932581E+0
263.000000000000060E+0	245.016543317369550E-3	9.472862770403509E+0
264.000000000000060E+0	250.203718116892350E-3	9.627171034859222E+0
265.000000000000060E+0	227.875943476939570E-3	9.592316705966482E+0
266.000000000000060E+0	193.292062915818160E-3	9.591446461986834E+0
267.000000000000060E+0	161.169226484989100E-3	9.188388638454494E+0
268.000000000000060E+0	361.813560432153900E-3	9.086533443729355E+0
269.000000000000060E+0	240.175220329493460E-3	9.726157442349050E+0
270.000000000000060E+0	176.190355278959820E-3	9.377028629497143E+0
271.000000000000060E+0	152.441649620828850E-3	9.399675343414705E+0
272.000000000000060E+0	174.351007831354820E-3	8.431041360537352E+0
273.000000000000060E+0	215.315418545005220E-3	8.709187581402480E+0
274.000000000000060E+0	132.787571066024870E-3	8.789300093621776E+0
275.000000000000060E+0	116.526491049261230E-3	8.658833389999630E+0
276.000000000000060E+0	56.853342737743506E-3	8.115546340594168E+0
277.000000000000060E+0	260.896328933546470E-3	7.916163565554048E+0
278.000000000000060E+0	199.093396556566020E-3	10.014083703868019E+0
279.000000000000060E+0	145.100829917787030E-3	10.725661214461711E+0
280.000000000000060E+0	152.085890233899430E-3	11.229983766509321E+0
281.000000000000060E+0	200.073912256350790E-3	11.715695179659649E+0
282.000000000000060E+0	152.266115239926860E-3	12.264324981765332E+0
283.000000000000060E+0	174.579612315088670E-3	11.882459152825062E+0
284.000000000000060E+0	267.299959473068620E-3	12.187904562960728E+0
285.000000000000060E+0	138.102886025361220E-3	12.427876250404889E+0
286.000000000000060E+0	113.651446321606180E-3	12.258893302048197E+0
287.000000000000060E+0	186.872896226401190E-3	9.498351880463268E+0
288.000000000000060E+0	282.147564146554950E-3	10.729503136681627E+0
289.000000000000060E+0	318.588431562255860E-3	10.730088846243586E+0
290.000000000000060E+0	431.849021930318600E-3	10.616493980154944E+0
291.000000000000060E+0	434.303127740890860E-3	10.784113500776010E+0
292.000000000000060E+0	464.108480839185320E-3	10.652810923826594E+0
293.000000000000060E+0	448.443976157281270E-3	10.654439452258876E+0
294.000000000000060E+0	379.863880424213650E-3	10.469754609365513E+0
295.000000000000060E+0	352.230318186190220E-3	10.137743296599249E+0
296.000000000000060E+0	431.160120752289990E-3	9.849893385295704E+0
297.000000000000060E+0	514.055771129731330E-3	9.878229332969443E+0
298.000000000000060E+0	467.945103843881490E-3	9.840922030388858E+0
299.000000000000060E+0	457.452107100272560E-3	9.753410958929059E+0
300.000000000000060E+0	430.279529927296070E-3	9.771652208482328E+0
301.000000000000060E+0	348.564485973034580E-3	9.674313938777752E+0
302.000000000000060E+0	293.475566157347050E-3	9.565408793248702E+0
303.000000000000060E+0	233.393808262652690E-3	9.135045794406437E+0
304.000000000000060E+0	313.142822697901610E-3	9.291801928489321E+0
305.000000000000060E+0	270.518159191398430E-3	9.137851599199831E+0
306.000000000000060E+0	380.637251546970090E-3	9.333487007475524E+0
307.000000000000060E+0	329.762184058122850E-3	9.490361435375902E+0
308.000000000000060E+0	308.905198236711200E-3	9.525470611424666E+0
309.000000000000060E+0	267.386047315505910E-3	9.597951452660597E+0
310.000000000000060E+0	174.622134897760490E-3	9.005229803151941E+0
311.000000000000060E+0	187.242313208783540E-3	8.796418021520662E+0
312.000000000000060E+0	165.299140396318430E-3	8.623998290121662E+0
313.000000000000060E+0	163.070670998774310E-3	8.307303514254338E+0
314.000000000000060E+0	139.476035381585010E-3	8.838913722935329E+0
315.000000000000060E+0	116.311549874251230E-3	9.032726244428199E+0
316.000000000000060E+0	136.346392857995070E-3	9.502198072256450E+0
317.000000000000060E+0	116.685707703304890E-3	9.536281842864085E+0
318.000000000000060E+0	127.419092108264580E-3	9.628206142388766E+0
319.000000000000060E+0	130.728873488999700E-3	10.197276797122207E+0
320.000000000000060E+0	100.591067744182360E-3	9.726127803929739E+0
321.000000000000060E+0	135.305565760576450E-3	9.636602305748168E+0
322.000000000000060E+0	170.379026320653520E-3	9.658739750963571E+0
323.000000000000060E+0	212.757879997233720E-3	9.682068740877408E+0
324.000000000000060E+0	268.593682250786500E-3	9.888323082151876E+0
325.000000000000060E+0	198.101734163747820E-3	9.972882062087834E+0
326.000000000000060E+0	201.944576568061890E-3	9.785091463834480E+0
327.000000000000060E+0	200.311351195702900E-3	9.716156033485127E+0
328.000000000000060E+0	209.408354058004260E-3	9.556370346411452E+0
329.000000000000060E+0	236.766881962684830E-3	9.465347762669982E+0
330.000000000000060E+0	245.811225862439230E-3	9.441860416830359E+0
331.000000000000060E+0	265.952975582820720E-3	9.374145962113111E+0
332.000000000000060E+0	288.990647231488100E-3	9.422212136748602E+0
333.000000000000060E+0	271.344922969773360E-3	9.340236359459777E+0
334.000000000000060E+0	284.013431744299990E-3	9.204865423944868E+0
335.000000000000060E+0	292.818124925618710E-3	9.065664818539721E+0
336.000000000000060E+0	328.063645296655100E-3	8.877503524453937E+0
337.000000000000060E+0	371.284187177841450E-3	8.806253002393760E+0
338.000000000000060E+0	309.723840366838090E-3	8.702762512330031E+0
339.000000000000060E+0	310.560734922430530E-3	8.434071590638839E+0
340.000000000000060E+0	325.073951983489370E-3	8.213509842871005E+0
341.000000000000060E+0	305.228002335761580E-3	8.044812884083180E+0
342.000000000000060E+0	294.733408702607450E-3	7.642330013379763E+0
343.000000000000060E+0	335.634338625105000E-3	7.647506458532061E+0
344.000000000000060E+0	249.403200469693750E-3	7.616698470883606E+0
345.000000000000060E+0	169.375119430898830E-3	7.535645025855731E+0
346.000000000000060E+0	117.106807287457290E-3	6.952788471838265E+0
347.000000000000060E+0	131.102374267349610E-3	6.389215826301663E+0
348.000000000000060E+0	142.526700918575280E-3	6.842975713969079E+0
349.000000000000060E+0	87.950869449375621E-3	6.609808035680766E+0
350.000000000000060E+0	128.568583992352270E-3	6.260032774259827E+0
351.000000000000060E+0	171.014378265453990E-3	7.086749449346595E+0
352.000000000000060E+0	68.752121817373460E-3	7.876989725957371E+0
353.000000000000060E+0	18.141262041869284E-3	5.293122669445633E+0
354.000000000000060E+0	61.688094512239902E-3	5.744479983672274E+0
355.000000000000060E+0	72.656590632168977E-3	6.165627850288503E+0
356.000000000000060E+0	118.350461698082230E-3	5.894410093345133E+0
357.000000000000060E+0	181.854915837055870E-3	6.587226184025677E+0
358.000000000000060E+0	147.515432784616820E-3	6.884052082955662E+0
359.000000000000060E+0	93.057438332444897E-3	7.071679004639103E+0
360.000000000000060E+0	55.278722226914365E-3	7.012359684444071E+0
361.000000000000060E+0	115.976460953157490E-3	4.855260855336350E+0
362.000000000000060E+0	150.157228010041640E-3	5.327418734814797E+0
363.000000000000060E+0	244.132796626343270E-3	5.293506754903014E+0
364.000000000000060E+0	348.186007431734330E-3	5.771490169894488E+0
365.000000000000060E+0	397.625891572155720E-3	5.992244270729316E+0
366.000000000000060E+0	451.797470933654520E-3	6.627705322087066E+0
367.000000000000060E+0	227.435969350038740E-3	6.945831240058414E+0
368.000000000000060E+0	154.911698177882360E-3	6.566067045162074E+0
369.000000000000060E+0	44.074771088886223E-3	6.852652789615240E+0
370.000000000000060E+0	322.309236724071470E-3	4.328339229338338E+0
371.000000000000060E+0	703.513870034654600E-3	5.005989097389889E+0
372.000000000000060E+0	759.641835469874960E-3	5.266284196067147E+0
373.000000000000060E+0	859.227599406057860E-3	5.253309509346438E+0
374.000000000000060E+0	909.273232481912610E-3	5.580108607988477E+0
375.000000000000060E+0	748.816951637839120E-3	5.636270520567831E+0
376.000000000000060E+0	445.723765448581280E-3	5.696377606139103E+0
377.000000000000060E+0	314.942481840522150E-3	4.843539036506622E+0
378.000000000000060E+0	457.905238220791930E-3	4.510440373493196E+0
379.000000000000060E+0	580.333770770444230E-3	4.269148415776139E+0
380.000000000000060E+0	849.891097195764610E-3	4.582575764667332E+0
381.000000000000060E+0	814.992240064510760E-3	4.505400384064520E+0
382.000000000000060E+0	997.513534627653130E-3	4.484034372608630E+0
383.000000000000060E+0	959.302354943684650E-3	4.609819046253731E+0
384.000000000000060E+0	822.167172387239690E-3	4.666513058822209E+0
385.000000000000060E+0	557.499069334379540E-3	4.114571294141318E+0
386.000000000000060E+0	728.014844387530610E-3	3.850331294350346E+0
387.000000000000060E+0	884.351181250191300E-3	3.808257312434263E+0
388.000000000000060E+0	874.909851468528290E-3	3.792697662312010E+0
389.000000000000060E+0	1.063867156071317E+0	3.976844746234724E+0
390.000000000000060E+0	721.694692194909340E-3	4.185820104285935E+0
391.000000000000060E+0	625.276853624514350E-3	4.032262157526964E+0
392.000000000000060E+0	545.096143893380350E-3	3.970523783027097E+0
393.000000000000060E+0	591.365351978980210E-3	3.495646749727995E+0
394.000000000000060E+0	688.608221374348520E-3	3.557575943005063E+0
395.000000000000060E+0	762.400348675294490E-3	3.548569444854285E+0
396.000000000000060E+0	787.140028653343980E-3	3.602984283025603E+0
397.000000000000060E+0	872.620519276784080E-3	3.621640922772029E+0
398.000000000000060E+0	1.038969644358639E+0	3.860563653107336E+0
399.000000000000060E+0	657.210807053545290E-3	3.946315949548291E+0
400.000000000000060E+0	631.878371631827700E-3	3.697083178390283E+0
401.000000000000060E+0	664.955068143269660E-3	3.541983919099861E+0
402.000000000000060E+0	700.095013219816930E-3	3.462884258681505E+0
403.000000000000060E+0	879.829376643285420E-3	3.167764094650641E+0
404.000000000000060E+0	985.585877563507460E-3	3.318698614011861E+0
405.000000000000060E+0	1.068300821672000E+0	3.237364760398082E+0
406.000000000000060E+0	1.001318439460739E+0	3.360753096770319E+0
407.000000000000060E+0	972.706416956059080E-3	3.296675798027422E+0
408.000000000000060E+0	746.620070762459840E-3	3.422538106038457E+0
409.000000000000060E+0	729.195116882623620E-3	3.086588904231238E+0
410.000000000000060E+0	759.262888324673370E-3	2.987204316315061E+0
411.000000000000060E+0	820.021790724666630E-3	2.878778537819799E+0
412.000000000000060E+0	953.669676403484880E-3	2.916663692452688E+0
413.000000000000060E+0	980.593427846299880E-3	2.950512589295797E+0
414.000000000000060E+0	982.938385912643040E-3	2.987889745750637E+0
415.000000000000060E+0	925.279223999520450E-3	2.976158269789999E+0
416.000000000000060E+0	901.247677452729930E-3	2.904334601663493E+0
417.000000000000060E+0	833.414112156137590E-3	2.753986482331463E+0
418.000000000000060E+0	916.289733138633380E-3	2.605291952949529E+0
419.000000000000060E+0	1.048391893924332E+0	2.541368996675117E+0
420.000000000000060E+0	1.098370038611853E+0	2.525019282929896E+0
421.000000000000060E+0	1.294724207538337E+0	2.513810189200233E+0
422.000000000000060E+0	1.109611270594278E+0	2.526588086299516E+0
423.000000000000060E+0	1.119794481626578E+0	2.429214421881800E+0
424.000000000000060E+0	1.102658945187677E+0	2.374543099678964E+0
425.000000000000060E+0	1.041992580762026E+0	2.236123240467209E+0
426.000000000000060E+0	1.075503422136834E+0	2.007609519383478E+0
427.000000000000060E+0	1.293774557183284E+0	2.013798039501737E+0
428.000000000000060E+0	1.194716338145186E+0	1.901331400196979E+0
429.000000000000060E+0	1.222017971628339E+0	1.720036243528245E+0
430.000000000000060E+0	1.342033144834295E+0	1.649407753519558E+0
431.000000000000060E+0	1.280674989835817E+0	1.723053181131470E+0
432.000000000000060E+0	1.056154168169147E+0	1.520492201261139E+0
433.000000000000060E+0	946.372497053009960E-3	1.273515412121928E+0
434.000000000000060E+0	942.825041452849730E-3	1.000186422566685E+0
435.000000000000060E+0	886.014781698535540E-3	866.889609825710280E-3
436.000000000000060E+0	908.192197791086180E-3	829.568981344598440E-3
437.000000000000060E+0	741.354447338651860E-3	922.128342158270770E-3
438.000000000000060E+0	536.438363132307310E-3	832.745283831003320E-3
439.000000000000060E+0	475.984112701286710E-3	776.150740212083300E-3
440.000000000000060E+0	426.749693618543370E-3	1.289010984798634E+0
441.000000000000060E+0	388.549802804687260E-3	1.204272588154557E+0
442.000000000000060E+0	487.278753845516550E-3	1.416396148877396E+0
443.000000000000060E+0	530.503085225382480E-3	1.568368011685096E+0
444.000000000000060E+0	554.526229316796850E-3	1.478605419452707E+0
445.000000000000060E+0	683.166223733433720E-3	1.265188475139344E+0
446.000000000000060E+0	802.231313201087430E-3	1.177005730894992E+0
447.000000000000060E+0	872.459624196274650E-3	1.034261735533714E+0
448.000000000000060E+0	891.512834414191160E-3	927.105582260579370E-3
449.000000000000060E+0	866.864477960346820E-3	802.384453374819120E-3
450.000000000000060E+0	888.617155009871820E-3	621.354578415496350E-3
451.000000000000060E+0	849.707614059755480E-3	534.592555566044010E-3
452.000000000000060E+0	839.828417596168110E-3	375.424336466281590E-3
453.000000000000060E+0	840.122641325193100E-3	359.740393787136130E-3
454.000000000000060E+0	783.487727121863870E-3	199.812533429334190E-3
455.000000000000060E+0	787.639213237468990E-3	112.515594713422720E-3
456.000000000000060E+0	798.773147338273090E-3	28.526198022666278E-3
457.000000000000060E+0	802.059926476096360E-3	-27.044701994590636E-3
458.000000000000060E+0	778.671837352204020E-3	-121.528105459719230E-3
459.000000000000060E+0	859.019918424412940E-3	-157.567653487792500E-3
460.000000000000060E+0	807.718407503735140E-3	-274.642946389303310E-3
461.000000000000060E+0	860.736073290042310E-3	-349.271912660799930E-3
462.000000000000060E+0	850.864334850342630E-3	-431.614602450183070E-3
463.000000000000060E+0	827.611726771952490E-3	-505.063895316154700E-3
464.000000000000060E+0	856.277692678779180E-3	-693.968901876934160E-3
465.000000000000060E+0	948.281485790378520E-3	-822.921503070396580E-3
466.000000000000060E+0	1.054147771185659E+0	-856.598967119985620E-3
467.000000000000060E+0	965.747003739092280E-3	-940.616509733703030E-3
468.000000000000060E+0	1.007761803822105E+0	-1.106935197598628E+0
469.000000000000060E+0	932.103935361675020E-3	-1.180608726175118E+0
470.000000000000060E+0	908.544559796850340E-3	-1.434041377821581E+0
471.000000000000060E+0	935.085695077181640E-3	-1.640437016961280E+0
472.000000000000060E+0	1.013499454504112E+0	-1.658638718231212E+0
473.000000000000060E+0	829.270921097204460E-3	-1.803676234080839E+0
474.000000000000060E+0	761.466701629055280E-3	-1.956144357970893E+0
475.000000000000060E+0	730.944641577858210E-3	-2.019299700172415E+0
476.000000000000060E+0	675.776423921589990E-3	-2.041661787102040E+0
477.000000000000060E+0	646.263754133652000E-3	-2.098640656572587E+0
478.000000000000060E+0	678.678717360295840E-3	-2.075710141461306E+0
479.000000000000060E+0	592.663706619642520E-3	-2.174131326250229E+0
480.000000000000060E+0	631.456819818298040E-3	-2.364376640196998E+0
481.000000000000060E+0	654.037670142974540E-3	-2.419390084430260E+0
482.000000000000060E+0	688.986904906209400E-3	-2.392926685496333E+0
483.000000000000060E+0	597.406311805358970E-3	-2.446381293380819E+0
484.000000000000060E+0	555.605356488570570E-3	-2.549555537425619E+0
485.000000000000060E+0	566.952073546489910E-3	-2.607442995074874E+0
486.000000000000060E+0	509.129298600169420E-3	-2.701500139013418E+0
487.000000000000060E+0	539.047246457625690E-3	-2.792464922464438E+0
488.000000000000060E+0	506.898031543694840E-3	-2.731670987309785E+0
489.000000000000060E+0	465.732895090767870E-3	-2.756877855340329E+0
490.000000000000060E+0	439.328537615772060E-3	-2.848740745182278E+0
491.000000000000060E+0	452.450414979859830E-3	-2.850055335569385E+0
492.000000000000060E+0	414.226455259154910E-3	-2.879834973771045E+0
493.000000000000060E+0	408.947695710748070E-3	-2.945445156148616E+0
494.000000000000060E+0	409.877294474625120E-3	-2.946872593567878E+0
495.000000000000060E+0	380.032370568898710E-3	-2.926219876916816E+0
496.000000000000060E+0	370.807250461289260E-3	-2.972020019286850E+0
497.000000000000060E+0	338.299603197218470E-3	-3.020426778874725E+0
498.000000000000060E+0	353.775715895595370E-3	-3.085873618715506E+0
499.000000000000060E+0	361.903248975387230E-3	-3.075757310557046E+0
500.000000000000060E+0	363.966970298316370E-3	-2.967709026586625E+0
501.000000000000060E+0	274.119388646063780E-3	-3.132430290076905E+0
502.000000000000060E+0	304.434164592762120E-3	-3.206607318244902E+0
503.000000000000060E+0	314.037545625590890E-3	-3.202393912850455E+0
504.000000000000060E+0	305.073596896592470E-3	-3.228266676136863E+0
505.000000000000060E+0	321.403661334616730E-3	-3.260963059248972E+0
506.000000000000060E+0	306.206700525732960E-3	-3.044810202379640E+0
507.000000000000060E+0	265.913256300443210E-3	-3.181931098421550E+0
508.000000000000060E+0	270.945578148159840E-3	-3.187759952726457E+0
509.000000000000060E+0	231.290656649053820E-3	-3.159614832060665E+0
510.000000000000060E+0	203.527850755666650E-3	-3.423959248052680E+0
511.000000000000060E+0	233.277521508448690E-3	-3.302775496555335E+0
512.000000000000110E+0	214.591262294894640E-3	-3.289800136370089E+0
513.000000000000110E+0	224.433728643281320E-3	-3.324094890324520E+0
514.000000000000110E+0	247.365987031986120E-3	-3.047354634116652E+0
515.000000000000110E+0	186.475837877915380E-3	-2.716877013000283E+0
516.000000000000110E+0	148.734704673152560E-3	-2.893482669620744E+0
517.000000000000110E+0	198.253311319659340E-3	-2.747837372919712E+0
518.000000000000110E+0	236.555148092763570E-3	-2.590559249736579E+0
519.000000000000110E+0	351.380869041605040E-3	-2.198080867764151E+0
520.000000000000110E+0	251.171779011029550E-3	-2.259888368153387E+0
521.000000000000110E+0	326.029946324976780E-3	-2.569863625758265E+0
522.000000000000110E+0	461.283141346216780E-3	-2.661835980334244E+0
523.000000000000110E+0	577.035405385434630E-3	-2.588771367574402E+0
524.000000000000110E+0	591.405348006487920E-3	-2.577981622102529E+0
525.000000000000110E+0	521.939973519832010E-3	-2.691573313392404E+0
526.000000000000110E+0	557.314503955527400E-3	-2.905262250305940E+0
527.000000000000110E+0	624.736508227881960E-3	-2.969572929058758E+0
528.000000000000110E+0	605.432467613420400E-3	-3.106981251333051E+0
529.000000000000110E+0	679.548445823726750E-3	-3.079562026981706E+0
530.000000000000110E+0	591.335336579448370E-3	-3.194340704130242E+0
531.000000000000110E+0	596.353066933851150E-3	-3.269356557679515E+0
532.000000000000110E+0	586.062254707765630E-3	-3.174352892053035E+0
533.000000000000110E+0	497.075394493498580E-3	-3.335200830758920E+0
534.000000000000110E+0	508.773015933459800E-3	-3.387015192951875E+0
535.000000000000110E+0	471.675195779370730E-3	-3.439975643867717E+0
536.000000000000110E+0	477.017128461924730E-3	-3.517197085609639E+0
537.000000000000110E+0	482.375506051326120E-3	-3.502984004096090E+0
538.000000000000110E+0	472.128497668739490E-3	-3.459099565787814E+0
539.000000000000110E+0	419.243945383686030E-3	-3.482896571005313E+0
540.000000000000110E+0	399.993859021024800E-3	-3.588685466430499E+0
541.000000000000110E+0	446.567248387068570E-3	-3.649144934334403E+0
542.000000000000110E+0	481.546480893730870E-3	-3.368433657818547E+0
543.000000000000110E+0	328.714499831094630E-3	-3.583196914821424E+0
544.000000000000110E+0	367.015854968190060E-3	-3.696533618006857E+0
545.000000000000110E+0	395.991848653352410E-3	-3.606059195266448E+0
546.000000000000110E+0	352.479517387064010E-3	-3.659451755591238E+0
547.000000000000110E+0	429.380705037676500E-3	-3.786409397311381E+0
548.000000000000110E+0	426.140005189893980E-3	-3.552793021821089E+0
549.000000000000110E+0	409.896054530391300E-3	-3.594327723683515E+0
550.000000000000110E+0	420.788351422306470E-3	-3.555991309892591E+0
551.000000000000110E+0	341.512684197996740E-3	-3.463755687806660E+0
552.000000000000110E+0	365.427838686412760E-3	-3.753010717678415E+0
553.000000000000110E+0	413.395349548606350E-3	-3.686161329550431E+0
554.000000000000110E+0	410.590985599260720E-3	-3.653419963305526E+0
555.000000000000110E+0	415.940513294606070E-3	-3.665081373473088E+0
556.000000000000110E+0	435.880085686187140E-3	-3.649291407513565E+0
557.000000000000110E+0	423.378686567429110E-3	-3.587307322186132E+0
558.000000000000110E+0	421.624815053675270E-3	-3.613644397369217E+0
559.000000000000110E+0	423.113966905874380E-3	-3.632478805447673E+0
560.000000000000110E+0	442.410785870967050E-3	-3.675852469998400E+0
561.000000000000110E+0	490.853747152188440E-3	-3.573781570026344E+0
562.000000000000110E+0	441.795320790523420E-3	-3.623690679802726E+0
563.000000000000110E+0	444.547337350701570E-3	-3.687595519131869E+0
564.000000000000110E+0	485.248335749217440E-3	-3.763105699868701E+0
565.000000000000110E+0	523.506012926109540E-3	-3.730380473871465E+0
566.000000000000110E+0	537.308589434031040E-3	-3.627395543318706E+0
567.000000000000110E+0	489.630145236239820E-3	-3.652796513918553E+0
568.000000000000110E+0	481.321035038461580E-3	-3.697453782478124E+0
569.000000000000110E+0	492.954238815520810E-3	-3.773470260751289E+0
570.000000000000110E+0	552.120178045372170E-3	-3.827066609355644E+0
571.000000000000110E+0	548.229939978628790E-3	-3.711078844001833E+0
572.000000000000110E+0	543.109854864560980E-3	-3.749705035093411E+0
573.000000000000110E+0	531.460185609377470E-3	-3.754910529077325E+0
574.000000000000110E+0	547.291320306703690E-3	-3.930310879999302E+0
575.000000000000110E+0	643.594364019254070E-3	-3.898091358536057E+0
576.000000000000110E+0	700.203259579306400E-3	-3.779035945224680E+0
577.000000000000110E+0	628.307812600915840E-3	-3.767845794949201E+0
578.000000000000110E+0	622.241990997930980E-3	-3.846899820912675E+0
579.000000000000110E+0	621.514273789598890E-3	-3.971693987206675E+0
580.000000000000110E+0	766.211859579439940E-3	-4.017888782913871E+0
581.000000000000110E+0	762.855413132516480E-3	-4.017832095757394E+0
582.000000000000110E+0	812.449232097860350E-3	-4.078791237661115E+0
583.000000000000110E+0	857.554534602691260E-3	-4.062644837102146E+0
584.000000000000110E+0	841.993716896713760E-3	-4.130254969876287E+0
585.000000000000110E+0	901.142670148970430E-3	-4.211209802942949E+0
586.000000000000110E+0	932.206767824141020E-3	-4.256636738090240E+0
587.000000000000110E+0	892.396814214468040E-3	-4.271454210279327E+0
588.000000000000110E+0	810.418267201252870E-3	-4.435832875511156E+0
589.000000000000110E+0	734.280348482657770E-3	-4.861305431232027E+0
590.000000000000110E+0	1.000767703378280E+0	-4.781402479722145E+0
591.000000000000110E+0	959.020182570540560E-3	-4.845404627281960E+0
592.000000000000110E+0	942.171763610917150E-3	-4.868829254865982E+0
593.000000000000110E+0	712.205915004563870E-3	-4.798532663339482E+0
594.000000000000110E+0	585.605003296639670E-3	-5.069157621177175E+0
595.000000000000110E+0	655.265481788005480E-3	-5.163219081403623E+0
596.000000000000110E+0	644.645094971371350E-3	-5.084095220991927E+0
597.000000000000110E+0	592.665411737873460E-3	-5.034820604483901E+0
598.000000000000110E+0	425.888567709159230E-3	-5.138275966154183E+0
599.000000000000110E+0	616.508556628395880E-3	-5.474946154037561E+0
600.000000000000110E+0	628.403170551276810E-3	-5.436439094282021E+0
601.000000000000110E+0	623.110397656668980E-3	-5.461292147713708E+0
602.000000000000110E+0	656.452677745529070E-3	-5.339030546093036E+0
603.000000000000110E+0	297.078648283072180E-3	-5.445997162134223E+0
604.000000000000110E+0	313.885097797397760E-3	-5.855790556876630E+0
605.000000000000110E+0	281.902600536651560E-3	-6.003437046019187E+0
606.000000000000110E+0	281.223571689137750E-3	-5.953520047469620E+0
607.000000000000110E+0	209.135243900759240E-3	-5.838640469842204E+0
608.000000000000110E+0	242.177781016299860E-3	-5.818552396632375E+0
609.000000000000110E+0	153.388749490792980E-3	-5.349230975175230E+0
610.000000000000110E+0	115.633901127735760E-3	-5.114943044356512E+0
611.000000000000110E+0	94.286067571726070E-3	-5.030824919239667E+0
612.000000000000110E+0	102.312324702366200E-3	-4.829815349814318E+0
613.000000000000110E+0	131.313746341219510E-3	-4.544456064247676E+0
614.000000000000110E+0	133.660259830750890E-3	-4.210230429078406E+0
615.000000000000110E+0	123.337808825123420E-3	-4.104658975264337E+0
616.000000000000110E+0	120.618011513133870E-3	-4.216216492530381E+0
617.000000000000110E+0	192.032605983604530E-3	-4.421988755227123E+0
618.000000000000110E+0	228.250754965440260E-3	-4.018720569963136E+0
619.000000000000110E+0	225.860225870688800E-3	-3.940314418425512E+0
620.000000000000110E+0	242.936237985084760E-3	-3.901643523347225E+0
621.000000000000110E+0	238.322237065780680E-3	-3.897368173532723E+0
622.000000000000110E+0	294.484204225518130E-3	-3.965445958361864E+0
623.000000000000110E+0	322.121985007173150E-3	-3.958248953258490E+0
624.000000000000110E+0	366.551344623646580E-3	-3.978485324739540E+0
625.000000000000110E+0	402.828100473496870E-3	-3.925443441580772E+0
626.000000000000110E+0	399.930019490570660E-3	-3.921154711324590E+0
627.000000000000110E+0	441.482775603736220E-3	-4.074187849390045E+0
628.000000000000110E+0	490.107975508691010E-3	-4.054668691944432E+0
629.000000000000110E+0	538.657439439288570E-3	-4.055906065838103E+0
630.000000000000110E+0	561.456706341581730E-3	-4.005760789619057E+0
631.000000000000110E+0	561.424388831988200E-3	-4.100975459042186E+0
632.000000000000110E+0	649.448922368809470E-3	-4.127543897441128E+0
633.000000000000110E+0	693.357752007308760E-3	-4.150154476534417E+0
634.000000000000110E+0	772.239498933025010E-3	-4.203768055038660E+0
635.000000000000110E+0	828.336955278307310E-3	-4.196522118826081E+0
636.000000000000110E+0	850.239910309130600E-3	-4.328881552504672E+0
637.000000000000110E+0	1.011868413311115E+0	-4.398280496535094E+0
638.000000000000110E+0	1.110238822617803E+0	-4.449343860907973E+0
639.000000000000110E+0	1.211349298407654E+0	-4.526589318011032E+0
640.000000000000110E+0	1.359647405593732E+0	-4.546414852115406E+0
641.000000000000110E+0	1.326817321736388E+0	-4.703622135540252E+0
642.000000000000110E+0	1.467145793046035E+0	-4.836329496442080E+0
643.000000000000110E+0	1.609784442782374E+0	-4.938631010501721E+0
644.000000000000110E+0	1.712349303243174E+0	-5.040508588497600E+0
645.000000000000110E+0	1.748291229236272E+0	-5.145328974698594E+0
646.000000000000110E+0	1.817842529351438E+0	-5.336051423708821E+0
647.000000000000110E+0	1.994796609509474E+0	-5.473093278190294E+0
648.000000000000110E+0	2.007542145458427E+0	-5.570966623094439E+0
649.000000000000110E+0	1.968267408988045E+0	-5.671657746736824E+0
650.000000000000110E+0	1.669919710509746E+0	-5.908404460903988E+0
651.000000000000110E+0	1.754173896724171E+0	-6.055662855513227E+0
652.000000000000110E+0	1.741052977683506E+0	-6.189192440590403E+0
653.000000000000110E+0	1.839861205332342E+0	-6.310126562035498E+0
654.000000000000110E+0	1.680844271600991E+0	-6.330453129603404E+0
655.000000000000110E+0	1.671827200119258E+0	-6.449833370228339E+0
656.000000000000110E+0	1.613711995621951E+0	-6.503495213512721E+0
657.000000000000110E+0	1.546788492623406E+0	-6.621507999054849E+0
658.000000000000110E+0	1.616221016500908E+0	-6.702653777531618E+0
659.000000000000110E+0	1.382041513717980E+0	-6.779159390556404E+0
660.000000000000110E+0	1.472681226922083E+0	-6.989895993802171E+0
661.000000000000110E+0	1.543927160725657E+0	-7.134073168533878E+0
662.000000000000110E+0	1.606635832593313E+0	-7.308814234104016E+0
663.000000000000110E+0	1.865203104304209E+0	-7.332561599283982E+0
664.000000000000110E+0	1.602136252762961E+0	-7.457669071606078E+0
665.000000000000110E+0	1.596233900575161E+0	-7.658949101169677E+0
666.000000000000110E+0	1.573225970936444E+0	-7.876247258255978E+0
667.000000000000110E+0	1.548661707776050E+0	-8.085561559228221E+0
668.000000000000110E+0	1.541980278270583E+0	-8.233246258462628E+0
669.000000000000110E+0	1.293020271417873E+0	-8.511863746485197E+0
670.000000000000110E+0	1.158515734859120E+0	-8.747613272005918E+0
671.000000000000110E+0	1.046126105230525E+0	-8.966911821068420E+0
672.000000000000110E+0	999.175218147587700E-3	-9.087617051842347E+0
673.000000000000110E+0	792.024003928079810E-3	-9.094211035388529E+0
674.000000000000110E+0	693.846920079604580E-3	-9.191341837831940E+0
675.000000000000110E+0	592.773514507262010E-3	-9.253477364569882E+0
676.000000000000110E+0	542.916108883127020E-3	-9.359493545550004E+0
677.000000000000110E+0	514.284603865816870E-3	-9.373968335249614E+0
678.000000000000110E+0	449.970584029123770E-3	-9.390470784651331E+0
679.000000000000110E+0	410.310536228884530E-3	-9.508104762471261E+0
680.000000000000110E+0	400.172101934693550E-3	-9.582200100162282E+0
681.000000000000110E+0	397.493650499424310E-3	-9.598114252018403E+0
682.000000000000110E+0	387.602223919842340E-3	-9.647823106543102E+0
683.000000000000110E+0	382.394204022906190E-3	-9.651674663193436E+0
684.000000000000110E+0	391.441495590129580E-3	-9.674880397023687E+0
685.000000000000110E+0	403.936469397454700E-3	-9.583146437281304E+0
686.000000000000110E+0	349.847057051948520E-3	-9.550338303182651E+0
687.000000000000110E+0	305.828108849813480E-3	-9.548614647051439E+0
688.000000000000110E+0	305.414391207550650E-3	-9.794405140293279E+0
689.000000000000110E+0	312.707743589841380E-3	-9.850232905152168E+0
690.000000000000110E+0	317.174367336104490E-3	-9.982308844464601E+0
691.000000000000110E+0	367.143934447197170E-3	-10.050965600186290E+0
692.000000000000110E+0	395.416384871165200E-3	-9.910914754569276E+0
693.000000000000110E+0	370.971711526880520E-3	-9.899876582125989E+0
694.000000000000110E+0	373.183970966462770E-3	-9.936434433819009E+0
695.000000000000110E+0	394.328589861982490E-3	-9.865677497505072E+0
696.000000000000110E+0	303.027873308610580E-3	-9.741099936193493E+0
697.000000000000110E+0	317.988405293034570E-3	-10.435776892757996E+0
698.000000000000110E+0	447.033253211111430E-3	-10.282604959488854E+0
699.000000000000110E+0	461.274548331984780E-3	-10.210486762694309E+0
700.000000000000110E+0	447.125934529257250E-3	-10.300306595506111E+0
701.000000000000110E+0	541.292290885398990E-3	-10.269338848394451E+0
702.000000000000110E+0	549.057945513225510E-3	-10.330060889488125E+0
703.000000000000110E+0	594.320867028001130E-3	-10.300661453188848E+0
704.000000000000110E+0	536.343780474669800E-3	-10.145523179313024E+0
705.000000000000110E+0	345.295919141947130E-3	-10.358065120428098E+0
706.000000000000110E+0	429.232404963810490E-3	-10.970076941527894E+0
707.000000000000110E+0	510.447918383778120E-3	-10.921062907049036E+0
708.000000000000110E+0	530.390639161824940E-3	-10.980463778616103E+0
709.000000000000110E+0	512.656434391169150E-3	-11.043698025058514E+0
710.000000000000110E+0	739.144787065204370E-3	-11.205533583084197E+0
711.000000000000110E+0	491.039140024628890E-3	-10.763787827363020E+0
712.000000000000110E+0	442.315925775376650E-3	-10.887973864789537E+0
713.000000000000110E+0	414.782114128932230E-3	-10.801398601335716E+0
714.000000000000110E+0	274.332070807537850E-3	-10.913924804695236E+0
715.000000000000110E+0	294.923678585170320E-3	-11.293303076476210E+0
716.000000000000110E+0	386.314973269728470E-3	-11.137654598748050E+0
717.000000000000110E+0	378.940501286526730E-3	-11.100267885933862E+0
718.000000000000110E+0	414.613806542712240E-3	-11.206111699650299E+0
719.000000000000110E+0	537.906573707363280E-3	-11.161638834609416E+0
720.000000000000110E+0	408.687909934606910E-3	-11.067454531787499E+0
721.000000000000110E+0	409.847500010073080E-3	-11.212468149615868E+0
722.000000000000110E+0	354.979054523609730E-3	-11.346302646320851E+0
723.000000000000110E+0	294.905362329303980E-3	-11.587866503700313E+0
724.000000000000110E+0	374.049110714333390E-3	-11.889366601515096E+0
725.000000000000110E+0	363.418797322507150E-3	-11.635966947501633E+0
726.000000000000110E+0	297.812193461659270E-3	-11.524418381011406E+0
727.000000000000110E+0	255.355464486534960E-3	-11.460131859478695E+0
728.000000000000110E+0	264.654421807048180E-3	-11.462057222431007E+0
729.000000000000110E+0	270.956742048009350E-3	-10.903772970715787E+0
730.000000000000110E+0	230.426932058542870E-3	-11.358377504749843E+0
731.000000000000110E+0	239.352495184232100E-3	-11.429209915457944E+0
732.000000000000110E+0	229.356556640163050E-3	-11.739020773327642E+0
733.000000000000110E+0	329.507910975212150E-3	-11.739946179149484E+0
734.000000000000110E+0	376.530838812042020E-3	-11.533641134814115E+0
735.000000000000110E+0	299.735943756724470E-3	-11.417577005491426E+0
736.000000000000110E+0	303.053729144496520E-3	-11.393159434805428E+0
737.000000000000110E+0	293.594936381260440E-3	-11.208001611784649E+0
738.000000000000110E+0	246.912512965116900E-3	-10.788444068066648E+0
739.000000000000110E+0	139.215679698273610E-3	-11.563333559586383E+0
740.000000000000110E+0	169.576648370948320E-3	-11.606765275054467E+0
741.000000000000110E+0	175.330656268335470E-3	-11.634615384937767E+0
742.000000000000110E+0	152.236181062516430E-3	-11.779399883259959E+0
743.000000000000110E+0	208.823513948204250E-3	-11.715204824943061E+0
744.000000000000110E+0	205.314316288850940E-3	-11.689487972287429E+0
745.000000000000110E+0	236.214239692366050E-3	-11.516884496680156E+0
746.000000000000110E+0	189.500790055119550E-3	-11.172462143988191E+0
747.000000000000110E+0	148.354944719559760E-3	-11.067868559914203E+0
748.000000000000110E+0	135.344192673155390E-3	-11.267204730343490E+0
749.000000000000110E+0	135.462623420990190E-3	-11.108571812294144E+0
750.000000000000110E+0	129.306650195900760E-3	-11.023319402454897E+0
751.000000000000110E+0	113.632964242031080E-3	-11.011364699095664E+0
752.000000000000110E+0	172.773368413481450E-3	-11.281178509233076E+0
753.000000000000110E+0	190.227904884918000E-3	-10.892596354064068E+0
754.000000000000110E+0	188.397301635959550E-3	-10.756485588685427E+0
755.000000000000110E+0	192.581849789301760E-3	-10.667407779626979E+0
756.000000000000110E+0	188.024960325068600E-3	-10.676732431924220E+0
757.000000000000110E+0	227.119045208721980E-3	-10.662795897989925E+0
758.000000000000110E+0	218.397522530427520E-3	-10.505857017977609E+0
759.000000000000110E+0	216.372246091639240E-3	-10.513648958766282E+0
760.000000000000110E+0	208.820670937859170E-3	-10.528870220362684E+0
761.000000000000110E+0	243.997748754339440E-3	-11.051053928731765E+0
762.000000000000110E+0	322.140092538634740E-3	-10.634030264560552E+0
763.000000000000110E+0	312.025823289203310E-3	-10.558921229982603E+0
764.000000000000110E+0	292.913061210098140E-3	-10.633139625883796E+0
765.000000000000110E+0	360.203921071529210E-3	-10.802421406569081E+0
766.000000000000110E+0	513.155287148536860E-3	-10.723103796696847E+0
767.000000000000110E+0	438.696697810835260E-3	-10.448729926577887E+0
768.000000000000110E+0	416.389600021532190E-3	-10.512848243696702E+0
769.000000000000110E+0	445.711350649785840E-3	-10.615443144749671E+0
770.000000000000110E+0	454.670155297785040E-3	-10.629629153735573E+0
771.000000000000110E+0	612.474924243898490E-3	-10.796130437940223E+0
772.000000000000110E+0	616.079790131814800E-3	-10.726554924313874E+0
773.000000000000110E+0	625.087101807651040E-3	-10.812773059138621E+0
774.000000000000110E+0	771.647996081098910E-3	-11.028444350165019E+0
775.000000000000110E+0	910.221419644249740E-3	-10.953466437229318E+0
776.000000000000110E+0	898.662869472727220E-3	-10.915477663571753E+0
777.000000000000110E+0	897.853218823289720E-3	-11.143096586806404E+0
778.000000000000110E+0	1.016193426554016E+0	-11.270332809829966E+0
779.000000000000110E+0	1.115914371195992E+0	-11.318178667071905E+0
780.000000000000110E+0	831.778878024738380E-3	-11.418972387194820E+0
781.000000000000110E+0	1.022348777837333E+0	-11.753061892172648E+0
782.000000000000110E+0	1.060626695285853E+0	-11.821818372858846E+0
783.000000000000110E+0	1.036166798237429E+0	-11.897552925201786E+0
784.000000000000110E+0	760.202191281186270E-3	-11.910589874828371E+0
785.000000000000110E+0	841.156707441862220E-3	-12.288238961412189E+0
786.000000000000110E+0	862.041537766262240E-3	-12.272298792104786E+0
787.000000000000110E+0	795.352590345199450E-3	-12.287179583969909E+0
788.000000000000110E+0	716.259595303146420E-3	-12.351364172222370E+0
789.000000000000110E+0	603.032187977071590E-3	-12.463650237246581E+0
790.000000000000110E+0	732.011512715371570E-3	-12.395373477680941E+0
791.000000000000110E+0	608.495870515429750E-3	-12.459344451133189E+0
792.000000000000110E+0	542.381376362862540E-3	-12.509811001849920E+0
793.000000000000110E+0	492.092792046560920E-3	-12.575170288683001E+0
794.000000000000110E+0	459.346899106861110E-3	-12.604144371817572E+0
795.000000000000110E+0	418.763402122961480E-3	-12.524643131364813E+0
796.000000000000110E+0	352.080263282704140E-3	-12.487069616502374E+0
797.000000000000110E+0	280.150799227077420E-3	-12.513116870044355E+0
798.000000000000110E+0	227.963321547737050E-3	-12.854327128500746E+0
799.000000000000110E+0	386.076073107607000E-3	-12.723033602591531E+0
800.000000000000110E+0	317.735824742023330E-3	-12.473428808429148E+0
801.000000000000110E+0	286.624146847376750E-3	-12.443453330188957E+0
802.000000000000110E+0	324.872141284565980E-3	-12.599640022416454E+0
803.000000000000110E+0	457.900164999216870E-3	-11.754517426402240E+0
804.000000000000110E+0	292.560540049259020E-3	-11.675388293531229E+0
805.000000000000110E+0	261.746565833736730E-3	-11.807864310895164E+0
806.000000000000110E+0	283.478454907198970E-3	-12.004811678371873E+0
807.000000000000110E+0	336.739030054428120E-3	-12.047397103035738E+0
808.000000000000110E+0	223.568768700210420E-3	-12.543836006888725E+0
809.000000000000110E+0	470.861958928188550E-3	-12.299012377473748E+0
810.000000000000110E+0	488.706877865728140E-3	-12.309614252756443E+0
811.000000000000110E+0	532.860734732659380E-3	-12.230666816330308E+0
812.000000000000110E+0	498.408390588300000E-3	-11.996852644050980E+0
813.000000000000110E+0	321.505639564726220E-3	-12.198282063726838E+0
814.000000000000110E+0	368.368525575401950E-3	-12.352327365701825E+0
815.000000000000110E+0	346.532950362980210E-3	-12.363844507907006E+0
816.000000000000110E+0	342.484535673309500E-3	-12.576427100209674E+0
817.000000000000110E+0	358.982800731787450E-3	-12.699683128349864E+0
818.000000000000110E+0	471.408839139285610E-3	-12.640137132772292E+0
819.000000000000110E+0	412.456867927712630E-3	-12.566539134747547E+0
820.000000000000110E+0	387.994844869268330E-3	-12.597999515013145E+0
821.000000000000110E+0	383.133765944656200E-3	-12.702089741134184E+0
822.000000000000110E+0	405.604859096607040E-3	-12.508603141127088E+0
823.000000000000110E+0	352.296714400454070E-3	-12.566937419211975E+0
824.000000000000110E+0	324.698836424499040E-3	-12.614197920751984E+0
825.000000000000110E+0	324.670399168997760E-3	-12.730024526066510E+0
826.000000000000110E+0	323.109116194777280E-3	-12.689822842983510E+0
827.000000000000110E+0	290.924458758057840E-3	-12.855902211965875E+0
828.000000000000110E+0	289.950421198536030E-3	-12.838050626821586E+0
829.000000000000110E+0	278.337673958168390E-3	-12.934710596897347E+0
830.000000000000110E+0	279.123482942091380E-3	-12.870716696578233E+0
831.000000000000110E+0	241.116852431455140E-3	-13.702334433621443E+0
832.000000000000110E+0	328.047010430709660E-3	-12.949724597930953E+0
833.000000000000110E+0	252.401981891904100E-3	-12.964824970716677E+0
834.000000000000110E+0	274.693092448189900E-3	-13.189439381337385E+0
835.000000000000110E+0	279.831603702217880E-3	-12.692920049647094E+0
836.000000000000110E+0	231.721607792984980E-3	-12.454656219287102E+0
837.000000000000110E+0	95.781566969225129E-3	-12.215807505827398E+0
838.000000000000110E+0	90.685006983372604E-3	-12.562257991270704E+0
839.000000000000110E+0	80.166549600480877E-3	-12.447373732853949E+0
840.000000000000110E+0	51.734660693178947E-3	-10.695519086066152E+0
841.000000000000110E+0	196.046633795714710E-3	-13.438082735602769E+0
842.000000000000110E+0	201.367936250520910E-3	-13.071381047645414E+0
843.000000000000110E+0	235.104664478098910E-3	-12.931450400395612E+0
844.000000000000110E+0	321.263391303984010E-3	-12.633744375396219E+0
845.000000000000110E+0	258.746229153170910E-3	-12.088132875996205E+0
846.000000000000110E+0	192.676551893140980E-3	-12.195502896380741E+0
847.000000000000110E+0	185.794426912491120E-3	-12.061772077594867E+0
848.000000000000110E+0	142.692860600381440E-3	-11.962008277696345E+0
849.000000000000110E+0	92.519830403615361E-3	-11.376048936830994E+0
850.000000000000110E+0	359.790600870439070E-3	-13.386367232164979E+0
851.000000000000110E+0	144.143575877143580E-3	-12.629617971702332E+0
852.000000000000110E+0	100.283775554711250E-3	-12.764035566092074E+0
853.000000000000110E+0	133.635398586437470E-3	-13.077142045703320E+0
854.000000000000110E+0	168.473842869475500E-3	-12.207988555418927E+0
855.000000000000110E+0	146.943809734301460E-3	-11.497460418419347E+0
856.000000000000110E+0	88.709648875267319E-3	-10.979621173757980E+0
857.000000000000110E+0	86.559753828512359E-3	-11.123035964194205E+0
858.000000000000110E+0	111.740775304857330E-3	-11.440789918604400E+0
859.000000000000110E+0	215.383227398821350E-3	-11.651779045075100E+0
860.000000000000110E+0	319.000434095642550E-3	-11.243924602681162E+0
861.000000000000110E+0	332.253125883377410E-3	-11.216131962257991E+0
862.000000000000110E+0	335.734347762679070E-3	-11.213749770560566E+0
863.000000000000110E+0	373.813890299010190E-3	-11.444718374073680E+0
864.000000000000110E+0	392.175944329568090E-3	-11.416018794603133E+0
865.000000000000110E+0	415.111524736005490E-3	-11.549298710655792E+0
866.000000000000110E+0	471.933925636464970E-3	-11.744450219845334E+0
867.000000000000110E+0	547.026078231644950E-3	-11.726484719430928E+0
868.000000000000110E+0	519.515993942411320E-3	-11.693651734276099E+0
869.000000000000110E+0	752.195283874722010E-3	-12.021897891084759E+0
870.000000000000110E+0	711.325219390861240E-3	-11.933726804226403E+0
871.000000000000110E+0	729.673285955375060E-3	-11.936170510169001E+0
872.000000000000110E+0	699.112261238822750E-3	-11.894878162793704E+0
873.000000000000110E+0	474.939169719709230E-3	-11.979552183356887E+0
874.000000000000110E+0	610.385451161559070E-3	-12.350029962031629E+0
875.000000000000110E+0	651.299289351188640E-3	-12.399037839104379E+0
876.000000000000110E+0	699.022141644924270E-3	-12.505885989130356E+0
877.000000000000110E+0	760.208618289227140E-3	-12.528740325730222E+0
878.000000000000110E+0	824.566983204700340E-3	-12.556509612798788E+0
879.000000000000110E+0	758.650084455919420E-3	-12.492292431846407E+0
880.000000000000110E+0	746.401948952517320E-3	-12.569684015748756E+0
881.000000000000110E+0	755.762422612182740E-3	-12.574554980639636E+0
882.000000000000110E+0	602.865074724227680E-3	-12.714905405610748E+0
883.000000000000110E+0	681.600051128079090E-3	-12.824937329692002E+0
884.000000000000110E+0	719.386498218649080E-3	-12.910731567258651E+0
885.000000000000110E+0	749.173968604219480E-3	-12.967611194192468E+0
886.000000000000110E+0	802.861517191705840E-3	-13.003400906388578E+0
887.000000000000110E+0	852.985117490282500E-3	-12.955930683736952E+0
888.000000000000110E+0	727.218212720567750E-3	-13.039207191168352E+0
889.000000000000110E+0	765.667499552414640E-3	-13.133256664413178E+0
890.000000000000110E+0	771.575622962514140E-3	-13.159909763426233E+0
891.000000000000110E+0	753.686102473719030E-3	-13.198183610106936E+0
892.000000000000110E+0	751.076575745221570E-3	-13.571594419895732E+0
893.000000000000110E+0	849.627650106054900E-3	-13.505636511977675E+0
894.000000000000110E+0	884.973018399754950E-3	-13.506379317165903E+0
895.000000000000110E+0	781.979093221817690E-3	-13.510390364941047E+0
896.000000000000110E+0	765.527270525615640E-3	-13.630191922122281E+0
897.000000000000110E+0	615.172009011785260E-3	-13.826064537159592E+0
898.000000000000110E+0	711.082314247207140E-3	-14.036143622189662E+0
899.000000000000110E+0	739.707460082660310E-3	-14.173874214811507E+0
900.000000000000110E+0	859.795948976136430E-3	-14.238623111799320E+0
901.000000000000110E+0	491.696774301823290E-3	-13.752205534889679E+0
902.000000000000110E+0	470.207194727758130E-3	-14.466455459436498E+0
903.000000000000110E+0	511.640780371028560E-3	-14.648176655985921E+0
904.000000000000110E+0	527.378943494086650E-3	-14.777913063752070E+0
905.000000000000110E+0	549.592113472718630E-3	-14.664392855486053E+0
906.000000000000110E+0	411.313455153853260E-3	-14.618984128925021E+0
907.000000000000110E+0	338.236857678383350E-3	-14.732362673148565E+0
908.000000000000110E+0	277.191500894746530E-3	-14.913480754408733E+0
909.000000000000110E+0	250.860667418277280E-3	-15.142162300860717E+0
910.000000000000110E+0	362.023149417501520E-3	-15.579463840014569E+0
911.000000000000110E+0	220.937728418669460E-3	-14.575851951009531E+0
912.000000000000110E+0	159.020232172634890E-3	-15.009976579670152E+0
913.000000000000110E+0	151.134378046939910E-3	-15.730168430805252E+0
914.000000000000110E+0	323.184374031602610E-3	-15.406899537893750E+0
915.000000000000110E+0	269.319725130445390E-3	-14.972360841441329E+0
916.000000000000110E+0	40.429059986343274E-3	-14.431495633514565E+0
917.000000000000110E+0	85.879919646004818E-3	-15.823789775185666E+0
918.000000000000110E+0	88.691569038275311E-3	-15.970542974562738E+0
919.000000000000110E+0	121.234196503258940E-3	-16.410659060793208E+0
920.000000000000110E+0	220.974396643730390E-3	-15.070096447079740E+0
921.000000000000110E+0	35.039941808442297E-3	-15.498537062299679E+0
922.000000000000110E+0	32.563460517198994E-3	-16.120643694932127E+0
923.000000000000110E+0	12.594766606977644E-3	-14.862625603717664E+0
924.000000000000110E+0	116.303185421086310E-3	-17.984619477721100E+0
925.000000000000110E+0	100.040108851729610E-3	-17.476335771707767E+0
926.000000000000110E+0	81.567880760135075E-3	-17.268603203055125E+0
927.000000000000110E+0	56.270775952558236E-3	-17.556552463574750E+0
928.000000000000110E+0	76.007608625017334E-3	-17.722366460236934E+0
929.000000000000110E+0	76.627331591797895E-3	-16.625965827919202E+0
930.000000000000110E+0	55.999776994263672E-3	-18.738682112906691E+0
931.000000000000110E+0	72.901119518652094E-3	-18.535337692370248E+0
932.000000000000110E+0	85.456506842455066E-3	-18.419153531567510E+0
933.000000000000110E+0	85.301134207095744E-3	-18.359320851478110E+0
934.000000000000110E+0	107.048170158016330E-3	-18.320486623677361E+0
935.000000000000110E+0	116.653721454884510E-3	-18.130769202544169E+0
936.000000000000110E+0	129.379962734177430E-3	-17.986078014380723E+0
937.000000000000110E+0	125.241143327291830E-3	-17.876922128081464E+0
938.000000000000110E+0	140.273442766625980E-3	-17.961963975949050E+0
939.000000000000110E+0	120.234040671159680E-3	-18.456250671096942E+0
940.000000000000110E+0	205.326190568343720E-3	-18.476887380910522E+0
941.000000000000110E+0	246.809119194633890E-3	-18.506456364140170E+0
942.000000000000110E+0	260.054874130373260E-3	-18.414963356331274E+0
943.000000000000110E+0	212.292705679371830E-3	-18.682776338685876E+0
944.000000000000110E+0	224.904236563475500E-3	-18.881526383041237E+0
945.000000000000110E+0	243.716672279926910E-3	-18.981845876118687E+0
946.000000000000110E+0	239.173951091560620E-3	-18.987756012634655E+0
947.000000000000110E+0	239.475357307530580E-3	-18.997632197214955E+0
948.000000000000110E+0	202.702821335906420E-3	-19.126624015729575E+0
949.000000000000110E+0	217.647489630000330E-3	-19.155673651768815E+0
950.000000000000110E+0	219.958115467274010E-3	-19.188059233431140E+0
951.000000000000110E+0	222.227350185524090E-3	-19.234464809021432E+0
952.000000000000110E+0	246.878535574217070E-3	-19.131977909641197E+0
953.000000000000110E+0	215.047223508519210E-3	-19.196250994752500E+0
954.000000000000110E+0	215.073789008755370E-3	-19.216835094301711E+0
955.000000000000110E+0	200.569175819296400E-3	-19.173481790982475E+0
956.000000000000110E+0	183.402822825807420E-3	-19.328702898392734E+0
957.000000000000110E+0	193.356441983831760E-3	-19.430762027937053E+0
958.000000000000110E+0	208.729122270876370E-3	-19.389285930368796E+0
959.000000000000110E+0	205.521380608151120E-3	-19.379906120073560E+0
960.000000000000110E+0	205.206764146414510E-3	-19.390128625825039E+0
961.000000000000110E+0	203.604430838461030E-3	-19.290591559078340E+0
962.000000000000110E+0	193.625541028600740E-3	-19.407133583819711E+0
963.000000000000110E+0	192.129610501782040E-3	-19.401397280527782E+0
964.000000000000110E+0	191.744692671253550E-3	-19.424150009078282E+0
965.000000000000110E+0	177.471603822092570E-3	-19.479198261761233E+0
966.000000000000110E+0	202.889742732740570E-3	-19.599154091311163E+0
967.000000000000110E+0	220.024197600534630E-3	-19.513432078182859E+0
968.000000000000110E+0	219.264842850300260E-3	-19.483480176338972E+0
969.000000000000110E+0	225.816300566721470E-3	-19.470245650945557E+0
970.000000000000110E+0	239.047862741079060E-3	-19.311126552509450E+0
971.000000000000110E+0	197.323340200036060E-3	-19.900468455699094E+0
972.000000000000110E+0	207.042369772515780E-3	-19.621830511527936E+0
973.000000000000110E+0	207.361058938850120E-3	-19.581507994327591E+0
974.000000000000110E+0	196.071231695097660E-3	-19.721476604641715E+0
975.000000000000110E+0	234.045240781977720E-3	-19.684623120747521E+0
976.000000000000110E+0	204.195265489386190E-3	-19.598182784343155E+0
977.000000000000110E+0	209.107752301884440E-3	-19.740870283541632E+0
978.000000000000110E+0	228.183613742680120E-3	-19.789207473902309E+0
979.000000000000110E+0	256.212478179293990E-3	-19.754362382989182E+0
980.000000000000110E+0	244.881683848591210E-3	-19.267335897114737E+0
981.000000000000110E+0	159.357389420688110E-3	-19.786745129524576E+0
982.000000000000110E+0	158.805082326122950E-3	-19.926636735748193E+0
983.000000000000110E+0	140.566108538433930E-3	-20.172737104873210E+0
984.000000000000110E+0	538.042556519232830E-3	-20.229836973299317E+0
985.000000000000110E+0	255.391428893487980E-3	-19.824827976313180E+0
986.000000000000110E+0	207.252071860694550E-3	-19.692532845112446E+0
987.000000000000110E+0	185.884326131160990E-3	-19.687957008465879E+0
988.000000000000110E+0	162.262332842798260E-3	-19.568126748892254E+0
989.000000000000110E+0	164.967926851693760E-3	-18.912486672112514E+0
990.000000000000110E+0	272.060800734070460E-3	-20.117628764091336E+0
991.000000000000110E+0	188.127619491457950E-3	-20.117310436166516E+0
992.000000000000110E+0	194.849984814222860E-3	-20.235097233363675E+0
993.000000000000110E+0	289.748196872918360E-3	-20.087398181160907E+0
994.000000000000110E+0	209.083253108552890E-3	-19.127649225735592E+0
995.000000000000110E+0	118.863108484255520E-3	-20.104894696816331E+0
996.000000000000110E+0	152.994756271621150E-3	-20.162363353406899E+0
997.000000000000110E+0	173.286733815557620E-3	-19.905220448251807E+0
998.000000000000110E+0	106.935656298212970E-3	-19.678861143297532E+0
999.000000000000110E+0	372.955570819959340E-3	-18.901793494414605E+0
1.000000000000000E+3	179.638504228777280E-3	-20.171463009387530E+0
