Freq (Hz)	accelerometre /source
source
source_Real	accelerometre /source
source
source_Imag
10.000000000000018E+0	-89.298085535544081E-3	173.690410523325480E-3
11.000000000000020E+0	-172.321920051241030E-3	-26.780951379368138E-3
12.000000000000021E+0	15.542102247442617E-3	-67.993158398003309E-3
13.000000000000023E+0	29.560177157195000E-3	-6.843744327846267E-3
14.000000000000025E+0	-20.296107839652688E-3	75.082021065317209E-3
15.000000000000027E+0	-59.436825089224946E-3	3.561244394094004E-3
16.000000000000028E+0	-68.073439701174632E-3	-5.371893203600097E-3
17.000000000000028E+0	-20.825500700679796E-3	8.689761424832462E-3
18.000000000000028E+0	-24.718314872994206E-3	59.837965434632982E-3
19.000000000000028E+0	-92.847544895672096E-3	45.516126949789411E-3
20.000000000000028E+0	-53.980018588282046E-3	20.968220797102352E-3
21.000000000000028E+0	-47.237016891525020E-3	66.649689530332512E-3
22.000000000000028E+0	-79.301738172168623E-3	97.370036581134814E-3
23.000000000000028E+0	-55.593760981722411E-3	68.980683549464072E-3
24.000000000000028E+0	-76.681820357240818E-3	109.280630823917920E-3
25.000000000000028E+0	-84.975766167219274E-3	165.974488024047850E-3
26.000000000000028E+0	-18.723451274128156E-3	207.052508236445050E-3
27.000000000000028E+0	51.592863129197315E-3	199.544057162720580E-3
28.000000000000028E+0	76.971309629791179E-3	160.452515969033090E-3
29.000000000000028E+0	107.389886814871350E-3	97.892692346442392E-3
30.000000000000028E+0	3.905933591911050E-3	71.967432567403317E-3
31.000000000000028E+0	7.953789378077869E-3	135.824622552952380E-3
32.000000000000028E+0	74.559541426572312E-3	177.737251942460040E-3
33.000000000000028E+0	105.478465374539140E-3	91.857917386578308E-3
34.000000000000028E+0	100.907285359085570E-3	72.722278548241787E-3
35.000000000000028E+0	50.596550899043372E-3	22.222722515057445E-3
36.000000000000028E+0	-10.818113698370159E-3	93.936971639248981E-3
37.000000000000028E+0	94.311764940994802E-3	172.521582470378440E-3
38.000000000000028E+0	142.461033133736310E-3	51.567208274557144E-3
39.000000000000028E+0	141.827555340719950E-3	30.821013472707114E-3
40.000000000000028E+0	142.089882566137940E-3	32.200169202370225E-3
41.000000000000028E+0	101.540296624355620E-3	20.459628449538119E-3
42.000000000000028E+0	34.303005537225012E-3	12.502656569483758E-3
43.000000000000028E+0	-52.685799920061102E-3	84.298108707293651E-3
44.000000000000028E+0	-157.586012597533520E-3	224.886729161505120E-3
45.000000000000028E+0	-108.405539837569290E-3	312.792157538493380E-3
46.000000000000028E+0	135.366325665913780E-3	337.705840984079130E-3
47.000000000000028E+0	215.966525751927900E-3	-19.545345303700657E-3
48.000000000000028E+0	-145.383938267679480E-3	-177.556343539623350E-3
49.000000000000028E+0	167.099203203662420E-3	-46.184535005859423E-3
50.000000000000028E+0	218.722449323808880E-3	72.719391436046540E-3
51.000000000000028E+0	141.411475865377920E-3	85.302045151794750E-3
52.000000000000028E+0	137.249170446294840E-3	153.503044661023300E-3
53.000000000000028E+0	171.730696975408690E-3	139.945394223789880E-3
54.000000000000028E+0	187.995460144309510E-3	86.249230920805095E-3
55.000000000000028E+0	146.313445223593130E-3	47.052016462669023E-3
56.000000000000028E+0	151.661053627110350E-3	35.735601110718843E-3
57.000000000000028E+0	144.269377247549850E-3	21.355128361425849E-3
58.000000000000028E+0	146.824375511416470E-3	-23.752321589810856E-3
59.000000000000028E+0	119.738292997536740E-3	-3.802996812549336E-3
60.000000000000028E+0	81.026641668155527E-3	38.406893747127351E-3
61.000000000000028E+0	54.425729920030932E-3	71.600053247359893E-3
62.000000000000028E+0	40.867888208202023E-3	49.461968426275149E-3
63.000000000000028E+0	68.839688358142859E-3	53.270836698338861E-3
64.000000000000028E+0	40.986274833928416E-3	94.437781602367613E-3
65.000000000000028E+0	45.249059453299420E-3	116.192914171048860E-3
66.000000000000028E+0	72.494623497907987E-3	134.296293436927950E-3
67.000000000000028E+0	85.600221403041327E-3	169.407352546171010E-3
68.000000000000028E+0	60.045989974917655E-3	136.789909099265360E-3
69.000000000000028E+0	96.891406330173638E-3	139.329447239053970E-3
70.000000000000028E+0	122.642265486783380E-3	138.762520432769650E-3
71.000000000000028E+0	141.057701189540500E-3	148.491741523734040E-3
72.000000000000028E+0	98.733633619245253E-3	162.960034333966770E-3
73.000000000000028E+0	103.097304802248810E-3	163.656008515474460E-3
74.000000000000028E+0	111.607900682358640E-3	173.456280985087670E-3
75.000000000000028E+0	114.965038481188690E-3	183.816494421556730E-3
76.000000000000028E+0	157.020643256152110E-3	191.633252921314140E-3
77.000000000000028E+0	191.538487105943320E-3	278.044666362367350E-3
78.000000000000028E+0	175.481565399867950E-3	251.614796383238530E-3
79.000000000000028E+0	223.033386585556160E-3	236.022481073472680E-3
80.000000000000028E+0	281.748717780394900E-3	230.891701234162720E-3
81.000000000000028E+0	332.991342205262000E-3	249.829962018123350E-3
82.000000000000028E+0	368.443928215404780E-3	231.616561881731710E-3
83.000000000000028E+0	401.400472220699690E-3	199.482314508569620E-3
84.000000000000028E+0	434.929636452879350E-3	120.719780618237460E-3
85.000000000000028E+0	498.151182657782740E-3	82.917364490053241E-3
86.000000000000028E+0	424.704595501072810E-3	66.967972297657607E-3
87.000000000000028E+0	396.149049313354650E-3	-67.033448252179620E-3
88.000000000000028E+0	399.658482273306580E-3	-68.528499950666788E-3
89.000000000000028E+0	382.989271026863420E-3	-42.675399241879450E-3
90.000000000000028E+0	886.050779288095950E-3	319.379636514266100E-3
91.000000000000028E+0	205.633692845989670E-3	-127.456793554243910E-3
92.000000000000028E+0	235.755703982176100E-3	-67.785223768652161E-3
93.000000000000028E+0	251.656557880020390E-3	-63.366573714434077E-3
94.000000000000028E+0	225.815984278576240E-3	-87.354241737512647E-3
95.000000000000028E+0	214.526442796813320E-3	-67.597567958839866E-3
96.000000000000028E+0	56.268779400149779E-3	11.669789063799349E-3
97.000000000000028E+0	87.690514681599344E-3	-15.170527549232827E-3
98.000000000000028E+0	111.468613453631470E-3	13.189247956853755E-3
99.000000000000028E+0	95.261946640533876E-3	70.498538542784386E-3
100.000000000000030E+0	116.420770847930680E-3	110.938523297355110E-3
101.000000000000030E+0	167.747136647293880E-3	121.954433855900320E-3
102.000000000000030E+0	224.423438068780730E-3	106.685855041396400E-3
103.000000000000030E+0	365.561746533050460E-3	158.803475192515670E-3
104.000000000000030E+0	237.532435461771020E-3	144.477510867240280E-3
105.000000000000030E+0	263.800664314164550E-3	24.776918913766242E-3
106.000000000000030E+0	334.823645976907720E-3	72.362182151297541E-3
107.000000000000030E+0	323.753636485314190E-3	31.992718512473345E-3
108.000000000000030E+0	298.673907261644670E-3	-11.494104620272212E-3
109.000000000000030E+0	403.977412587106510E-3	-183.930348789037300E-3
110.000000000000030E+0	356.647407854335570E-3	100.072715994935740E-3
111.000000000000030E+0	324.800144153364720E-3	76.258133161095087E-3
112.000000000000030E+0	326.983051991257880E-3	69.792923146012556E-3
113.000000000000030E+0	451.082591073746040E-3	90.587488916061720E-3
114.000000000000030E+0	417.528554221259170E-3	437.743360102209100E-3
115.000000000000030E+0	182.317566243056390E-3	253.258225240910740E-3
116.000000000000030E+0	205.245406752418870E-3	117.727044383814690E-3
117.000000000000030E+0	264.831996784388730E-3	65.732263053479040E-3
118.000000000000030E+0	280.855766674674820E-3	91.720882831490796E-3
119.000000000000030E+0	322.418215818010890E-3	-164.257134588833340E-3
120.000000000000030E+0	336.986169400072870E-3	-29.928864049464016E-3
121.000000000000030E+0	303.234895540524300E-3	-68.043357153465406E-3
122.000000000000030E+0	345.221995865141070E-3	-215.890026679435440E-3
123.000000000000030E+0	336.584180854890340E-3	-87.367463132293877E-3
124.000000000000030E+0	277.504578386257690E-3	-173.377990700993940E-3
125.000000000000030E+0	296.397133739615740E-3	-142.435652867996640E-3
126.000000000000030E+0	261.635991403401710E-3	-142.835948731305310E-3
127.000000000000030E+0	262.739188142851410E-3	-99.940078897895246E-3
128.000000000000030E+0	237.280281420141510E-3	-61.178613778576363E-3
129.000000000000030E+0	264.908577842488000E-3	31.524605837805419E-3
130.000000000000030E+0	299.963033494747340E-3	101.970600631029070E-3
131.000000000000030E+0	336.218271801895400E-3	194.095152838855170E-3
132.000000000000030E+0	156.243709491090820E-3	310.580198416781360E-3
133.000000000000030E+0	237.388781994986610E-3	23.662076067692002E-3
134.000000000000030E+0	290.958372563720920E-3	5.779470132591689E-3
135.000000000000030E+0	359.057715428505010E-3	-64.019706077992511E-3
136.000000000000030E+0	416.596081084168010E-3	-107.856665146918260E-3
137.000000000000030E+0	451.785040892397350E-3	-337.447056737910810E-3
138.000000000000030E+0	802.490239319385120E-3	113.757211707564990E-3
139.000000000000030E+0	644.493504122684140E-3	21.039122088341664E-3
140.000000000000030E+0	714.875537498520170E-3	-63.377278620837113E-3
141.000000000000030E+0	843.767398178061340E-3	108.184036044841540E-3
142.000000000000030E+0	630.830294246496610E-3	207.245711207521390E-3
143.000000000000030E+0	546.323777329841390E-3	12.735722997729546E-3
144.000000000000030E+0	603.921798887063770E-3	-116.736569731647300E-3
145.000000000000030E+0	685.763691776655970E-3	-253.157304038258650E-3
146.000000000000030E+0	684.122038392941830E-3	-396.255389358572680E-3
147.000000000000030E+0	739.634871016882630E-3	-980.098751530893870E-3
148.000000000000030E+0	1.114486729058674E+0	-525.482835040992910E-3
149.000000000000030E+0	850.383943610371950E-3	-556.315162457504120E-3
150.000000000000030E+0	659.807054233326860E-3	-723.769783945315990E-3
151.000000000000030E+0	748.624749009886740E-3	-825.864945586323170E-3
152.000000000000030E+0	590.890029046389430E-3	-656.311149997389930E-3
153.000000000000030E+0	360.660144160453940E-3	-565.581898614085810E-3
154.000000000000030E+0	307.670469567757950E-3	-751.213799899990930E-3
155.000000000000030E+0	348.621790337061590E-3	-466.207673604833510E-3
156.000000000000030E+0	-354.924816130882500E-3	-543.135814817744640E-3
157.000000000000030E+0	158.079716313164670E-3	-780.410148844721370E-3
158.000000000000030E+0	259.222414410245410E-3	-638.407410283637680E-3
159.000000000000030E+0	255.050386554646010E-3	-522.557470552370670E-3
160.000000000000030E+0	348.925961937269660E-3	-414.487317308602440E-3
161.000000000000030E+0	77.056709100974938E-3	-410.133861514574700E-3
162.000000000000030E+0	197.819761922248900E-3	-500.528933648277330E-3
163.000000000000030E+0	294.971526704208010E-3	-439.140848279587660E-3
164.000000000000030E+0	229.351912894832090E-3	-324.059092106606720E-3
165.000000000000030E+0	233.623906925333890E-3	-376.219539177658160E-3
166.000000000000030E+0	89.260448243679014E-3	-299.717868555260560E-3
167.000000000000030E+0	107.249058702676120E-3	-556.647289289492360E-3
168.000000000000030E+0	189.057515331218560E-3	-654.278103448183600E-3
169.000000000000030E+0	339.912874338828440E-3	-868.587625239501610E-3
170.000000000000030E+0	470.309512135694880E-3	-517.428083518304050E-3
171.000000000000030E+0	283.545338977881310E-3	-659.514521562770680E-3
172.000000000000030E+0	253.063002160388020E-3	-759.202339708433760E-3
173.000000000000030E+0	189.196626883813810E-3	-817.374855361893690E-3
174.000000000000030E+0	213.125858526867330E-3	-801.003137773942160E-3
175.000000000000030E+0	109.574032649398520E-3	-723.512052237698540E-3
176.000000000000030E+0	37.210332978292002E-3	-758.577736408574950E-3
177.000000000000030E+0	74.729743472653959E-3	-812.604611004130730E-3
178.000000000000030E+0	59.353671244086102E-3	-723.944489417006730E-3
179.000000000000030E+0	-71.838469364955221E-3	-1.074463602551363E+0
180.000000000000030E+0	252.102898487741810E-3	-585.589262212155790E-3
181.000000000000030E+0	119.190245174787930E-3	-662.676483878701480E-3
182.000000000000030E+0	135.471098060889310E-3	-741.849090283974390E-3
183.000000000000030E+0	104.898255171845240E-3	-713.931215970017520E-3
184.000000000000030E+0	74.231450254897899E-3	-860.672966074360950E-3
185.000000000000030E+0	188.165756092773780E-3	-807.187555272647520E-3
186.000000000000030E+0	130.247197770584470E-3	-769.879211866422830E-3
187.000000000000030E+0	25.666629188272040E-3	-800.590772798266510E-3
188.000000000000030E+0	18.423675693675968E-3	-911.771981330596450E-3
189.000000000000030E+0	33.068094056182773E-3	-836.147629480872180E-3
190.000000000000030E+0	-82.010687278982655E-3	-800.474118131659810E-3
191.000000000000030E+0	-207.845444759306050E-3	-852.168452589746720E-3
192.000000000000030E+0	-286.394063357494510E-3	-989.221054693332880E-3
193.000000000000030E+0	-191.471615998052180E-3	-963.528074479550240E-3
194.000000000000030E+0	-262.932840100031930E-3	-817.327153624797910E-3
195.000000000000030E+0	-317.062436090972900E-3	-766.258555003239580E-3
196.000000000000030E+0	-378.693424571243830E-3	-727.483624889189270E-3
197.000000000000030E+0	-448.909278817960890E-3	-730.931219272485500E-3
198.000000000000030E+0	-482.564311605574500E-3	-891.102459772575850E-3
199.000000000000030E+0	-436.832798463598240E-3	-731.869430727259960E-3
200.000000000000030E+0	-455.880876800199290E-3	-692.103121112372490E-3
201.000000000000030E+0	-404.326986071533170E-3	-643.338475779123950E-3
202.000000000000030E+0	-468.312246740516080E-3	-509.862665355674370E-3
203.000000000000030E+0	-662.167641339756700E-3	-484.203457145289840E-3
204.000000000000030E+0	-689.436845698108040E-3	-521.926724806224370E-3
205.000000000000030E+0	-772.625278992383530E-3	-515.640228446155200E-3
206.000000000000030E+0	-674.814229565083740E-3	-517.885042592108440E-3
207.000000000000030E+0	-675.318935889575810E-3	-319.110734580131560E-3
208.000000000000030E+0	-940.025953728278800E-3	-346.066071035033780E-3
209.000000000000030E+0	-858.149967983077850E-3	-269.770541790051780E-3
210.000000000000030E+0	-835.391847837611220E-3	-98.135191017461987E-3
211.000000000000030E+0	-886.090603914267970E-3	9.146756402467954E-3
212.000000000000030E+0	-712.579339103936670E-3	-14.120487436815640E-3
213.000000000000030E+0	-502.333492990460590E-3	74.779562690313009E-3
214.000000000000030E+0	-367.231012573802360E-3	257.004457397805810E-3
215.000000000000030E+0	-295.411459066025560E-3	247.394452944909080E-3
216.000000000000030E+0	-237.650781878832760E-3	237.119069761528270E-3
217.000000000000030E+0	-442.314050891589430E-3	185.396096377981210E-3
218.000000000000030E+0	-366.262622391077870E-3	-11.285446506433589E-3
219.000000000000030E+0	-267.506201896667680E-3	-82.257053304213179E-3
220.000000000000030E+0	-170.692073114045020E-3	-34.559391114972464E-3
221.000000000000030E+0	-156.105234261437740E-3	8.301157575139389E-3
222.000000000000030E+0	-150.455933745272330E-3	76.952318824850124E-3
223.000000000000030E+0	-128.727933252737630E-3	80.013732983746824E-3
224.000000000000030E+0	-123.503936801829650E-3	101.880049375685650E-3
225.000000000000030E+0	-122.017379161628720E-3	6.355348665882003E-3
226.000000000000030E+0	-91.347805568732274E-3	-44.256470234527029E-3
227.000000000000030E+0	-85.906768934370659E-3	-57.632165412080029E-3
228.000000000000030E+0	-87.259951993265986E-3	-102.214443309855100E-3
229.000000000000030E+0	-79.786210728519907E-3	-139.045835805067820E-3
230.000000000000030E+0	-61.748384204540756E-3	-157.036168264330390E-3
231.000000000000030E+0	-77.701213160498286E-3	-159.559469964841080E-3
232.000000000000030E+0	-120.406269617487130E-3	-185.698419157601460E-3
233.000000000000030E+0	-183.573212111066530E-3	-236.412608546879400E-3
234.000000000000030E+0	-203.975757573865660E-3	-268.480939511503370E-3
235.000000000000030E+0	-245.086758094667730E-3	-258.407358863406490E-3
236.000000000000030E+0	-312.378527187573250E-3	-249.935858408392660E-3
237.000000000000030E+0	-329.897695686699630E-3	-273.243665384630800E-3
238.000000000000030E+0	-311.356397909911870E-3	-257.806407499843680E-3
239.000000000000030E+0	-312.046582255312950E-3	-270.013322546520830E-3
240.000000000000030E+0	-195.962682802016980E-3	-232.255757469218840E-3
241.000000000000030E+0	-242.281945004152120E-3	-173.329921880635870E-3
242.000000000000030E+0	-255.527310515530570E-3	-174.672682453933250E-3
243.000000000000030E+0	-210.672159209741920E-3	-195.253612384536840E-3
244.000000000000030E+0	-204.548690517311810E-3	-157.475923695157950E-3
245.000000000000030E+0	-169.530593651179760E-3	-197.548276242884320E-3
246.000000000000030E+0	-140.467370214249070E-3	-89.166208897615604E-3
247.000000000000030E+0	-182.531351075974480E-3	-62.790714993053470E-3
248.000000000000030E+0	-231.958425773041900E-3	-42.046038512517155E-3
249.000000000000030E+0	-313.055529161819780E-3	-66.364940721922186E-3
250.000000000000030E+0	-246.406578589979750E-3	-138.192259410927830E-3
251.000000000000030E+0	-235.531530029648830E-3	-116.185092923993660E-3
252.000000000000030E+0	-245.496355979947400E-3	-130.370177470878780E-3
253.000000000000030E+0	-212.016840808390810E-3	-169.061616141716470E-3
254.000000000000030E+0	-137.224518037513760E-3	-200.737155370737750E-3
255.000000000000030E+0	-44.465139792918926E-3	-123.061508509042130E-3
256.000000000000060E+0	-111.170999767541930E-3	13.576656474180163E-3
257.000000000000060E+0	-188.699351595666090E-3	-7.781300717021457E-3
258.000000000000060E+0	-212.326886237623830E-3	9.210488997448753E-3
259.000000000000060E+0	-259.448739403624010E-3	-50.942770461890136E-3
260.000000000000060E+0	-252.273810252818090E-3	-39.905524252828471E-3
261.000000000000060E+0	-266.962027014825080E-3	-75.420042088055902E-3
262.000000000000060E+0	-195.940826439078290E-3	-46.217174145356352E-3
263.000000000000060E+0	-244.733340523224730E-3	-11.777034241937021E-3
264.000000000000060E+0	-245.096645278266190E-3	-50.294483125459033E-3
265.000000000000060E+0	-224.685266020419630E-3	-37.999695378234513E-3
266.000000000000060E+0	-190.613600731498490E-3	-32.066755408451914E-3
267.000000000000060E+0	-156.687095613862900E-3	37.744849103710808E-3
268.000000000000060E+0	-341.312713291642310E-3	120.061168818602860E-3
269.000000000000060E+0	-229.350022524523990E-3	-71.293082611997238E-3
270.000000000000060E+0	-175.989536553905400E-3	8.409775078305140E-3
271.000000000000060E+0	-152.393622245804470E-3	3.826282519966335E-3
272.000000000000060E+0	-95.119309385813297E-3	146.118414013344270E-3
273.000000000000060E+0	-162.499848311943830E-3	141.260499651551630E-3
274.000000000000060E+0	-106.865862932954570E-3	78.817678024727250E-3
275.000000000000060E+0	-83.983891500345964E-3	80.778271117372111E-3
276.000000000000060E+0	-14.701839695228537E-3	54.919563818653316E-3
277.000000000000060E+0	-16.212585049834621E-3	260.392101525762810E-3
278.000000000000060E+0	-165.511663577315840E-3	-110.652924824875200E-3
279.000000000000060E+0	-38.690796481203445E-3	-139.847320712556570E-3
280.000000000000060E+0	35.324785131549047E-3	-147.926595187098110E-3
281.000000000000060E+0	131.943854230791250E-3	-150.400763616032440E-3
282.000000000000060E+0	145.373022862194450E-3	-45.295188201028354E-3
283.000000000000060E+0	135.317927930793810E-3	-110.304575682984030E-3
284.000000000000060E+0	248.383813791884730E-3	-98.766134785676668E-3
285.000000000000060E+0	136.780547424834530E-3	-19.065386822629728E-3
286.000000000000060E+0	108.321205585561690E-3	-34.397204413780642E-3
287.000000000000060E+0	-186.367341479551000E-3	-13.736570674216315E-3
288.000000000000060E+0	-74.188692363398992E-3	-272.219187198924850E-3
289.000000000000060E+0	-83.590510449085206E-3	-307.426764105143520E-3
290.000000000000060E+0	-159.812738041280430E-3	-401.190062815521220E-3
291.000000000000060E+0	-91.155176245246411E-3	-424.629180119805990E-3
292.000000000000060E+0	-155.982678606387090E-3	-437.111068221376690E-3
293.000000000000060E+0	-150.029958524765310E-3	-422.602663617740900E-3
294.000000000000060E+0	-190.662085461161400E-3	-328.549139123118170E-3
295.000000000000060E+0	-266.436043357439870E-3	-230.386700678613890E-3
296.000000000000060E+0	-392.783047751209040E-3	-177.821616026850680E-3
297.000000000000060E+0	-462.105559297031840E-3	-225.192779410353460E-3
298.000000000000060E+0	-428.008068942332400E-3	-189.160548560519590E-3
299.000000000000060E+0	-432.971295411508250E-3	-147.642431706334680E-3
300.000000000000060E+0	-404.652053467408010E-3	-146.277781973424860E-3
301.000000000000060E+0	-337.768439374781900E-3	-86.079511174089005E-3
302.000000000000060E+0	-290.578308121679120E-3	-41.135808980958359E-3
303.000000000000060E+0	-223.666054405714600E-3	66.679575897899940E-3
304.000000000000060E+0	-310.378306383087720E-3	41.517879690268135E-3
305.000000000000060E+0	-259.458906546338190E-3	76.558149573257905E-3
306.000000000000060E+0	-379.052230119768960E-3	34.700491444086053E-3
307.000000000000060E+0	-329.053252959540740E-3	-21.611449547122040E-3
308.000000000000060E+0	-307.340524496469040E-3	-31.051948407421138E-3
309.000000000000060E+0	-263.386729088871170E-3	-46.073085840602900E-3
310.000000000000060E+0	-159.477696816838680E-3	71.131949321301069E-3
311.000000000000060E+0	-151.477655970841670E-3	110.064542870788010E-3
312.000000000000060E+0	-115.072533113987910E-3	118.668099919447390E-3
313.000000000000060E+0	-71.417502576631015E-3	146.600082079470200E-3
314.000000000000060E+0	-116.216250600013870E-3	77.119047856155032E-3
315.000000000000060E+0	-107.486652362425050E-3	44.440929311498609E-3
316.000000000000060E+0	-135.937975392795370E-3	-10.545410921082587E-3
317.000000000000060E+0	-115.961075503098960E-3	-12.983965125711337E-3
318.000000000000060E+0	-124.791678007359500E-3	-25.742224725184858E-3
319.000000000000060E+0	-93.623953786159939E-3	-91.239211094517242E-3
320.000000000000060E+0	-96.058103585677249E-3	-29.856383663095971E-3
321.000000000000060E+0	-132.281348977344500E-3	-28.447158707394254E-3
322.000000000000060E+0	-165.737144655347080E-3	-39.499512547201125E-3
323.000000000000060E+0	-205.754511508855650E-3	-54.138678360941703E-3
324.000000000000060E+0	-240.249802158410210E-3	-120.094124368685150E-3
325.000000000000060E+0	-169.082593890210660E-3	-103.224868718939590E-3
326.000000000000060E+0	-188.976975914010720E-3	-71.199119233662067E-3
327.000000000000060E+0	-191.868007958213070E-3	-57.543939211660795E-3
328.000000000000060E+0	-207.597853217585310E-3	-27.477082973495895E-3
329.000000000000060E+0	-236.572060336043420E-3	-9.602950728362859E-3
330.000000000000060E+0	-245.775361610176880E-3	-4.198855246599734E-3
331.000000000000060E+0	-265.612149974431940E-3	13.459977983499604E-3
332.000000000000060E+0	-288.989695953851880E-3	741.498330843044310E-6
333.000000000000060E+0	-270.375810996225820E-3	22.912617694305585E-3
334.000000000000060E+0	-277.173403534972110E-3	61.955901930434931E-3
335.000000000000060E+0	-274.138926651184280E-3	102.909198711737430E-3
336.000000000000060E+0	-280.148628150311720E-3	170.711749773786590E-3
337.000000000000060E+0	-302.498081895584030E-3	215.283204402486880E-3
338.000000000000060E+0	-232.440075695076160E-3	204.696039293509210E-3
339.000000000000060E+0	-170.218084140080910E-3	259.757144092786220E-3
340.000000000000060E+0	-114.371628766456330E-3	304.289672502160100E-3
341.000000000000060E+0	-57.894158202713646E-3	299.687169988771540E-3
342.000000000000060E+0	61.916106329093744E-3	288.156516467184210E-3
343.000000000000060E+0	68.808806781492843E-3	328.505338424840250E-3
344.000000000000060E+0	58.625411026786839E-3	242.414969806871770E-3
345.000000000000060E+0	53.012240260076400E-3	160.865264941935730E-3
346.000000000000060E+0	91.819704080960907E-3	72.685254732623938E-3
347.000000000000060E+0	130.366107124366280E-3	13.874820783508168E-3
348.000000000000060E+0	120.772341084782090E-3	75.682904962970754E-3
349.000000000000060E+0	83.301023734204144E-3	28.218697378416889E-3
350.000000000000060E+0	128.534126593827180E-3	-2.976422443226974E-3
351.000000000000060E+0	118.708866324521600E-3	123.102082149192920E-3
352.000000000000060E+0	-1.581715581438555E-3	68.733924885826164E-3
353.000000000000060E+0	9.952976521652779E-3	-15.167189813251361E-3
354.000000000000060E+0	52.951431894405210E-3	-31.647541213863824E-3
355.000000000000060E+0	72.155120382603827E-3	-8.521664442028646E-3
356.000000000000060E+0	109.518441980620540E-3	-44.861371471307941E-3
357.000000000000060E+0	173.514055001501720E-3	54.443393823663457E-3
358.000000000000060E+0	121.677497929941010E-3	83.398977254772147E-3
359.000000000000060E+0	65.597539818174413E-3	66.004921019571006E-3
360.000000000000060E+0	41.222710264871336E-3	36.829679464513772E-3
361.000000000000060E+0	16.513460530657987E-3	-114.794795685700250E-3
362.000000000000060E+0	86.638141560114415E-3	-122.641858884596210E-3
363.000000000000060E+0	134.018791140158380E-3	-204.058290715986580E-3
364.000000000000060E+0	303.588855688934730E-3	-170.491356005912810E-3
365.000000000000060E+0	380.915408918479250E-3	-114.060514188826480E-3
366.000000000000060E+0	425.248800461226210E-3	152.592307959263120E-3
367.000000000000060E+0	179.303058791184270E-3	139.919738644398830E-3
368.000000000000060E+0	148.754742701691530E-3	43.239573958456935E-3
369.000000000000060E+0	37.119252980369832E-3	23.764395736416824E-3
370.000000000000060E+0	-120.762269824818580E-3	-298.830584553206770E-3
371.000000000000060E+0	203.597022776109580E-3	-673.409249749245100E-3
372.000000000000060E+0	399.574660840353810E-3	-646.061768417197760E-3
373.000000000000060E+0	442.438046053670320E-3	-736.560006371040580E-3
374.000000000000060E+0	693.645001448099480E-3	-587.906815128190540E-3
375.000000000000060E+0	597.516341957375130E-3	-451.332525034550350E-3
376.000000000000060E+0	371.159756758285660E-3	-246.799736727558370E-3
377.000000000000060E+0	41.186416763358824E-3	-312.237803512102840E-3
378.000000000000060E+0	-91.846045141248334E-3	-448.599499756689390E-3
379.000000000000060E+0	-248.887239209060200E-3	-524.254163221938190E-3
380.000000000000060E+0	-110.017495003317640E-3	-842.740190026449180E-3
381.000000000000060E+0	-167.492081475071110E-3	-797.595608067470100E-3
382.000000000000060E+0	-225.812278561586590E-3	-971.618272067882870E-3
383.000000000000060E+0	-98.223140143908233E-3	-954.260563442066000E-3
384.000000000000060E+0	-37.704447998956107E-3	-821.302157523236430E-3
385.000000000000060E+0	-313.782770054996380E-3	-460.809706413951970E-3
386.000000000000060E+0	-552.696835071149970E-3	-473.847889254489010E-3
387.000000000000060E+0	-695.001425385917690E-3	-546.854670355983560E-3
388.000000000000060E+0	-695.916048895347420E-3	-530.252865231835010E-3
389.000000000000060E+0	-713.845059184424650E-3	-788.820991889324640E-3
390.000000000000060E+0	-362.702082209386050E-3	-623.931429167725700E-3
391.000000000000060E+0	-393.231381525335710E-3	-486.148356227035060E-3
392.000000000000060E+0	-368.301910480150600E-3	-401.850107408351920E-3
393.000000000000060E+0	-554.685831082904590E-3	-205.028311013602580E-3
394.000000000000060E+0	-629.883316838702800E-3	-278.259392856050950E-3
395.000000000000060E+0	-700.128791168319720E-3	-301.784637510589700E-3
396.000000000000060E+0	-704.831801794697180E-3	-350.430529331032860E-3
397.000000000000060E+0	-773.990518757488250E-3	-402.995344311070760E-3
398.000000000000060E+0	-781.807865703172180E-3	-684.276539875047440E-3
399.000000000000060E+0	-455.651261839489450E-3	-473.611626221372820E-3
400.000000000000060E+0	-536.870314508153920E-3	-333.227462757807620E-3
401.000000000000060E+0	-612.362812631684020E-3	-259.185316627376650E-3
402.000000000000060E+0	-664.269982687042290E-3	-221.084639077915530E-3
403.000000000000060E+0	-879.528076771459050E-3	-23.023774130462752E-3
404.000000000000060E+0	-970.169038390075730E-3	-173.642042725558890E-3
405.000000000000060E+0	-1.063405179499143E+0	-102.157083941675400E-3
406.000000000000060E+0	-977.367224356727960E-3	-217.696867127926690E-3
407.000000000000060E+0	-961.032667178551620E-3	-150.246418270698840E-3
408.000000000000060E+0	-717.347880956643260E-3	-207.010984617614160E-3
409.000000000000060E+0	-728.092336964849320E-3	40.088244393180920E-3
410.000000000000060E+0	-750.232044315338410E-3	116.756212980523980E-3
411.000000000000060E+0	-791.864454945035660E-3	213.040893393476260E-3
412.000000000000060E+0	-929.646693225422150E-3	212.703731670521870E-3
413.000000000000060E+0	-962.746316253323630E-3	186.233727546897130E-3
414.000000000000060E+0	-971.350471018731180E-3	150.486321478867370E-3
415.000000000000060E+0	-912.646306933788790E-3	152.375722493024610E-3
416.000000000000060E+0	-876.000206941066060E-3	211.827792211384150E-3
417.000000000000060E+0	-771.588548774770340E-3	315.008243924896350E-3
418.000000000000060E+0	-787.647008067698940E-3	468.186998684574970E-3
419.000000000000060E+0	-865.142749376312640E-3	592.160102039846590E-3
420.000000000000060E+0	-896.121305471072720E-3	635.124670911958900E-3
421.000000000000060E+0	-1.047861693493051E+0	760.458180898628820E-3
422.000000000000060E+0	-906.298098216067660E-3	640.203818326465890E-3
423.000000000000060E+0	-847.471125334585240E-3	731.937410442633830E-3
424.000000000000060E+0	-793.871934545651080E-3	765.260805832329470E-3
425.000000000000060E+0	-643.239060440721430E-3	819.751211945700770E-3
426.000000000000060E+0	-454.996065377676620E-3	974.518440830584360E-3
427.000000000000060E+0	-554.580793729588020E-3	1.168885258714928E+0
428.000000000000060E+0	-387.744212750448510E-3	1.130044934553302E+0
429.000000000000060E+0	-181.697625275333980E-3	1.208434481447771E+0
430.000000000000060E+0	-105.390513965458660E-3	1.337888560904803E+0
431.000000000000060E+0	-194.239030955860450E-3	1.265859245115466E+0
432.000000000000060E+0	53.106507530228483E-3	1.054818148212764E+0
433.000000000000060E+0	277.212828663380540E-3	904.861288155702100E-3
434.000000000000060E+0	509.262634884317780E-3	793.454867967454010E-3
435.000000000000060E+0	573.429462616931620E-3	675.426417007182640E-3
436.000000000000060E+0	613.205704430122010E-3	669.919272885144860E-3
437.000000000000060E+0	447.871106395594960E-3	590.777359624405030E-3
438.000000000000060E+0	360.941151685793990E-3	396.847076919815360E-3
439.000000000000060E+0	339.669578599253950E-3	333.444827397631760E-3
440.000000000000060E+0	118.666722526512250E-3	409.918906575845070E-3
441.000000000000060E+0	139.245463189350330E-3	362.741850688260980E-3
442.000000000000060E+0	74.937352325348067E-3	481.482063192084200E-3
443.000000000000060E+0	1.288227391596422E-3	530.501521113593940E-3
444.000000000000060E+0	51.049890896869170E-3	552.171393355109010E-3
445.000000000000060E+0	205.546214630372980E-3	651.511199367535540E-3
446.000000000000060E+0	307.809441666964500E-3	740.829553609339220E-3
447.000000000000060E+0	445.966984370223140E-3	749.866151192620460E-3
448.000000000000060E+0	535.042941187200640E-3	713.108817089632360E-3
449.000000000000060E+0	602.465808825333850E-3	623.288835409315570E-3
450.000000000000060E+0	722.526302416763740E-3	517.297004141525800E-3
451.000000000000060E+0	731.153255123317860E-3	432.917944781339380E-3
452.000000000000060E+0	781.336144843336130E-3	307.937655643860720E-3
453.000000000000060E+0	786.344916402602180E-3	295.749429272490150E-3
454.000000000000060E+0	767.899302113626000E-3	155.511029718121170E-3
455.000000000000060E+0	782.658809460563990E-3	88.434824606099985E-3
456.000000000000060E+0	798.448170958995890E-3	22.782870778822836E-3
457.000000000000060E+0	801.766624659999260E-3	-21.688827542146443E-3
458.000000000000060E+0	772.928777392408950E-3	-94.397750842555805E-3
459.000000000000060E+0	848.378276341781090E-3	-134.794363684961250E-3
460.000000000000060E+0	777.446812219437450E-3	-219.055883258598570E-3
461.000000000000060E+0	808.766656864532420E-3	-294.555737691406640E-3
462.000000000000060E+0	772.832829842084790E-3	-355.948779234584730E-3
463.000000000000060E+0	724.279072542488360E-3	-400.450989969366790E-3
464.000000000000060E+0	658.232302272812370E-3	-547.669355746628230E-3
465.000000000000060E+0	644.909410378897150E-3	-695.219122793347080E-3
466.000000000000060E+0	690.478530479130660E-3	-796.534319689410690E-3
467.000000000000060E+0	569.105095821872080E-3	-780.247822900270620E-3
468.000000000000060E+0	450.877230024292590E-3	-901.273308540979420E-3
469.000000000000060E+0	354.536844306513110E-3	-862.044878382733030E-3
470.000000000000060E+0	123.861047728321630E-3	-900.062030080202250E-3
471.000000000000060E+0	-65.067389146507684E-3	-932.819110014172500E-3
472.000000000000060E+0	-88.913765443308340E-3	-1.009591742534984E+0
473.000000000000060E+0	-191.379676555620880E-3	-806.885419361926370E-3
474.000000000000060E+0	-286.221374501694210E-3	-705.626574377831720E-3
475.000000000000060E+0	-316.950325529437250E-3	-658.652078261480420E-3
476.000000000000060E+0	-306.571200245471520E-3	-602.235729850283400E-3
477.000000000000060E+0	-325.505113031574420E-3	-558.303914814524130E-3
478.000000000000060E+0	-328.298620990935540E-3	-593.990586502232690E-3
479.000000000000060E+0	-336.272540381110930E-3	-488.027712051034900E-3
480.000000000000060E+0	-450.145802864052810E-3	-442.839103353481870E-3
481.000000000000060E+0	-490.758190244670320E-3	-432.344391282952050E-3
482.000000000000060E+0	-504.750115338080780E-3	-468.967244270249830E-3
483.000000000000060E+0	-458.759258868432050E-3	-382.667275563731370E-3
484.000000000000060E+0	-461.044427156388820E-3	-310.057008220792910E-3
485.000000000000060E+0	-487.976702637685280E-3	-288.640592054403460E-3
486.000000000000060E+0	-460.615515181108880E-3	-216.900875672603380E-3
487.000000000000060E+0	-506.527310140216010E-3	-184.396361123710110E-3
488.000000000000060E+0	-464.902566010825520E-3	-202.017866782675110E-3
489.000000000000060E+0	-431.690384366749560E-3	-174.787132292157730E-3
490.000000000000060E+0	-420.623892363647170E-3	-126.827067838327890E-3
491.000000000000060E+0	-433.358429902225890E-3	-130.045566045616960E-3
492.000000000000060E+0	-400.116502218864360E-3	-107.193007648382560E-3
493.000000000000060E+0	-401.105991595442800E-3	-79.700698449682070E-3
494.000000000000060E+0	-402.131381763304600E-3	-79.307933568930788E-3
495.000000000000060E+0	-371.252404950439980E-3	-81.217328808150677E-3
496.000000000000060E+0	-365.488754516652030E-3	-62.577850047183498E-3
497.000000000000060E+0	-335.819323020409680E-3	-40.890143182791862E-3
498.000000000000060E+0	-353.226689997749640E-3	-19.701843331898630E-3
499.000000000000060E+0	-361.119234966216010E-3	-23.808816777739977E-3
500.000000000000060E+0	-358.478455705954880E-3	-62.969454998509158E-3
501.000000000000060E+0	-274.107882715279080E-3	-2.511546344100915E-3
502.000000000000060E+0	-303.790983803211120E-3	19.778744428555185E-3
503.000000000000060E+0	-313.457258505174090E-3	19.082116050521243E-3
504.000000000000060E+0	-303.928398759565120E-3	26.408861218753001E-3
505.000000000000060E+0	-319.116491559280620E-3	38.275035391134221E-3
506.000000000000060E+0	-304.773724564578570E-3	-29.589191639690218E-3
507.000000000000060E+0	-265.696939921916670E-3	10.723618439435853E-3
508.000000000000060E+0	-270.656880086032950E-3	12.504382437184412E-3
509.000000000000060E+0	-231.253096188326460E-3	4.168135849889187E-3
510.000000000000060E+0	-195.467888540716890E-3	56.708822793766371E-3
511.000000000000060E+0	-230.253811954378190E-3	37.437736598285309E-3
512.000000000000110E+0	-212.238775474766520E-3	31.687726934696805E-3
513.000000000000110E+0	-220.706476661160080E-3	40.732661495940042E-3
514.000000000000110E+0	-246.268395221897720E-3	-23.276792200385123E-3
515.000000000000110E+0	-169.908567985467800E-3	-76.839551257137428E-3
516.000000000000110E+0	-144.180193430807400E-3	-36.525117336770718E-3
517.000000000000110E+0	-183.081942456180230E-3	-76.061671002428527E-3
518.000000000000110E+0	-201.541182354955690E-3	-123.852694375842300E-3
519.000000000000110E+0	-206.242446939478160E-3	-284.486499167974800E-3
520.000000000000110E+0	-159.704225167432160E-3	-193.860318361534720E-3
521.000000000000110E+0	-274.180321003306300E-3	-176.410536746508250E-3
522.000000000000110E+0	-409.207623485312920E-3	-212.911383847215200E-3
523.000000000000110E+0	-491.083951135786460E-3	-302.995729351417390E-3
524.000000000000110E+0	-499.933546985727950E-3	-315.953690038499210E-3
525.000000000000110E+0	-469.974945944363510E-3	-227.034988806737730E-3
526.000000000000110E+0	-541.823225980119780E-3	-130.487731636700440E-3
527.000000000000110E+0	-615.516056563586770E-3	-106.937780158267480E-3
528.000000000000110E+0	-605.069865153987530E-3	-20.950683115609280E-3
529.000000000000110E+0	-678.241482190164890E-3	-42.125788514052707E-3
530.000000000000110E+0	-590.512874346602600E-3	31.177323785773623E-3
531.000000000000110E+0	-591.492365361971690E-3	75.985275941527541E-3
532.000000000000110E+0	-585.747792091993790E-3	19.196105138918836E-3
533.000000000000110E+0	-487.788240590489090E-3	95.637754848712231E-3
534.000000000000110E+0	-493.527504695539800E-3	123.614658722266730E-3
535.000000000000110E+0	-450.833330597402490E-3	138.660731052309470E-3
536.000000000000110E+0	-443.762387425151390E-3	174.986526203562950E-3
537.000000000000110E+0	-451.216836984087770E-3	170.556427203281120E-3
538.000000000000110E+0	-448.529961744030540E-3	147.398072337596860E-3
539.000000000000110E+0	-395.061545678526030E-3	140.327691019887510E-3
540.000000000000110E+0	-360.677591278623420E-3	172.935717548405090E-3
541.000000000000110E+0	-390.271557779089510E-3	217.049345819517760E-3
542.000000000000110E+0	-469.210086200213090E-3	108.300084344957570E-3
543.000000000000110E+0	-297.179991243595620E-3	140.489413137300620E-3
544.000000000000110E+0	-311.938353457724470E-3	193.378130718329350E-3
545.000000000000110E+0	-354.040730904652660E-3	177.382933396645760E-3
546.000000000000110E+0	-306.262741362312130E-3	174.484794267750070E-3
547.000000000000110E+0	-343.165321890899930E-3	258.080126530826070E-3
548.000000000000110E+0	-390.617692073029320E-3	170.332388766150140E-3
549.000000000000110E+0	-368.600697226698250E-3	179.299474409640840E-3
550.000000000000110E+0	-385.172240775134010E-3	169.426035865107400E-3
551.000000000000110E+0	-323.942805925400530E-3	108.129422255457050E-3
552.000000000000110E+0	-299.225042616696910E-3	209.766248853477000E-3
553.000000000000110E+0	-353.598050151691490E-3	214.159132322990860E-3
554.000000000000110E+0	-357.974161403306230E-3	201.095641979064270E-3
555.000000000000110E+0	-360.237937110007340E-3	207.930611662897700E-3
556.000000000000110E+0	-380.900617713831440E-3	211.910756034278470E-3
557.000000000000110E+0	-382.015774429916520E-3	182.519753249538760E-3
558.000000000000110E+0	-375.514747104834840E-3	191.718959354148930E-3
559.000000000000110E+0	-373.150751390928400E-3	199.459132975180970E-3
560.000000000000110E+0	-380.758971264674780E-3	225.277405117408990E-3
561.000000000000110E+0	-445.720273978889750E-3	205.598731653500260E-3
562.000000000000110E+0	-391.441322042999360E-3	204.833583353976250E-3
563.000000000000110E+0	-379.913247309445920E-3	230.842499692734740E-3
564.000000000000110E+0	-394.506116830813440E-3	282.543573861551210E-3
565.000000000000110E+0	-435.355179669120300E-3	290.730825859694400E-3
566.000000000000110E+0	-475.142173748557270E-3	250.879323590215250E-3
567.000000000000110E+0	-427.033956172063910E-3	239.540558987610900E-3
568.000000000000110E+0	-408.856400775885590E-3	253.981066843740110E-3
569.000000000000110E+0	-397.774586190004440E-3	291.168782920766200E-3
570.000000000000110E+0	-427.406775928213190E-3	349.514146917551280E-3
571.000000000000110E+0	-461.707266834222640E-3	295.605255097812600E-3
572.000000000000110E+0	-445.745417263036680E-3	310.289119113135840E-3
573.000000000000110E+0	-434.597743972307550E-3	305.899868947560270E-3
574.000000000000110E+0	-385.706430870679070E-3	388.276111122042910E-3
575.000000000000110E+0	-468.049933818703520E-3	441.749889473280310E-3
576.000000000000110E+0	-562.697335935948950E-3	416.720905230432810E-3
577.000000000000110E+0	-509.073382444934720E-3	368.259417614024980E-3
578.000000000000110E+0	-473.782805715059820E-3	403.379409947799800E-3
579.000000000000110E+0	-419.398440634200010E-3	458.677381737767730E-3
580.000000000000110E+0	-490.376727479991340E-3	588.737020159423750E-3
581.000000000000110E+0	-488.261823618377890E-3	586.130337845123360E-3
582.000000000000110E+0	-481.008954251153310E-3	654.755023399297700E-3
583.000000000000110E+0	-518.805659921245050E-3	682.818033630717580E-3
584.000000000000110E+0	-462.934635360859830E-3	703.309990457160470E-3
585.000000000000110E+0	-432.963034887167970E-3	790.317102424406000E-3
586.000000000000110E+0	-410.299528540695010E-3	837.056601943031890E-3
587.000000000000110E+0	-380.861586543307820E-3	807.041836533798460E-3
588.000000000000110E+0	-221.280041569680400E-3	779.623570074944430E-3
589.000000000000110E+0	108.942724932656370E-3	726.153642731385720E-3
590.000000000000110E+0	69.011668589881073E-3	998.385389378008690E-3
591.000000000000110E+0	127.188852153269500E-3	950.548634455684600E-3
592.000000000000110E+0	146.793136853186210E-3	930.666109363883390E-3
593.000000000000110E+0	61.276189159773911E-3	709.565003371462550E-3
594.000000000000110E+0	204.521481924309110E-3	548.729608566497770E-3
595.000000000000110E+0	285.507588101016120E-3	589.795107439530560E-3
596.000000000000110E+0	234.138759814604910E-3	600.621627668474160E-3
597.000000000000110E+0	187.800148303245620E-3	562.124002838966130E-3
598.000000000000110E+0	175.946789399929030E-3	387.845071394772420E-3
599.000000000000110E+0	425.867293900290990E-3	445.780044845068390E-3
600.000000000000110E+0	416.269438876839040E-3	470.755030792086910E-3
601.000000000000110E+0	424.235872250623370E-3	456.388532243750530E-3
602.000000000000110E+0	384.962055795243510E-3	531.727687559313770E-3
603.000000000000110E+0	198.910201096926170E-3	220.659137960062030E-3
604.000000000000110E+0	285.650730302528300E-3	130.105783487569040E-3
605.000000000000110E+0	270.943630543885700E-3	77.837171435152369E-3
606.000000000000110E+0	266.079896303268730E-3	91.039475266707054E-3
607.000000000000110E+0	188.808657624139980E-3	89.937984453735367E-3
608.000000000000110E+0	216.503573992221670E-3	108.518570146189680E-3
609.000000000000110E+0	91.214068653578340E-3	123.321134239065210E-3
610.000000000000110E+0	45.301837745949744E-3	106.390519252697570E-3
611.000000000000110E+0	29.519224805820643E-3	89.545954152063831E-3
612.000000000000110E+0	11.986573409899753E-3	101.607744999539760E-3
613.000000000000110E+0	-21.948397093477585E-3	129.466473819260100E-3
614.000000000000110E+0	-64.333186140929574E-3	117.159319812724870E-3
615.000000000000110E+0	-70.426553498911706E-3	101.253719181310170E-3
616.000000000000110E+0	-57.421781719383544E-3	106.072822558626980E-3
617.000000000000110E+0	-54.985793633399629E-3	183.992076621140120E-3
618.000000000000110E+0	-145.934891102223070E-3	175.503318205883910E-3
619.000000000000110E+0	-157.565308614254330E-3	161.820935455377180E-3
620.000000000000110E+0	-176.080419612403980E-3	167.372941527193950E-3
621.000000000000110E+0	-173.436593630692940E-3	163.454081227175390E-3
622.000000000000110E+0	-200.072221376344640E-3	216.083439374403750E-3
623.000000000000110E+0	-220.544721655809520E-3	234.782024385860930E-3
624.000000000000110E+0	-245.506358994584670E-3	272.188383180887120E-3
625.000000000000110E+0	-285.282898562832010E-3	284.401382413437990E-3
626.000000000000110E+0	-284.438814603549970E-3	281.138011013551070E-3
627.000000000000110E+0	-263.014074662852090E-3	354.585162808629890E-3
628.000000000000110E+0	-299.610016864977790E-3	387.865524958580730E-3
629.000000000000110E+0	-328.761270373288670E-3	426.694110770036550E-3
630.000000000000110E+0	-364.538690715327680E-3	427.018941110920540E-3
631.000000000000110E+0	-322.271902808987210E-3	459.715308680542170E-3
632.000000000000110E+0	-358.541409114681410E-3	541.508966422594500E-3
633.000000000000110E+0	-369.613808824269700E-3	586.626460871860880E-3
634.000000000000110E+0	-376.059942444875950E-3	674.487037236955470E-3
635.000000000000110E+0	-408.609580554922970E-3	720.541686620882800E-3
636.000000000000110E+0	-318.138863152488180E-3	788.476739564662690E-3
637.000000000000110E+0	-312.635666097889950E-3	962.359925464627120E-3
638.000000000000110E+0	-288.686661653289930E-3	1.072049557917564E+0
639.000000000000110E+0	-223.775574294313160E-3	1.190500573331221E+0
640.000000000000110E+0	-224.631632007677610E-3	1.340962973925580E+0
641.000000000000110E+0	-11.631852595920700E-3	1.326766334086341E+0
642.000000000000110E+0	181.373618884332950E-3	1.455891612870093E+0
643.000000000000110E+0	361.101877400979320E-3	1.568761099199508E+0
644.000000000000110E+0	551.827724563241810E-3	1.620995465360943E+0
645.000000000000110E+0	733.480464414408840E-3	1.586987281154736E+0
646.000000000000110E+0	1.061641925316241E+0	1.475624574181950E+0
647.000000000000110E+0	1.375276166490960E+0	1.444932171138985E+0
648.000000000000110E+0	1.519536348806243E+0	1.311958364601719E+0
649.000000000000110E+0	1.611562188303437E+0	1.130019427494568E+0
650.000000000000110E+0	1.554007025731487E+0	611.305163994326220E-3
651.000000000000110E+0	1.708965733080295E+0	395.679394340664180E-3
652.000000000000110E+0	1.733367833499728E+0	163.405706415235270E-3
653.000000000000110E+0	1.839193531373288E+0	-49.562173495859625E-3
654.000000000000110E+0	1.678966910514265E+0	-79.420266758855940E-3
655.000000000000110E+0	1.648666237162339E+0	-277.318995922693380E-3
656.000000000000110E+0	1.574708208319080E+0	-352.647789538930500E-3
657.000000000000110E+0	1.459105228872703E+0	-513.387350826376760E-3
658.000000000000110E+0	1.476103621305918E+0	-658.246514116696880E-3
659.000000000000110E+0	1.215513212050808E+0	-657.697785437818650E-3
660.000000000000110E+0	1.119976805032362E+0	-956.264582800301020E-3
661.000000000000110E+0	1.017935652948412E+0	-1.160826465964176E+0
662.000000000000110E+0	833.139055821709000E-3	-1.373738698675013E+0
663.000000000000110E+0	929.079992344972850E-3	-1.617341333216437E+0
664.000000000000110E+0	618.455590960716890E-3	-1.477955768765348E+0
665.000000000000110E+0	309.347657512351600E-3	-1.565971485097035E+0
666.000000000000110E+0	-35.025964144231536E-3	-1.572836017347227E+0
667.000000000000110E+0	-355.441956767384490E-3	-1.507320171861707E+0
668.000000000000110E+0	-570.898849184289130E-3	-1.432402765487236E+0
669.000000000000110E+0	-790.607370821185930E-3	-1.023152680444499E+0
670.000000000000110E+0	-902.892035593999330E-3	-725.909553578881090E-3
671.000000000000110E+0	-938.372794015857600E-3	-462.424401924963760E-3
672.000000000000110E+0	-942.919320269148710E-3	-330.536339943804210E-3
673.000000000000110E+0	-749.142623084581570E-3	-257.074606050888500E-3
674.000000000000110E+0	-675.027911104225220E-3	-160.501924394131160E-3
675.000000000000110E+0	-584.097619385312790E-3	-101.046576041454240E-3
676.000000000000110E+0	-541.759550623830740E-3	-35.418788695555967E-3
677.000000000000110E+0	-513.620903462406960E-3	-26.119366375947538E-3
678.000000000000110E+0	-449.705806286616110E-3	-15.434192029881286E-3
679.000000000000110E+0	-408.886894215143130E-3	34.150313022417812E-3
680.000000000000110E+0	-395.223854966492480E-3	62.736079190970143E-3
681.000000000000110E+0	-391.537145016056020E-3	68.555570598124421E-3
682.000000000000110E+0	-378.000690716509160E-3	85.737750177209457E-3
683.000000000000110E+0	-372.593129895379290E-3	86.021432358901306E-3
684.000000000000110E+0	-379.262605105774810E-3	96.883026574413750E-3
685.000000000000110E+0	-398.881568317399130E-3	63.703734317015606E-3
686.000000000000110E+0	-347.092938896009890E-3	43.811586326451032E-3
687.000000000000110E+0	-303.486086873034740E-3	37.776014045240017E-3
688.000000000000110E+0	-284.787344120985830E-3	110.336390122180420E-3
689.000000000000110E+0	-284.830178360644390E-3	129.065496536035880E-3
690.000000000000110E+0	-269.142777604521540E-3	167.814613661567610E-3
691.000000000000110E+0	-297.484857807143730E-3	215.168371227816100E-3
692.000000000000110E+0	-349.605180302830390E-3	184.743972378009960E-3
693.000000000000110E+0	-329.885709322100540E-3	169.692161098377340E-3
694.000000000000110E+0	-325.392038170290660E-3	182.719177104325450E-3
695.000000000000110E+0	-356.618216922442830E-3	168.280967853162460E-3
696.000000000000110E+0	-287.993441874330120E-3	94.263828902268601E-3
697.000000000000110E+0	-168.856463179514250E-3	269.451518354067890E-3
698.000000000000110E+0	-292.396725897850150E-3	338.146246705071600E-3
699.000000000000110E+0	-326.069024298137940E-3	326.271666456247610E-3
700.000000000000110E+0	-286.424857780067270E-3	343.340067825370300E-3
701.000000000000110E+0	-359.450375651460490E-3	404.713196740589810E-3
702.000000000000110E+0	-339.022995284389730E-3	431.888916504701180E-3
703.000000000000110E+0	-380.554639686003060E-3	456.503514990160120E-3
704.000000000000110E+0	-402.962663352398830E-3	353.957261258759980E-3
705.000000000000110E+0	-205.518647813630880E-3	277.473164787045370E-3
706.000000000000110E+0	-10.943101357691699E-3	429.092887384179170E-3
707.000000000000110E+0	-37.998994898060141E-3	509.031584254915790E-3
708.000000000000110E+0	-8.014167515177452E-3	530.330088934738650E-3
709.000000000000110E+0	24.661422227114076E-3	512.062919938949590E-3
710.000000000000110E+0	154.052622624458620E-3	722.912723437755260E-3
711.000000000000110E+0	-112.799829479513160E-3	477.907559581892240E-3
712.000000000000110E+0	-47.501595585141797E-3	439.757861341209140E-3
713.000000000000110E+0	-80.035435145421913E-3	406.987139013445410E-3
714.000000000000110E+0	-22.374192259751364E-3	273.418142401479380E-3
715.000000000000110E+0	86.515765408594042E-3	281.948574257742950E-3
716.000000000000110E+0	54.703269774283074E-3	382.422293869477510E-3
717.000000000000110E+0	39.600210701983142E-3	376.865661513015430E-3
718.000000000000110E+0	86.648263447848206E-3	405.458613199066120E-3
719.000000000000110E+0	88.917208055869043E-3	530.506561834200420E-3
720.000000000000110E+0	29.351296302755726E-3	407.632566329120980E-3
721.000000000000110E+0	88.198076686527307E-3	400.245015625809270E-3
722.000000000000110E+0	121.964383970433670E-3	333.368892059814900E-3
723.000000000000110E+0	164.635122469085130E-3	244.672125874950070E-3
724.000000000000110E+0	291.553732179240580E-3	234.327033179143250E-3
725.000000000000110E+0	217.146491398671810E-3	291.411433407448960E-3
726.000000000000110E+0	150.256877347997250E-3	257.128320851814530E-3
727.000000000000110E+0	114.406220776918010E-3	228.292859920491390E-3
728.000000000000110E+0	119.027740543849470E-3	236.377579230875930E-3
729.000000000000110E+0	-24.839262656759412E-3	269.815802153876790E-3
730.000000000000110E+0	81.777681233167449E-3	215.427439918963850E-3
731.000000000000110E+0	100.569384471803340E-3	217.199023611710670E-3
732.000000000000110E+0	155.235174214293030E-3	168.838593812227680E-3
733.000000000000110E+0	223.244892194814470E-3	242.357548890423460E-3
734.000000000000110E+0	192.963375895390370E-3	323.327400848666460E-3
735.000000000000110E+0	122.768333760377810E-3	273.440253447503170E-3
736.000000000000110E+0	117.340277196506100E-3	279.415142925062250E-3
737.000000000000110E+0	61.899583877857711E-3	286.995519450155220E-3
738.000000000000110E+0	-50.778128967594427E-3	241.634787804445440E-3
739.000000000000110E+0	74.862427722392030E-3	117.373857350612540E-3
740.000000000000110E+0	97.310414027010669E-3	138.877366747127000E-3
741.000000000000110E+0	104.571768165813370E-3	140.732314448958670E-3
742.000000000000110E+0	107.477820370426750E-3	107.816385363828480E-3
743.000000000000110E+0	137.637011169507990E-3	157.045576613926290E-3
744.000000000000110E+0	131.308917448076850E-3	157.835156640630800E-3
745.000000000000110E+0	117.638644561978870E-3	204.837292354353690E-3
746.000000000000110E+0	33.345856823892857E-3	186.543837379300550E-3
747.000000000000110E+0	10.715872733278101E-3	147.967427815407480E-3
748.000000000000110E+0	36.313179131662029E-3	130.381760655775920E-3
749.000000000000110E+0	15.274387635039544E-3	134.598720003094950E-3
750.000000000000110E+0	3.587167596009543E-3	129.256883814840520E-3
751.000000000000110E+0	1.794236705115686E-3	113.618798079704790E-3
752.000000000000110E+0	48.676693396724618E-3	165.774595016552090E-3
753.000000000000110E+0	-19.554672625770070E-3	189.220164293883770E-3
754.000000000000110E+0	-44.615749053980518E-3	183.038187818998470E-3
755.000000000000110E+0	-62.070656123323763E-3	182.304696913407250E-3
756.000000000000110E+0	-58.939619909622841E-3	178.548332140495810E-3
757.000000000000110E+0	-74.193034933178803E-3	214.658925423392540E-3
758.000000000000110E+0	-102.729041952242430E-3	192.728362694760120E-3
759.000000000000110E+0	-100.285523182214160E-3	191.728356585066680E-3
760.000000000000110E+0	-93.957875598955021E-3	186.488579338974420E-3
761.000000000000110E+0	13.529964202901668E-3	243.622333676233290E-3
762.000000000000110E+0	-113.947025975350350E-3	301.314311794466490E-3
763.000000000000110E+0	-131.958508092458880E-3	282.749122971792050E-3
764.000000000000110E+0	-103.852846971207150E-3	273.884369038186860E-3
765.000000000000110E+0	-69.142617197334222E-3	353.505534953000910E-3
766.000000000000110E+0	-138.096044216885150E-3	494.224474606575310E-3
767.000000000000110E+0	-228.119813561258850E-3	374.721420966172950E-3
768.000000000000110E+0	-193.286155177472830E-3	368.809925602337110E-3
769.000000000000110E+0	-165.377744141549380E-3	413.894684479891080E-3
770.000000000000110E+0	-162.695534140869290E-3	424.564616152982300E-3
771.000000000000110E+0	-121.346126253018010E-3	600.333782550137470E-3
772.000000000000110E+0	-163.745505964900120E-3	593.920631974643400E-3
773.000000000000110E+0	-113.631357743507170E-3	614.672107211361780E-3
774.000000000000110E+0	25.359550778101769E-3	771.231173540274150E-3
775.000000000000110E+0	-38.316142093606412E-3	909.414595239297910E-3
776.000000000000110E+0	-71.902922538870900E-3	895.781738315380660E-3
777.000000000000110E+0	131.973467051059940E-3	888.101011454139110E-3
778.000000000000110E+0	275.708036615197270E-3	978.076765247690270E-3
779.000000000000110E+0	353.786881308900790E-3	1.058347639698539E+0
780.000000000000110E+0	341.745385204770490E-3	758.331189929133620E-3
781.000000000000110E+0	702.454003074984730E-3	742.802394388587530E-3
782.000000000000110E+0	779.975746424601100E-3	718.725832110114760E-3
783.000000000000110E+0	812.930170171538900E-3	642.484375058630100E-3
784.000000000000110E+0	602.515040893102040E-3	463.554740161613410E-3
785.000000000000110E+0	808.831129940567270E-3	230.947634137047800E-3
786.000000000000110E+0	825.035463809630330E-3	249.864155674339090E-3
787.000000000000110E+0	764.555493856623800E-3	219.181750568957670E-3
788.000000000000110E+0	699.767732284085840E-3	152.816650656317670E-3
789.000000000000110E+0	599.853544609075920E-3	61.834818317365363E-3
790.000000000000110E+0	721.335548664618800E-3	124.562759204186000E-3
791.000000000000110E+0	605.014157606661440E-3	65.000719456268147E-3
792.000000000000110E+0	541.514071371713480E-3	30.660527257436516E-3
793.000000000000110E+0	492.073739746882510E-3	-4.330200422291447E-3
794.000000000000110E+0	459.019226959037680E-3	-17.347132357143944E-3
795.000000000000110E+0	418.398883194462170E-3	17.468872293995671E-3
796.000000000000110E+0	350.973788849723240E-3	27.891061896029471E-3
797.000000000000110E+0	279.753644689880790E-3	14.912028376387587E-3
798.000000000000110E+0	218.577208462320650E-3	-64.740095087172822E-3
799.000000000000110E+0	381.347966386023080E-3	-60.236722681723802E-3
800.000000000000110E+0	316.364482816235640E-3	29.488444124936428E-3
801.000000000000110E+0	284.461618435647820E-3	35.142413021283798E-3
802.000000000000110E+0	324.692364932313460E-3	-10.806310077004815E-3
803.000000000000110E+0	315.106292384690120E-3	332.235738002226670E-3
804.000000000000110E+0	183.917712262180620E-3	227.521306057608200E-3
805.000000000000110E+0	189.992472430446540E-3	180.039232239866790E-3
806.000000000000110E+0	239.943533691019030E-3	150.954082543135140E-3
807.000000000000110E+0	292.400185832410010E-3	167.018878235872330E-3
808.000000000000110E+0	223.512006037994590E-3	5.037608063322576E-3
809.000000000000110E+0	454.133257079133490E-3	124.394409763416560E-3
810.000000000000110E+0	472.686464928285140E-3	124.104465459018810E-3
811.000000000000110E+0	503.115749758222820E-3	175.542316736025020E-3
812.000000000000110E+0	419.740106639272250E-3	268.754844955903570E-3
813.000000000000110E+0	299.970179592148170E-3	115.688234610862720E-3
814.000000000000110E+0	359.962380673850780E-3	78.246118972184892E-3
815.000000000000110E+0	339.450368361664420E-3	69.703178596116050E-3
816.000000000000110E+0	342.467217590801730E-3	-3.444132833801083E-3
817.000000000000110E+0	355.797560525781930E-3	-47.715271613402464E-3
818.000000000000110E+0	470.126835213100500E-3	-34.742660104878198E-3
819.000000000000110E+0	412.456862071006350E-3	-69.507391242280934E-6
820.000000000000110E+0	387.800788479094990E-3	-12.269804404301306E-3
821.000000000000110E+0	379.610577983066300E-3	-51.839094227203952E-3
822.000000000000110E+0	404.928279151154700E-3	23.417738286670271E-3
823.000000000000110E+0	352.296657809670730E-3	-199.683476656778070E-6
824.000000000000110E+0	324.327540831826190E-3	-15.523550927661570E-3
825.000000000000110E+0	320.332335028684580E-3	-52.896722314590756E-3
826.000000000000110E+0	320.650077038970580E-3	-39.787297760369503E-3
827.000000000000110E+0	278.815516886003760E-3	-83.059907580368963E-3
828.000000000000110E+0	279.315452738575550E-3	-77.808255440236090E-3
829.000000000000110E+0	259.668549864352170E-3	-100.220282157795230E-3
830.000000000000110E+0	266.295837321056990E-3	-83.644759281147535E-3
831.000000000000110E+0	101.572523955010050E-3	-218.678665863547420E-3
832.000000000000110E+0	304.235834104900520E-3	-122.700441315512710E-3
833.000000000000110E+0	232.629263826978160E-3	-97.930516562914516E-3
834.000000000000110E+0	223.075943524710140E-3	-160.291666843008860E-3
835.000000000000110E+0	277.593874559313450E-3	-35.318086552123373E-3
836.000000000000110E+0	230.277155852085550E-3	25.832828161861377E-3
837.000000000000110E+0	89.956081804134322E-3	32.893949558057835E-3
838.000000000000110E+0	90.684240076372907E-3	372.952202163977470E-6
839.000000000000110E+0	79.599629547275549E-3	9.517071544485632E-3
840.000000000000110E+0	-15.291365875653594E-3	49.423165081723078E-3
841.000000000000110E+0	126.159337515553610E-3	-150.060335133131360E-3
842.000000000000110E+0	176.231061319510830E-3	-97.425144475092595E-3
843.000000000000110E+0	219.610157071015610E-3	-83.937966204830794E-3
844.000000000000110E+0	320.534523878195860E-3	-21.628351631944775E-3
845.000000000000110E+0	229.716796464748910E-3	119.078984388339320E-3
846.000000000000110E+0	179.577092477745090E-3	69.830663083416594E-3
847.000000000000110E+0	162.638613838776920E-3	89.823439927127074E-3
848.000000000000110E+0	117.416904960828880E-3	81.083431696861288E-3
849.000000000000110E+0	34.358276871021096E-3	85.903596131756937E-3
850.000000000000110E+0	245.457667813129300E-3	-263.058567217361430E-3
851.000000000000110E+0	143.855368371690740E-3	-9.110623320882250E-3
852.000000000000110E+0	98.331030624157351E-3	-19.693756774641368E-3
853.000000000000110E+0	116.579198991230500E-3	-65.327713245751193E-3
854.000000000000110E+0	157.769951172057440E-3	59.093808799021715E-3
855.000000000000110E+0	70.691716289546833E-3	128.822220394110620E-3
856.000000000000110E+0	-1.415135096693684E-3	88.698360730237416E-3
857.000000000000110E+0	11.003200904011365E-3	85.857559671345326E-3
858.000000000000110E+0	48.121444367551169E-3	100.848041417328930E-3
859.000000000000110E+0	131.408372255296970E-3	170.651030896228930E-3
860.000000000000110E+0	78.411972889237083E-3	309.213258869709410E-3
861.000000000000110E+0	72.688286363487120E-3	324.204492079945010E-3
862.000000000000110E+0	72.669269615197540E-3	327.775425438249220E-3
863.000000000000110E+0	162.307998761335980E-3	336.738679273068610E-3
864.000000000000110E+0	160.072999135289270E-3	358.020399221360250E-3
865.000000000000110E+0	218.290031006600830E-3	353.082200530964950E-3
866.000000000000110E+0	321.300102258914370E-3	345.670181611106850E-3
867.000000000000110E+0	365.166049077643220E-3	407.297540953193090E-3
868.000000000000110E+0	333.916851823166110E-3	397.990457210317120E-3
869.000000000000110E+0	643.428238238856420E-3	389.612432194116620E-3
870.000000000000110E+0	573.660386340889340E-3	420.591641482184530E-3
871.000000000000110E+0	589.510053900935470E-3	430.001163471252330E-3
872.000000000000110E+0	547.330795887608130E-3	434.956266407896860E-3
873.000000000000110E+0	395.484967712238070E-3	262.980712691438250E-3
874.000000000000110E+0	596.157055964484540E-3	131.023523130232110E-3
875.000000000000110E+0	642.202271709032880E-3	108.475833811595550E-3
876.000000000000110E+0	697.743883645781100E-3	42.254317468861102E-3
877.000000000000110E+0	759.670439418312030E-3	28.600118797036052E-3
878.000000000000110E+0	824.526893350090660E-3	8.130924532223315E-3
879.000000000000110E+0	756.569460757848920E-3	56.148033746083965E-3
880.000000000000110E+0	746.397851721311010E-3	-2.473124729588653E-3
881.000000000000110E+0	755.737110814563520E-3	-6.185367433840278E-3
882.000000000000110E+0	596.226912044685810E-3	-89.217530093065878E-3
883.000000000000110E+0	658.941930750949980E-3	-174.281845285188310E-3
884.000000000000110E+0	677.152312567238400E-3	-242.861440751988210E-3
885.000000000000110E+0	689.672459954382310E-3	-292.597903640246460E-3
886.000000000000110E+0	727.402640683948110E-3	-339.811733336838840E-3
887.000000000000110E+0	789.076254068422520E-3	-323.947952494312520E-3
888.000000000000110E+0	647.427871386571980E-3	-331.184963825879920E-3
889.000000000000110E+0	645.899704983777580E-3	-411.169418819926250E-3
890.000000000000110E+0	639.610293203552340E-3	-431.540976939684850E-3
891.000000000000110E+0	608.193078102508780E-3	-445.133598833227840E-3
892.000000000000110E+0	402.501391032074050E-3	-634.120377255307120E-3
893.000000000000110E+0	501.603763735286700E-3	-685.755647465867810E-3
894.000000000000110E+0	521.940269098128850E-3	-714.671672021037870E-3
895.000000000000110E+0	458.659739137503130E-3	-633.342360757855660E-3
896.000000000000110E+0	371.690269400176410E-3	-669.237137008716340E-3
897.000000000000110E+0	188.309262311901340E-3	-585.641718458601250E-3
898.000000000000110E+0	71.713768380732040E-3	-707.456848903025740E-3
899.000000000000110E+0	-27.146546887371066E-3	-739.209166267594590E-3
900.000000000000110E+0	-87.082030548683437E-3	-855.374651150765160E-3
901.000000000000110E+0	184.643628648838900E-3	-455.710926200160180E-3
902.000000000000110E+0	-152.050832192818170E-3	-444.944210439038420E-3
903.000000000000110E+0	-250.222129815135970E-3	-446.279255499796130E-3
904.000000000000110E+0	-315.263829366575210E-3	-422.773305607227260E-3
905.000000000000110E+0	-276.520620932576900E-3	-474.960879852721900E-3
906.000000000000110E+0	-190.598644213308850E-3	-364.487194856896680E-3
907.000000000000110E+0	-189.639542747627590E-3	-280.073232777817760E-3
908.000000000000110E+0	-194.215357986012300E-3	-197.776446754024140E-3
909.000000000000110E+0	-211.766410334463450E-3	-134.484429996930030E-3
910.000000000000110E+0	-359.038378119397480E-3	-46.391850055362081E-3
911.000000000000110E+0	-93.843158220179051E-3	-200.017352982345460E-3
912.000000000000110E+0	-121.831386552168480E-3	-102.198568928409200E-3
913.000000000000110E+0	-151.097119720107730E-3	3.355687697444870E-3
914.000000000000110E+0	-308.648056356150110E-3	-95.835885375831917E-3
915.000000000000110E+0	-199.680818710570610E-3	-180.722674237116380E-3
916.000000000000110E+0	-11.728368262030980E-3	-38.690493267591296E-3
917.000000000000110E+0	-85.304490352466608E-3	9.924944539400448E-3
918.000000000000110E+0	-85.651538757193293E-3	23.021909716532448E-3
919.000000000000110E+0	-92.514146659214799E-3	78.350897057456181E-3
920.000000000000110E+0	-177.523727444148790E-3	-131.586512099060750E-3
921.000000000000110E+0	-34.274331933526081E-3	-7.284757542258838E-3
922.000000000000110E+0	-29.829728253079179E-3	13.060102342731762E-3
923.000000000000110E+0	-8.356359142987378E-3	-9.423343767349804E-3
924.000000000000110E+0	75.444537347548191E-3	88.513008781229377E-3
925.000000000000110E+0	19.637197255525141E-3	98.093852320181127E-3
926.000000000000110E+0	-828.421103792630170E-6	81.563673839365552E-3
927.000000000000110E+0	15.431348816899157E-3	54.113526035494963E-3
928.000000000000110E+0	32.622465995967145E-3	68.650792284108253E-3
929.000000000000110E+0	-46.544062930092146E-3	60.871981673336129E-3
930.000000000000110E+0	55.655926787170247E-3	6.196195354280566E-3
931.000000000000110E+0	69.331756324782362E-3	22.531772943863045E-3
932.000000000000110E+0	77.662696648253940E-3	35.655576156273995E-3
933.000000000000110E+0	75.254554638992277E-3	40.162613250433354E-3
934.000000000000110E+0	92.412244355507364E-3	54.030434269563443E-3
935.000000000000110E+0	87.794196724041221E-3	76.813213387112847E-3
936.000000000000110E+0	84.070817932794653E-3	98.342627223437715E-3
937.000000000000110E+0	70.526418131623067E-3	103.495740624678480E-3
938.000000000000110E+0	88.552019669917964E-3	108.789606847255210E-3
939.000000000000110E+0	111.053858102139330E-3	46.078901210250045E-3
940.000000000000110E+0	191.232404079319410E-3	74.759696115966862E-3
941.000000000000110E+0	232.424214012262790E-3	83.028465350221098E-3
942.000000000000110E+0	235.880605835966040E-3	109.493732009745190E-3
943.000000000000110E+0	209.347036738188220E-3	35.242177764832648E-3
944.000000000000110E+0	224.789307872552690E-3	-7.189067420637526E-3
945.000000000000110E+0	241.587182710116780E-3	-32.147309333596538E-3
946.000000000000110E+0	236.893560684076490E-3	-32.948744849660073E-3
947.000000000000110E+0	236.854712844178190E-3	-35.331172653498694E-3
948.000000000000110E+0	194.972050980396490E-3	-55.446669097738113E-3
949.000000000000110E+0	207.529212377139090E-3	-65.590058334822399E-3
950.000000000000110E+0	207.476094128920490E-3	-73.042747243802206E-3
951.000000000000110E+0	205.967563200375400E-3	-83.440745920556766E-3
952.000000000000110E+0	237.098020246231530E-3	-68.800727631236208E-3
953.000000000000110E+0	202.252092794497930E-3	-73.071193359413658E-3
954.000000000000110E+0	200.730041964123080E-3	-77.228135881063517E-3
955.000000000000110E+0	190.138206581682590E-3	-63.839303620365620E-3
956.000000000000110E+0	162.749557373905760E-3	-84.552805956232269E-3
957.000000000000110E+0	161.607520424905480E-3	-106.158951571502710E-3
958.000000000000110E+0	179.057747843712280E-3	-107.266814164997030E-3
959.000000000000110E+0	177.288904561981040E-3	-103.960002915993100E-3
960.000000000000110E+0	175.947171523947930E-3	-105.604966190821910E-3
961.000000000000110E+0	184.121534906083850E-3	-86.913892105240587E-3
962.000000000000110E+0	164.298888092845820E-3	-102.453528538908210E-3
963.000000000000110E+0	163.610010717714110E-3	-100.725129061798410E-3
964.000000000000110E+0	160.952984372483790E-3	-104.212110568707220E-3
965.000000000000110E+0	143.439324301742470E-3	-104.505169283846110E-3
966.000000000000110E+0	148.507726500608670E-3	-138.237848926327210E-3
967.000000000000110E+0	173.293206751657270E-3	-135.573271788676980E-3
968.000000000000110E+0	176.663731464768550E-3	-129.873004489428120E-3
969.000000000000110E+0	183.696481014037960E-3	-131.333942546087770E-3
970.000000000000110E+0	214.032487333437350E-3	-106.461143366675100E-3
971.000000000000110E+0	98.026148353359904E-3	-171.252371740376910E-3
972.000000000000110E+0	148.309706601695320E-3	-144.467206689747440E-3
973.000000000000110E+0	154.249920850830670E-3	-138.584164613976550E-3
974.000000000000110E+0	126.143863148176270E-3	-150.105475211555320E-3
975.000000000000110E+0	157.074283135157060E-3	-173.507476237395710E-3
976.000000000000110E+0	149.598385327516130E-3	-138.982119553850950E-3
977.000000000000110E+0	131.401247573489340E-3	-162.664575765213320E-3
978.000000000000110E+0	134.644163699971510E-3	-184.224620401845060E-3
979.000000000000110E+0	158.297746663549010E-3	-201.461304909945540E-3
980.000000000000110E+0	223.819882267274920E-3	-99.356425994419573E-3
981.000000000000110E+0	94.348430039600153E-3	-128.425664538049070E-3
982.000000000000110E+0	75.257879533156588E-3	-139.840286544255820E-3
983.000000000000110E+0	34.451704686433618E-3	-136.278798475175710E-3
984.000000000000110E+0	101.886359925594120E-3	-528.307639814970090E-3
985.000000000000110E+0	143.259996636389520E-3	-211.426950306717490E-3
986.000000000000110E+0	137.873016135385750E-3	-154.739951894403040E-3
987.000000000000110E+0	124.292036435402580E-3	-138.218929166653490E-3
988.000000000000110E+0	122.142538709551370E-3	-106.818841489564900E-3
989.000000000000110E+0	164.641375104188250E-3	-10.374704504117923E-3
990.000000000000110E+0	81.107024734161093E-3	-259.689679877417870E-3
991.000000000000110E+0	56.141945183636785E-3	-179.555237201592970E-3
992.000000000000110E+0	35.890819869661195E-3	-191.515967039791260E-3
993.000000000000110E+0	94.700223694929961E-3	-273.835507601256300E-3
994.000000000000110E+0	201.050403569081800E-3	-57.398100623317919E-3
995.000000000000110E+0	36.877454980853056E-3	-112.997751626636600E-3
996.000000000000110E+0	39.034549927153869E-3	-147.931400853900160E-3
997.000000000000110E+0	85.369631332936097E-3	-150.798932895901160E-3
998.000000000000110E+0	72.223090667852721E-3	-78.861015478578891E-3
999.000000000000110E+0	372.446832649931000E-3	-19.473434588587728E-3
1.000000000000000E+3	44.249917423462348E-3	-174.103236643002120E-3
