Freq (Hz)	Gxyaccelerometre /source
source
source_Real	Gxyaccelerometre /source
source
source_Imag
10.000000000000018E+0	-13.287047791086679E-3	25.844146284169596E-3
11.000000000000020E+0	-64.559964746969123E-3	-10.033414648746816E-3
12.000000000000021E+0	13.970843363943114E-3	-61.119258558126069E-3
13.000000000000023E+0	28.707148515869703E-3	-6.646251941568757E-3
14.000000000000025E+0	-35.864652283029735E-3	132.675220268281460E-3
15.000000000000027E+0	-140.301810324473110E-3	8.406388375375187E-3
16.000000000000028E+0	-216.750162944693820E-3	-17.104449728308994E-3
17.000000000000028E+0	-87.136210846329623E-3	36.358928152627139E-3
18.000000000000028E+0	-117.401979309487560E-3	284.206088318497200E-3
19.000000000000028E+0	-452.488061686822980E-3	221.820663994332400E-3
20.000000000000028E+0	-321.937220351917690E-3	125.054620129563860E-3
21.000000000000028E+0	-350.279366228857580E-3	494.231273360185130E-3
22.000000000000028E+0	-768.294493581189510E-3	943.344555483393460E-3
23.000000000000028E+0	-557.420786941427380E-3	691.647160200970610E-3
24.000000000000028E+0	-1.141087024520834E+0	1.626183484999248E+0
25.000000000000028E+0	-1.849848028734291E+0	3.613119284941604E+0
26.000000000000028E+0	-723.052204911881160E-3	7.995842776046549E+0
27.000000000000028E+0	1.902582295964919E+0	7.358556346681093E+0
28.000000000000028E+0	2.448269809089801E+0	5.103603570328760E+0
29.000000000000028E+0	1.943572021043080E+0	1.771689155768587E+0
30.000000000000028E+0	52.566210054423954E-3	968.540577661172850E-3
31.000000000000028E+0	182.245574684598730E-3	3.112156384440680E+0
32.000000000000028E+0	2.647379721948083E+0	6.310902503211362E+0
33.000000000000028E+0	3.045811103642711E+0	2.652502231048481E+0
34.000000000000028E+0	2.160813590029617E+0	1.557264049129546E+0
35.000000000000028E+0	797.151254822035420E-3	350.120133164548870E-3
36.000000000000028E+0	-344.950328828931560E-3	2.995308624001138E+0
37.000000000000028E+0	5.168373603529118E+0	9.454345313512380E+0
38.000000000000028E+0	5.524683088672825E+0	1.999792344739423E+0
39.000000000000028E+0	2.414512083895255E+0	524.705578467964950E-3
40.000000000000028E+0	4.581477396563310E+0	1.038246669656481E+0
41.000000000000028E+0	7.346493368551708E+0	1.480264778855402E+0
42.000000000000028E+0	2.377091571001318E+0	866.395205930061030E-3
43.000000000000028E+0	-1.684458366922721E+0	2.695159886406013E+0
44.000000000000028E+0	-3.134766827025697E+0	4.473540809832210E+0
45.000000000000028E+0	-5.042920976491254E+0	14.550788962412065E+0
46.000000000000028E+0	9.385197505142711E+0	23.413770010261771E+0
47.000000000000028E+0	12.293337377466095E+0	-1.112568362809437E+0
48.000000000000028E+0	-3.454300515362574E+0	-4.218712027635080E+0
49.000000000000028E+0	3.266623320458437E+0	-902.861750398596290E-3
50.000000000000028E+0	16.267062936939592E+0	5.408365354737038E+0
51.000000000000028E+0	14.777738088769539E+0	8.914207803683947E+0
52.000000000000028E+0	7.921904988227820E+0	8.860064736669207E+0
53.000000000000028E+0	4.794699453395352E+0	3.907257799612187E+0
54.000000000000028E+0	12.179379375888825E+0	5.587699317083338E+0
55.000000000000028E+0	13.742493764261875E+0	4.419361746598456E+0
56.000000000000028E+0	15.321673162134417E+0	3.610216251148130E+0
57.000000000000028E+0	9.430551809013334E+0	1.395934800875955E+0
58.000000000000028E+0	2.926694332928374E+0	-473.462153328800820E-3
59.000000000000028E+0	11.313137098120999E+0	-359.315497549083210E-3
60.000000000000028E+0	15.510169199960439E+0	7.351871041410372E+0
61.000000000000028E+0	6.443042311634952E+0	8.476177963361950E+0
62.000000000000028E+0	1.968558717177341E+0	2.382525581411197E+0
63.000000000000028E+0	10.204972458959388E+0	7.897005845581622E+0
64.000000000000028E+0	9.467714233253535E+0	21.814861991153215E+0
65.000000000000028E+0	14.929057589357162E+0	38.335619084527451E+0
66.000000000000028E+0	24.304888848989144E+0	45.024807735017156E+0
67.000000000000028E+0	8.783786605724369E+0	17.383576932587395E+0
68.000000000000028E+0	8.087057263940306E+0	18.423009238036386E+0
69.000000000000028E+0	36.045262683588717E+0	51.832940768524324E+0
70.000000000000028E+0	41.092123862937612E+0	46.493324748402230E+0
71.000000000000028E+0	15.073687130812576E+0	15.868102445754520E+0
72.000000000000028E+0	10.621642675482652E+0	17.531039744316573E+0
73.000000000000028E+0	27.666062161303234E+0	43.916931808688062E+0
74.000000000000028E+0	29.590727503611752E+0	45.988657729774374E+0
75.000000000000028E+0	28.598858375233284E+0	45.726439624113496E+0
76.000000000000028E+0	28.706467842722468E+0	35.034334967077463E+0
77.000000000000028E+0	13.657460725954920E+0	19.825697530986925E+0
78.000000000000028E+0	59.629544467813545E+0	85.500010531051856E+0
79.000000000000028E+0	85.653497366048398E+0	90.641814978673310E+0
80.000000000000028E+0	30.335532201400554E+0	24.859820811267873E+0
81.000000000000028E+0	19.060646492828564E+0	14.300433632322191E+0
82.000000000000028E+0	48.974707105514604E+0	30.787190153700674E+0
83.000000000000028E+0	76.032467499470485E+0	37.785537497456438E+0
84.000000000000028E+0	53.562116254646945E+0	14.866788514215312E+0
85.000000000000028E+0	26.233714316989825E+0	4.366607021475450E+0
86.000000000000028E+0	18.371238274500136E+0	2.896800714833057E+0
87.000000000000028E+0	25.162570802719326E+0	-4.257826418413745E+0
88.000000000000028E+0	101.810632405851350E+0	-17.457229677989325E+0
89.000000000000028E+0	69.146968428386046E+0	-7.704848953431987E+0
90.000000000000028E+0	2.037715502120216E+0	734.500608316753230E-3
91.000000000000028E+0	17.384806860941666E+0	-10.775528603257579E+0
92.000000000000028E+0	27.502642876436017E+0	-7.907646644890882E+0
93.000000000000028E+0	16.753970780025380E+0	-4.218613388760170E+0
94.000000000000028E+0	12.879487477534985E+0	-4.982277344813264E+0
95.000000000000028E+0	5.739846600878808E+0	-1.808633311669235E+0
96.000000000000028E+0	1.384536034095079E+0	287.144019141027830E-3
97.000000000000028E+0	9.445939070496138E+0	-1.634154838954388E+0
98.000000000000028E+0	11.453528582089572E+0	1.355210437895418E+0
99.000000000000028E+0	3.642993436485077E+0	2.695994804329084E+0
100.000000000000030E+0	769.880804346885440E-3	733.627160575887390E-3
101.000000000000030E+0	18.176809914440696E+0	13.214786295177529E+0
102.000000000000030E+0	34.202216425998010E+0	16.258964460744902E+0
103.000000000000030E+0	9.757888010247630E+0	4.238918708707414E+0
104.000000000000030E+0	13.229512649461146E+0	8.046762345803653E+0
105.000000000000030E+0	6.807487262508227E+0	639.378829269333200E-3
106.000000000000030E+0	21.904673149382088E+0	4.734044227299117E+0
107.000000000000030E+0	54.446212708746167E+0	5.380271172151541E+0
108.000000000000030E+0	27.673179063783913E+0	-1.064968876092732E+0
109.000000000000030E+0	2.548224869496799E+0	-1.160203205515566E+0
110.000000000000030E+0	28.780803176851570E+0	8.075687861439759E+0
111.000000000000030E+0	51.114839884944011E+0	12.000986873372774E+0
112.000000000000030E+0	29.928865507947343E+0	6.388169042777672E+0
113.000000000000030E+0	21.622447519187279E+0	4.342271822816319E+0
114.000000000000030E+0	9.840873283818871E+0	10.317322956829747E+0
115.000000000000030E+0	13.810168303270242E+0	19.183772506604019E+0
116.000000000000030E+0	21.450083461366251E+0	12.303588020066783E+0
117.000000000000030E+0	42.661954029016258E+0	10.588851870847774E+0
118.000000000000030E+0	25.717008683038991E+0	8.398569728944597E+0
119.000000000000030E+0	4.284134587802489E+0	-2.182567972470120E+0
120.000000000000030E+0	101.361825905581070E+0	-9.002281348027690E+0
121.000000000000030E+0	104.198342302797900E+0	-23.381230604974387E+0
122.000000000000030E+0	21.621105090528832E+0	-13.521099497543569E+0
123.000000000000030E+0	57.740990741055043E+0	-14.987881685283764E+0
124.000000000000030E+0	31.416948121862003E+0	-19.628531431809851E+0
125.000000000000030E+0	111.909673216220910E+0	-53.778952467198209E+0
126.000000000000030E+0	108.659236582568270E+0	-59.320757295048146E+0
127.000000000000030E+0	75.583486791533886E+0	-28.750258713659811E+0
128.000000000000030E+0	12.523603108113859E+0	-3.228994306150716E+0
129.000000000000030E+0	77.311952496683858E+0	9.200263913153643E+0
130.000000000000030E+0	143.582898596125180E+0	48.810129166957530E+0
131.000000000000030E+0	93.121146953699252E+0	53.757825693534656E+0
132.000000000000030E+0	9.892822196765433E+0	19.664885650635078E+0
133.000000000000030E+0	47.408558346010615E+0	4.725517795809782E+0
134.000000000000030E+0	65.777142624441154E+0	1.306568454640107E+0
135.000000000000030E+0	80.365929525524535E+0	-14.329181537760897E+0
136.000000000000030E+0	132.744575738490510E+0	-34.367551461924222E+0
137.000000000000030E+0	39.557339078259645E+0	-29.546147915777272E+0
138.000000000000030E+0	84.982230098290728E+0	12.046678036696637E+0
139.000000000000030E+0	242.525518556964300E+0	7.917106940285061E+0
140.000000000000030E+0	132.579875615394290E+0	-11.753866618229562E+0
141.000000000000030E+0	58.752748958938262E+0	7.533011496808227E+0
142.000000000000030E+0	33.737353882101502E+0	11.083681242524268E+0
143.000000000000030E+0	60.942745208874363E+0	1.420677543076869E+0
144.000000000000030E+0	82.226270207351590E+0	-15.894131895094580E+0
145.000000000000030E+0	61.994089824834575E+0	-22.885808675143693E+0
146.000000000000030E+0	63.821665937374959E+0	-36.966619501010051E+0
147.000000000000030E+0	27.115016504240174E+0	-35.930423057269252E+0
148.000000000000030E+0	180.496267711743850E+0	-85.104369570731620E+0
149.000000000000030E+0	229.860030046219150E+0	-150.372806211212610E+0
150.000000000000030E+0	61.981619071078761E+0	-67.990214344982746E+0
151.000000000000030E+0	29.646325252904852E+0	-32.705118050407066E+0
152.000000000000030E+0	89.582674077220773E+0	-99.500930720302193E+0
153.000000000000030E+0	48.523533942139537E+0	-76.093887552628388E+0
154.000000000000030E+0	31.081751570949869E+0	-75.889768484975221E+0
155.000000000000030E+0	39.909852165202778E+0	-53.370959152790533E+0
156.000000000000030E+0	-10.037562476148363E+0	-15.360322599297939E+0
157.000000000000030E+0	21.901515848026840E+0	-108.123708983783400E+0
158.000000000000030E+0	49.441069717269514E+0	-121.762407589886650E+0
159.000000000000030E+0	31.514231831600522E+0	-64.567623263702899E+0
160.000000000000030E+0	16.102213047644859E+0	-19.127734295821135E+0
161.000000000000030E+0	5.272065801595904E+0	-28.060537889491872E+0
162.000000000000030E+0	45.575729829144905E+0	-115.316949277241110E+0
163.000000000000030E+0	30.944067217991886E+0	-46.068188611832156E+0
164.000000000000030E+0	14.015263193778107E+0	-19.802640444047558E+0
165.000000000000030E+0	19.889453748812279E+0	-32.029261141776054E+0
166.000000000000030E+0	3.742256494218960E+0	-12.565712609602727E+0
167.000000000000030E+0	23.724409500985132E+0	-123.135143547770100E+0
168.000000000000030E+0	40.630738919233465E+0	-140.612251013671620E+0
169.000000000000030E+0	17.978600194018696E+0	-45.941153826633169E+0
170.000000000000030E+0	26.704179914866245E+0	-29.379572980634446E+0
171.000000000000030E+0	49.749040019313952E+0	-115.714172713325480E+0
172.000000000000030E+0	44.934580485373672E+0	-134.806108941564420E+0
173.000000000000030E+0	17.893194903199952E+0	-77.302898243248080E+0
174.000000000000030E+0	12.530899558964883E+0	-47.095598512724088E+0
175.000000000000030E+0	7.965026330860432E+0	-52.592684666514131E+0
176.000000000000030E+0	7.475598822896053E+0	-152.399142374763610E+0
177.000000000000030E+0	13.450678029171417E+0	-146.261481435919930E+0
178.000000000000030E+0	11.739380951418491E+0	-143.186764538902760E+0
179.000000000000030E+0	-2.433388643294355E+0	-36.395367985903889E+0
180.000000000000030E+0	48.310590307862228E+0	-112.216730172939070E+0
181.000000000000030E+0	43.307098273018099E+0	-240.779734687747630E+0
182.000000000000030E+0	16.892338775927890E+0	-92.503613929949367E+0
183.000000000000030E+0	13.272733707508786E+0	-90.333427372310524E+0
184.000000000000030E+0	8.735365103060960E+0	-101.281768942643960E+0
185.000000000000030E+0	38.749191822002594E+0	-166.225067010449010E+0
186.000000000000030E+0	45.998688241732047E+0	-271.894017350075160E+0
187.000000000000030E+0	6.804304649885159E+0	-212.239148274894030E+0
188.000000000000030E+0	1.547337068521709E+0	-76.576390521061612E+0
189.000000000000030E+0	4.351693902159580E+0	-110.035326932813520E+0
190.000000000000030E+0	-31.129757020232869E+0	-303.845335592130710E+0
191.000000000000030E+0	-87.067750846438130E+0	-356.978670353836320E+0
192.000000000000030E+0	-38.938698472561512E+0	-134.496434457620860E+0
193.000000000000030E+0	-24.322004123677786E+0	-122.393774547812570E+0
194.000000000000030E+0	-64.943048807724679E+0	-201.875570999575160E+0
195.000000000000030E+0	-68.622323527476169E+0	-165.842548601504800E+0
196.000000000000030E+0	-97.258184942289205E+0	-186.836454876571960E+0
197.000000000000030E+0	-85.017982487999248E+0	-138.429523585855150E+0
198.000000000000030E+0	-15.464615978799719E+0	-28.556934291921475E+0
199.000000000000030E+0	-152.489858868624710E+0	-255.481425832452860E+0
200.000000000000030E+0	-153.388202696896910E+0	-232.868846294833560E+0
201.000000000000030E+0	-41.822881073326336E+0	-66.545814376201648E+0
202.000000000000030E+0	-48.055114045889098E+0	-52.318743961833192E+0
203.000000000000030E+0	-54.278112224453743E+0	-39.690326052818207E+0
204.000000000000030E+0	-182.955166313938460E+0	-138.503173041066330E+0
205.000000000000030E+0	-135.127603919398690E+0	-90.182434420537788E+0
206.000000000000030E+0	-109.049039067687500E+0	-83.689501151443963E+0
207.000000000000030E+0	-52.387890913895283E+0	-24.755026794288604E+0
208.000000000000030E+0	-74.023828866279928E+0	-27.251519510841099E+0
209.000000000000030E+0	-220.046063398921890E+0	-69.174326116231754E+0
210.000000000000030E+0	-166.720213455764740E+0	-19.584964871639336E+0
211.000000000000030E+0	-44.892810080130054E+0	463.410396421421730E-3
212.000000000000030E+0	-97.099408774982606E+0	-1.924123962748489E+0
213.000000000000030E+0	-97.825320713522146E+0	14.562705463750001E+0
214.000000000000030E+0	-48.564651704993523E+0	33.987684952525392E+0
215.000000000000030E+0	-53.142804802689611E+0	44.504824436011575E+0
216.000000000000030E+0	-23.849122508246037E+0	23.795763258491167E+0
217.000000000000030E+0	-30.600533815312492E+0	12.826224952622733E+0
218.000000000000030E+0	-86.307755288690828E+0	-2.659352868283874E+0
219.000000000000030E+0	-50.503372090841253E+0	-15.529578531878480E+0
220.000000000000030E+0	-17.847067288371250E+0	-3.613429536718784E+0
221.000000000000030E+0	-9.948817726774738E+0	529.045063908520800E-3
222.000000000000030E+0	-21.716875166516601E+0	11.107331296900522E+0
223.000000000000030E+0	-27.334146515056823E+0	16.990151595926882E+0
224.000000000000030E+0	-11.203762045955358E+0	9.242133165899652E+0
225.000000000000030E+0	-19.242881718239015E+0	1.002277081314283E+0
226.000000000000030E+0	-6.622989290937707E+0	-3.208726543490230E+0
227.000000000000030E+0	-10.715902882490820E+0	-7.188964212299770E+0
228.000000000000030E+0	-22.291011028806842E+0	-26.111214034350660E+0
229.000000000000030E+0	-10.643795875736405E+0	-18.549264091712011E+0
230.000000000000030E+0	-3.165991140177684E+0	-8.051629590264834E+0
231.000000000000030E+0	-10.253425104462421E+0	-21.055412244502040E+0
232.000000000000030E+0	-20.578283231003876E+0	-31.737173463762964E+0
233.000000000000030E+0	-22.641367935689264E+0	-29.158420192089068E+0
234.000000000000030E+0	-32.334939675730695E+0	-42.560523301619305E+0
235.000000000000030E+0	-19.958082821791695E+0	-21.042815654545635E+0
236.000000000000030E+0	-37.350531657779442E+0	-29.884375459301140E+0
237.000000000000030E+0	-52.365845779140749E+0	-43.372948125249962E+0
238.000000000000030E+0	-66.735909836008943E+0	-55.258042813795122E+0
239.000000000000030E+0	-31.207344207200652E+0	-27.003656429554432E+0
240.000000000000030E+0	-12.533013595983274E+0	-14.854177971466063E+0
241.000000000000030E+0	-57.809518768902990E+0	-41.357268169526144E+0
242.000000000000030E+0	-40.522770338315652E+0	-27.700448070219362E+0
243.000000000000030E+0	-18.060110676660226E+0	-16.738338197652972E+0
244.000000000000030E+0	-36.178821448576073E+0	-27.852993394423713E+0
245.000000000000030E+0	-10.708603954177040E+0	-12.478374590418289E+0
246.000000000000030E+0	-23.880231508499104E+0	-15.158749736415686E+0
247.000000000000030E+0	-38.041003756968550E+0	-13.086090750291333E+0
248.000000000000030E+0	-27.653961905428059E+0	-5.012706666827372E+0
249.000000000000030E+0	-19.284712947755207E+0	-4.088184722511355E+0
250.000000000000030E+0	-35.623750762519720E+0	-19.978876516751239E+0
251.000000000000030E+0	-53.270342467778207E+0	-26.277669443800903E+0
252.000000000000030E+0	-26.816155334950444E+0	-14.240646938114645E+0
253.000000000000030E+0	-22.116408924197522E+0	-17.635560560753049E+0
254.000000000000030E+0	-16.562487355412209E+0	-24.228225721881337E+0
255.000000000000030E+0	-5.456227942720813E+0	-15.100630393325321E+0
256.000000000000060E+0	-16.128618280867755E+0	1.969692727963179E+0
257.000000000000060E+0	-44.427308204247012E+0	-1.832026672385134E+0
258.000000000000060E+0	-15.638786705674301E+0	678.392055939909810E-3
259.000000000000060E+0	-27.997271601048833E+0	-5.497265409767893E+0
260.000000000000060E+0	-73.688456457760324E+0	-11.656289185872012E+0
261.000000000000060E+0	-29.807699100292588E+0	-8.421040047644425E+0
262.000000000000060E+0	-22.214832163581395E+0	-5.239881781520031E+0
263.000000000000060E+0	-27.825852829459478E+0	-1.339033009899786E+0
264.000000000000060E+0	-30.533223144479042E+0	-6.265498552468559E+0
265.000000000000060E+0	-36.963222818435256E+0	-6.251372117879304E+0
266.000000000000060E+0	-31.434781824826945E+0	-5.288245205097808E+0
267.000000000000060E+0	-25.680075713124673E+0	6.186154507276485E+0
268.000000000000060E+0	-19.741205528184786E+0	6.944224804122373E+0
269.000000000000060E+0	-41.005527868270818E+0	-12.746501847622838E+0
270.000000000000060E+0	-55.106620312033883E+0	2.633305884113267E+0
271.000000000000060E+0	-11.893759749998150E+0	298.627228340913040E-3
272.000000000000060E+0	-11.463570361195448E+0	17.609870497630897E+0
273.000000000000060E+0	-26.076489216974732E+0	22.668192827336949E+0
274.000000000000060E+0	-15.244387499726088E+0	11.243321231508707E+0
275.000000000000060E+0	-13.825127653643431E+0	13.297429898609632E+0
276.000000000000060E+0	-3.175447710953887E+0	11.862066709319928E+0
277.000000000000060E+0	-953.950392832958900E-3	15.321501585192010E+0
278.000000000000060E+0	-29.098309100051175E+0	-19.453692505935482E+0
279.000000000000060E+0	-10.152649216538085E+0	-36.696602815014629E+0
280.000000000000060E+0	5.927951778288675E+0	-24.823978963494788E+0
281.000000000000060E+0	13.647222970748086E+0	-15.556258895154926E+0
282.000000000000060E+0	15.998181464433367E+0	-4.984698165027715E+0
283.000000000000060E+0	39.964248182706505E+0	-32.576906147553707E+0
284.000000000000060E+0	32.246278247665899E+0	-12.822253653025518E+0
285.000000000000060E+0	25.800304397644290E+0	-3.596218853802983E+0
286.000000000000060E+0	22.874356075067848E+0	-7.263710715684553E+0
287.000000000000060E+0	-11.020946186078415E+0	-812.320468704071370E-3
288.000000000000060E+0	-25.885339688718695E+0	-94.980594831288016E+0
289.000000000000060E+0	-26.940506859785991E+0	-99.081017722712829E+0
290.000000000000060E+0	-16.728220212738762E+0	-41.994122622484561E+0
291.000000000000060E+0	-14.579514245172721E+0	-67.915914767325873E+0
292.000000000000060E+0	-40.635322168966852E+0	-113.872573797880520E+0
293.000000000000060E+0	-32.254233662286637E+0	-90.853354841002144E+0
294.000000000000060E+0	-34.494971981065596E+0	-59.441777955186730E+0
295.000000000000060E+0	-48.152545465682024E+0	-41.637407384227529E+0
296.000000000000060E+0	-50.544427573241911E+0	-22.882585803242108E+0
297.000000000000060E+0	-70.078111548712314E+0	-34.150389230309102E+0
298.000000000000060E+0	-117.012018592397270E+0	-51.714112960084904E+0
299.000000000000060E+0	-87.189971708591500E+0	-29.731623273612552E+0
300.000000000000060E+0	-26.690636650359902E+0	-9.648405575155966E+0
301.000000000000060E+0	-62.291727996271483E+0	-15.874903842507123E+0
302.000000000000060E+0	-99.576501319171456E+0	-14.096578522104727E+0
303.000000000000060E+0	-19.159733219401822E+0	5.711921233560135E+0
304.000000000000060E+0	-66.450060285538342E+0	8.888719190770018E+0
305.000000000000060E+0	-33.025373196506827E+0	9.744747230094713E+0
306.000000000000060E+0	-43.675705704944917E+0	3.998310342746143E+0
307.000000000000060E+0	-84.231108139676976E+0	-5.532102562385651E+0
308.000000000000060E+0	-58.276259870574869E+0	-5.887903711504677E+0
309.000000000000060E+0	-26.319920964501232E+0	-4.604028388636791E+0
310.000000000000060E+0	-15.627622815516158E+0	6.970399600154818E+0
311.000000000000060E+0	-37.259480446010031E+0	27.072954467176082E+0
312.000000000000060E+0	-25.918488655714611E+0	26.728340102765419E+0
313.000000000000060E+0	-6.443006885245912E+0	13.225684238988118E+0
314.000000000000060E+0	-17.100262199195249E+0	11.347431465771109E+0
315.000000000000060E+0	-15.902442524867158E+0	6.574949620208325E+0
316.000000000000060E+0	-18.227253360456572E+0	-1.413982193668047E+0
317.000000000000060E+0	-29.932415847687064E+0	-3.351481881385902E+0
318.000000000000060E+0	-20.752410542145689E+0	-4.280840071192126E+0
319.000000000000060E+0	-4.329127617729552E+0	-4.218858236550146E+0
320.000000000000060E+0	-24.548826315572583E+0	-7.630164968879588E+0
321.000000000000060E+0	-36.094505902465571E+0	-7.762138395249293E+0
322.000000000000060E+0	-17.261260987959961E+0	-4.113811640669178E+0
323.000000000000060E+0	-29.237667227854693E+0	-7.693093339559377E+0
324.000000000000060E+0	-26.421533183624867E+0	-13.207381915234231E+0
325.000000000000060E+0	-34.903452768338255E+0	-21.308546592258192E+0
326.000000000000060E+0	-36.463731711846641E+0	-13.738105233715682E+0
327.000000000000060E+0	-32.589944881351677E+0	-9.774187094141872E+0
328.000000000000060E+0	-25.273293328366016E+0	-3.345103848781945E+0
329.000000000000060E+0	-21.851881955659739E+0	-887.013223134320960E-3
330.000000000000060E+0	-96.142509545104104E+0	-1.642509965116089E+0
331.000000000000060E+0	-54.531518999626542E+0	2.763401618534460E+0
332.000000000000060E+0	-26.839502092341284E+0	68.865590298793064E-3
333.000000000000060E+0	-45.033171644009030E+0	3.816272770997342E+0
334.000000000000060E+0	-65.838281757297580E+0	14.716672219630201E+0
335.000000000000060E+0	-51.261304495705943E+0	19.243016068578061E+0
336.000000000000060E+0	-84.961134368410896E+0	51.772032604833193E+0
337.000000000000060E+0	-47.411919124547069E+0	33.742329247321592E+0
338.000000000000060E+0	-29.168449384257144E+0	25.686904650311618E+0
339.000000000000060E+0	-68.389370397196657E+0	104.363926021280760E+0
340.000000000000060E+0	-41.648518076693122E+0	110.807322256777450E+0
341.000000000000060E+0	-13.000562368157755E+0	67.296975469160571E+0
342.000000000000060E+0	9.024715755945914E+0	42.000875192597896E+0
343.000000000000060E+0	18.065826775302405E+0	86.249432541264312E+0
344.000000000000060E+0	20.199113171263328E+0	83.522952313290773E+0
345.000000000000060E+0	8.177971131945860E+0	24.815995067816758E+0
346.000000000000060E+0	19.700087915477404E+0	15.594756296851017E+0
347.000000000000060E+0	13.023707854515967E+0	1.386108831536955E+0
348.000000000000060E+0	22.173181879352210E+0	13.894992858701247E+0
349.000000000000060E+0	32.702259823347291E+0	11.078077221354507E+0
350.000000000000060E+0	20.321058335457238E+0	-470.568056146765560E-3
351.000000000000060E+0	10.709363010545214E+0	11.105698554020607E+0
352.000000000000060E+0	-258.357670264249880E-3	11.227010032656668E+0
353.000000000000060E+0	2.159605172178603E+0	-3.290989534322038E+0
354.000000000000060E+0	11.116563409863375E+0	-6.644048821413529E+0
355.000000000000060E+0	11.306813441529869E+0	-1.335357346040361E+0
356.000000000000060E+0	12.443844953265614E+0	-5.097296317259445E+0
357.000000000000060E+0	27.006376855969357E+0	8.473773556309801E+0
358.000000000000060E+0	29.677557068044894E+0	20.341295218941543E+0
359.000000000000060E+0	15.828564329571051E+0	15.926864655632631E+0
360.000000000000060E+0	6.211157521891937E+0	5.549245529103925E+0
361.000000000000060E+0	1.142644832226083E+0	-7.943197600114897E+0
362.000000000000060E+0	30.338608556853007E+0	-42.946250720335243E+0
363.000000000000060E+0	27.642679526570316E+0	-42.089007720586054E+0
364.000000000000060E+0	47.085811570897768E+0	-26.442748845783324E+0
365.000000000000060E+0	64.670377677772862E+0	-19.364762774117679E+0
366.000000000000060E+0	44.086988688532230E+0	15.819763271902403E+0
367.000000000000060E+0	40.357096831121972E+0	31.492794819710639E+0
368.000000000000060E+0	46.076677286532075E+0	13.393427726108399E+0
369.000000000000060E+0	4.348094522406990E+0	2.783726250753781E+0
370.000000000000060E+0	-13.948001909179663E+0	-34.514832901996307E+0
371.000000000000060E+0	36.494476654948492E+0	-120.707649891450020E+0
372.000000000000060E+0	132.943615810979710E+0	-214.953038688643350E+0
373.000000000000060E+0	92.830509399718224E+0	-154.541954980492480E+0
374.000000000000060E+0	79.140126039116694E+0	-67.076125902108089E+0
375.000000000000060E+0	98.253829605398678E+0	-74.215792767861188E+0
376.000000000000060E+0	71.988242671059694E+0	-47.868011052360678E+0
377.000000000000060E+0	9.890014861028975E+0	-74.977061846685999E+0
378.000000000000060E+0	-26.130732332691043E+0	-127.629158497720280E+0
379.000000000000060E+0	-26.786455556587516E+0	-56.422783619310699E+0
380.000000000000060E+0	-18.650840103404786E+0	-142.866482575542050E+0
381.000000000000060E+0	-69.731601277315988E+0	-332.061184221280090E+0
382.000000000000060E+0	-43.088424414516844E+0	-185.399575002925790E+0
383.000000000000060E+0	-16.839462254753336E+0	-163.599277275589490E+0
384.000000000000060E+0	-4.912567131234767E+0	-107.008647467072340E+0
385.000000000000060E+0	-63.241469600841313E+0	-92.874070283855303E+0
386.000000000000060E+0	-175.319328160106270E+0	-150.307887295006910E+0
387.000000000000060E+0	-129.917945881450290E+0	-102.224589581059870E+0
388.000000000000060E+0	-125.772295658329500E+0	-95.832134128068887E+0
389.000000000000060E+0	-58.761686320642660E+0	-64.933490947597036E+0
390.000000000000060E+0	-94.487366475712719E+0	-162.540113484797870E+0
391.000000000000060E+0	-140.353037703622650E+0	-173.517175324144460E+0
392.000000000000060E+0	-54.320712106014945E+0	-59.268723221778430E+0
393.000000000000060E+0	-52.885276981090726E+0	-19.547964648296507E+0
394.000000000000060E+0	-137.834085590270770E+0	-60.890053674876277E+0
395.000000000000060E+0	-126.158579570964590E+0	-54.379596561286533E+0
396.000000000000060E+0	-204.382303044410780E+0	-101.615447060390150E+0
397.000000000000060E+0	-140.034930134191510E+0	-72.912294811569126E+0
398.000000000000060E+0	-55.319895004695184E+0	-48.418681879104717E+0
399.000000000000060E+0	-96.750153984944021E+0	-100.563746012666850E+0
400.000000000000060E+0	-172.844828821330880E+0	-107.282228505604810E+0
401.000000000000060E+0	-126.142549025945750E+0	-53.390401629660495E+0
402.000000000000060E+0	-90.614531978128596E+0	-30.158642750288443E+0
403.000000000000060E+0	-81.913693198677919E+0	-2.144288988841958E+0
404.000000000000060E+0	-325.568353632326880E+0	-58.270622679657627E+0
405.000000000000060E+0	-192.700683511214380E+0	-18.511984218795355E+0
406.000000000000060E+0	-186.599524314797410E+0	-41.562813688200947E+0
407.000000000000060E+0	-162.488388261473740E+0	-25.403193024165212E+0
408.000000000000060E+0	-57.421871438739984E+0	-16.570702250165375E+0
409.000000000000060E+0	-271.009592453116340E+0	14.921594725809289E+0
410.000000000000060E+0	-221.699183537502510E+0	34.502334693441853E+0
411.000000000000060E+0	-82.233946519674347E+0	22.123980088282643E+0
412.000000000000060E+0	-109.787915010670190E+0	25.119542063958214E+0
413.000000000000060E+0	-222.238003148177680E+0	42.989737826193775E+0
414.000000000000060E+0	-250.432408286367890E+0	38.798202118113359E+0
415.000000000000060E+0	-210.216651772679970E+0	35.097840149645776E+0
416.000000000000060E+0	-105.479409194667170E+0	25.506238693127052E+0
417.000000000000060E+0	-92.086219929451204E+0	37.595060833550235E+0
418.000000000000060E+0	-195.938397713297490E+0	116.468175988511490E+0
419.000000000000060E+0	-247.240458936046250E+0	169.227489333399260E+0
420.000000000000060E+0	-236.599101533729990E+0	167.689268832506540E+0
421.000000000000060E+0	-53.367277481108054E+0	38.729903960426576E+0
422.000000000000060E+0	-202.652816165128400E+0	143.152795927632980E+0
423.000000000000060E+0	-320.221582188546280E+0	276.566538526480660E+0
424.000000000000060E+0	-143.145681079433360E+0	137.986713583670110E+0
425.000000000000060E+0	-140.299783439547890E+0	178.799647881283650E+0
426.000000000000060E+0	-59.583050853010889E+0	127.616008654949580E+0
427.000000000000060E+0	-85.776020934946374E+0	180.789395441937100E+0
428.000000000000060E+0	-167.778612954726160E+0	488.975374644448490E+0
429.000000000000060E+0	-36.808111789117675E+0	244.803372721857470E+0
430.000000000000060E+0	-15.656966516954071E+0	198.758651166344440E+0
431.000000000000060E+0	-21.421188720178559E+0	139.602270714391860E+0
432.000000000000060E+0	17.954007745507297E+0	356.608146230175980E+0
433.000000000000060E+0	84.765912739926222E+0	276.687746968167800E+0
434.000000000000060E+0	74.627329507727353E+0	116.272849852352100E+0
435.000000000000060E+0	70.832135370194166E+0	83.431177714037062E+0
436.000000000000060E+0	117.270518354493830E+0	128.116519170214420E+0
437.000000000000060E+0	107.626872650216160E+0	141.968344778117540E+0
438.000000000000060E+0	127.960936749356920E+0	140.690313287162720E+0
439.000000000000060E+0	71.709708109855128E+0	70.395563070533143E+0
440.000000000000060E+0	6.061410968484054E+0	20.938363372702863E+0
441.000000000000060E+0	55.242213204806681E+0	143.908908736063210E+0
442.000000000000060E+0	27.159869915810656E+0	174.505634337307100E+0
443.000000000000060E+0	275.500600519870910E-3	113.453174957245920E+0
444.000000000000060E+0	10.957258900672342E+0	118.517097847666040E+0
445.000000000000060E+0	23.835255848528895E+0	75.549608894682422E+0
446.000000000000060E+0	101.026798299544650E+0	243.149259754708050E+0
447.000000000000060E+0	141.900332715995090E+0	238.596712483006370E+0
448.000000000000060E+0	114.792769278431660E+0	152.996572067557540E+0
449.000000000000060E+0	78.062298626008967E+0	80.760365961424100E+0
450.000000000000060E+0	87.317505638400149E+0	62.515487567400683E+0
451.000000000000060E+0	331.460565742629230E+0	196.258754087276570E+0
452.000000000000060E+0	202.272643279190250E+0	79.719035121266359E+0
453.000000000000060E+0	74.426910003709125E+0	27.992444151367984E+0
454.000000000000060E+0	119.507481412724200E+0	24.202042432331808E+0
455.000000000000060E+0	158.619124178209090E+0	17.922821868626677E+0
456.000000000000060E+0	216.837022966984850E+0	6.187214216281488E+0
457.000000000000060E+0	207.828080284317370E+0	-5.622019242336778E+0
458.000000000000060E+0	109.294663089173610E+0	-13.348151442257606E+0
459.000000000000060E+0	73.082898673960102E+0	-11.611757511622409E+0
460.000000000000060E+0	311.538300835605580E+0	-87.780021199912454E+0
461.000000000000060E+0	202.992517842574240E+0	-73.930608206281050E+0
462.000000000000060E+0	153.102775193633700E+0	-70.515567951139516E+0
463.000000000000060E+0	68.536432992748828E+0	-37.893518508786414E+0
464.000000000000060E+0	149.391757752645110E+0	-124.298499845328660E+0
465.000000000000060E+0	212.472625616688050E+0	-229.047723636173320E+0
466.000000000000060E+0	144.085308411963670E+0	-166.216454309626390E+0
467.000000000000060E+0	137.415031973271310E+0	-188.397152508496930E+0
468.000000000000060E+0	47.003706896706802E+0	-93.957254009484828E+0
469.000000000000060E+0	94.460620037924272E+0	-229.677944676888560E+0
470.000000000000060E+0	69.478608962930565E+0	-504.880743197724430E+0
471.000000000000060E+0	-15.298365207219181E+0	-219.320424631421160E+0
472.000000000000060E+0	-10.236425321514814E+0	-116.231839087579100E+0
473.000000000000060E+0	-39.341702954684983E+0	-165.870520100797930E+0
474.000000000000060E+0	-89.188160599388155E+0	-219.877136528927000E+0
475.000000000000060E+0	-108.386932028043930E+0	-225.238065041919580E+0
476.000000000000060E+0	-72.631398306151894E+0	-142.678839805984440E+0
477.000000000000060E+0	-46.679773698896462E+0	-80.064795775487440E+0
478.000000000000060E+0	-48.361160065408036E+0	-87.499830929759526E+0
479.000000000000060E+0	-124.854282444212150E+0	-181.199302601293250E+0
480.000000000000060E+0	-117.662276494084410E+0	-115.752399977182590E+0
481.000000000000060E+0	-68.072611944468491E+0	-59.970088241418729E+0
482.000000000000060E+0	-40.989656953243532E+0	-38.083807969157377E+0
483.000000000000060E+0	-162.716741996902950E+0	-135.727772562338400E+0
484.000000000000060E+0	-130.762478074568040E+0	-87.939079948112891E+0
485.000000000000060E+0	-80.001692429909639E+0	-47.321390024368938E+0
486.000000000000060E+0	-85.821606725655741E+0	-40.412841159085573E+0
487.000000000000060E+0	-30.475070432668787E+0	-11.094154214937223E+0
488.000000000000060E+0	-151.743031932946680E+0	-65.938125214639996E+0
489.000000000000060E+0	-141.887779889908190E+0	-57.448947329780104E+0
490.000000000000060E+0	-65.715258375437060E+0	-19.814550916640020E+0
491.000000000000060E+0	-36.786744413714032E+0	-11.039252199008178E+0
492.000000000000060E+0	-85.700271983031285E+0	-22.959487697212076E+0
493.000000000000060E+0	-121.738163739547870E+0	-24.189657799502083E+0
494.000000000000060E+0	-87.592436417978703E+0	-17.274889361076372E+0
495.000000000000060E+0	-45.198577567813871E+0	-9.887902911971407E+0
496.000000000000060E+0	-50.484098057620535E+0	-8.643730563461563E+0
497.000000000000060E+0	-60.395642056892697E+0	-7.353914090205277E+0
498.000000000000060E+0	-122.911633836237600E+0	-6.855613751963834E+0
499.000000000000060E+0	-93.701262644132171E+0	-6.177782787853273E+0
500.000000000000060E+0	-30.200699179202850E+0	-5.304981478296233E+0
501.000000000000060E+0	-36.406296034427719E+0	-333.577052953628440E-3
502.000000000000060E+0	-122.079931070509020E+0	7.948187685725891E+0
503.000000000000060E+0	-68.792371090542659E+0	4.187824569130511E+0
504.000000000000060E+0	-45.816201108675749E+0	3.981048502172629E+0
505.000000000000060E+0	-51.146814599371531E+0	6.134581542211091E+0
506.000000000000060E+0	-41.207100195635405E+0	-4.000623040409837E+0
507.000000000000060E+0	-101.316366077779310E+0	4.089162832690532E+0
508.000000000000060E+0	-57.953066325188459E+0	2.677439067897792E+0
509.000000000000060E+0	-38.008448647512168E+0	685.069216445649330E-3
510.000000000000060E+0	-11.954592254070835E+0	3.468246670944210E+0
511.000000000000060E+0	-73.902522946164112E+0	12.016058125263189E+0
512.000000000000110E+0	-84.850711191010603E+0	12.668402182499559E+0
513.000000000000110E+0	-32.798402696600093E+0	6.053135616401420E+0
514.000000000000110E+0	-32.041188775156641E+0	-3.028468562929569E+0
515.000000000000110E+0	-28.343814477107408E+0	-12.818223419567442E+0
516.000000000000110E+0	-29.702997865199897E+0	-7.524649929124462E+0
517.000000000000110E+0	-60.057343714054141E+0	-24.950914642778038E+0
518.000000000000110E+0	-48.018354075486648E+0	-29.508621822352797E+0
519.000000000000110E+0	-10.756774186318690E+0	-14.837668365640791E+0
520.000000000000110E+0	-43.132510742613100E+0	-52.357301477334104E+0
521.000000000000110E+0	-105.709013728580540E+0	-68.014304537115294E+0
522.000000000000110E+0	-99.512583635933922E+0	-51.776557121983522E+0
523.000000000000110E+0	-54.829595641720587E+0	-33.829517912534740E+0
524.000000000000110E+0	-60.570933069031696E+0	-38.280307308086812E+0
525.000000000000110E+0	-126.026457369506990E+0	-60.880724781499339E+0
526.000000000000110E+0	-163.810509928115720E+0	-39.450619378866023E+0
527.000000000000110E+0	-130.704392888675100E+0	-22.708160873143701E+0
528.000000000000110E+0	-106.641422014512070E+0	-3.692483741617853E+0
529.000000000000110E+0	-55.514166891888351E+0	-3.448002098706539E+0
530.000000000000110E+0	-270.099341048488780E+0	14.260442025943286E+0
531.000000000000110E+0	-200.558019300255810E+0	25.764417820490614E+0
532.000000000000110E+0	-50.121815038009039E+0	1.642590282392319E+0
533.000000000000110E+0	-67.542959293613052E+0	13.242748482127046E+0
534.000000000000110E+0	-94.230402987878222E+0	23.602046483293986E+0
535.000000000000110E+0	-139.842974397227810E+0	43.010859549257837E+0
536.000000000000110E+0	-118.864948909090230E+0	46.871400295217533E+0
537.000000000000110E+0	-72.771584538135627E+0	27.507088484784639E+0
538.000000000000110E+0	-32.234989441460542E+0	10.593217200071036E+0
539.000000000000110E+0	-126.923189692323330E+0	45.083704909351383E+0
540.000000000000110E+0	-118.504820630244500E+0	56.820042842098793E+0
541.000000000000110E+0	-87.934427327018795E+0	48.904690966864962E+0
542.000000000000110E+0	-26.577466466130879E+0	6.134441574491342E+0
543.000000000000110E+0	-72.337108064576256E+0	34.196776901146165E+0
544.000000000000110E+0	-111.617743334403570E+0	69.194538990635721E+0
545.000000000000110E+0	-72.340695324178569E+0	36.244430712159030E+0
546.000000000000110E+0	-69.740382169448765E+0	39.732669344178909E+0
547.000000000000110E+0	-35.893341134359673E+0	26.993863979399059E+0
548.000000000000110E+0	-57.754816422369387E+0	25.184511719795445E+0
549.000000000000110E+0	-185.210047773148570E+0	90.092244727052829E+0
550.000000000000110E+0	-97.923337818817558E+0	43.073620549430529E+0
551.000000000000110E+0	-29.997036331132143E+0	10.012761970729555E+0
552.000000000000110E+0	-45.987271610050342E+0	32.238536508467952E+0
553.000000000000110E+0	-105.184836494941490E+0	63.705931940599484E+0
554.000000000000110E+0	-135.968557456531070E+0	76.381726109788019E+0
555.000000000000110E+0	-52.366594088933070E+0	30.226183358054943E+0
556.000000000000110E+0	-60.738962719558671E+0	33.791595266746526E+0
557.000000000000110E+0	-45.578759967812331E+0	21.776650545804213E+0
558.000000000000110E+0	-119.194174842755020E+0	60.854555881262875E+0
559.000000000000110E+0	-147.694356057632600E+0	78.946613653527336E+0
560.000000000000110E+0	-67.518127099890449E+0	39.947341019780410E+0
561.000000000000110E+0	-24.256569741564668E+0	11.188900896544293E+0
562.000000000000110E+0	-158.345675006500700E+0	82.859192920421464E+0
563.000000000000110E+0	-133.198610248747460E+0	80.934003652614095E+0
564.000000000000110E+0	-72.522248978800547E+0	51.940120917656394E+0
565.000000000000110E+0	-84.664143190642292E+0	56.538838677023236E+0
566.000000000000110E+0	-40.023419944634213E+0	21.132724220752152E+0
567.000000000000110E+0	-138.222798906025360E+0	77.534739418802843E+0
568.000000000000110E+0	-146.676747757887090E+0	91.115405814910062E+0
569.000000000000110E+0	-99.847468022077336E+0	73.087790801751652E+0
570.000000000000110E+0	-38.014563644585394E+0	31.086610065610749E+0
571.000000000000110E+0	-92.906881000688955E+0	59.483062605578866E+0
572.000000000000110E+0	-209.490554709434040E+0	145.829070060756460E+0
573.000000000000110E+0	-135.475071214266960E+0	95.356699626002495E+0
574.000000000000110E+0	-38.398535907662271E+0	38.654357308359351E+0
575.000000000000110E+0	-88.910450714987888E+0	83.914511975080913E+0
576.000000000000110E+0	-87.917390528184143E+0	65.109628616711134E+0
577.000000000000110E+0	-198.633631512475490E+0	143.689904013505160E+0
578.000000000000110E+0	-175.675253556120590E+0	149.570181245700580E+0
579.000000000000110E+0	-49.732275077856336E+0	54.389972661985745E+0
580.000000000000110E+0	-60.327049193253956E+0	72.427513759809202E+0
581.000000000000110E+0	-237.342494584827730E+0	284.916063076722710E+0
582.000000000000110E+0	-170.707140702579290E+0	232.368559706238500E+0
583.000000000000110E+0	-91.782232600435307E+0	120.797763840856790E+0
584.000000000000110E+0	-62.184075685380932E+0	94.472692981334632E+0
585.000000000000110E+0	-85.241074786837458E+0	155.596376144748150E+0
586.000000000000110E+0	-160.603005907467750E+0	327.647966998353410E+0
587.000000000000110E+0	-113.231294912173750E+0	239.935964738280920E+0
588.000000000000110E+0	-61.825688553164788E+0	217.826983808576780E+0
589.000000000000110E+0	6.356043457100718E+0	42.365969022582760E+0
590.000000000000110E+0	25.072885895639430E+0	362.727107737527490E+0
591.000000000000110E+0	70.517876165542788E+0	527.016871046969530E+0
592.000000000000110E+0	29.932716216391572E+0	189.772935853694830E+0
593.000000000000110E+0	7.158005235815891E+0	82.888150828722061E+0
594.000000000000110E+0	37.285808315646300E+0	100.037545247701620E+0
595.000000000000110E+0	71.220081614517227E+0	147.124831136972600E+0
596.000000000000110E+0	78.892976272886941E+0	202.379255182490000E+0
597.000000000000110E+0	49.002468513250257E+0	146.674345033957540E+0
598.000000000000110E+0	15.458121175715695E+0	34.074825300716256E+0
599.000000000000110E+0	81.138141591616971E+0	84.932007964492840E+0
600.000000000000110E+0	170.483831034160690E+0	192.798494514954090E+0
601.000000000000110E+0	164.076941296914070E+0	176.512264312491990E+0
602.000000000000110E+0	36.829533962952937E+0	50.870683573095519E+0
603.000000000000110E+0	25.566208586128486E+0	28.361630104497578E+0
604.000000000000110E+0	83.266695489907391E+0	37.925611615491626E+0
605.000000000000110E+0	77.930975526959443E+0	22.388150221594106E+0
606.000000000000110E+0	58.125836380086504E+0	19.887807072241923E+0
607.000000000000110E+0	40.154367892353505E+0	19.127316303690129E+0
608.000000000000110E+0	11.645423267474886E+0	5.837061524808571E+0
609.000000000000110E+0	45.139665040023019E+0	61.028685312227175E+0
610.000000000000110E+0	19.941649685016156E+0	46.832591574807502E+0
611.000000000000110E+0	4.834530706959648E+0	14.665448292761095E+0
612.000000000000110E+0	1.087014258275014E+0	9.214398793440928E+0
613.000000000000110E+0	-4.889885380782031E+0	28.843847454278624E+0
614.000000000000110E+0	-23.036321337395517E+0	41.952216278614159E+0
615.000000000000110E+0	-17.164042568244998E+0	24.677100608763844E+0
616.000000000000110E+0	-10.445049601269531E+0	19.294697235030604E+0
617.000000000000110E+0	-5.839349595332271E+0	19.539484422561600E+0
618.000000000000110E+0	-31.134597498090546E+0	37.442897518537734E+0
619.000000000000110E+0	-70.892552749333816E+0	72.807265149982726E+0
620.000000000000110E+0	-63.969748737430791E+0	60.806335187680666E+0
621.000000000000110E+0	-9.990741892288783E+0	9.415703471778285E+0
622.000000000000110E+0	-44.749399711349731E+0	48.330568496960168E+0
623.000000000000110E+0	-90.918345863784481E+0	96.787595438473247E+0
624.000000000000110E+0	-59.857098710782722E+0	66.362464038440976E+0
625.000000000000110E+0	-61.275034507431677E+0	61.085696370638047E+0
626.000000000000110E+0	-38.564767194655033E+0	38.117237829926779E+0
627.000000000000110E+0	-35.943614598317559E+0	48.457758204052425E+0
628.000000000000110E+0	-138.248565382439890E+0	178.972161705113880E+0
629.000000000000110E+0	-119.607921852791520E+0	155.237251024369730E+0
630.000000000000110E+0	-59.853483002812879E+0	70.112093954988722E+0
631.000000000000110E+0	-30.645368452062382E+0	43.715089322940273E+0
632.000000000000110E+0	-132.790512950345490E+0	200.554947324000210E+0
633.000000000000110E+0	-187.635136498294880E+0	297.802012347260810E+0
634.000000000000110E+0	-55.406813875980653E+0	99.375587548593017E+0
635.000000000000110E+0	-78.363285096383791E+0	138.185731073214240E+0
636.000000000000110E+0	-35.015924697049414E+0	86.783619782842422E+0
637.000000000000110E+0	-96.135204338577722E+0	295.924867551203420E+0
638.000000000000110E+0	-128.347574723283540E+0	476.623893718851040E+0
639.000000000000110E+0	-66.543315219300240E+0	354.014754156080580E+0
640.000000000000110E+0	-8.861084899168308E+0	52.897210657266896E+0
641.000000000000110E+0	-4.160351830904590E+0	474.543044771259130E+0
642.000000000000110E+0	80.369235449293313E+0	645.126322908227510E+0
643.000000000000110E+0	101.392143557824130E+0	440.485249544524210E+0
644.000000000000110E+0	92.743861453621179E+0	272.435349230363100E+0
645.000000000000110E+0	87.320640460985629E+0	188.930383993942830E+0
646.000000000000110E+0	291.775716663941640E+0	405.552387666500750E+0
647.000000000000110E+0	440.979701225021190E+0	463.314767349659290E+0
648.000000000000110E+0	444.819971076692750E+0	384.054835051777330E+0
649.000000000000110E+0	188.377877117532110E+0	132.089634764324020E+0
650.000000000000110E+0	107.704210113097620E+0	42.367980797947091E+0
651.000000000000110E+0	860.495758269735910E+0	199.231870993215810E+0
652.000000000000110E+0	687.135771434593490E+0	64.776733457518048E+0
653.000000000000110E+0	164.964613023810160E+0	-4.445429277504345E+0
654.000000000000110E+0	294.530293146705280E+0	-13.932183120339488E+0
655.000000000000110E+0	268.200374778108480E+0	-45.113472310545916E+0
656.000000000000110E+0	504.445100469895350E+0	-112.967881087215720E+0
657.000000000000110E+0	491.365873755089350E+0	-172.887478724552810E+0
658.000000000000110E+0	204.284070904122420E+0	-91.097451168936843E+0
659.000000000000110E+0	63.588751384299812E+0	-34.407014707514229E+0
660.000000000000110E+0	360.508784599184200E+0	-307.811537660033200E+0
661.000000000000110E+0	415.506009755375880E+0	-473.831888581717240E+0
662.000000000000110E+0	179.448830026892920E+0	-295.887943936038030E+0
663.000000000000110E+0	74.227890343949198E+0	-129.215822232613850E+0
664.000000000000110E+0	104.936942458621840E+0	-250.773316192995170E+0
665.000000000000110E+0	119.197335194704490E+0	-603.397580300110690E+0
666.000000000000110E+0	-7.204374340239481E+0	-323.511421359317750E+0
667.000000000000110E+0	-116.713248726868040E+0	-494.945041743208550E+0
668.000000000000110E+0	-41.344913937491810E+0	-103.735660261906860E+0
669.000000000000110E+0	-162.141432974420520E+0	-209.832905537648290E+0
670.000000000000110E+0	-450.430679768145300E+0	-362.138462605461090E+0
671.000000000000110E+0	-223.954582426934540E+0	-110.363455225429450E+0
672.000000000000110E+0	-66.950721763873602E+0	-23.469289527454009E+0
673.000000000000110E+0	-100.021350985524510E+0	-34.323169726224805E+0
674.000000000000110E+0	-142.073289328352300E+0	-33.780879230464727E+0
675.000000000000110E+0	-203.613250774525600E+0	-35.224286394263565E+0
676.000000000000110E+0	-104.246477146498210E+0	-6.815355524524280E+0
677.000000000000110E+0	-70.401020788957496E+0	-3.580130876355727E+0
678.000000000000110E+0	-39.533256250391801E+0	-1.356806738995418E+0
679.000000000000110E+0	-138.160337991074190E+0	11.539178331295787E+0
680.000000000000110E+0	-178.021239817405810E+0	28.258300855362904E+0
681.000000000000110E+0	-57.784074682411280E+0	10.117610198069173E+0
682.000000000000110E+0	-23.187945286159735E+0	5.259467267901307E+0
683.000000000000110E+0	-112.543699926479690E+0	25.983222700226769E+0
684.000000000000110E+0	-111.651638729826830E+0	28.521527133216313E+0
685.000000000000110E+0	-68.596674697994231E+0	10.955292716144182E+0
686.000000000000110E+0	-71.714786398525192E+0	9.052153481357108E+0
687.000000000000110E+0	-10.558850052992431E+0	1.314298365415005E+0
688.000000000000110E+0	-83.016837669064984E+0	32.163571790860011E+0
689.000000000000110E+0	-120.122626216330080E+0	54.431333389795988E+0
690.000000000000110E+0	-57.684041191449197E+0	35.966876663527330E+0
691.000000000000110E+0	-25.137988308251675E+0	18.182101906299131E+0
692.000000000000110E+0	-49.862909205346419E+0	26.349357618043172E+0
693.000000000000110E+0	-152.172526630877340E+0	78.277064371348288E+0
694.000000000000110E+0	-76.529650284403061E+0	42.974114556330484E+0
695.000000000000110E+0	-53.317277403817641E+0	25.159351426966701E+0
696.000000000000110E+0	-38.606759703179812E+0	12.636471745490530E+0
697.000000000000110E+0	-20.469965673399095E+0	32.664804340294864E+0
698.000000000000110E+0	-99.212891159408599E+0	114.736123215117940E+0
699.000000000000110E+0	-131.432895376903530E+0	131.514576995153310E+0
700.000000000000110E+0	-20.806523311460175E+0	24.940967695102131E+0
701.000000000000110E+0	-36.724972177410656E+0	41.349465453170112E+0
702.000000000000110E+0	-111.547766849377510E+0	142.103175398718830E+0
703.000000000000110E+0	-120.904761892562330E+0	145.034229062463570E+0
704.000000000000110E+0	-69.124773763338553E+0	60.718319168457619E+0
705.000000000000110E+0	-26.647835385429925E+0	35.977558716835070E+0
706.000000000000110E+0	-1.160708036073590E+0	45.512834646164187E+0
707.000000000000110E+0	-13.048771353379564E+0	174.800327545770330E+0
708.000000000000110E+0	-2.260718252079813E+0	149.600929779832260E+0
709.000000000000110E+0	5.465184846560140E+0	113.477579872049970E+0
710.000000000000110E+0	4.982349510390515E+0	23.380347522258429E+0
711.000000000000110E+0	-32.515601150695304E+0	137.761303948506910E+0
712.000000000000110E+0	-24.171188036122125E+0	223.770798136433820E+0
713.000000000000110E+0	-11.206753723918471E+0	56.987316023691882E+0
714.000000000000110E+0	-2.557620783365901E+0	31.254756168931369E+0
715.000000000000110E+0	8.682424025699550E+0	28.295387130725061E+0
716.000000000000110E+0	9.339697978196758E+0	65.292417429666045E+0
717.000000000000110E+0	14.396040030599028E+0	137.003643493943680E+0
718.000000000000110E+0	22.584904459879588E+0	105.682949399761950E+0
719.000000000000110E+0	6.466708753072256E+0	38.582311590574626E+0
720.000000000000110E+0	4.447274962088171E+0	61.764021843118428E+0
721.000000000000110E+0	35.246487244018823E+0	159.949415766479490E+0
722.000000000000110E+0	41.164520527576428E+0	112.516212960812820E+0
723.000000000000110E+0	17.701016758902142E+0	26.306327201608894E+0
724.000000000000110E+0	28.428686438068404E+0	22.848651946315364E+0
725.000000000000110E+0	57.184994381222872E+0	76.742484185176195E+0
726.000000000000110E+0	33.539795759318650E+0	57.395252167613101E+0
727.000000000000110E+0	33.228869250588950E+0	66.306827912206700E+0
728.000000000000110E+0	17.375282982960883E+0	34.505631302399408E+0
729.000000000000110E+0	-668.584896061957700E-3	7.262484902700345E+0
730.000000000000110E+0	30.946180734543258E+0	81.521710940959593E+0
731.000000000000110E+0	44.085022561492089E+0	95.210126884498592E+0
732.000000000000110E+0	15.826012862437526E+0	17.212862812004083E+0
733.000000000000110E+0	24.886791618056900E+0	27.017423588064094E+0
734.000000000000110E+0	20.903634782937626E+0	35.025910338141315E+0
735.000000000000110E+0	42.867815930751234E+0	95.478908068626197E+0
736.000000000000110E+0	30.489148807977966E+0	72.601923869482078E+0
737.000000000000110E+0	11.883222502367147E+0	55.096196147912892E+0
738.000000000000110E+0	-3.590492364412042E+0	17.085857203243201E+0
739.000000000000110E+0	14.345769531945908E+0	22.492168072232282E+0
740.000000000000110E+0	46.251647959007315E+0	66.008424077603166E+0
741.000000000000110E+0	30.803726691825460E+0	41.455546052543355E+0
742.000000000000110E+0	5.065765702162258E+0	5.081723328820633E+0
743.000000000000110E+0	25.053951627332083E+0	28.586876788003490E+0
744.000000000000110E+0	38.563611223861308E+0	46.354000447482051E+0
745.000000000000110E+0	22.054219721028989E+0	38.401723085677617E+0
746.000000000000110E+0	7.591440901616744E+0	42.468140030250481E+0
747.000000000000110E+0	1.016124811148370E+0	14.030903351261291E+0
748.000000000000110E+0	3.263947396161429E+0	11.719139397197825E+0
749.000000000000110E+0	6.229848018566637E+0	54.897753621840401E+0
750.000000000000110E+0	1.155188012735334E+0	41.625042251310248E+0
751.000000000000110E+0	216.805181743749130E-3	13.729038145827294E+0
752.000000000000110E+0	2.600937208356297E+0	8.857818440226254E+0
753.000000000000110E+0	-5.226077758590285E+0	50.569974298105777E+0
754.000000000000110E+0	-18.279880373017164E+0	74.994060347993283E+0
755.000000000000110E+0	-10.944084158412103E+0	32.143335838598247E+0
756.000000000000110E+0	-10.012809561277487E+0	30.332235768534758E+0
757.000000000000110E+0	-6.778103722705016E+0	19.610741936012850E+0
758.000000000000110E+0	-24.454906412361954E+0	45.879470723568126E+0
759.000000000000110E+0	-52.505667558439072E+0	100.381640669016800E+0
760.000000000000110E+0	-16.938319685087340E+0	33.619354996319814E+0
761.000000000000110E+0	414.661187913755950E-3	7.466444461312254E+0
762.000000000000110E+0	-26.674517268297972E+0	70.536407109787262E+0
763.000000000000110E+0	-49.365463822443587E+0	105.775988245575900E+0
764.000000000000110E+0	-18.171360018525874E+0	47.922147715599074E+0
765.000000000000110E+0	-10.823545412423577E+0	55.337552528376307E+0
766.000000000000110E+0	-6.588406999018074E+0	23.578893994024046E+0
767.000000000000110E+0	-46.299225907863402E+0	76.053506492847759E+0
768.000000000000110E+0	-54.315575461268125E+0	103.639721771718170E+0
769.000000000000110E+0	-52.231237891741898E+0	130.720320557119580E+0
770.000000000000110E+0	-18.056892649537453E+0	47.120640017252271E+0
771.000000000000110E+0	-9.393388175434501E+0	46.471761633017742E+0
772.000000000000110E+0	-75.052766575021607E+0	272.223572140277550E+0
773.000000000000110E+0	-41.965062967162666E+0	227.003832353285900E+0
774.000000000000110E+0	2.651023016388717E+0	80.622547690286353E+0
775.000000000000110E+0	-5.912228489265178E+0	140.323805705494610E+0
776.000000000000110E+0	-8.140782921181090E+0	101.419586560497320E+0
777.000000000000110E+0	45.060531828265823E+0	303.229920282850510E+0
778.000000000000110E+0	119.956709730441990E+0	425.547517813775930E+0
779.000000000000110E+0	44.131957812011194E+0	132.020026330022180E+0
780.000000000000110E+0	16.609487264135652E+0	36.856363791357950E+0
781.000000000000110E+0	210.971166510837380E+0	223.089180138781470E+0
782.000000000000110E+0	288.413665044310960E+0	265.765124558188740E+0
783.000000000000110E+0	151.381060634762120E+0	119.641230829352300E+0
784.000000000000110E+0	42.030968335550298E+0	32.337208672245914E+0
785.000000000000110E+0	94.385904185413025E+0	26.950250133311442E+0
786.000000000000110E+0	195.896796329694150E+0	59.327858936159899E+0
787.000000000000110E+0	185.599535901033280E+0	53.207427728200017E+0
788.000000000000110E+0	181.920900772416360E+0	39.728243326793965E+0
789.000000000000110E+0	43.072275294096627E+0	4.440027638849284E+0
790.000000000000110E+0	122.551366869388490E+0	21.162600997213616E+0
791.000000000000110E+0	352.166162660386700E+0	37.835567404953984E+0
792.000000000000110E+0	122.213534166021870E+0	6.919730425532746E+0
793.000000000000110E+0	53.370933548479989E+0	-469.658956213750030E-3
794.000000000000110E+0	53.179548079738652E+0	-2.009747315692836E+0
795.000000000000110E+0	100.301751442874230E+0	4.187770467841576E+0
796.000000000000110E+0	113.639571635541910E+0	9.030669602744249E+0
797.000000000000110E+0	82.191652275818953E+0	4.381155614247222E+0
798.000000000000110E+0	23.900853827974934E+0	-7.079162371837381E+0
799.000000000000110E+0	33.498389055019672E+0	-5.291317509607856E+0
800.000000000000110E+0	112.909004338241830E+0	10.524287796125451E+0
801.000000000000110E+0	148.256302017865720E+0	18.315596413927725E+0
802.000000000000110E+0	44.788423317053926E+0	-1.490634343450401E+0
803.000000000000110E+0	22.651671508297728E+0	23.883035605508446E+0
804.000000000000110E+0	44.107681488367767E+0	54.564822365235727E+0
805.000000000000110E+0	47.017349734597609E+0	44.554225964237403E+0
806.000000000000110E+0	53.741997074820084E+0	33.810345866257315E+0
807.000000000000110E+0	62.296836660763191E+0	35.583930109700908E+0
808.000000000000110E+0	4.269510347635168E+0	96.228028797835374E-3
809.000000000000110E+0	127.793819113767200E+0	35.004784283613574E+0
810.000000000000110E+0	206.347986472313180E+0	54.176940656797868E+0
811.000000000000110E+0	95.984475110457353E+0	33.489981459888959E+0
812.000000000000110E+0	27.966559012955525E+0	17.906671563164259E+0
813.000000000000110E+0	28.949666588687002E+0	11.164895873222793E+0
814.000000000000110E+0	133.871880544506300E+0	29.100138388090478E+0
815.000000000000110E+0	89.018889384535726E+0	18.279254122320566E+0
816.000000000000110E+0	58.415420946117891E+0	-587.473658635641490E-3
817.000000000000110E+0	45.105857536864271E+0	-6.049052839334910E+0
818.000000000000110E+0	42.887528397062070E+0	-3.169414528660197E+0
819.000000000000110E+0	175.408078193289900E+0	-29.559837741139461E-3
820.000000000000110E+0	156.873463417845100E+0	-4.963390404416454E+0
821.000000000000110E+0	33.506265572427367E+0	-4.575569172596301E+0
822.000000000000110E+0	41.292431178988281E+0	2.388016338589510E+0
823.000000000000110E+0	126.640685407435770E+0	-71.780562738170059E-3
824.000000000000110E+0	76.212016671006694E+0	-3.647797282518259E+0
825.000000000000110E+0	73.446491918811404E+0	-12.128275116723094E+0
826.000000000000110E+0	27.054160844282432E+0	-3.356967704821639E+0
827.000000000000110E+0	22.530760441098018E+0	-6.711975362254226E+0
828.000000000000110E+0	78.220863608456398E+0	-21.789803882061022E+0
829.000000000000110E+0	84.985689886182442E+0	-32.800621500822579E+0
830.000000000000110E+0	48.569079802758509E+0	-15.255773539225876E+0
831.000000000000110E+0	1.910618919702815E+0	-4.113431271229677E+0
832.000000000000110E+0	63.660793996394929E+0	-25.674843796212038E+0
833.000000000000110E+0	101.476237104958700E+0	-42.718702518616347E+0
834.000000000000110E+0	26.642456645095972E+0	-19.143990682984516E+0
835.000000000000110E+0	36.187566051258265E+0	-4.604120288813990E+0
836.000000000000110E+0	18.119494388428315E+0	2.032671383247158E+0
837.000000000000110E+0	12.269013786764383E+0	4.486370599240525E+0
838.000000000000110E+0	38.373751978387034E+0	157.817668137052060E-3
839.000000000000110E+0	19.799296245102628E+0	2.367238641270245E+0
840.000000000000110E+0	-694.392267541188770E-3	2.244342588440831E+0
841.000000000000110E+0	15.262837638366113E+0	-18.154395672959396E+0
842.000000000000110E+0	66.887626212537299E+0	-36.977230906745838E+0
843.000000000000110E+0	68.738358710703210E+0	-26.272728490280024E+0
844.000000000000110E+0	42.314085977561461E+0	-2.855180526060324E+0
845.000000000000110E+0	21.612381222092075E+0	11.203274839919107E+0
846.000000000000110E+0	37.710857938902194E+0	14.664310347069563E+0
847.000000000000110E+0	41.448829593286263E+0	22.891712903511024E+0
848.000000000000110E+0	44.017140244177867E+0	30.396481543016534E+0
849.000000000000110E+0	6.484321109465009E+0	16.212294460142811E+0
850.000000000000110E+0	6.187503994395075E+0	-6.631187975991216E+0
851.000000000000110E+0	66.593751313766802E+0	-4.217503945884241E+0
852.000000000000110E+0	38.167363335560431E+0	-7.644166500531206E+0
853.000000000000110E+0	15.350177286162772E+0	-8.601808802077274E+0
854.000000000000110E+0	19.152969449539832E+0	7.173875038791718E+0
855.000000000000110E+0	7.219799037866347E+0	13.156711870563759E+0
856.000000000000110E+0	-401.324569783410300E-3	25.154369744432532E+0
857.000000000000110E+0	3.306279049459760E+0	25.798770126574908E+0
858.000000000000110E+0	6.854449272975023E+0	14.364859435517861E+0
859.000000000000110E+0	6.956308021936733E+0	9.033679626355463E+0
860.000000000000110E+0	11.156401954260669E+0	43.994651306762961E+0
861.000000000000110E+0	35.183425875377452E+0	156.925211560482410E+0
862.000000000000110E+0	17.170164763890781E+0	77.446189980037246E+0
863.000000000000110E+0	6.253344997441994E+0	12.973748376836529E+0
864.000000000000110E+0	16.503667354110412E+0	36.912218841738031E+0
865.000000000000110E+0	48.281471827566193E+0	78.094854992417737E+0
866.000000000000110E+0	53.621362632140688E+0	57.688453968653654E+0
867.000000000000110E+0	97.269667200559155E+0	108.492277308341730E+0
868.000000000000110E+0	30.524928078481889E+0	36.382201185523456E+0
869.000000000000110E+0	42.717105182190068E+0	25.866311512654864E+0
870.000000000000110E+0	251.897553935436830E+0	184.684193327052610E+0
871.000000000000110E+0	168.523829365113900E+0	122.924863147130080E+0
872.000000000000110E+0	71.118749622544755E+0	56.517093574563184E+0
873.000000000000110E+0	17.524523434083775E+0	11.653064056853028E+0
874.000000000000110E+0	125.515857390590510E+0	27.585901532979044E+0
875.000000000000110E+0	222.731663700230400E+0	37.622107551611379E+0
876.000000000000110E+0	136.150670513487650E+0	8.245079305339743E+0
877.000000000000110E+0	144.084814227744940E+0	5.424513828546165E+0
878.000000000000110E+0	45.854718188486707E+0	452.188104528746300E-3
879.000000000000110E+0	171.098791259842240E+0	12.697922932216549E+0
880.000000000000110E+0	426.899649359635870E+0	-1.414495067810363E+0
881.000000000000110E+0	189.152345336988420E+0	-1.548126643696072E+0
882.000000000000110E+0	30.354972617083330E+0	-4.542223150664909E+0
883.000000000000110E+0	157.248686034407030E+0	-41.590297857529649E+0
884.000000000000110E+0	218.880761042136270E+0	-78.501831852352311E+0
885.000000000000110E+0	187.767492735199250E+0	-79.661546511134418E+0
886.000000000000110E+0	143.493679321016830E+0	-67.034174975096803E+0
887.000000000000110E+0	65.124187739170637E+0	-26.736132493134409E+0
888.000000000000110E+0	130.162570889909320E+0	-66.583303309657666E+0
889.000000000000110E+0	283.696854824260530E+0	-180.596879080571680E+0
890.000000000000110E+0	183.913295696048690E+0	-124.085125177327580E+0
891.000000000000110E+0	61.664620787006683E+0	-45.132040399480061E+0
892.000000000000110E+0	35.111784321157579E+0	-55.316822291591016E+0
893.000000000000110E+0	239.050639032600340E+0	-326.812391769536020E+0
894.000000000000110E+0	129.979950845875750E+0	-177.976282536593710E+0
895.000000000000110E+0	55.465392180263350E+0	-76.589635902786298E+0
896.000000000000110E+0	49.258721469593219E+0	-88.691495158642709E+0
897.000000000000110E+0	11.859330349985978E+0	-36.882511888503529E+0
898.000000000000110E+0	23.852632025032243E+0	-235.306389156459230E+0
899.000000000000110E+0	-10.087245020769746E+0	-274.678912668964930E+0
900.000000000000110E+0	-9.049951800406673E+0	-88.894336930699183E+0
901.000000000000110E+0	6.814412085137501E+0	-16.818354716877494E+0
902.000000000000110E+0	-34.680618874190792E+0	-101.485406952234260E+0
903.000000000000110E+0	-75.331852038595883E+0	-134.356792774656380E+0
904.000000000000110E+0	-46.317492441966763E+0	-62.112420021261528E+0
905.000000000000110E+0	-16.036771529370185E+0	-27.545284289824899E+0
906.000000000000110E+0	-15.381455786015232E+0	-29.414394291208708E+0
907.000000000000110E+0	-27.017963823211677E+0	-39.902060305593565E+0
908.000000000000110E+0	-50.171984723523096E+0	-51.091926859513549E+0
909.000000000000110E+0	-46.865570585481535E+0	-29.762461084904423E+0
910.000000000000110E+0	-12.269542041644938E+0	-1.585364655515084E+0
911.000000000000110E+0	-11.902075316365625E+0	-25.368089106618093E+0
912.000000000000110E+0	-55.375794967565149E+0	-46.452126657319305E+0
913.000000000000110E+0	-27.926985400787611E+0	620.225200253590510E-3
914.000000000000110E+0	-24.329064038377304E+0	-7.554226713784201E+0
915.000000000000110E+0	-18.895367182673137E+0	-17.101398672120744E+0
916.000000000000110E+0	-1.125411196399850E+0	-3.712597809410878E+0
917.000000000000110E+0	-27.045653121290464E+0	3.146687895931014E+0
918.000000000000110E+0	-19.930361592693128E+0	5.356996404997949E+0
919.000000000000110E+0	-11.860784226029279E+0	10.044983577890005E+0
920.000000000000110E+0	-5.062601662105040E+0	-3.752569329488058E+0
921.000000000000110E+0	-11.066011379240480E+0	-2.351999450025484E+0
922.000000000000110E+0	-12.333356704317394E+0	5.399811202476341E+0
923.000000000000110E+0	-769.261407963108930E-3	-867.484818466095260E-3
924.000000000000110E+0	4.826074735458636E+0	5.662045397278876E+0
925.000000000000110E+0	3.633877700145965E+0	18.152339044586586E+0
926.000000000000110E+0	-183.802838791528530E-3	18.096635545989532E+0
927.000000000000110E+0	4.974233976598849E+0	17.443280104234876E+0
928.000000000000110E+0	8.939748086612330E+0	18.812826382964012E+0
929.000000000000110E+0	-1.654483007968685E+0	2.163791749147081E+0
930.000000000000110E+0	15.794349426898460E+0	1.758390888306830E+0
931.000000000000110E+0	34.816384007660588E+0	11.314798596938839E+0
932.000000000000110E+0	18.434459642840984E+0	8.463410466830009E+0
933.000000000000110E+0	7.442027206288953E+0	3.971736487169631E+0
934.000000000000110E+0	12.464864645550341E+0	7.287801033373301E+0
935.000000000000110E+0	30.723164671924348E+0	26.880421393794627E+0
936.000000000000110E+0	30.066458391345698E+0	35.170521498586559E+0
937.000000000000110E+0	15.641920615249564E+0	22.954124167292719E+0
938.000000000000110E+0	13.736121452713707E+0	16.875360471925152E+0
939.000000000000110E+0	8.768735011780867E+0	3.638357831522538E+0
940.000000000000110E+0	110.849024998083560E+0	43.334912111289675E+0
941.000000000000110E+0	102.997892890090230E+0	36.793743790048694E+0
942.000000000000110E+0	18.813094054611241E+0	8.732875139901166E+0
943.000000000000110E+0	29.992071421816103E+0	5.048965244753279E+0
944.000000000000110E+0	78.431206396002409E+0	-2.508336521870870E+0
945.000000000000110E+0	66.436010290375677E+0	-8.840448196531215E+0
946.000000000000110E+0	66.131118490213055E+0	-9.197959385069645E+0
947.000000000000110E+0	34.927636703037351E+0	-5.210089965765369E+0
948.000000000000110E+0	17.722172841744136E+0	-5.039878527758356E+0
949.000000000000110E+0	79.934410959522097E+0	-25.263444204986861E+0
950.000000000000110E+0	87.913970990951157E+0	-30.950447516622603E+0
951.000000000000110E+0	47.416171638196999E+0	-19.209047622412690E+0
952.000000000000110E+0	8.153408345087378E+0	-2.365943107555412E+0
953.000000000000110E+0	56.829345594057841E+0	-20.531743543497761E+0
954.000000000000110E+0	83.360674860289819E+0	-32.071878540224972E+0
955.000000000000110E+0	30.120826085367913E+0	-10.113130844820315E+0
956.000000000000110E+0	27.419937922888590E+0	-14.245400896541279E+0
957.000000000000110E+0	15.353522042853237E+0	-10.085630908226404E+0
958.000000000000110E+0	34.878581341901580E+0	-20.894456387366358E+0
959.000000000000110E+0	96.418291485937644E+0	-56.538483831224951E+0
960.000000000000110E+0	36.962459532812119E+0	-22.185177831977576E+0
961.000000000000110E+0	4.921510890640509E+0	-2.323181081246580E+0
962.000000000000110E+0	28.151028143228000E+0	-17.554422910287517E+0
963.000000000000110E+0	52.340287926094483E+0	-32.222858695264151E+0
964.000000000000110E+0	45.364654541379238E+0	-29.372219554728748E+0
965.000000000000110E+0	13.634460922901843E+0	-9.933619345866738E+0
966.000000000000110E+0	12.433037752877272E+0	-11.573245615409288E+0
967.000000000000110E+0	21.289272081568861E+0	-16.655334183029222E+0
968.000000000000110E+0	42.379964239313075E+0	-31.155309809652454E+0
969.000000000000110E+0	49.189312464862091E+0	-35.167937357755214E+0
970.000000000000110E+0	20.605763921305375E+0	-10.249440233754823E+0
971.000000000000110E+0	3.931841196390816E+0	-6.868954268826674E+0
972.000000000000110E+0	65.507979244562378E+0	-63.810757867440202E+0
973.000000000000110E+0	41.902799700296171E+0	-37.647114886160139E+0
974.000000000000110E+0	8.924696501046208E+0	-10.619984008534898E+0
975.000000000000110E+0	10.816878646238550E+0	-11.948546109614254E+0
976.000000000000110E+0	6.247015249398549E+0	-5.803695129100732E+0
977.000000000000110E+0	25.281390465987204E+0	-31.296404949310425E+0
978.000000000000110E+0	34.978194854477934E+0	-47.858328889522681E+0
979.000000000000110E+0	14.602122371797435E+0	-18.583730277156341E+0
980.000000000000110E+0	3.199383375313761E+0	-1.420246022547460E+0
981.000000000000110E+0	12.080714750239656E+0	-16.444087296873423E+0
982.000000000000110E+0	23.696971053451467E+0	-44.032481952745194E+0
983.000000000000110E+0	5.379736121845827E+0	-21.280339578881506E+0
984.000000000000110E+0	528.723213188286970E-3	-2.741569264805222E+0
985.000000000000110E+0	10.055485572309369E+0	-14.840155649330381E+0
986.000000000000110E+0	13.499889483446015E+0	-15.151421995417191E+0
987.000000000000110E+0	18.827232926974357E+0	-20.936819839539908E+0
988.000000000000110E+0	24.995887502451289E+0	-21.859966013679625E+0
989.000000000000110E+0	5.986812837658648E+0	-377.252765733175340E-3
990.000000000000110E+0	4.118758234256437E+0	-13.187501463064189E+0
991.000000000000110E+0	16.263656742814469E+0	-52.015026103378979E+0
992.000000000000110E+0	4.662773131675970E+0	-24.880889002898918E+0
993.000000000000110E+0	2.560887790401333E+0	-7.405072349707159E+0
994.000000000000110E+0	2.516706392827587E+0	-718.497273372695640E-3
995.000000000000110E+0	3.044421377385766E+0	-9.328538827510544E+0
996.000000000000110E+0	6.344902405729394E+0	-24.045628882937322E+0
997.000000000000110E+0	5.442980285965745E+0	-9.614608919839551E+0
998.000000000000110E+0	4.762092575004214E+0	-5.199769946081680E+0
999.000000000000110E+0	1.334753772062530E+0	-69.787787124399966E-3
1.000000000000000E+3	6.760003440929292E+0	-26.597529381141413E+0
