Freq (Hz)	accelerometre (V^2 )	source
source
source(V^2 )
10.000000000000020E+0	5.704208172054880E-3	149.553758991431580E-3
11.000000000000021E+0	11.411113247383052E-3	375.217538128289450E-3
12.000000000000023E+0	4.386718822657102E-3	901.767702601838690E-3
13.000000000000025E+0	902.593445629488640E-6	980.485880817994700E-3
14.000000000000027E+0	10.693863424690869E-3	1.767802556039872E+0
15.000000000000028E+0	8.374446518328164E-3	2.362048287877193E+0
16.000000000000032E+0	14.856159642378897E-3	3.186069498906269E+0
17.000000000000036E+0	2.134444270931881E-3	4.191663182483733E+0
18.000000000000039E+0	19.913833347856451E-3	4.750916886804609E+0
19.000000000000043E+0	52.114522560694251E-3	4.873985184870420E+0
20.000000000000046E+0	20.008320910436979E-3	5.966385042312424E+0
21.000000000000050E+0	49.493283269426265E-3	7.416372070510995E+0
22.000000000000053E+0	152.788772157646520E-3	9.688762143972841E+0
23.000000000000057E+0	78.715760697508116E-3	10.028762190894936E+0
24.000000000000060E+0	265.230803860038440E-3	14.881914482029853E+0
25.000000000000064E+0	756.906429090209110E-3	21.769945685831644E+0
26.000000000000067E+0	1.669114143455151E+0	38.617852864100925E+0
27.000000000000071E+0	1.566547762334449E+0	36.877601518349046E+0
28.000000000000075E+0	1.007342448369313E+0	31.807875395401574E+0
29.000000000000078E+0	382.178629299501640E-3	18.099378085464572E+0
30.000000000000082E+0	69.943596528048532E-3	13.464761349437794E+0
31.000000000000085E+0	424.194118815214850E-3	22.915054969412161E+0
32.000000000000085E+0	1.319082853585009E+0	35.507269721072063E+0
33.000000000000085E+0	564.937502057755060E-3	28.876994768467522E+0
34.000000000000085E+0	331.299574700419710E-3	21.414494408047108E+0
35.000000000000085E+0	48.143344107809835E-3	15.764755651345485E+0
36.000000000000085E+0	285.136452983594750E-3	31.890226866613915E+0
37.000000000000085E+0	2.118593008658926E+0	54.802907365830414E+0
38.000000000000085E+0	890.309555825195330E-3	38.786139701042458E+0
39.000000000000085E+0	358.645323526638420E-3	17.025658228881795E+0
40.000000000000085E+0	684.502961824420500E-3	32.247740415443260E+0
41.000000000000085E+0	776.332885585866110E-3	72.358174223879843E+0
42.000000000000085E+0	92.475596352549025E-3	69.373469037294910E+0
43.000000000000085E+0	316.022637941706760E-3	31.979739749970690E+0
44.000000000000085E+0	1.500279166923625E+0	19.895651612001686E+0
45.000000000000085E+0	5.098676071085062E+0	46.524717746633073E+0
46.000000000000085E+0	9.178719785455527E+0	69.341770011763387E+0
47.000000000000085E+0	2.678317788773442E+0	56.956953696660186E+0
48.000000000000085E+0	1.252677980707964E+0	23.786826922590066E+0
49.000000000000085E+0	588.042230009775400E-3	19.565450442885187E+0
50.000000000000085E+0	3.952324115751212E+0	74.393026074510743E+0
51.000000000000085E+0	2.850493598737277E+0	104.514585543526210E+0
52.000000000000085E+0	2.447586396499880E+0	57.725387648261631E+0
53.000000000000085E+0	1.370578390391633E+0	27.927590419324581E+0
54.000000000000085E+0	2.771752649851815E+0	64.789000221476698E+0
55.000000000000085E+0	2.218821319235816E+0	93.932213523857200E+0
56.000000000000085E+0	2.452915495641782E+0	101.034045748144510E+0
57.000000000000085E+0	1.390474460050559E+0	65.373503923969608E+0
58.000000000000085E+0	441.081106540928410E-3	19.938961909286526E+0
59.000000000000085E+0	1.356084417001860E+0	94.489320724186314E+0
60.000000000000085E+0	1.539433525268357E+0	191.462168650506670E+0
61.000000000000085E+0	957.724028282607390E-3	118.402311330149770E+0
62.000000000000085E+0	198.470824220421390E-3	48.211527898463181E+0
63.000000000000085E+0	1.123266454660719E+0	148.253028787555080E+0
64.000000000000085E+0	2.448347259925893E+0	231.011695851485600E+0
65.000000000000085E+0	5.129893502134743E+0	329.933380141882540E+0
66.000000000000085E+0	7.808804198618854E+0	335.271820928134390E+0
67.000000000000085E+0	3.696879352835145E+0	102.616271664816930E+0
68.000000000000085E+0	3.005905644216082E+0	134.691295526757270E+0
69.000000000000085E+0	10.714492699662392E+0	372.022736034948480E+0
70.000000000000085E+0	11.491313840744706E+0	335.061215360789900E+0
71.000000000000085E+0	4.482677747212397E+0	106.865092091796670E+0
72.000000000000085E+0	3.905827915358887E+0	107.585811820207100E+0
73.000000000000085E+0	10.039964566262352E+0	268.359682255223280E+0
74.000000000000085E+0	11.279982511078416E+0	265.140567611479980E+0
75.000000000000085E+0	11.693549036802096E+0	248.769996759205010E+0
76.000000000000085E+0	11.221619975139900E+0	182.825707583337650E+0
77.000000000000085E+0	8.128753579747411E+0	71.307465399018923E+0
78.000000000000085E+0	31.978200980522637E+0	339.818433879904770E+0
79.000000000000085E+0	40.497932221966366E+0	384.046837589250910E+0
80.000000000000085E+0	14.287346429342232E+0	107.671936256948730E+0
81.000000000000085E+0	9.920092508083307E+0	57.242891211658446E+0
82.000000000000085E+0	25.176564781122391E+0	132.930001971509200E+0
83.000000000000085E+0	38.058195302986277E+0	189.423857827926980E+0
84.000000000000085E+0	25.091183224625635E+0	123.154736658979960E+0
85.000000000000085E+0	13.431403398323710E+0	52.665997164744297E+0
86.000000000000085E+0	7.996715083987705E+0	43.258526551739777E+0
87.000000000000085E+0	10.254096488261265E+0	63.521352841299446E+0
88.000000000000085E+0	41.887000361628580E+0	254.751377130574670E+0
89.000000000000085E+0	26.812041547523194E+0	180.550071546927280E+0
90.000000000000085E+0	2.041416982154857E+0	2.301253938738312E+0
91.000000000000085E+0	4.949400910653535E+0	84.561132889610050E+0
92.000000000000085E+0	7.020338213616862E+0	116.664222324197950E+0
93.000000000000085E+0	4.484147408660578E+0	66.583382240786136E+0
94.000000000000085E+0	3.344119765221781E+0	57.043896457971641E+0
95.000000000000085E+0	1.353768309158448E+0	26.759060629828014E+0
96.000000000000085E+0	81.517810149574599E-3	24.684971234859784E+0
97.000000000000085E+0	853.671301037697280E-3	107.789940014745380E+0
98.000000000000085E+0	1.295006919228205E+0	102.784798311212210E+0
99.000000000000085E+0	537.484576762258690E-3	38.269088563451710E+0
100.000000000000090E+0	171.385140508348190E-3	6.627157717434967E+0
101.000000000000090E+0	4.661241576749504E+0	108.370761121867720E+0
102.000000000000090E+0	9.411072794790204E+0	152.411588433555690E+0
103.000000000000090E+0	4.240619185497899E+0	26.695084605225691E+0
104.000000000000090E+0	4.305384028085864E+0	55.700385224881316E+0
105.000000000000090E+0	1.812055160103811E+0	25.811029771011960E+0
106.000000000000090E+0	7.677627068849462E+0	65.428843146972923E+0
107.000000000000090E+0	17.800265061805817E+0	168.180964916257150E+0
108.000000000000090E+0	8.278059958696108E+0	92.659784863254885E+0
109.000000000000090E+0	1.243802028280615E+0	6.312818608915089E+0
110.000000000000090E+0	11.075115083369822E+0	80.715403033949798E+0
111.000000000000090E+0	17.518826770497320E+0	157.387100935932580E+0
112.000000000000090E+0	10.233853616443477E+0	91.546188046553482E+0
113.000000000000090E+0	10.148246402636175E+0	47.941090434196454E+0
114.000000000000090E+0	8.626739445508194E+0	23.573589877705203E+0
115.000000000000090E+0	7.378783902302724E+0	75.773551287934623E+0
116.000000000000090E+0	5.853082948846483E+0	104.546731761434600E+0
117.000000000000090E+0	11.995414266294635E+0	161.105872897976010E+0
118.000000000000090E+0	7.994214661108401E+0	91.579438653703462E+0
119.000000000000090E+0	1.740950312978838E+0	13.296410875216583E+0
120.000000000000090E+0	34.428915602554596E+0	300.806350072583540E+0
121.000000000000090E+0	33.188795751579811E+0	343.635835190017700E+0
122.000000000000090E+0	10.384751116169022E+0	62.639219433075631E+0
123.000000000000090E+0	20.746164785439980E+0	171.566527624754910E+0
124.000000000000090E+0	12.124033676381957E+0	113.236007248974150E+0
125.000000000000090E+0	40.831930915626614E+0	377.586851557556090E+0
126.000000000000090E+0	36.903949386089536E+0	415.325436879430530E+0
127.000000000000090E+0	22.733746844036737E+0	287.696477326604170E+0
128.000000000000090E+0	3.170515767039042E+0	52.802553201354861E+0
129.000000000000090E+0	20.772859023514474E+0	291.875165561535080E+0
130.000000000000090E+0	48.049950548793220E+0	478.700432394002920E+0
131.000000000000090E+0	41.746499607964786E+0	276.988478547063890E+0
132.000000000000090E+0	7.657858599026612E+0	63.355049216203113E+0
133.000000000000090E+0	11.371221556152278E+0	199.798963695845230E+0
134.000000000000090E+0	19.150876791760890E+0	226.128681843405670E+0
135.000000000000090E+0	29.781090774818370E+0	223.882698570732200E+0
136.000000000000090E+0	59.019619035317817E+0	318.705663688245010E+0
137.000000000000090E+0	27.853936185260217E+0	87.596454581850480E+0
138.000000000000090E+0	69.574690106258657E+0	105.908627157688700E+0
139.000000000000090E+0	156.480796863388320E+0	376.323550975144480E+0
140.000000000000090E+0	95.533997401478984E+0	185.479963243501540E+0
141.000000000000090E+0	50.394457709995933E+0	69.639539599867064E+0
142.000000000000090E+0	23.583906719832630E+0	53.490663377551797E+0
143.000000000000090E+0	33.319215090148631E+0	111.572876016775240E+0
144.000000000000090E+0	51.523723345294208E+0	136.180431179161590E+0
145.000000000000090E+0	48.317913531530664E+0	90.421951982164458E+0
146.000000000000090E+0	58.323463157370909E+0	93.311380434385370E+0
147.000000000000090E+0	55.304075092046922E+0	36.682236705102362E+0
148.000000000000090E+0	245.901884874038610E+0	161.967988761376660E+0
149.000000000000090E+0	279.143137603254900E+0	270.320051515856450E+0
150.000000000000090E+0	90.136693290215192E+0	93.971880089494760E+0
151.000000000000090E+0	49.236987174993793E+0	39.627629289852834E+0
152.000000000000090E+0	118.278041828871390E+0	151.658880535873240E+0
153.000000000000090E+0	60.586945097010243E+0	134.650125135102770E+0
154.000000000000090E+0	66.601532997492853E+0	101.067123673891470E+0
155.000000000000090E+0	38.815997697603869E+0	114.539765620289440E+0
156.000000000000090E+0	11.939843280755190E+0	28.363057877698814E+0
157.000000000000090E+0	87.861111189275746E+0	138.575818450528460E+0
158.000000000000090E+0	90.579511253698413E+0	190.790013847984430E+0
159.000000000000090E+0	41.803436323306229E+0	123.636050850750920E+0
160.000000000000090E+0	13.566049063477390E+0	46.214001307989342E+0
161.000000000000090E+0	11.949400228308935E+0	68.617117262118370E+0
162.000000000000090E+0	66.759658022593982E+0	230.474472109226610E+0
163.000000000000090E+0	29.370038289860531E+0	104.948151841804890E+0
164.000000000000090E+0	9.641610315651556E+0	61.171354528989795E+0
165.000000000000090E+0	16.711850610913199E+0	85.211890914457186E+0
166.000000000000090E+0	4.113257270810681E+0	42.059033463117572E+0
167.000000000000090E+0	71.101093507643171E+0	221.251598318456810E+0
168.000000000000090E+0	99.690402890398118E+0	214.932191535940150E+0
169.000000000000090E+0	46.017914096501087E+0	52.895052647608011E+0
170.000000000000090E+0	27.764931519533924E+0	56.787960641743879E+0
171.000000000000090E+0	90.427343785743531E+0	175.465319043133380E+0
172.000000000000090E+0	113.725419363142890E+0	177.576915849252200E+0
173.000000000000090E+0	66.583839703027309E+0	94.593158633466402E+0
174.000000000000090E+0	40.409800977896808E+0	58.818225962749821E+0
175.000000000000090E+0	38.944229324672435E+0	72.728242008336153E+0
176.000000000000090E+0	115.897083232356560E+0	200.922509467193550E+0
177.000000000000090E+0	119.874220809251070E+0	180.015439181096580E+0
178.000000000000090E+0	104.374684716229670E+0	197.822274233726920E+0
179.000000000000090E+0	39.309853997845103E+0	33.898555020679062E+0
180.000000000000090E+0	77.915006932718953E+0	191.686687826349810E+0
181.000000000000090E+0	164.740775157138780E+0	363.388270389736930E+0
182.000000000000090E+0	70.934519085506523E+0	124.732658244752290E+0
183.000000000000090E+0	65.913522612253445E+0	126.586048256580170E+0
184.000000000000090E+0	87.849505167162192E+0	117.718413350560500E+0
185.000000000000090E+0	141.496043214794180E+0	205.974788457279660E+0
186.000000000000090E+0	215.345675239456430E+0	353.211960030459350E+0
187.000000000000090E+0	170.130545476712570E+0	265.164273752567110E+0
188.000000000000090E+0	69.891509980091712E+0	84.037827233423712E+0
189.000000000000090E+0	92.194526516382780E+0	131.662041557255780E+0
190.000000000000090E+0	245.808447780454860E+0	379.636002890885720E+0
191.000000000000090E+0	322.333695515048990E+0	418.946650139458430E+0
192.000000000000090E+0	144.240709386806800E+0	136.001755184937420E+0
193.000000000000090E+0	122.656147280149070E+0	127.098570050752070E+0
194.000000000000090E+0	182.167882447655300E+0	247.122177825967580E+0
195.000000000000090E+0	148.910477509999000E+0	216.540178674051590E+0
196.000000000000090E+0	172.829514660060990E+0	256.941690150377270E+0
197.000000000000090E+0	139.427875028774680E+0	189.496756278531880E+0
198.000000000000090E+0	32.948966216904914E+0	32.084905089244351E+0
199.000000000000090E+0	253.636760063744900E+0	349.142759901372070E+0
200.000000000000090E+0	231.189883239218090E+0	336.602274139822040E+0
201.000000000000090E+0	59.825902856482784E+0	103.619228366905080E+0
202.000000000000090E+0	49.305254052824971E+0	102.875049727901530E+0
203.000000000000090E+0	55.289646491738189E+0	82.164357019319794E+0
204.000000000000090E+0	198.507552563314160E+0	265.480065481513010E+0
205.000000000000090E+0	150.961470028949630E+0	174.959928227691250E+0
206.000000000000090E+0	116.979269926295610E+0	161.667578890779230E+0
207.000000000000090E+0	43.339101429907188E+0	77.684481119148103E+0
208.000000000000090E+0	79.087118804522419E+0	78.818372847037636E+0
209.000000000000090E+0	207.554417055205870E+0	256.494158153563550E+0
210.000000000000080E+0	141.286477696937820E+0	199.695440783593080E+0
211.000000000000080E+0	39.875367792999455E+0	50.781378863306791E+0
212.000000000000080E+0	69.302007484324036E+0	136.429879848785670E+0
213.000000000000080E+0	50.324803621123216E+0	195.110314556730090E+0
214.000000000000080E+0	26.644822894434469E+0	132.621819020871580E+0
215.000000000000080E+0	26.773889428761311E+0	180.330675949446540E+0
216.000000000000080E+0	11.334925184333283E+0	100.573582368459770E+0
217.000000000000080E+0	15.925003227885323E+0	69.235140625377070E+0
218.000000000000080E+0	31.645793640342521E+0	235.677798561672630E+0
219.000000000000080E+0	14.792838613927362E+0	188.862958970986430E+0
220.000000000000080E+0	3.178856920663176E+0	104.809136800654190E+0
221.000000000000080E+0	1.570206058615519E+0	64.257597799903095E+0
222.000000000000080E+0	4.136978143009531E+0	144.860906528584110E+0
223.000000000000080E+0	4.887138076684613E+0	212.733998735842480E+0
224.000000000000080E+0	2.329955051146942E+0	90.897889027695072E+0
225.000000000000080E+0	2.356813476401080E+0	157.872215028703890E+0
226.000000000000080E+0	748.996788976497570E-3	72.697078800331624E+0
227.000000000000080E+0	1.338332517600940E+0	125.061815870676770E+0
228.000000000000080E+0	4.619573642075596E+0	255.761090134950710E+0
229.000000000000080E+0	3.433634669839611E+0	133.606933536520670E+0
230.000000000000080E+0	1.465333010998751E+0	51.464263961265104E+0
231.000000000000080E+0	4.161363350764510E+0	132.120798284910560E+0
232.000000000000080E+0	8.380438903363688E+0	171.093912370021480E+0
233.000000000000080E+0	11.065546539498333E+0	123.513377200920250E+0
234.000000000000080E+0	18.041477959219335E+0	158.692903077009730E+0
235.000000000000080E+0	10.351234142548847E+0	81.607759113616225E+0
236.000000000000080E+0	19.160801153071013E+0	119.719074044054240E+0
237.000000000000080E+0	29.154462332427123E+0	158.884731521696660E+0
238.000000000000080E+0	35.047076511458172E+0	214.477358383031570E+0
239.000000000000080E+0	17.051201862487719E+0	100.136264700606700E+0
240.000000000000080E+0	5.925354393585498E+0	64.166715362684187E+0
241.000000000000080E+0	21.190221975937611E+0	238.779867279263270E+0
242.000000000000080E+0	15.203990237453524E+0	158.697742467866730E+0
243.000000000000080E+0	7.079761346089406E+0	85.808366075777400E+0
244.000000000000080E+0	11.793539752958701E+0	176.977047196976830E+0
245.000000000000080E+0	4.286589295363844E+0	63.255931976866279E+0
246.000000000000080E+0	4.715365889190246E+0	170.343052221742570E+0
247.000000000000080E+0	7.776483145825516E+0	208.706985827356670E+0
248.000000000000080E+0	6.638414821031970E+0	119.455325307157150E+0
249.000000000000080E+0	6.320550128309069E+0	61.719483783532326E+0
250.000000000000080E+0	11.546596783511749E+0	144.670144172336880E+0
251.000000000000080E+0	15.607761607424360E+0	226.284513372548130E+0
252.000000000000080E+0	8.448296336610410E+0	109.342158936977060E+0
253.000000000000080E+0	7.678303312862978E+0	104.419977531112560E+0
254.000000000000080E+0	7.141599779923164E+0	120.786234393977140E+0
255.000000000000080E+0	2.106938825923383E+0	123.060641116362920E+0
256.000000000000110E+0	1.832157270129802E+0	146.073172696153140E+0
257.000000000000110E+0	8.407864514897250E+0	235.726095117223850E+0
258.000000000000110E+0	3.331892358276453E+0	73.767582581008526E+0
259.000000000000110E+0	7.554108604800271E+0	108.056795307932890E+0
260.000000000000110E+0	19.072256954284331E+0	292.364703760631530E+0
261.000000000000110E+0	8.610983915812284E+0	111.894091693113610E+0
262.000000000000110E+0	4.606142821288693E+0	113.651678320544600E+0
263.000000000000110E+0	6.841117568547430E+0	113.956330840852360E+0
264.000000000000110E+0	7.819983329649657E+0	124.916998441712650E+0
265.000000000000110E+0	8.560547012242086E+0	164.856647936872580E+0
266.000000000000110E+0	6.177551181529809E+0	165.345076344513300E+0
267.000000000000110E+0	4.278795586615281E+0	164.728384181800720E+0
268.000000000000110E+0	7.601193101007141E+0	58.065570176723824E+0
269.000000000000110E+0	10.330996837663777E+0	179.096502039886990E+0
270.000000000000110E+0	9.734623363785182E+0	313.585396113474020E+0
271.000000000000110E+0	1.823804049758200E+0	78.484598351164436E+0
272.000000000000110E+0	3.677640037097581E+0	120.983664233897610E+0
273.000000000000110E+0	7.456492957003729E+0	160.837237396222060E+0
274.000000000000110E+0	2.529184703946774E+0	143.442871497023020E+0
275.000000000000110E+0	2.244050813130329E+0	165.268509445067820E+0
276.000000000000110E+0	703.184747733683890E-3	217.560510984129000E+0
277.000000000000110E+0	4.011003878554824E+0	58.927511433899596E+0
278.000000000000110E+0	6.970884601399732E+0	175.862897296500190E+0
279.000000000000110E+0	5.528241414028163E+0	262.571377214820300E+0
280.000000000000110E+0	3.887413176170882E+0	168.067543123688040E+0
281.000000000000110E+0	4.147617060458015E+0	103.614149085169860E+0
282.000000000000110E+0	2.560378188120748E+0	110.434013816442980E+0
283.000000000000110E+0	9.010625185724869E+0	295.643506969782830E+0
284.000000000000110E+0	9.284921422995989E+0	129.951369747538250E+0
285.000000000000110E+0	3.609388970681815E+0	189.248692163236800E+0
286.000000000000110E+0	2.741117013704031E+0	212.220953239226760E+0
287.000000000000110E+0	2.103736030500119E+0	60.262983706873832E+0
288.000000000000110E+0	27.814983293617264E+0	349.403339112455630E+0
289.000000000000110E+0	32.755260179639137E+0	322.716971133659850E+0
290.000000000000110E+0	19.567796547947545E+0	104.925377064207310E+0
291.000000000000110E+0	30.211973404363000E+0	160.174766325910530E+0
292.000000000000110E+0	56.155485468207338E+0	260.707437947770020E+0
293.000000000000110E+0	43.267460318079252E+0	215.151944448595660E+0
294.000000000000110E+0	26.157321711003096E+0	181.275421483358460E+0
295.000000000000110E+0	22.503026668588021E+0	181.381545079327590E+0
296.000000000000110E+0	24.011886614337509E+0	129.168091903411210E+0
297.000000000000110E+0	40.153486689010101E+0	151.951326980354540E+0
298.000000000000110E+0	59.949265224795567E+0	273.775715721301650E+0
299.000000000000110E+0	42.248282358109797E+0	201.892710379469040E+0
300.000000000000110E+0	12.299198865397997E+0	66.435118610425505E+0
301.000000000000110E+0	22.471954230376266E+0	184.960186369297330E+0
302.000000000000110E+0	29.543067415474617E+0	343.014192741646350E+0
303.000000000000110E+0	4.684789615387663E+0	86.003928005036329E+0
304.000000000000110E+0	21.007938132903160E+0	214.239085351122810E+0
305.000000000000110E+0	9.340335474346121E+0	127.635916213094990E+0
306.000000000000110E+0	16.717929052588570E+0	115.388036651495600E+0
307.000000000000110E+0	27.849794415278602E+0	256.106379916218200E+0
308.000000000000110E+0	18.103704303521130E+0	189.721763419186490E+0
309.000000000000110E+0	7.149451351363008E+0	99.998951532437459E+0
310.000000000000110E+0	2.997467790341982E+0	98.301519035743979E+0
311.000000000000110E+0	8.639910395187588E+0	246.435215074943300E+0
312.000000000000110E+0	6.166276620999962E+0	225.675002450436920E+0
313.000000000000110E+0	2.407662351151143E+0	90.541875961694146E+0
314.000000000000110E+0	2.869160452100417E+0	147.488462375388960E+0
315.000000000000110E+0	2.005217521879305E+0	148.223582494034900E+0
316.000000000000110E+0	2.495597496447554E+0	134.241818809650060E+0
317.000000000000110E+0	3.518503924225932E+0	258.418303644004420E+0
318.000000000000110E+0	2.702618536703884E+0	166.462407082031230E+0
319.000000000000110E+0	794.261444251374680E-3	46.476318229359023E+0
320.000000000000110E+0	2.591299807570345E+0	256.094767054600770E+0
321.000000000000110E+0	5.001427349605582E+0	273.189035761561000E+0
322.000000000000110E+0	3.031412113675148E+0	104.427726879045020E+0
323.000000000000110E+0	6.442426046877645E+0	142.324351955175930E+0
324.000000000000110E+0	7.946783737637181E+0	110.154172876074110E+0
325.000000000000110E+0	8.113562551240598E+0	206.745495243359390E+0
326.000000000000110E+0	7.881807095445462E+0	193.269166180346160E+0
327.000000000000110E+0	6.833555163466291E+0	170.309416487120640E+0
328.000000000000110E+0	5.357298213767907E+0	122.169598296457680E+0
329.000000000000110E+0	5.203011762518623E+0	92.816028266307370E+0
330.000000000000110E+0	23.663337159662895E+0	391.627456725918700E+0
331.000000000000110E+0	14.544322851814405E+0	205.629243756494670E+0
332.000000000000110E+0	7.780746721123677E+0	93.166114894007052E+0
333.000000000000110E+0	12.292473160954513E+0	166.954574383180300E+0
334.000000000000110E+0	19.195014091755933E+0	237.964456317486390E+0
335.000000000000110E+0	16.065770752596130E+0	187.373197980824330E+0
336.000000000000110E+0	32.673186192486881E+0	303.581797732752480E+0
337.000000000000110E+0	21.632420108736618E+0	156.925254996082510E+0
338.000000000000110E+0	12.061256744349546E+0	125.731739092746420E+0
339.000000000000110E+0	38.778971395389696E+0	402.071629625064530E+0
340.000000000000110E+0	38.507953646741029E+0	364.406665598868410E+0
341.000000000000110E+0	20.939956132022186E+0	224.764328416396810E+0
342.000000000000110E+0	12.681572680312669E+0	145.987429514524220E+0
343.000000000000110E+0	29.600870656374845E+0	262.767716236512110E+0
344.000000000000110E+0	21.443819391535193E+0	344.745211207019910E+0
345.000000000000110E+0	4.433461743102287E+0	154.541498618525080E+0
346.000000000000110E+0	2.951082428313065E+0	215.189397976516910E+0
347.000000000000110E+0	1.726892217283274E+0	100.475064732526160E+0
348.000000000000110E+0	3.736683390237138E+0	183.948155906588710E+0
349.000000000000110E+0	3.040901363879548E+0	393.117950074534920E+0
350.000000000000110E+0	2.617814960060318E+0	158.369115576558930E+0
351.000000000000110E+0	2.640611646598013E+0	90.289984706800112E+0
352.000000000000110E+0	773.547134688575940E-3	163.650044363125230E+0
353.000000000000110E+0	73.132329163758558E-3	222.344942424396090E+0
354.000000000000110E+0	800.244540925564070E-3	210.291262707512320E+0
355.000000000000110E+0	828.033634029159190E-3	156.854998856063220E+0
356.000000000000110E+0	1.592183803610736E+0	113.671965236257960E+0
357.000000000000110E+0	5.148702334058553E+0	155.685341939243560E+0
358.000000000000110E+0	5.309292768783473E+0	243.984258014810900E+0
359.000000000000110E+0	2.093162313133240E+0	241.714112019487540E+0
360.000000000000110E+0	463.891007642268260E-3	151.818493936815630E+0
361.000000000000110E+0	935.094583672059110E-3	69.522517543796567E+0
362.000000000000110E+0	7.903081030999658E+0	350.513178980997450E+0
363.000000000000110E+0	12.305557439761820E+0	206.466442603622990E+0
364.000000000000110E+0	18.817848595756562E+0	155.219976381189610E+0
365.000000000000110E+0	26.859689138819114E+0	169.883752046299090E+0
366.000000000000110E+0	21.174788925878868E+0	103.736516377959520E+0
367.000000000000110E+0	11.653453447092714E+0	225.287306010170970E+0
368.000000000000110E+0	7.444319466830500E+0	310.211244268908440E+0
369.000000000000110E+0	243.641690202816810E-3	126.051590450113370E+0
370.000000000000110E+0	12.038225486415696E+0	115.883535300739520E+0
371.000000000000110E+0	88.798403279995824E+0	179.415601212555120E+0
372.000000000000110E+0	192.121977264687760E+0	332.935029984502990E+0
373.000000000000110E+0	155.056487840302540E+0	210.026425942375000E+0
374.000000000000110E+0	94.471473432605961E+0	114.264903639027810E+0
375.000000000000110E+0	92.354514539363976E+0	164.705441761822440E+0
376.000000000000110E+0	38.662931978068336E+0	194.611341170382670E+0
377.000000000000110E+0	23.927923907148894E+0	241.241364952449570E+0
378.000000000000110E+0	59.749711742210501E+0	284.961179757775540E+0
379.000000000000110E+0	36.360458505558000E+0	107.963745391343560E+0
380.000000000000110E+0	122.551624543215440E+0	169.665212198896030E+0
381.000000000000110E+0	276.654277939555300E+0	416.514888979454100E+0
382.000000000000110E+0	189.997200334857610E+0	190.945668040952650E+0
383.000000000000110E+0	157.927534898332060E+0	171.611847315192390E+0
384.000000000000110E+0	88.258777073798228E+0	130.568856749064420E+0
385.000000000000110E+0	62.859629250784700E+0	202.250123189694420E+0
386.000000000000110E+0	168.327623712753760E+0	317.596403457600960E+0
387.000000000000110E+0	146.355319662244030E+0	187.136935527442630E+0
388.000000000000110E+0	138.422045282320400E+0	180.833460467532660E+0
389.000000000000110E+0	93.215049415197768E+0	82.359052884379636E+0
390.000000000000110E+0	135.723532823845350E+0	260.584253533272600E+0
391.000000000000110E+0	139.605179891403250E+0	357.072911890317190E+0
392.000000000000110E+0	43.915542045246340E+0	147.799832241463180E+0
393.000000000000110E+0	33.488028057715901E+0	95.760429554633234E+0
394.000000000000110E+0	103.931764943124180E+0	219.182082768099230E+0
395.000000000000110E+0	104.878750875698610E+0	180.435553414125560E+0
396.000000000000110E+0	179.769200566542850E+0	290.142560023670060E+0
397.000000000000110E+0	137.867172110258340E+0	181.054884605706210E+0
398.000000000000110E+0	76.460242460643784E+0	70.832148793699972E+0
399.000000000000110E+0	91.829455621665403E+0	212.604926397573850E+0
400.000000000000110E+0	128.748031915597780E+0	322.459150616443930E+0
401.000000000000110E+0	91.326935769880691E+0	206.546290707242410E+0
402.000000000000110E+0	67.123920943933015E+0	136.952545717276450E+0
403.000000000000110E+0	72.347259489208014E+0	93.461015323163252E+0
404.000000000000110E+0	326.251185567670920E+0	335.864008965335930E+0
405.000000000000110E+0	207.102493669032530E+0	181.467590096580840E+0
406.000000000000110E+0	191.684082296280560E+0	191.179984385049780E+0
407.000000000000110E+0	160.210185234801140E+0	169.327506195186460E+0
408.000000000000110E+0	44.852772698195494E+0	80.463999051265176E+0
409.000000000000110E+0	198.214274989850820E+0	372.776388776952730E+0
410.000000000000110E+0	170.597521534275240E+0	295.930179815343820E+0
411.000000000000110E+0	70.110660351708333E+0	104.265400117737570E+0
412.000000000000110E+0	107.774967724483870E+0	118.502374212122890E+0
413.000000000000110E+0	222.332675286398310E+0	231.220602946300860E+0
414.000000000000110E+0	249.321826471526440E+0	258.052496435755930E+0
415.000000000000110E+0	197.424249677360930E+0	230.597942885197200E+0
416.000000000000110E+0	98.028837159106118E+0	120.689045144006310E+0
417.000000000000110E+0	83.181335566027769E+0	119.759329356235550E+0
418.000000000000110E+0	209.230577580417220E+0	249.207372584471470E+0
419.000000000000110E+0	314.624616034445130E+0	286.250704602919430E+0
420.000000000000110E+0	319.080806817725890E+0	264.487193373253550E+0
421.000000000000110E+0	85.659151527137240E+0	51.100373806364416E+0
422.000000000000110E+0	275.624176389135020E+0	223.859821439741150E+0
423.000000000000110E+0	474.231172356682120E+0	378.193271896412970E+0
424.000000000000110E+0	219.561280540093380E+0	180.581936548147640E+0
425.000000000000110E+0	237.457281660291580E+0	218.705350472087330E+0
426.000000000000110E+0	152.094185811131720E+0	131.491080665676630E+0
427.000000000000110E+0	259.663514531680560E+0	155.130637584250590E+0
428.000000000000110E+0	618.930415299956730E+0	433.624863901453580E+0
429.000000000000110E+0	303.253155507147650E+0	203.073248451749780E+0
430.000000000000110E+0	268.148305914116860E+0	148.884889659260640E+0
431.000000000000110E+0	181.486601234830740E+0	110.655150517090870E+0
432.000000000000110E+0	378.290720673629380E+0	339.137105723966840E+0
433.000000000000110E+0	274.724317961072640E+0	306.744783775983250E+0
434.000000000000110E+0	130.695075330732150E+0	147.028593359554750E+0
435.000000000000110E+0	97.285134291173605E+0	123.927922144039400E+0
436.000000000000110E+0	158.006009735067810E+0	191.566392050890100E+0
437.000000000000110E+0	132.330678836418830E+0	240.774438071815150E+0
438.000000000000110E+0	102.255175287729570E+0	355.343167727305110E+0
439.000000000000110E+0	47.938181731276700E+0	211.591802618546520E+0
440.000000000000110E+0	9.380405850255038E+0	51.511689785661566E+0
441.000000000000110E+0	60.068561989289400E+0	397.884973682119720E+0
442.000000000000110E+0	86.227539150695463E+0	363.155606562201800E+0
443.000000000000110E+0	60.293708700750209E+0	214.238502718057050E+0
444.000000000000110E+0	66.118252975705076E+0	215.019848318746340E+0
445.000000000000110E+0	54.280381401249215E+0	116.303798820541370E+0
446.000000000000110E+0	211.632054897469060E+0	328.839371593553890E+0
447.000000000000110E+0	242.590773172527320E+0	318.701966048274580E+0
448.000000000000110E+0	170.781167190317940E+0	214.874945235043300E+0
449.000000000000110E+0	97.547338400426469E+0	129.811898532455500E+0
450.000000000000110E+0	95.574397857072611E+0	121.035620943028190E+0
451.000000000000110E+0	327.566227819417180E+0	453.691205530130100E+0
452.000000000000110E+0	182.745055930995330E+0	259.098448126409100E+0
453.000000000000110E+0	66.918685506898953E+0	94.811999124901447E+0
454.000000000000110E+0	95.666758676721002E+0	155.846663968723160E+0
455.000000000000110E+0	125.851884138189800E+0	202.864228107874510E+0
456.000000000000110E+0	173.409793650594620E+0	271.785932823579060E+0
457.000000000000110E+0	166.864666650791320E+0	259.388638017881650E+0
458.000000000000110E+0	85.809126419445889E+0	141.522291692571770E+0
459.000000000000110E+0	63.642813207545750E+0	86.246904313548029E+0
460.000000000000110E+0	261.564904268768430E+0	400.921753548943630E+0
461.000000000000110E+0	186.138065462989200E+0	251.243959942986120E+0
462.000000000000110E+0	143.594120184311010E+0	198.342889962798520E+0
463.000000000000110E+0	64.911464485455667E+0	94.769615378993748E+0
464.000000000000110E+0	166.467731438139200E+0	227.039203774471700E+0
465.000000000000110E+0	296.354212892923210E+0	329.561600071492700E+0
466.000000000000110E+0	231.993738689122840E+0	208.772537461434100E+0
467.000000000000110E+0	225.352968443864400E+0	241.622150061690720E+0
468.000000000000110E+0	106.033911032912210E+0	104.407087988582630E+0
469.000000000000110E+0	231.653009875364350E+0	266.630299159549110E+0
470.000000000000110E+0	463.218343202561580E+0	561.168592585283700E+0
471.000000000000110E+0	205.734849825643860E+0	235.290979930787730E+0
472.000000000000110E+0	118.333788625583110E+0	115.202502845292230E+0
473.000000000000110E+0	141.428390661000720E+0	205.657146580724140E+0
474.000000000000110E+0	180.758984194637520E+0	311.744029304069840E+0
475.000000000000110E+0	182.823857358559450E+0	342.187446252641340E+0
476.000000000000110E+0	108.293456919576510E+0	237.135469993016020E+0
477.000000000000110E+0	59.936762378171593E+0	143.507266730139150E+0
478.000000000000110E+0	67.924039296450886E+0	147.467238393368230E+0
479.000000000000110E+0	130.586137303694930E+0	371.775832593367740E+0
480.000000000000110E+0	104.356622954881710E+0	261.717880494407720E+0
481.000000000000110E+0	59.470073050385835E+0	139.025734929372420E+0
482.000000000000110E+0	38.674972256755247E+0	81.472805166893607E+0
483.000000000000110E+0	126.732670022063160E+0	355.099083302440250E+0
484.000000000000110E+0	87.655318359192051E+0	283.952705748297030E+0
485.000000000000110E+0	52.743420085259103E+0	164.087658075843190E+0
486.000000000000110E+0	48.324004736154208E+0	186.426171520878310E+0
487.000000000000110E+0	17.526337162477752E+0	60.317074527254043E+0
488.000000000000110E+0	83.926476580274524E+0	326.631454059122800E+0
489.000000000000110E+0	71.347196850501675E+0	328.929889649216020E+0
490.000000000000110E+0	30.190157901362664E+0	156.418157033866380E+0
491.000000000000110E+0	17.421700997341020E+0	85.104277686712763E+0
492.000000000000110E+0	36.804817670430836E+0	214.501300982375450E+0
493.000000000000110E+0	50.807262799170715E+0	303.802035384237970E+0
494.000000000000110E+0	36.638969434275481E+0	218.090220889208300E+0
495.000000000000110E+0	17.622441482611961E+0	122.018888435708660E+0
496.000000000000110E+0	19.021208365633605E+0	138.338376966327160E+0
497.000000000000110E+0	20.600403340198429E+0	180.000232953245530E+0
498.000000000000110E+0	43.580057859809543E+0	348.202562138953680E+0
499.000000000000110E+0	34.014814090450201E+0	259.706898135993530E+0
500.000000000000110E+0	11.175469669008104E+0	84.361177700201011E+0
501.000000000000110E+0	9.992040509436618E+0	132.976622985602970E+0
502.000000000000110E+0	37.256093909188465E+0	401.985685135452170E+0
503.000000000000110E+0	21.658013355875745E+0	219.611797594456280E+0
504.000000000000110E+0	14.049135406233589E+0	150.952796428094670E+0
505.000000000000110E+0	16.574304674929106E+0	160.447950999728480E+0
506.000000000000110E+0	12.690340884394631E+0	135.345672366195150E+0
507.000000000000110E+0	26.974702457716205E+0	381.484383220514360E+0
508.000000000000110E+0	15.732121330296085E+0	214.300636099733820E+0
509.000000000000110E+0	8.802041266113463E+0	164.538578647462490E+0
510.000000000000110E+0	2.541395998096806E+0	61.352032440012280E+0
511.000000000000110E+0	17.474753295603133E+0	321.118534154043400E+0
512.000000000000110E+0	18.418395619570500E+0	399.970368104798010E+0
513.000000000000110E+0	7.492237144528245E+0	148.742689605726810E+0
514.000000000000110E+0	7.970848266937617E+0	130.264239757014110E+0
515.000000000000110E+0	5.812521705313840E+0	167.155713441426370E+0
516.000000000000110E+0	4.568044640859431E+0	206.494299789711480E+0
517.000000000000110E+0	12.900088056873324E+0	328.210067359768000E+0
518.000000000000110E+0	13.343537986375788E+0	238.455032040071560E+0
519.000000000000110E+0	6.467251019863217E+0	52.380723011628312E+0
520.000000000000110E+0	17.084236251924914E+0	270.805213915818400E+0
521.000000000000110E+0	41.061204418474901E+0	386.294327359780710E+0
522.000000000000110E+0	51.833169337939218E+0	243.598077598582450E+0
523.000000000000110E+0	37.236731993247375E+0	111.832437431893170E+0
524.000000000000110E+0	42.415840888272385E+0	121.271281101832760E+0
525.000000000000110E+0	73.087019352379599E+0	268.286757121638290E+0
526.000000000000110E+0	93.967920418759718E+0	302.537437939158340E+0
527.000000000000110E+0	82.970447708202897E+0	212.583811945176790E+0
528.000000000000110E+0	64.726494315356234E+0	176.584370497832590E+0
529.000000000000110E+0	37.902863423705881E+0	82.079473807067458E+0
530.000000000000110E+0	160.029742364186120E+0	457.649691020305790E+0
531.000000000000110E+0	120.678933321671450E+0	339.331990891560340E+0
532.000000000000110E+0	29.449361818677072E+0	85.741315034428936E+0
533.000000000000110E+0	34.268515000557883E+0	138.692152948979360E+0
534.000000000000110E+0	49.505501645114570E+0	191.252244831216730E+0
535.000000000000110E+0	69.088763717237299E+0	310.543121001118040E+0
536.000000000000110E+0	61.014420654463763E+0	268.142117597590750E+0
537.000000000000110E+0	37.588113810405744E+0	161.540409777193990E+0
538.000000000000110E+0	16.075635682169839E+0	72.119549444176542E+0
539.000000000000110E+0	56.524491572415755E+0	321.590703603366710E+0
540.000000000000110E+0	52.612038905384836E+0	328.835568125822130E+0
541.000000000000110E+0	44.964689880363061E+0	225.474836768344000E+0
542.000000000000110E+0	13.155416159858030E+0	56.732149250268620E+0
543.000000000000110E+0	26.323073713064741E+0	243.612276989572760E+0
544.000000000000110E+0	48.226425727784928E+0	358.026826222282010E+0
545.000000000000110E+0	32.074472320616806E+0	204.544360661393140E+0
546.000000000000110E+0	28.332078755036768E+0	228.040275935394760E+0
547.000000000000110E+0	19.330206099649779E+0	104.846499664767440E+0
548.000000000000110E+0	26.894323443210293E+0	148.100731847651670E+0
549.000000000000110E+0	84.463471274852665E+0	502.714665134758770E+0
550.000000000000110E+0	45.045259690665624E+0	254.402791082533380E+0
551.000000000000110E+0	10.819053629879514E+0	92.763462006207305E+0
552.000000000000110E+0	20.541776541769941E+0	153.827896581555080E+0
553.000000000000110E+0	50.853685745480746E+0	297.571484713707550E+0
554.000000000000110E+0	64.042733866126497E+0	379.884043237983580E+0
555.000000000000110E+0	25.160139041015039E+0	145.428883319423080E+0
556.000000000000110E+0	30.314328275978983E+0	159.556333410330690E+0
557.000000000000110E+0	21.414560288718675E+0	119.468092014275980E+0
558.000000000000110E+0	56.465741955029649E+0	317.638345787540740E+0
559.000000000000110E+0	70.906317036293146E+0	396.068587631820320E+0
560.000000000000110E+0	34.740917708549595E+0	177.496698525611010E+0
561.000000000000110E+0	13.143133370183230E+0	54.550298469550249E+0
562.000000000000110E+0	78.994486929984092E+0	404.719999266859360E+0
563.000000000000110E+0	69.341635160555910E+0	350.879764399380460E+0
564.000000000000110E+0	43.335017275237725E+0	184.039661561051330E+0
565.000000000000110E+0	53.331667577038857E+0	194.599626923085620E+0
566.000000000000110E+0	24.355929254159097E+0	84.364194031204732E+0
567.000000000000110E+0	77.652746533617176E+0	323.907300283288350E+0
568.000000000000110E+0	83.164527465741429E+0	358.978648668536890E+0
569.000000000000110E+0	61.045339516912577E+0	251.211529662647900E+0
570.000000000000110E+0	27.177334180280930E+0	89.154253780935761E+0
571.000000000000110E+0	60.546583561370184E+0	201.448798260106030E+0
572.000000000000110E+0	138.684481713302660E+0	470.167463524745470E+0
573.000000000000110E+0	88.097289609207053E+0	311.904198272743940E+0
574.000000000000110E+0	29.889059962092308E+0	99.787817465783149E+0
575.000000000000110E+0	78.803927667321346E+0	190.249889014643660E+0
576.000000000000110E+0	76.743672036409151E+0	156.529347516493060E+0
577.000000000000110E+0	154.134993149857340E+0	390.441986185580730E+0
578.000000000000110E+0	143.653513799966160E+0	371.020397164026180E+0
579.000000000000110E+0	45.891089098579002E+0	118.803074863022540E+0
580.000000000000110E+0	72.288001916266552E+0	123.131402147160930E+0
581.000000000000110E+0	282.947104896486620E+0	486.206557821411310E+0
582.000000000000110E+0	234.328138540200510E+0	355.002996242812230E+0
583.000000000000110E+0	130.208001158584380E+0	177.057560264681400E+0
584.000000000000110E+0	95.429407146295915E+0	134.606618462406400E+0
585.000000000000110E+0	160.102082677077160E+0	197.156334580680270E+0
586.000000000000110E+0	340.510162752604970E+0	391.837546027658900E+0
587.000000000000110E+0	237.180508267155290E+0	297.827172333146960E+0
588.000000000000110E+0	183.780136813354860E+0	279.821520238206060E+0
589.000000000000110E+0	31.699224328891525E+0	58.796388574316133E+0
590.000000000000110E+0	364.287295653650290E+0	363.729084252564350E+0
591.000000000000110E+0	510.427199862608520E+0	554.981795587605800E+0
592.000000000000110E+0	181.211754431978930E+0	204.139355876905740E+0
593.000000000000110E+0	59.342407748423795E+0	116.991685095363520E+0
594.000000000000110E+0	62.648802753776934E+0	182.685922159490590E+0
595.000000000000110E+0	107.203061465953990E+0	249.673789604666750E+0
596.000000000000110E+0	140.077755092286250E+0	337.076029067940170E+0
597.000000000000110E+0	91.708548941232792E+0	261.090351836930550E+0
598.000000000000110E+0	16.007222799777235E+0	88.253676866370171E+0
599.000000000000110E+0	72.536447394116038E+0	190.844339937908560E+0
600.000000000000110E+0	161.863340471000500E+0	409.894477989722700E+0
601.000000000000110E+0	150.279558219470970E+0	387.052755596912330E+0
602.000000000000110E+0	41.271658624944806E+0	95.773547999870544E+0
603.000000000000110E+0	11.356275192718945E+0	128.674819928448160E+0
604.000000000000110E+0	28.752890908945364E+0	291.837238896906570E+0
605.000000000000110E+0	22.878806546014644E+0	287.895964861241570E+0
606.000000000000110E+0	17.289802300605544E+0	218.618463696300010E+0
607.000000000000110E+0	9.308076734610074E+0	212.816697998782670E+0
608.000000000000110E+0	3.158793535297121E+0	53.858391470254880E+0
609.000000000000110E+0	11.647912153774294E+0	495.063759231759210E+0
610.000000000000110E+0	5.891408091356245E+0	440.604701320872380E+0
611.000000000000110E+0	1.459646528794675E+0	164.193311935699910E+0
612.000000000000110E+0	951.707471998260220E-3	90.918111159161910E+0
613.000000000000110E+0	3.844471801024685E+0	222.954649064525540E+0
614.000000000000110E+0	6.401028157336471E+0	358.298755624485240E+0
615.000000000000110E+0	3.711808602916685E+0	244.002185484767720E+0
616.000000000000110E+0	2.652371812770978E+0	182.310748586927100E+0
617.000000000000110E+0	3.922882057918884E+0	106.379162682558400E+0
618.000000000000110E+0	11.123441712475183E+0	213.508411756441400E+0
619.000000000000110E+0	22.961377084437419E+0	450.109819937384030E+0
620.000000000000110E+0	21.451941773916275E+0	363.481335977453450E+0
621.000000000000110E+0	3.291321160507782E+0	57.950421126772461E+0
622.000000000000110E+0	19.429414666611656E+0	224.045876231974200E+0
623.000000000000110E+0	42.803918855486870E+0	412.518081938518950E+0
624.000000000000110E+0	32.775707283751544E+0	243.939741771114090E+0
625.000000000000110E+0	34.885929363719782E+0	214.986482692490030E+0
626.000000000000110E+0	21.727512442287370E+0	135.844990294722950E+0
627.000000000000110E+0	26.667735424939860E+0	136.823035923299130E+0
628.000000000000110E+0	110.867580956948220E+0	461.552452950559480E+0
629.000000000000110E+0	105.614642066665820E+0	363.997933396451860E+0
630.000000000000110E+0	51.849585587887432E+0	164.480379401938420E+0
631.000000000000110E+0	30.074198995740751E+0	95.414967303684335E+0
632.000000000000110E+0	156.300819715641300E+0	370.570967417481140E+0
633.000000000000110E+0	244.159058523506870E+0	507.876567420968340E+0
634.000000000000110E+0	88.001637711444928E+0	147.566507910199960E+0
635.000000000000110E+0	131.832730237113310E+0	192.136850242912150E+0
636.000000000000110E+0	79.831757856458296E+0	110.432660381005310E+0
637.000000000000110E+0	315.088828232112750E+0	307.740882516397160E+0
638.000000000000110E+0	548.244339491893360E+0	444.776068995699630E+0
639.000000000000110E+0	436.548724067152480E+0	297.504838399418530E+0
640.000000000000110E+0	73.063490464254272E+0	39.522955702794100E+0
641.000000000000110E+0	630.063953233598230E+0	357.900702372818270E+0
642.000000000000110E+0	954.713898818785310E+0	443.534175588924260E+0
643.000000000000110E+0	728.762219562008680E+0	281.223397872609720E+0
644.000000000000110E+0	494.027548721565950E+0	168.488072110329940E+0
645.000000000000110E+0	364.436466679921980E+0	119.232676325039580E+0
646.000000000000110E+0	909.216766212723770E+0	275.141091469596460E+0
647.000000000000110E+0	1.277917651185786E+3	321.149080491839020E+0
648.000000000000110E+0	1.182469143402511E+3	293.401765820032320E+0
649.000000000000110E+0	454.714671394673930E+0	117.375689193267770E+0
650.000000000000110E+0	193.998605130626940E+0	69.568645745729157E+0
651.000000000000110E+0	1.551338664687436E+3	504.152605097281480E+0
652.000000000000110E+0	1.203308415944121E+3	396.966460448037420E+0
653.000000000000110E+0	304.116839242092910E+0	89.840362711938866E+0
654.000000000000110E+0	496.157469995222870E+0	175.616412647130630E+0
655.000000000000110E+0	455.250763992882810E+0	162.880309224507950E+0
656.000000000000110E+0	835.237847827587530E+0	320.744186805231490E+0
657.000000000000110E+0	806.819980307630770E+0	337.221767126895600E+0
658.000000000000110E+0	362.438270272637620E+0	138.750775424611080E+0
659.000000000000110E+0	100.553833825947250E+0	52.647020804265438E+0
660.000000000000110E+0	698.793854761787660E+0	322.204789347186140E+0
661.000000000000110E+0	973.716370793838680E+0	408.487805078903310E+0
662.000000000000110E+0	556.840157395177360E+0	215.723120105795090E+0
663.000000000000110E+0	278.725611648164830E+0	80.117613083439352E+0
664.000000000000110E+0	437.257065088813130E+0	170.351029960707110E+0
665.000000000000110E+0	984.794074102857850E+0	386.506203123210070E+0
666.000000000000110E+0	510.491913488214320E+0	206.257609599078530E+0
667.000000000000110E+0	789.740858754857530E+0	329.287256978786790E+0
668.000000000000110E+0	173.270507750237750E+0	72.875903469599933E+0
669.000000000000110E+0	343.893326781317680E+0	205.691745937735130E+0
670.000000000000110E+0	671.396533788925130E+0	500.240043044990670E+0
671.000000000000110E+0	261.874181600504810E+0	239.291683047776270E+0
672.000000000000110E+0	71.130041925276728E+0	71.248361212038503E+0
673.000000000000110E+0	83.907159999310039E+0	133.759238792256350E+0
674.000000000000110E+0	101.546064329540540E+0	210.929744816772710E+0
675.000000000000110E+0	122.667160736530180E+0	349.101445499006440E+0
676.000000000000110E+0	56.801888777901105E+0	192.707347414347570E+0
677.000000000000110E+0	36.293754705513351E+0	137.222524198977400E+0
678.000000000000110E+0	17.844917219622310E+0	88.135149632954054E+0
679.000000000000110E+0	56.955934097472742E+0	338.309580351571580E+0
680.000000000000110E+0	72.198970927603483E+0	450.855918994094450E+0
681.000000000000110E+0	23.351984678671158E+0	147.796556531586500E+0
682.000000000000110E+0	9.230601643240291E+0	61.441043007001483E+0
683.000000000000110E+0	44.185179186606511E+0	302.171905511513050E+0
684.000000000000110E+0	45.135017040760367E+0	294.564249293182110E+0
685.000000000000110E+0	28.089262824611172E+0	172.153037044746700E+0
686.000000000000110E+0	25.324333001055777E+0	206.910460953878100E+0
687.000000000000110E+0	3.290982855164302E+0	35.190592338050507E+0
688.000000000000110E+0	27.223497827909036E+0	291.853934541608620E+0
689.000000000000110E+0	41.262261653476273E+0	421.964472035608760E+0
690.000000000000110E+0	21.580201500877134E+0	214.515992498930700E+0
691.000000000000110E+0	11.416197502267742E+0	84.693677079056016E+0
692.000000000000110E+0	22.336286246659064E+0	142.857412717915510E+0
693.000000000000110E+0	63.509668906083888E+0	461.485798116283890E+0
694.000000000000110E+0	32.788451047139766E+0	235.437375932560000E+0
695.000000000000110E+0	23.278929960410590E+0	149.708777273202490E+0
696.000000000000110E+0	12.336091318955333E+0	134.342808368520560E+0
697.000000000000110E+0	12.291252958096610E+0	121.556103512047830E+0
698.000000000000110E+0	67.852998462500778E+0	339.538935775442150E+0
699.000000000000110E+0	85.817040828064407E+0	403.324594820697140E+0
700.000000000000110E+0	14.565937202954572E+0	72.858890601965328E+0
701.000000000000110E+0	30.008808975860092E+0	102.420686197727180E+0
702.000000000000110E+0	99.276450465185874E+0	329.314011442726150E+0
703.000000000000110E+0	112.302949292399110E+0	317.943129113026490E+0
704.000000000000110E+0	49.439084021172682E+0	171.864211716438210E+0
705.000000000000110E+0	15.555275461980125E+0	130.470253723289970E+0
706.000000000000110E+0	19.670049711019878E+0	106.767511458729670E+0
707.000000000000110E+0	89.596218354729160E+0	343.864708804973700E+0
708.000000000000110E+0	79.444431547009870E+0	282.404946910275670E+0
709.000000000000110E+0	58.334161183334118E+0	221.958207652144350E+0
710.000000000000110E+0	17.740062833793942E+0	32.471551831965542E+0
711.000000000000110E+0	69.581860909520941E+0	288.578751781101230E+0
712.000000000000110E+0	99.656159477724401E+0	509.377148970095450E+0
713.000000000000110E+0	24.172491753550382E+0	140.503281146807980E+0
714.000000000000110E+0	8.633423744098739E+0	114.719007748478730E+0
715.000000000000110E+0	8.755226355908906E+0	100.658860923919160E+0
716.000000000000110E+0	25.501805609845068E+0	170.878790271565180E+0
717.000000000000110E+0	52.222456778048880E+0	363.676563719896760E+0
718.000000000000110E+0	44.821677323387874E+0	260.735779575242420E+0
719.000000000000110E+0	21.066560344082220E+0	72.808228550392556E+0
720.000000000000110E+0	25.367809778780636E+0	151.880442328546930E+0
721.000000000000110E+0	67.227896442834691E+0	400.226564283835610E+0
722.000000000000110E+0	42.571080987858437E+0	337.838878302697080E+0
723.000000000000110E+0	9.372424255340636E+0	107.767785507482200E+0
724.000000000000110E+0	13.676529455744035E+0	97.751031024619380E+0
725.000000000000110E+0	34.827062802551090E+0	263.695568832502430E+0
726.000000000000110E+0	19.821111947559359E+0	223.482581830739800E+0
727.000000000000110E+0	18.950310806550480E+0	290.620456875125800E+0
728.000000000000110E+0	10.232712407628465E+0	146.094120957397880E+0
729.000000000000110E+0	1.986083855187048E+0	27.052577726032858E+0
730.000000000000110E+0	20.103642521948206E+0	378.624232730955500E+0
731.000000000000110E+0	25.125031363077902E+0	438.561790495525940E+0
732.000000000000110E+0	5.372906396623399E+0	102.138259265157470E+0
733.000000000000110E+0	12.123340495466781E+0	111.658490371356630E+0
734.000000000000110E+0	15.371922128150738E+0	108.424494287802760E+0
735.000000000000110E+0	31.387263537478255E+0	349.362209013208310E+0
736.000000000000110E+0	23.881991695538041E+0	260.034836514287920E+0
737.000000000000110E+0	16.573430692051016E+0	192.272124867369310E+0
738.000000000000110E+0	4.330828402064979E+0	71.038551834820083E+0
739.000000000000110E+0	3.732788220795544E+0	192.605293301845170E+0
740.000000000000110E+0	13.690114894152691E+0	476.075850008646400E+0
741.000000000000110E+0	9.082105944311071E+0	295.443638187768440E+0
742.000000000000110E+0	1.110235256672332E+0	47.917669554301518E+0
743.000000000000110E+0	7.957820698163832E+0	182.489598261491270E+0
744.000000000000110E+0	12.409857342867221E+0	294.395279864539250E+0
745.000000000000110E+0	10.478370322844677E+0	187.794494711004120E+0
746.000000000000110E+0	8.183239338457929E+0	227.878636238789710E+0
747.000000000000110E+0	2.094586463230376E+0	95.169978459889108E+0
748.000000000000110E+0	1.655875338667570E+0	90.398767429915708E+0
749.000000000000110E+0	7.494535895069133E+0	408.419611910358240E+0
750.000000000000110E+0	5.399090086256574E+0	322.910416588493150E+0
751.000000000000110E+0	1.573176274985658E+0	121.842402158999140E+0
752.000000000000110E+0	1.603885120905780E+0	53.732013553508281E+0
753.000000000000110E+0	9.681116666880637E+0	267.533070869185450E+0
754.000000000000110E+0	14.554353283587034E+0	410.056643130017960E+0
755.000000000000110E+0	6.547914300987701E+0	176.552166991893020E+0
756.000000000000110E+0	6.016282169182735E+0	170.176065281903560E+0
757.000000000000110E+0	4.724278577127923E+0	91.586423571701530E+0
758.000000000000110E+0	11.371882563972855E+0	238.417411474110480E+0
759.000000000000110E+0	24.523718778979138E+0	523.821508989481570E+0
760.000000000000110E+0	7.869945108611413E+0	180.478418915088350E+0
761.000000000000110E+0	1.837962717561938E+0	30.873676045134736E+0
762.000000000000110E+0	24.308786176685903E+0	234.246923709957340E+0
763.000000000000110E+0	36.440133040836869E+0	374.282035715922920E+0
764.000000000000110E+0	15.035353388602667E+0	175.241592555296310E+0
765.000000000000110E+0	20.332384629111591E+0	156.708281737822150E+0
766.000000000000110E+0	12.578915902152110E+0	47.769014997100932E+0
767.000000000000110E+0	39.076445723661266E+0	203.042239544628610E+0
768.000000000000110E+0	48.746255619625792E+0	281.152288776338080E+0
769.000000000000110E+0	62.798160531537704E+0	316.111196272486610E+0
770.000000000000110E+0	23.018711515247229E+0	111.350655315247850E+0
771.000000000000110E+0	29.096124947158323E+0	77.564008048704721E+0
772.000000000000110E+0	174.074178444153010E+0	458.628024485933740E+0
773.000000000000110E+0	144.448835932784390E+0	369.686357344620430E+0
774.000000000000110E+0	62.363562143199360E+0	104.735521962109490E+0
775.000000000000110E+0	127.984037289652380E+0	154.476443473119050E+0
776.000000000000110E+0	91.727215794334498E+0	113.581878283059070E+0
777.000000000000110E+0	275.609566925802140E+0	341.888395612265360E+0
778.000000000000110E+0	449.800729981593010E+0	435.580021510872370E+0
779.000000000000110E+0	155.814495546255870E+0	125.126769134001420E+0
780.000000000000110E+0	34.112333022819897E+0	49.315867158641666E+0
781.000000000000110E+0	314.288454395124180E+0	300.698248503090840E+0
782.000000000000110E+0	416.327890789145730E+0	370.092874720655460E+0
783.000000000000110E+0	200.411397446015510E+0	186.666159150003690E+0
784.000000000000110E+0	40.819897057029507E+0	70.645087803869302E+0
785.000000000000110E+0	83.153740751835485E+0	117.530327656768190E+0
786.000000000000110E+0	177.021255627164290E+0	238.217494128614870E+0
787.000000000000110E+0	153.997801498055370E+0	243.443733017681270E+0
788.000000000000110E+0	133.706304013258520E+0	260.623565454401100E+0
789.000000000000110E+0	26.343671470063462E+0	72.448536788238741E+0
790.000000000000110E+0	91.188504514875632E+0	170.178808067020010E+0
791.000000000000110E+0	215.647102640112510E+0	582.409562042016200E+0
792.000000000000110E+0	66.527605750658921E+0	226.148730659588490E+0
793.000000000000110E+0	26.358269132361187E+0	108.849996639057250E+0
794.000000000000110E+0	24.520906131792000E+0	116.214171786856850E+0
795.000000000000110E+0	42.110580947768533E+0	240.134767234861330E+0
796.000000000000110E+0	40.180998065230327E+0	324.143932015251380E+0
797.000000000000110E+0	23.090909850533627E+0	294.210493953600400E+0
798.000000000000110E+0	5.727167109583623E+0	110.213996932638820E+0
799.000000000000110E+0	13.127839412926354E+0	88.074565173755857E+0
800.000000000000110E+0	36.061053177355348E+0	357.195801053245130E+0
801.000000000000110E+0	42.846918880697046E+0	521.547971911221000E+0
802.000000000000110E+0	14.575706258905356E+0	138.103685163962500E+0
803.000000000000110E+0	15.086998282956902E+0	71.955110373434763E+0
804.000000000000110E+0	20.567753292616214E+0	240.301831775634440E+0
805.000000000000110E+0	16.987865603938083E+0	247.958224919361950E+0
806.000000000000110E+0	18.033459647890673E+0	224.409141243766100E+0
807.000000000000110E+0	24.199892446339259E+0	213.416394902656980E+0
808.000000000000110E+0	1.015923634685057E+0	20.409109085355421E+0
809.000000000000110E+0	62.532374623287751E+0	282.046021574807920E+0
810.000000000000110E+0	104.412858852503550E+0	437.177699060744200E+0
811.000000000000110E+0	54.260227299104393E+0	191.097660134595060E+0
812.000000000000110E+0	16.594382772560934E+0	66.802600806165287E+0
813.000000000000110E+0	10.026618561992843E+0	97.003772675484242E+0
814.000000000000110E+0	50.526316820210901E+0	372.351607926824440E+0
815.000000000000110E+0	31.561015847432309E+0	262.823388440982170E+0
816.000000000000110E+0	20.059676663349148E+0	171.019235909095580E+0
817.000000000000110E+0	16.383263617154832E+0	127.132501084056530E+0
818.000000000000110E+0	20.357560451254443E+0	91.608949160802709E+0
819.000000000000110E+0	72.474695352228423E+0	426.020645018849050E+0
820.000000000000110E+0	60.971401739465307E+0	405.018559817077290E+0
821.000000000000110E+0	12.974093851269927E+0	88.384676501885877E+0
822.000000000000110E+0	16.824089384078160E+0	102.265413531753640E+0
823.000000000000110E+0	44.701837027519687E+0	360.171899621592160E+0
824.000000000000110E+0	24.879865557670598E+0	235.990463214823340E+0
825.000000000000110E+0	24.241388383668795E+0	229.972556859159060E+0
826.000000000000110E+0	8.856414943570870E+0	84.834478216690584E+0
827.000000000000110E+0	6.887626475671692E+0	81.382437067822337E+0
828.000000000000110E+0	23.600390747788161E+0	280.720560059663850E+0
829.000000000000110E+0	25.394492338900807E+0	327.790664436525560E+0
830.000000000000110E+0	14.245473441400346E+0	182.846592702991610E+0
831.000000000000110E+0	1.120116856543568E+0	19.278084863245883E+0
832.000000000000110E+0	22.559579250070978E+0	209.633310543402500E+0
833.000000000000110E+0	27.828281886399434E+0	436.819185696033680E+0
834.000000000000110E+0	9.043360405972916E+0	119.850444819372800E+0
835.000000000000110E+0	10.237773112552434E+0	130.742160837429030E+0
836.000000000000110E+0	4.245048755743636E+0	79.060467968611675E+0
837.000000000000110E+0	1.275577517754160E+0	139.093624520115380E+0
838.000000000000110E+0	3.501089500715753E+0	425.743722128192530E+0
839.000000000000110E+0	1.608958466457626E+0	250.366879960976630E+0
840.000000000000110E+0	144.259566461641760E-3	55.850532125081145E+0
841.000000000000110E+0	4.702011541457077E+0	122.354420423596550E+0
842.000000000000110E+0	15.435865915258642E+0	380.674849345880370E+0
843.000000000000110E+0	17.331860564581540E+0	313.562475277186020E+0
844.000000000000110E+0	13.661454891834655E+0	132.366353034635100E+0
845.000000000000110E+0	6.325686251965243E+0	94.486008053158841E+0
846.000000000000110E+0	7.819392010292918E+0	210.629480505069440E+0
847.000000000000110E+0	8.823287713618823E+0	255.604701860601520E+0
848.000000000000110E+0	7.681975412574426E+0	377.299559439559120E+0
849.000000000000110E+0	1.642861630826678E+0	191.980038310127330E+0
850.000000000000110E+0	3.309801132235815E+0	25.573549034309956E+0
851.000000000000110E+0	9.683105351290694E+0	466.062106758815050E+0
852.000000000000110E+0	3.933276485479513E+0	391.127417913195020E+0
853.000000000000110E+0	2.370757164591029E+0	132.761860863368670E+0
854.000000000000110E+0	3.477157304648750E+0	122.516783046452890E+0
855.000000000000110E+0	2.217022399262299E+0	102.678579654420100E+0
856.000000000000110E+0	2.264498910660239E+0	287.822075095857370E+0
857.000000000000110E+0	2.303731247274380E+0	307.634117940841800E+0
858.000000000000110E+0	1.802319420884915E+0	144.373078334998640E+0
859.000000000000110E+0	2.478210896368693E+0	53.425785829596045E+0
860.000000000000110E+0	14.540152151428265E+0	142.887511057073540E+0
861.000000000000110E+0	53.562591100642159E+0	485.205785096409440E+0
862.000000000000110E+0	26.709845279040159E+0	236.964597312218250E+0
863.000000000000110E+0	5.421571078940351E+0	38.800358769087410E+0
864.000000000000110E+0	15.991085939406847E+0	103.979339486610190E+0
865.000000000000110E+0	38.341850260300362E+0	222.514904764242060E+0
866.000000000000110E+0	37.334523713587984E+0	167.631934001261300E+0
867.000000000000110E+0	79.836018739715968E+0	266.798833384097460E+0
868.000000000000110E+0	24.851757384438837E+0	92.083574947086276E+0
869.000000000000110E+0	37.877510815666348E+0	66.950006177931201E+0
870.000000000000110E+0	222.631019392036020E+0	439.998351487937270E+0
871.000000000000110E+0	152.480382488596350E+0	286.390434365634920E+0
872.000000000000110E+0	63.767828594214976E+0	130.471322134437880E+0
873.000000000000110E+0	10.236410171309691E+0	45.407194074882554E+0
874.000000000000110E+0	78.744230411449706E+0	211.357109877003720E+0
875.000000000000110E+0	147.515215748372270E+0	347.759294662731580E+0
876.000000000000110E+0	95.685416713184324E+0	195.825556412439030E+0
877.000000000000110E+0	109.791801147255680E+0	189.978957113020810E+0
878.000000000000110E+0	37.931800461230779E+0	55.789944018302513E+0
879.000000000000110E+0	130.378991337281210E+0	226.530045933655690E+0
880.000000000000110E+0	318.921299997536440E+0	572.451020016443290E+0
881.000000000000110E+0	143.196095707714250E+0	250.704299648950070E+0
882.000000000000110E+0	18.676684851738983E+0	51.392234350399555E+0
883.000000000000110E+0	111.033213615780680E+0	238.998220181733760E+0
884.000000000000110E+0	167.424486987431290E+0	323.515231632832690E+0
885.000000000000110E+0	153.023439908647500E+0	272.642449933317610E+0
886.000000000000110E+0	127.459089267261560E+0	197.738840770275320E+0
887.000000000000110E+0	60.362833847934837E+0	82.965697794157506E+0
888.000000000000110E+0	106.541481637302350E+0	201.461045921461280E+0
889.000000000000110E+0	257.736448182812520E+0	439.638576867187280E+0
890.000000000000110E+0	171.465600307298670E+0	288.019048527004140E+0
891.000000000000110E+0	57.829253275124913E+0	101.806106756764490E+0
892.000000000000110E+0	49.482519600459639E+0	87.719608132360150E+0
893.000000000000110E+0	344.382454460166970E+0	477.072318878511230E+0
894.000000000000110E+0	195.394130090147600E+0	249.489868593416160E+0
895.000000000000110E+0	74.239555489814137E+0	121.409275372288110E+0
896.000000000000110E+0	77.985024631070019E+0	133.075244349469980E+0
897.000000000000110E+0	24.062550131771346E+0	63.589989442848079E+0
898.000000000000110E+0	168.308402915718830E+0	332.863594768631230E+0
899.000000000000110E+0	203.496208902114690E+0	371.908971912939590E+0
900.000000000000110E+0	77.007723250773480E+0	104.170781671054510E+0
901.000000000000110E+0	9.010951365547175E+0	37.275078301108152E+0
902.000000000000110E+0	50.517491819565386E+0	228.488628228589360E+0
903.000000000000110E+0	78.943218892173803E+0	301.568350034850140E+0
904.000000000000110E+0	40.954765993394439E+0	147.251975471269050E+0
905.000000000000110E+0	17.584447938158441E+0	58.217574910970271E+0
906.000000000000110E+0	13.720532090894233E+0	81.102789561870878E+0
907.000000000000110E+0	16.351280025321913E+0	142.927018032665270E+0
908.000000000000110E+0	19.916771879783219E+0	259.217429470353580E+0
909.000000000000110E+0	13.999853166716971E+0	222.469342843605940E+0
910.000000000000110E+0	4.521309766166420E+0	34.500924474830171E+0
911.000000000000110E+0	6.224017685891909E+0	127.509755228715490E+0
912.000000000000110E+0	11.526920023504084E+0	455.839660640887700E+0
913.000000000000110E+0	4.251908973355575E+0	186.157084552063740E+0
914.000000000000110E+0	8.276955468925760E+0	79.246892524803485E+0
915.000000000000110E+0	6.902937509887781E+0	95.172580345276202E+0
916.000000000000110E+0	169.656924709163830E-3	104.494533546385920E+0
917.000000000000110E+0	2.352427900905449E+0	318.969246648214320E+0
918.000000000000110E+0	1.848302753116928E+0	234.990339493503460E+0
919.000000000000110E+0	1.899334337122230E+0	129.234570190794900E+0
920.000000000000110E+0	1.397748327064874E+0	28.625375424298653E+0
921.000000000000110E+0	404.507515687014710E-3	329.595231288161700E+0
922.000000000000110E+0	445.922278959660910E-3	420.654136079961230E+0
923.000000000000110E+0	21.099933149729876E-3	165.844753988362560E+0
924.000000000000110E+0	876.256493701300320E-3	64.791510972874079E+0
925.000000000000110E+0	1.861065505774806E+0	185.961813616581310E+0
926.000000000000110E+0	1.481394704008485E+0	222.657766734823950E+0
927.000000000000110E+0	1.025743208263142E+0	323.954147169783370E+0
928.000000000000110E+0	1.587977354295501E+0	274.874341265463840E+0
929.000000000000110E+0	210.963664120969840E-3	35.932746491211496E+0
930.000000000000110E+0	893.272967672802620E-3	284.850949568874970E+0
931.000000000000110E+0	2.673093622395995E+0	502.975563842319220E+0
932.000000000000110E+0	1.735934421640594E+0	237.708079327569610E+0
933.000000000000110E+0	723.069356756189110E-3	99.375806213024049E+0
934.000000000000110E+0	1.551443956854114E+0	135.389086565806390E+0
935.000000000000110E+0	4.770006613281090E+0	350.528218874550930E+0
936.000000000000110E+0	5.999059397225503E+0	358.386001795322390E+0
937.000000000000110E+0	3.494288753825520E+0	222.778526459083790E+0
938.000000000000110E+0	3.069933414094323E+0	156.024450751285430E+0
939.000000000000110E+0	1.166760630879808E+0	80.749606424453319E+0
940.000000000000110E+0	24.468809696672771E+0	580.396588169323190E+0
941.000000000000110E+0	27.023093764457627E+0	443.622090241227850E+0
942.000000000000110E+0	5.418762288940179E+0	80.127091033061845E+0
943.000000000000110E+0	6.478929523255336E+0	143.760066483216350E+0
944.000000000000110E+0	17.671878887299364E+0	349.372094802719860E+0
945.000000000000110E+0	16.366043170259719E+0	275.533782933389550E+0
946.000000000000110E+0	16.002999670030736E+0	279.753544421914450E+0
947.000000000000110E+0	8.479340042956039E+0	147.857535303586620E+0
948.000000000000110E+0	3.750180476880008E+0	91.272505635342213E+0
949.000000000000110E+0	18.261267414496238E+0	385.499576670755460E+0
950.000000000000110E+0	20.513034752313352E+0	423.984608791439200E+0
951.000000000000110E+0	11.380862505236914E+0	230.452080316567220E+0
952.000000000000110E+0	2.108801017437524E+0	34.600733151358717E+0
953.000000000000110E+0	13.006866705259261E+0	281.258351670376780E+0
954.000000000000110E+0	19.225865723810752E+0	415.634160432072230E+0
955.000000000000110E+0	6.382921496908849E+0	158.669054178684720E+0
956.000000000000110E+0	5.678990273536533E+0	168.834429377084890E+0
957.000000000000110E+0	3.566151938683269E+0	95.387072220356089E+0
958.000000000000110E+0	8.504900291850628E+0	195.211393047497780E+0
959.000000000000110E+0	22.994228282770514E+0	544.383860939631520E+0
960.000000000000110E+0	8.866945233934999E+0	210.568326701852440E+0
961.000000000000110E+0	1.124246943601564E+0	27.125628323510409E+0
962.000000000000110E+0	6.439603447571069E+0	171.765721990957840E+0
963.000000000000110E+0	11.820462993517577E+0	320.218404215956180E+0
964.000000000000110E+0	10.372725060304040E+0	282.128256006713970E+0
965.000000000000110E+0	3.005936887837318E+0	95.439731587133707E+0
966.000000000000110E+0	3.461419845883472E+0	84.089640794501491E+0
967.000000000000110E+0	5.972083379078303E+0	123.365155304433050E+0
968.000000000000110E+0	11.565847656520530E+0	240.570812958157740E+0
969.000000000000110E+0	13.688588115568180E+0	268.442183443780440E+0
970.000000000000110E+0	5.529533919485247E+0	96.767628414898496E+0
971.000000000000110E+0	1.584838840230580E+0	40.712065670974546E+0
972.000000000000110E+0	18.958992358763364E+0	442.280250167897860E+0
973.000000000000110E+0	11.705113663248962E+0	272.221932864817400E+0
974.000000000000110E+0	2.743336155245247E+0	71.364706042777783E+0
975.000000000000110E+0	3.794074438372609E+0	69.266110586440519E+0
976.000000000000110E+0	1.755259862734591E+0	42.099660515270237E+0
977.000000000000110E+0	8.427317496794998E+0	192.730468774528960E+0
978.000000000000110E+0	13.545365165090647E+0	260.149307091537080E+0
979.000000000000110E+0	6.073942876622029E+0	92.528224294190636E+0
980.000000000000110E+0	873.608020387445450E-3	14.573478824628122E+0
981.000000000000110E+0	3.267393383646341E+0	128.667009390731750E+0
982.000000000000110E+0	7.956781958270130E+0	315.508017746292860E+0
983.000000000000110E+0	3.102273878921429E+0	157.011651501765470E+0
984.000000000000110E+0	1.523334018696427E+0	5.263169362827101E+0
985.000000000000110E+0	4.594411174939141E+0	70.440543403777653E+0
986.000000000000110E+0	4.217340127870932E+0	98.184771978896450E+0
987.000000000000110E+0	5.247748862063135E+0	151.876480142775960E+0
988.000000000000110E+0	5.412293778655429E+0	205.567604337676870E+0
989.000000000000110E+0	1.011671647065589E+0	37.192624016489390E+0
990.000000000000110E+0	3.776387204005487E+0	51.021611365915177E+0
991.000000000000110E+0	10.267435286514360E+0	290.106699388240310E+0
992.000000000000110E+0	4.945691954446550E+0	130.265510478400700E+0
993.000000000000110E+0	2.291067131521177E+0	27.291833442276886E+0
994.000000000000110E+0	564.747231946222670E-3	12.931863412380284E+0
995.000000000000110E+0	1.177084735856714E+0	83.320176576187151E+0
996.000000000000110E+0	3.816607716615602E+0	163.052939652002520E+0
997.000000000000110E+0	1.924661544493625E+0	64.096730917245139E+0
998.000000000000110E+0	760.172075893304270E-3	66.480765258343524E+0
999.000000000000110E+0	504.373211469108410E-3	3.626589836099097E+0
1.000000000000000E+3	4.937062167079275E+0	152.992684841034990E+0
