Freq (Hz)	Coh_accelerometre /source
source
source
10.000000000000018E+0	961.381934597155710E-3
11.000000000000020E+0	984.787996419444260E-3
12.000000000000021E+0	987.686956931265180E-3
13.000000000000023E+0	981.575229772405190E-3
14.000000000000025E+0	997.677130991408760E-3
15.000000000000027E+0	998.921912090726670E-3
16.000000000000028E+0	991.921561243283230E-3
17.000000000000028E+0	982.288530235081340E-3
18.000000000000028E+0	996.129661516922170E-3
19.000000000000028E+0	999.193665247192220E-3
20.000000000000028E+0	997.097501154140420E-3
21.000000000000028E+0	998.883821857266320E-3
22.000000000000028E+0	999.209093175072890E-3
23.000000000000028E+0	999.650865337843420E-3
24.000000000000028E+0	999.725838215020480E-3
25.000000000000028E+0	999.661366522975660E-3
26.000000000000028E+0	999.918541505456670E-3
27.000000000000028E+0	999.901939097520560E-3
28.000000000000028E+0	999.878538690051830E-3
29.000000000000028E+0	999.646117585533340E-3
30.000000000000028E+0	999.590023831943060E-3
31.000000000000028E+0	999.547864466078790E-3
32.000000000000028E+0	999.437535045680220E-3
33.000000000000028E+0	999.005524738036830E-3
34.000000000000028E+0	996.065825630343960E-3
35.000000000000028E+0	988.779331490020510E-3
36.000000000000028E+0	984.204416029136000E-3
37.000000000000028E+0	997.626757171056980E-3
38.000000000000028E+0	989.982643454876080E-3
39.000000000000028E+0	998.669756516871510E-3
40.000000000000028E+0	998.664904429594880E-3
41.000000000000028E+0	999.459972172920040E-3
42.000000000000028E+0	999.782892731062020E-3
43.000000000000028E+0	999.283643011941500E-3
44.000000000000028E+0	998.329053953699530E-3
45.000000000000028E+0	999.087196009187490E-3
46.000000000000028E+0	993.566232918693610E-3
47.000000000000028E+0	999.065562086431820E-3
48.000000000000028E+0	999.572874853368990E-3
49.000000000000028E+0	999.545505170865160E-3
50.000000000000028E+0	999.707933532478220E-3
51.000000000000028E+0	999.906995347160320E-3
52.000000000000028E+0	999.617160993211630E-3
53.000000000000028E+0	999.774549746361600E-3
54.000000000000028E+0	999.847413931488680E-3
55.000000000000028E+0	999.868243011573400E-3
56.000000000000028E+0	999.903875937499740E-3
57.000000000000028E+0	999.915055811055000E-3
58.000000000000028E+0	999.609188710361420E-3
59.000000000000028E+0	999.887659828978870E-3
60.000000000000028E+0	999.951904862013910E-3
61.000000000000028E+0	999.892110926379420E-3
62.000000000000028E+0	999.906519885838900E-3
63.000000000000028E+0	999.970621759477040E-3
64.000000000000028E+0	999.969949148756480E-3
65.000000000000028E+0	999.969104709217070E-3
66.000000000000028E+0	999.927214515586750E-3
67.000000000000028E+0	999.358338614977360E-3
68.000000000000028E+0	999.788147586268440E-3
69.000000000000028E+0	999.848114668801190E-3
70.000000000000028E+0	999.710590489793050E-3
71.000000000000028E+0	996.760799455590820E-3
72.000000000000028E+0	999.330869552972680E-3
73.000000000000028E+0	999.625762820836590E-3
74.000000000000028E+0	999.756061093003630E-3
75.000000000000028E+0	999.580607858947420E-3
76.000000000000028E+0	999.801683974721130E-3
77.000000000000028E+0	999.732472908336330E-3
78.000000000000028E+0	999.831801763398920E-3
79.000000000000028E+0	999.916256256471070E-3
80.000000000000028E+0	999.692830031931210E-3
81.000000000000028E+0	999.565345005968500E-3
82.000000000000028E+0	999.751270235223810E-3
83.000000000000028E+0	999.877917447200670E-3
84.000000000000028E+0	999.818832050260560E-3
85.000000000000028E+0	999.116325493785930E-3
86.000000000000028E+0	999.318639807172730E-3
87.000000000000028E+0	998.713585464213070E-3
88.000000000000028E+0	999.888281903277830E-3
89.000000000000028E+0	999.801976437497690E-3
90.000000000000028E+0	993.806009383200850E-3
91.000000000000028E+0	999.672237673916220E-3
92.000000000000028E+0	999.560006025141500E-3
93.000000000000028E+0	999.444339966403580E-3
94.000000000000028E+0	999.369467782518670E-3
95.000000000000028E+0	998.173021379880950E-3
96.000000000000028E+0	998.764631928451880E-3
97.000000000000028E+0	999.799608187055380E-3
98.000000000000028E+0	999.737608195513600E-3
99.000000000000028E+0	999.192208219425780E-3
100.000000000000030E+0	989.773349141006450E-3
101.000000000000030E+0	999.774478708787330E-3
102.000000000000030E+0	999.406574008267710E-3
103.000000000000030E+0	978.556968254469690E-3
104.000000000000030E+0	998.914835307921800E-3
105.000000000000030E+0	997.687682324873040E-3
106.000000000000030E+0	999.202775270047750E-3
107.000000000000030E+0	999.749375198949910E-3
108.000000000000030E+0	999.462850889855200E-3
109.000000000000030E+0	994.319563421220960E-3
110.000000000000030E+0	988.836644579093700E-3
111.000000000000030E+0	992.299898327473780E-3
112.000000000000030E+0	985.631326049127180E-3
113.000000000000030E+0	996.570784797405020E-3
114.000000000000030E+0	998.514039677741770E-3
115.000000000000030E+0	996.873193150253020E-3
116.000000000000030E+0	998.084910683416090E-3
117.000000000000030E+0	999.338709611271580E-3
118.000000000000030E+0	996.795509083995170E-3
119.000000000000030E+0	999.059609514711400E-3
120.000000000000030E+0	999.337793686707500E-3
121.000000000000030E+0	999.259163159430860E-3
122.000000000000030E+0	998.973274553468180E-3
123.000000000000030E+0	998.942823455464700E-3
124.000000000000030E+0	998.148463919767970E-3
125.000000000000030E+0	999.173029159352690E-3
126.000000000000030E+0	998.347004464876340E-3
127.000000000000030E+0	996.973774095851530E-3
128.000000000000030E+0	998.579019680109310E-3
129.000000000000030E+0	998.688136399054400E-3
130.000000000000030E+0	999.176509807703450E-3
131.000000000000030E+0	998.906676044020060E-3
132.000000000000030E+0	999.500863134322180E-3
133.000000000000030E+0	999.782757219775830E-3
134.000000000000030E+0	999.776816497383590E-3
135.000000000000030E+0	999.823407171937630E-3
136.000000000000030E+0	999.843786989301990E-3
137.000000000000030E+0	999.625204396292540E-3
138.000000000000030E+0	999.162075900046910E-3
139.000000000000030E+0	999.855035648624660E-3
140.000000000000030E+0	999.831100510531370E-3
141.000000000000030E+0	999.339609626810340E-3
142.000000000000030E+0	999.331106942131340E-3
143.000000000000030E+0	999.790374090006480E-3
144.000000000000030E+0	999.781318736619020E-3
145.000000000000030E+0	999.686878187307950E-3
146.000000000000030E+0	999.550948376388360E-3
147.000000000000030E+0	993.910744872550270E-3
148.000000000000030E+0	999.324172697875770E-3
149.000000000000030E+0	999.759953773825200E-3
150.000000000000030E+0	998.242577735791950E-3
151.000000000000030E+0	997.749161145968230E-3
152.000000000000030E+0	999.617668232729460E-3
153.000000000000030E+0	999.615452485044690E-3
154.000000000000030E+0	999.522447067761170E-3
155.000000000000030E+0	999.484099212657790E-3
156.000000000000030E+0	999.251466885137110E-3
157.000000000000030E+0	993.788633032519300E-3
158.000000000000030E+0	997.628720434738270E-3
159.000000000000030E+0	996.924141777978280E-3
160.000000000000030E+0	970.539277674469120E-3
161.000000000000030E+0	997.895879106459720E-3
162.000000000000030E+0	999.492318300636670E-3
163.000000000000030E+0	998.762360857203490E-3
164.000000000000030E+0	998.980547541643780E-3
165.000000000000030E+0	999.725103105210230E-3
166.000000000000030E+0	999.194063305379300E-3
167.000000000000030E+0	999.186447477994790E-3
168.000000000000030E+0	999.348693617672980E-3
169.000000000000030E+0	994.934847643523690E-3
170.000000000000030E+0	997.350759008395090E-3
171.000000000000030E+0	999.029887208129350E-3
172.000000000000030E+0	999.644297741083100E-3
173.000000000000030E+0	999.356732765581570E-3
174.000000000000030E+0	999.114292333592060E-3
175.000000000000030E+0	997.475045186925650E-3
176.000000000000030E+0	995.186717011599110E-3
177.000000000000030E+0	788.713974735537390E-3
178.000000000000030E+0	935.179188060766610E-3
179.000000000000030E+0	989.724292434673520E-3
180.000000000000030E+0	998.902717985871270E-3
181.000000000000030E+0	999.188919952507360E-3
182.000000000000030E+0	997.325965365509550E-3
183.000000000000030E+0	998.797104115113580E-3
184.000000000000030E+0	998.921536370673820E-3
185.000000000000030E+0	995.778197316979250E-3
186.000000000000030E+0	995.230523467954710E-3
187.000000000000030E+0	997.211931622075110E-3
188.000000000000030E+0	939.853176881135680E-3
189.000000000000030E+0	997.498815027646150E-3
190.000000000000030E+0	998.973305159835070E-3
191.000000000000030E+0	999.265929654005180E-3
192.000000000000030E+0	999.356185571791400E-3
193.000000000000030E+0	998.438762942988830E-3
194.000000000000030E+0	998.588129463239160E-3
195.000000000000030E+0	998.272348450583210E-3
196.000000000000030E+0	999.150478190317330E-3
197.000000000000030E+0	999.016547686247810E-3
198.000000000000030E+0	953.405638064259260E-3
199.000000000000030E+0	998.274996852876460E-3
200.000000000000030E+0	990.278934716771090E-3
201.000000000000030E+0	981.029244605852170E-3
202.000000000000030E+0	992.616142717441030E-3
203.000000000000030E+0	986.752356006333040E-3
204.000000000000030E+0	998.132415716383340E-3
205.000000000000030E+0	997.812294964046000E-3
206.000000000000030E+0	994.662929618730370E-3
207.000000000000030E+0	997.609712076729330E-3
208.000000000000030E+0	998.242685526439020E-3
209.000000000000030E+0	998.316080516267520E-3
210.000000000000030E+0	998.725811954028540E-3
211.000000000000030E+0	994.736922478732350E-3
212.000000000000030E+0	992.979528369669290E-3
213.000000000000030E+0	999.571631273060370E-3
214.000000000000030E+0	999.294383506838190E-3
215.000000000000030E+0	999.048579968232370E-3
216.000000000000030E+0	997.857728310064470E-3
217.000000000000030E+0	991.948141538539270E-3
218.000000000000030E+0	998.706481663874990E-3
219.000000000000030E+0	999.014113846682040E-3
220.000000000000030E+0	996.378814401894800E-3
221.000000000000030E+0	980.512455906722760E-3
222.000000000000030E+0	998.843338977668190E-3
223.000000000000030E+0	999.416878894773600E-3
224.000000000000030E+0	999.056722086441030E-3
225.000000000000030E+0	999.022743028523340E-3
226.000000000000030E+0	997.620527352637290E-3
227.000000000000030E+0	996.539675254123010E-3
228.000000000000030E+0	999.050218403721100E-3
229.000000000000030E+0	998.695528377408490E-3
230.000000000000030E+0	998.972725339948410E-3
231.000000000000030E+0	997.471787787576170E-3
232.000000000000030E+0	997.118154241145360E-3
233.000000000000030E+0	997.702949104995800E-3
234.000000000000030E+0	998.914910659432720E-3
235.000000000000030E+0	999.063849563571300E-3
236.000000000000030E+0	999.279040745374990E-3
237.000000000000030E+0	996.655277608214930E-3
238.000000000000030E+0	996.094534979198640E-3
239.000000000000030E+0	985.179019359222920E-3
240.000000000000030E+0	998.815072923191600E-3
241.000000000000030E+0	999.115011432960000E-3
242.000000000000030E+0	996.987322426234330E-3
243.000000000000030E+0	974.293554325932790E-3
244.000000000000030E+0	984.489267174125440E-3
245.000000000000030E+0	986.276174156484830E-3
246.000000000000030E+0	998.120261812225570E-3
247.000000000000030E+0	998.289733111073500E-3
248.000000000000030E+0	997.984255628037940E-3
249.000000000000030E+0	994.950677859167130E-3
250.000000000000030E+0	983.530769119060900E-3
251.000000000000030E+0	998.085859365066000E-3
252.000000000000030E+0	997.741633397021150E-3
253.000000000000030E+0	998.737428577661120E-3
254.000000000000030E+0	999.007915795291250E-3
255.000000000000030E+0	998.511694080749020E-3
256.000000000000060E+0	999.218776131584380E-3
257.000000000000060E+0	998.554727378267110E-3
258.000000000000060E+0	997.576400660861840E-3
259.000000000000060E+0	991.216212862890300E-3
260.000000000000060E+0	989.247907960444930E-3
261.000000000000060E+0	970.238151681263040E-3
262.000000000000060E+0	988.112336980456750E-3
263.000000000000060E+0	997.545334259379750E-3
264.000000000000060E+0	999.001969456261300E-3
265.000000000000060E+0	999.080839628719410E-3
266.000000000000060E+0	999.199695700606960E-3
267.000000000000060E+0	996.548374916826570E-3
268.000000000000060E+0	993.870422850302800E-3
269.000000000000060E+0	995.989493292580800E-3
270.000000000000060E+0	998.509450644249120E-3
271.000000000000060E+0	994.714316638580340E-3
272.000000000000060E+0	988.447914055005980E-3
273.000000000000060E+0	995.669530619287760E-3
274.000000000000060E+0	996.946603399948780E-3
275.000000000000060E+0	996.125304400534480E-3
276.000000000000060E+0	994.867145676637480E-3
277.000000000000060E+0	978.577944334384610E-3
278.000000000000060E+0	993.406905923085780E-3
279.000000000000060E+0	996.054927311329160E-3
280.000000000000060E+0	993.834737203473820E-3
281.000000000000060E+0	993.604088401482620E-3
282.000000000000060E+0	956.610868595453410E-3
283.000000000000060E+0	992.267505107407240E-3
284.000000000000060E+0	995.092629616579290E-3
285.000000000000060E+0	997.610939928167070E-3
286.000000000000060E+0	994.709512853103830E-3
287.000000000000060E+0	993.096026189925320E-3
288.000000000000060E+0	998.717164758716190E-3
289.000000000000060E+0	997.845176110531140E-3
290.000000000000060E+0	994.626898607830710E-3
291.000000000000060E+0	997.512546351237090E-3
292.000000000000060E+0	998.264581860518030E-3
293.000000000000060E+0	998.439550786333400E-3
294.000000000000060E+0	997.492848786352800E-3
295.000000000000060E+0	995.230993233992780E-3
296.000000000000060E+0	993.176922378036560E-3
297.000000000000060E+0	998.474992178059240E-3
298.000000000000060E+0	999.198150829360590E-3
299.000000000000060E+0	998.307435917756280E-3
300.000000000000060E+0	992.692023699393580E-3
301.000000000000060E+0	997.239636121611930E-3
302.000000000000060E+0	998.449776659819600E-3
303.000000000000060E+0	980.873476939989270E-3
304.000000000000060E+0	995.400437124459580E-3
305.000000000000060E+0	994.462503362312340E-3
306.000000000000060E+0	996.374882892154590E-3
307.000000000000060E+0	998.063580915963480E-3
308.000000000000060E+0	997.264425418350030E-3
309.000000000000060E+0	996.059560461665770E-3
310.000000000000060E+0	996.546443719272590E-3
311.000000000000060E+0	999.003741626303230E-3
312.000000000000060E+0	998.482964495496450E-3
313.000000000000060E+0	997.446256213560870E-3
314.000000000000060E+0	997.231958611658250E-3
315.000000000000060E+0	998.162588047615590E-3
316.000000000000060E+0	997.344547228574020E-3
317.000000000000060E+0	998.253172332066340E-3
318.000000000000060E+0	996.610325346019900E-3
319.000000000000060E+0	991.859109577595270E-3
320.000000000000060E+0	998.374758948711970E-3
321.000000000000060E+0	998.060176578910440E-3
322.000000000000060E+0	995.354564471769510E-3
323.000000000000060E+0	996.719235000117940E-3
324.000000000000060E+0	996.956352714475250E-3
325.000000000000060E+0	998.992227452852880E-3
326.000000000000060E+0	998.643573858511210E-3
327.000000000000060E+0	997.163930782671740E-3
328.000000000000060E+0	996.158978931523940E-3
329.000000000000060E+0	996.221305929079980E-3
330.000000000000060E+0	998.949355554480170E-3
331.000000000000060E+0	998.146332281510840E-3
332.000000000000060E+0	996.671169228213530E-3
333.000000000000060E+0	998.882029339191230E-3
334.000000000000060E+0	999.175625714712190E-3
335.000000000000060E+0	998.777961132201300E-3
336.000000000000060E+0	999.452490232630830E-3
337.000000000000060E+0	998.824827886281680E-3
338.000000000000060E+0	998.874303440744790E-3
339.000000000000060E+0	999.724967054890890E-3
340.000000000000060E+0	999.356794556565120E-3
341.000000000000060E+0	998.210295461187560E-3
342.000000000000060E+0	997.072514023887520E-3
343.000000000000060E+0	997.910701888153450E-3
344.000000000000060E+0	998.592762665164830E-3
345.000000000000060E+0	996.588801878035110E-3
346.000000000000060E+0	997.507200070563930E-3
347.000000000000060E+0	993.871600324846670E-3
348.000000000000060E+0	996.602016557085360E-3
349.000000000000060E+0	996.932563824868280E-3
350.000000000000060E+0	987.236476333316350E-3
351.000000000000060E+0	994.029794550138840E-3
352.000000000000060E+0	395.155916171494260E-3
353.000000000000060E+0	998.078025229322980E-3
354.000000000000060E+0	995.104304516495790E-3
355.000000000000060E+0	996.260071873636960E-3
356.000000000000060E+0	996.878974650168170E-3
357.000000000000060E+0	997.878896212254230E-3
358.000000000000060E+0	997.144135931565810E-3
359.000000000000060E+0	996.751232821991740E-3
360.000000000000060E+0	998.290032683676660E-3
361.000000000000060E+0	996.408093735427160E-3
362.000000000000060E+0	999.014118007324980E-3
363.000000000000060E+0	998.554758689158660E-3
364.000000000000060E+0	995.375838326018610E-3
365.000000000000060E+0	996.499805965167850E-3
366.000000000000060E+0	996.460581522896400E-3
367.000000000000060E+0	998.141595918219490E-3
368.000000000000060E+0	998.954874654074510E-3
369.000000000000060E+0	997.997002630931500E-3
370.000000000000060E+0	997.500764127278620E-3
371.000000000000060E+0	996.674039388703140E-3
372.000000000000060E+0	997.831303393759690E-3
373.000000000000060E+0	991.175257114842000E-3
374.000000000000060E+0	996.759803624225230E-3
375.000000000000060E+0	997.532532593489170E-3
376.000000000000060E+0	997.336708424244160E-3
377.000000000000060E+0	999.348135821150450E-3
378.000000000000060E+0	999.078087077037820E-3
379.000000000000060E+0	998.369512280011140E-3
380.000000000000060E+0	962.088893982439240E-3
381.000000000000060E+0	994.570204860973360E-3
382.000000000000060E+0	994.460635012824000E-3
383.000000000000060E+0	998.037948397944570E-3
384.000000000000060E+0	997.056494562424400E-3
385.000000000000060E+0	998.664841334049650E-3
386.000000000000060E+0	998.655956618053510E-3
387.000000000000060E+0	995.714811557505190E-3
388.000000000000060E+0	996.134152064491070E-3
389.000000000000060E+0	985.844748020637930E-3
390.000000000000060E+0	996.462217061042320E-3
391.000000000000060E+0	998.183283306580900E-3
392.000000000000060E+0	996.496359561683700E-3
393.000000000000060E+0	995.215590880360380E-3
394.000000000000060E+0	998.638318103372340E-3
395.000000000000060E+0	998.261827058237740E-3
396.000000000000060E+0	997.177820188680840E-3
397.000000000000060E+0	993.723345833824710E-3
398.000000000000060E+0	990.629364902999460E-3
399.000000000000060E+0	998.335268879102620E-3
400.000000000000060E+0	999.223910713599620E-3
401.000000000000060E+0	998.732719846849300E-3
402.000000000000060E+0	996.893461224629630E-3
403.000000000000060E+0	935.307067919355250E-3
404.000000000000060E+0	999.255829151984960E-3
405.000000000000060E+0	999.253227007655060E-3
406.000000000000060E+0	999.440848488427400E-3
407.000000000000060E+0	998.627208749174990E-3
408.000000000000060E+0	997.858673393027810E-3
409.000000000000060E+0	994.585240939237280E-3
410.000000000000060E+0	995.279130943455990E-3
411.000000000000060E+0	996.739807697332950E-3
412.000000000000060E+0	998.413439174370750E-3
413.000000000000060E+0	999.281854230543830E-3
414.000000000000060E+0	998.874042855995010E-3
415.000000000000060E+0	997.440760437131260E-3
416.000000000000060E+0	994.148429765668750E-3
417.000000000000060E+0	985.661437109176640E-3
418.000000000000060E+0	996.272456056591760E-3
419.000000000000060E+0	998.657821472996750E-3
420.000000000000060E+0	998.612075995439770E-3
421.000000000000060E+0	996.207337494836140E-3
422.000000000000060E+0	999.035501406484010E-3
423.000000000000060E+0	998.669294933056230E-3
424.000000000000060E+0	993.759426547590090E-3
425.000000000000060E+0	993.986374817472980E-3
426.000000000000060E+0	994.120797498905140E-3
427.000000000000060E+0	998.737298940340580E-3
428.000000000000060E+0	999.513145464692280E-3
429.000000000000060E+0	998.388891926121680E-3
430.000000000000060E+0	997.787603062538440E-3
431.000000000000060E+0	997.733848960499660E-3
432.000000000000060E+0	999.089090892227640E-3
433.000000000000060E+0	998.087909238308260E-3
434.000000000000060E+0	996.524504930883070E-3
435.000000000000060E+0	996.620961337774110E-3
436.000000000000060E+0	998.741817743427300E-3
437.000000000000060E+0	998.295015370749830E-3
438.000000000000060E+0	998.265319045856580E-3
439.000000000000060E+0	997.242903049651460E-3
440.000000000000060E+0	961.201883840589130E-3
441.000000000000060E+0	998.240474285947750E-3
442.000000000000060E+0	992.805450974467600E-3
443.000000000000060E+0	995.039067458594050E-3
444.000000000000060E+0	998.569132166362780E-3
445.000000000000060E+0	998.154367032431210E-3
446.000000000000060E+0	999.021573320151730E-3
447.000000000000060E+0	999.351768083632350E-3
448.000000000000060E+0	997.498093560794110E-3
449.000000000000060E+0	998.109167723431060E-3
450.000000000000060E+0	998.499789556754110E-3
451.000000000000060E+0	999.299008845494720E-3
452.000000000000060E+0	998.911115494938380E-3
453.000000000000060E+0	997.357374555640330E-3
454.000000000000060E+0	996.802265883878550E-3
455.000000000000060E+0	997.573072527951580E-3
456.000000000000060E+0	998.031138978293430E-3
457.000000000000060E+0	998.503590127485460E-3
458.000000000000060E+0	998.276062281914570E-3
459.000000000000060E+0	997.384867970366850E-3
460.000000000000060E+0	998.716058091991380E-3
461.000000000000060E+0	997.166754624332800E-3
462.000000000000060E+0	995.148538400491890E-3
463.000000000000060E+0	988.742411759100820E-3
464.000000000000060E+0	997.581426185319420E-3
465.000000000000060E+0	999.142052154231570E-3
466.000000000000060E+0	998.648657471303940E-3
467.000000000000060E+0	997.473371895846510E-3
468.000000000000060E+0	995.086283105057200E-3
469.000000000000060E+0	997.613026192332270E-3
470.000000000000060E+0	999.452930155649840E-3
471.000000000000060E+0	998.808910379686000E-3
472.000000000000060E+0	996.405710251289100E-3
473.000000000000060E+0	998.588011278007450E-3
474.000000000000060E+0	999.281458062706410E-3
475.000000000000060E+0	998.645085546414400E-3
476.000000000000060E+0	998.187014299924730E-3
477.000000000000060E+0	995.500383368607910E-3
478.000000000000060E+0	996.718641856781380E-3
479.000000000000060E+0	997.995461328883500E-3
480.000000000000060E+0	998.348915182978410E-3
481.000000000000060E+0	997.052468430816850E-3
482.000000000000060E+0	997.004410239054950E-3
483.000000000000060E+0	999.244424362459860E-3
484.000000000000060E+0	999.017400598671500E-3
485.000000000000060E+0	997.670858645054230E-3
486.000000000000060E+0	996.831140977419650E-3
487.000000000000060E+0	987.354143109562820E-3
488.000000000000060E+0	998.863166663857990E-3
489.000000000000060E+0	998.527069307936550E-3
490.000000000000060E+0	996.763979007177720E-3
491.000000000000060E+0	997.236520758051800E-3
492.000000000000060E+0	998.509532863399940E-3
493.000000000000060E+0	998.902426880140640E-3
494.000000000000060E+0	997.435798207776170E-3
495.000000000000060E+0	991.257696219126290E-3
496.000000000000060E+0	996.191943148199810E-3
497.000000000000060E+0	998.214759507721090E-3
498.000000000000060E+0	999.520188268822270E-3
499.000000000000060E+0	999.324394347463560E-3
500.000000000000060E+0	995.759834927149030E-3
501.000000000000060E+0	996.566863542679980E-3
502.000000000000060E+0	998.585507848397390E-3
503.000000000000060E+0	997.552855779000100E-3
504.000000000000060E+0	997.138114035303720E-3
505.000000000000060E+0	998.050260215098130E-3
506.000000000000060E+0	998.420135824716230E-3
507.000000000000060E+0	998.676134880461810E-3
508.000000000000060E+0	998.262525927894000E-3
509.000000000000060E+0	997.649863856230110E-3
510.000000000000060E+0	990.978113042952250E-3
511.000000000000060E+0	999.040614909178280E-3
512.000000000000110E+0	999.151818580111930E-3
513.000000000000110E+0	997.276488023052130E-3
514.000000000000110E+0	997.384675927418860E-3
515.000000000000110E+0	996.259821731588450E-3
516.000000000000110E+0	995.984352068755350E-3
517.000000000000110E+0	999.344222328809150E-3
518.000000000000110E+0	997.695338723686870E-3
519.000000000000110E+0	970.501620777827090E-3
520.000000000000110E+0	972.848094424493830E-3
521.000000000000110E+0	995.377544299685720E-3
522.000000000000110E+0	995.857547556027180E-3
523.000000000000110E+0	994.435274210499930E-3
524.000000000000110E+0	991.483300899677070E-3
525.000000000000110E+0	999.368645154702920E-3
526.000000000000110E+0	998.685881402888720E-3
527.000000000000110E+0	998.354945337508790E-3
528.000000000000110E+0	997.694635543385220E-3
529.000000000000110E+0	997.190199621856070E-3
530.000000000000110E+0	999.702311763905780E-3
531.000000000000110E+0	999.217910408993880E-3
532.000000000000110E+0	996.098560259088610E-3
533.000000000000110E+0	997.706520225136390E-3
534.000000000000110E+0	997.388094604858890E-3
535.000000000000110E+0	997.822085744120460E-3
536.000000000000110E+0	998.491503160950590E-3
537.000000000000110E+0	998.174981186829010E-3
538.000000000000110E+0	996.767142407670840E-3
539.000000000000110E+0	997.475765800963200E-3
540.000000000000110E+0	997.844451566716080E-3
541.000000000000110E+0	998.135908990442910E-3
542.000000000000110E+0	994.342307000606440E-3
543.000000000000110E+0	994.066648134384940E-3
544.000000000000110E+0	997.348564232259820E-3
545.000000000000110E+0	996.833139793238840E-3
546.000000000000110E+0	994.835527072177370E-3
547.000000000000110E+0	995.781425851049890E-3
548.000000000000110E+0	997.313271645262730E-3
549.000000000000110E+0	999.037869947254080E-3
550.000000000000110E+0	998.581492728358940E-3
551.000000000000110E+0	995.217467641213440E-3
552.000000000000110E+0	995.154605213344870E-3
553.000000000000110E+0	998.542349730464850E-3
554.000000000000110E+0	999.031419975720090E-3
555.000000000000110E+0	995.382126954891810E-3
556.000000000000110E+0	996.533815444986200E-3
557.000000000000110E+0	997.358692955507280E-3
558.000000000000110E+0	997.818937969652930E-3
559.000000000000110E+0	998.793449439593920E-3
560.000000000000110E+0	998.310954871363900E-3
561.000000000000110E+0	991.297018727852360E-3
562.000000000000110E+0	997.964389286206570E-3
563.000000000000110E+0	997.064561798636780E-3
564.000000000000110E+0	996.508655174683790E-3
565.000000000000110E+0	995.665143043162230E-3
566.000000000000110E+0	992.249753009922350E-3
567.000000000000110E+0	997.663595551143590E-3
568.000000000000110E+0	997.067530435346350E-3
569.000000000000110E+0	995.081132793900090E-3
570.000000000000110E+0	983.939583074482370E-3
571.000000000000110E+0	993.559569905574920E-3
572.000000000000110E+0	992.934806299827780E-3
573.000000000000110E+0	991.950620507425110E-3
574.000000000000110E+0	968.224526371458620E-3
575.000000000000110E+0	978.671416008996100E-3
576.000000000000110E+0	964.021359723118750E-3
577.000000000000110E+0	996.447691595639280E-3
578.000000000000110E+0	997.426523978294790E-3
579.000000000000110E+0	992.480303457165420E-3
580.000000000000110E+0	993.948951183622920E-3
581.000000000000110E+0	998.518875867680290E-3
582.000000000000110E+0	998.282670685746610E-3
583.000000000000110E+0	997.843481829884250E-3
584.000000000000110E+0	997.620114231747790E-3
585.000000000000110E+0	997.652424507312170E-3
586.000000000000110E+0	998.460166049195740E-3
587.000000000000110E+0	998.798073835646450E-3
588.000000000000110E+0	998.773410653852610E-3
589.000000000000110E+0	992.625079290337280E-3
590.000000000000110E+0	999.138235719762790E-3
591.000000000000110E+0	999.503107269353210E-3
592.000000000000110E+0	998.636215276921700E-3
593.000000000000110E+0	997.041838806761670E-3
594.000000000000110E+0	997.130987586382190E-3
595.000000000000110E+0	998.489857094264630E-3
596.000000000000110E+0	999.010000307702930E-3
597.000000000000110E+0	998.878305915379180E-3
598.000000000000110E+0	995.503118006545890E-3
599.000000000000110E+0	997.741570577906360E-3
600.000000000000110E+0	999.095537300843990E-3
601.000000000000110E+0	998.850968216084990E-3
602.000000000000110E+0	995.574275155273860E-3
603.000000000000110E+0	995.504282628918550E-3
604.000000000000110E+0	998.739292090386700E-3
605.000000000000110E+0	998.739839614240510E-3
606.000000000000110E+0	998.223475278242400E-3
607.000000000000110E+0	998.171460660758350E-3
608.000000000000110E+0	995.446901201472720E-3
609.000000000000110E+0	998.900089386586920E-3
610.000000000000110E+0	998.681560532332370E-3
611.000000000000110E+0	994.172320331140890E-3
612.000000000000110E+0	994.209532894983480E-3
613.000000000000110E+0	998.764195887110960E-3
614.000000000000110E+0	997.301396221814570E-3
615.000000000000110E+0	996.802122221698280E-3
616.000000000000110E+0	996.046884080199030E-3
617.000000000000110E+0	996.589641991127540E-3
618.000000000000110E+0	998.193338644260300E-3
619.000000000000110E+0	997.919626533441020E-3
620.000000000000110E+0	997.120376317853660E-3
621.000000000000110E+0	969.840944069596310E-3
622.000000000000110E+0	995.873357316666260E-3
623.000000000000110E+0	998.179825264951410E-3
624.000000000000110E+0	998.556598515468190E-3
625.000000000000110E+0	998.965680720909850E-3
626.000000000000110E+0	997.762689342441060E-3
627.000000000000110E+0	998.319910242931210E-3
628.000000000000110E+0	999.478224533629890E-3
629.000000000000110E+0	999.061613976073290E-3
630.000000000000110E+0	998.956452363609300E-3
631.000000000000110E+0	994.052092425125160E-3
632.000000000000110E+0	998.590672978047930E-3
633.000000000000110E+0	999.294375433243950E-3
634.000000000000110E+0	998.689441005239930E-3
635.000000000000110E+0	998.274705980075620E-3
636.000000000000110E+0	996.777701917326060E-3
637.000000000000110E+0	999.401760298369250E-3
638.000000000000110E+0	999.545689124373800E-3
639.000000000000110E+0	999.422995728730720E-3
640.000000000000110E+0	991.962639782131060E-3
641.000000000000110E+0	999.281791938201880E-3
642.000000000000110E+0	999.593685784224580E-3
643.000000000000110E+0	999.171762378867510E-3
644.000000000000110E+0	997.711958707947490E-3
645.000000000000110E+0	995.956420082837580E-3
646.000000000000110E+0	999.024526826521210E-3
647.000000000000110E+0	999.065792371909180E-3
648.000000000000110E+0	998.595491632132680E-3
649.000000000000110E+0	997.290964098156540E-3
650.000000000000110E+0	992.572735176463380E-3
651.000000000000110E+0	999.379314969795480E-3
652.000000000000110E+0	999.509460400790470E-3
653.000000000000110E+0	997.263717107360950E-3
654.000000000000110E+0	997.043824374099660E-3
655.000000000000110E+0	997.778417815850750E-3
656.000000000000110E+0	999.517017016126270E-3
657.000000000000110E+0	999.394494961661440E-3
658.000000000000110E+0	996.528114670968580E-3
659.000000000000110E+0	990.271564147550240E-3
660.000000000000110E+0	999.136245703196370E-3
661.000000000000110E+0	999.318903040987580E-3
662.000000000000110E+0	998.927902498939150E-3
663.000000000000110E+0	995.886513686651600E-3
664.000000000000110E+0	998.139039445988250E-3
665.000000000000110E+0	999.288656714642400E-3
666.000000000000110E+0	998.733367691016950E-3
667.000000000000110E+0	998.180404165312730E-3
668.000000000000110E+0	991.082146751016690E-3
669.000000000000110E+0	996.556354180668790E-3
670.000000000000110E+0	999.048671100364880E-3
671.000000000000110E+0	998.055197443907030E-3
672.000000000000110E+0	992.702320320471010E-3
673.000000000000110E+0	997.520091875683690E-3
674.000000000000110E+0	998.979348510024230E-3
675.000000000000110E+0	999.554649409465260E-3
676.000000000000110E+0	998.892572086597540E-3
677.000000000000110E+0	998.527216800545570E-3
678.000000000000110E+0	995.512232503996560E-3
679.000000000000110E+0	998.374878644555320E-3
680.000000000000110E+0	998.570861637911200E-3
681.000000000000110E+0	993.580135455333970E-3
682.000000000000110E+0	975.567572406019540E-3
683.000000000000110E+0	991.313188119922640E-3
684.000000000000110E+0	985.094205194072650E-3
685.000000000000110E+0	975.874484279697140E-3
686.000000000000110E+0	976.463566269681890E-3
687.000000000000110E+0	962.689421129005240E-3
688.000000000000110E+0	992.233525905985350E-3
689.000000000000110E+0	994.136225251395110E-3
690.000000000000110E+0	989.013022815693810E-3
691.000000000000110E+0	978.969603446224860E-3
692.000000000000110E+0	989.024555491216150E-3
693.000000000000110E+0	998.256621600908220E-3
694.000000000000110E+0	997.786711611734040E-3
695.000000000000110E+0	994.246378979699580E-3
696.000000000000110E+0	993.201394704541720E-3
697.000000000000110E+0	994.539853340986600E-3
698.000000000000110E+0	998.373005341972040E-3
699.000000000000110E+0	998.699096929139500E-3
700.000000000000110E+0	997.968512869333300E-3
701.000000000000110E+0	997.580908789608140E-3
702.000000000000110E+0	998.625998033155550E-3
703.000000000000110E+0	998.148648776410740E-3
704.000000000000110E+0	996.921325869512540E-3
705.000000000000110E+0	996.161680303697780E-3
706.000000000000110E+0	995.206559894689870E-3
707.000000000000110E+0	998.039099710699370E-3
708.000000000000110E+0	997.425670908558940E-3
709.000000000000110E+0	996.125833949086490E-3
710.000000000000110E+0	995.059940700978250E-3
711.000000000000110E+0	998.287469203107400E-3
712.000000000000110E+0	998.536339104280750E-3
713.000000000000110E+0	994.673215291910770E-3
714.000000000000110E+0	969.893433978618050E-3
715.000000000000110E+0	988.567506889442730E-3
716.000000000000110E+0	993.840592294313760E-3
717.000000000000110E+0	996.597575701224760E-3
718.000000000000110E+0	998.476524843082020E-3
719.000000000000110E+0	990.752221784479970E-3
720.000000000000110E+0	996.700285894616460E-3
721.000000000000110E+0	998.689165349643030E-3
722.000000000000110E+0	998.560443363167070E-3
723.000000000000110E+0	996.047830040924900E-3
724.000000000000110E+0	997.920606986346770E-3
725.000000000000110E+0	998.605843669558070E-3
726.000000000000110E+0	998.091557502928990E-3
727.000000000000110E+0	997.760570674476540E-3
728.000000000000110E+0	998.057862283734940E-3
729.000000000000110E+0	985.590077741433260E-3
730.000000000000110E+0	999.068478731715560E-3
731.000000000000110E+0	998.929825204021180E-3
732.000000000000110E+0	996.357193412328420E-3
733.000000000000110E+0	996.873327278468560E-3
734.000000000000110E+0	997.818864177985040E-3
735.000000000000110E+0	999.515324400697680E-3
736.000000000000110E+0	999.228219438001660E-3
737.000000000000110E+0	998.648777995547190E-3
738.000000000000110E+0	996.607667968554930E-3
739.000000000000110E+0	997.527627186903350E-3
740.000000000000110E+0	998.372843594788620E-3
741.000000000000110E+0	996.244049792287980E-3
742.000000000000110E+0	990.731000379940330E-3
743.000000000000110E+0	991.668690825873940E-3
744.000000000000110E+0	996.456653986293020E-3
745.000000000000110E+0	993.538746888083300E-3
746.000000000000110E+0	994.663139176104940E-3
747.000000000000110E+0	988.043704576783140E-3
748.000000000000110E+0	988.409734401120010E-3
749.000000000000110E+0	997.058549910432860E-3
750.000000000000110E+0	997.642998805177370E-3
751.000000000000110E+0	993.933304012598380E-3
752.000000000000110E+0	987.021442753676870E-3
753.000000000000110E+0	997.973570649524410E-3
754.000000000000110E+0	998.167360553109620E-3
755.000000000000110E+0	994.355497007952890E-3
756.000000000000110E+0	995.295835996670040E-3
757.000000000000110E+0	992.740010612666480E-3
758.000000000000110E+0	993.970414374928500E-3
759.000000000000110E+0	998.692763429241740E-3
760.000000000000110E+0	996.644728033077240E-3
761.000000000000110E+0	980.162747549633730E-3
762.000000000000110E+0	994.317840437081930E-3
763.000000000000110E+0	995.958956737006410E-3
764.000000000000110E+0	992.744448137252710E-3
765.000000000000110E+0	986.514142085969210E-3
766.000000000000110E+0	982.962667963703460E-3
767.000000000000110E+0	990.506262921360350E-3
768.000000000000110E+0	990.351391333950340E-3
769.000000000000110E+0	992.873226661922130E-3
770.000000000000110E+0	984.130508631149150E-3
771.000000000000110E+0	975.033845285679490E-3
772.000000000000110E+0	996.695396524469150E-3
773.000000000000110E+0	996.400739459946670E-3
774.000000000000110E+0	989.316176213346110E-3
775.000000000000110E+0	994.200273497590770E-3
776.000000000000110E+0	996.021541937647580E-3
777.000000000000110E+0	998.454662128179570E-3
778.000000000000110E+0	998.837759075515310E-3
779.000000000000110E+0	996.977471740172590E-3
780.000000000000110E+0	974.961079517678960E-3
781.000000000000110E+0	996.797863240254660E-3
782.000000000000110E+0	998.113649485463770E-3
783.000000000000110E+0	997.384964975901010E-3
784.000000000000110E+0	993.189974291142090E-3
785.000000000000110E+0	996.000448625121490E-3
786.000000000000110E+0	998.702565090955120E-3
787.000000000000110E+0	998.947030078222280E-3
788.000000000000110E+0	998.885948952680790E-3
789.000000000000110E+0	993.422232182569090E-3
790.000000000000110E+0	998.182816537493190E-3
791.000000000000110E+0	998.881480750843150E-3
792.000000000000110E+0	996.261852973499780E-3
793.000000000000110E+0	992.348757308318840E-3
794.000000000000110E+0	996.463674300033460E-3
795.000000000000110E+0	997.624327524419100E-3
796.000000000000110E+0	997.757916505413790E-3
797.000000000000110E+0	997.445441002121510E-3
798.000000000000110E+0	994.514924289626180E-3
799.000000000000110E+0	996.147213478760450E-3
800.000000000000110E+0	998.056593894459000E-3
801.000000000000110E+0	998.375295638569190E-3
802.000000000000110E+0	992.554175456989210E-3
803.000000000000110E+0	996.591303836243500E-3
804.000000000000110E+0	998.145707292631970E-3
805.000000000000110E+0	997.830807972817200E-3
806.000000000000110E+0	997.872977134600100E-3
807.000000000000110E+0	997.990550767110960E-3
808.000000000000110E+0	991.889536972101470E-3
809.000000000000110E+0	999.250036246522870E-3
810.000000000000110E+0	999.245608014261770E-3
811.000000000000110E+0	998.176608951481640E-3
812.000000000000110E+0	995.411326887068570E-3
813.000000000000110E+0	995.476158915843180E-3
814.000000000000110E+0	998.636451503142400E-3
815.000000000000110E+0	998.587532527724700E-3
816.000000000000110E+0	997.178547672792790E-3
817.000000000000110E+0	993.659258845397630E-3
818.000000000000110E+0	992.770761702481690E-3
819.000000000000110E+0	998.892918035352180E-3
820.000000000000110E+0	997.740791948715120E-3
821.000000000000110E+0	984.163453463643530E-3
822.000000000000110E+0	992.783716840765610E-3
823.000000000000110E+0	998.158659026731060E-3
824.000000000000110E+0	998.046957964481840E-3
825.000000000000110E+0	996.452958933788160E-3
826.000000000000110E+0	992.999205101286250E-3
827.000000000000110E+0	992.237265230879180E-3
828.000000000000110E+0	997.753220923724980E-3
829.000000000000110E+0	997.765456430336870E-3
830.000000000000110E+0	995.830913018274420E-3
831.000000000000110E+0	957.809028011690880E-3
832.000000000000110E+0	993.071286381142390E-3
833.000000000000110E+0	997.918043106946100E-3
834.000000000000110E+0	991.793242956509720E-3
835.000000000000110E+0	986.367793403283510E-3
836.000000000000110E+0	981.802529648042380E-3
837.000000000000110E+0	991.599004966598580E-3
838.000000000000110E+0	996.463131158944690E-3
839.000000000000110E+0	995.269419364154250E-3
840.000000000000110E+0	984.838097498223370E-3
841.000000000000110E+0	991.367022035145150E-3
842.000000000000110E+0	995.123977639844840E-3
843.000000000000110E+0	995.156262454525260E-3
844.000000000000110E+0	989.476102452609640E-3
845.000000000000110E+0	976.312470983047850E-3
846.000000000000110E+0	996.149697368200690E-3
847.000000000000110E+0	997.179328094856880E-3
848.000000000000110E+0	995.693247099292300E-3
849.000000000000110E+0	989.156403508828390E-3
850.000000000000110E+0	962.369805512651170E-3
851.000000000000110E+0	996.363583752756800E-3
852.000000000000110E+0	996.028392258530350E-3
853.000000000000110E+0	990.293760693607190E-3
854.000000000000110E+0	987.240702312957240E-3
855.000000000000110E+0	992.610066297507810E-3
856.000000000000110E+0	997.888997433969640E-3
857.000000000000110E+0	997.912508274972130E-3
858.000000000000110E+0	995.732416532786430E-3
859.000000000000110E+0	983.993088839455460E-3
860.000000000000110E+0	992.738944204088590E-3
861.000000000000110E+0	997.808158561409250E-3
862.000000000000110E+0	991.104841271687080E-3
863.000000000000110E+0	960.347975409169940E-3
864.000000000000110E+0	983.339468302744880E-3
865.000000000000110E+0	985.541798622946330E-3
866.000000000000110E+0	995.667640322545180E-3
867.000000000000110E+0	995.488457488618140E-3
868.000000000000110E+0	981.718407626548050E-3
869.000000000000110E+0	985.849794682097210E-3
870.000000000000110E+0	997.975977846799480E-3
871.000000000000110E+0	996.325177700914890E-3
872.000000000000110E+0	983.508987575665070E-3
873.000000000000110E+0	971.769227833343070E-3
874.000000000000110E+0	996.468416145928740E-3
875.000000000000110E+0	997.770627731573540E-3
876.000000000000110E+0	996.792753666626230E-3
877.000000000000110E+0	998.081991431455150E-3
878.000000000000110E+0	986.404397747766670E-3
879.000000000000110E+0	993.572425642702090E-3
880.000000000000110E+0	998.303184782367570E-3
881.000000000000110E+0	997.237369402776190E-3
882.000000000000110E+0	981.573461814860160E-3
883.000000000000110E+0	996.469105041864920E-3
884.000000000000110E+0	997.398377006685540E-3
885.000000000000110E+0	996.321803584379160E-3
886.000000000000110E+0	993.035809195331850E-3
887.000000000000110E+0	980.718947820735100E-3
888.000000000000110E+0	994.128815661999070E-3
889.000000000000110E+0	997.646897929509220E-3
890.000000000000110E+0	997.195948570961940E-3
891.000000000000110E+0	994.913622398313050E-3
892.000000000000110E+0	993.212844042081540E-3
893.000000000000110E+0	998.729485197371700E-3
894.000000000000110E+0	997.184075593469330E-3
895.000000000000110E+0	992.769722578327740E-3
896.000000000000110E+0	992.918805679018800E-3
897.000000000000110E+0	986.567440128829460E-3
898.000000000000110E+0	997.418640334683080E-3
899.000000000000110E+0	996.927109886906030E-3
900.000000000000110E+0	992.769963978010760E-3
901.000000000000110E+0	978.923680825061870E-3
902.000000000000110E+0	994.926237099615920E-3
903.000000000000110E+0	996.184740211332410E-3
904.000000000000110E+0	994.844960049924400E-3
905.000000000000110E+0	986.329417205229930E-3
906.000000000000110E+0	992.189409075585950E-3
907.000000000000110E+0	995.063682207168120E-3
908.000000000000110E+0	995.540436249478190E-3
909.000000000000110E+0	994.812356071577470E-3
910.000000000000110E+0	987.871185260154830E-3
911.000000000000110E+0	996.323868225698520E-3
912.000000000000110E+0	998.137441604869720E-3
913.000000000000110E+0	994.843772489933830E-3
914.000000000000110E+0	984.093959093305880E-3
915.000000000000110E+0	986.318996841753170E-3
916.000000000000110E+0	995.077687110897280E-3
917.000000000000110E+0	998.042026080788180E-3
918.000000000000110E+0	997.301906606707140E-3
919.000000000000110E+0	996.212238693270140E-3
920.000000000000110E+0	985.414348261509420E-3
921.000000000000110E+0	997.686578914650180E-3
922.000000000000110E+0	997.631522150414840E-3
923.000000000000110E+0	994.618621934929670E-3
924.000000000000110E+0	989.616453032006960E-3
925.000000000000110E+0	997.090728692228260E-3
926.000000000000110E+0	997.770402281554780E-3
927.000000000000110E+0	997.764332591529300E-3
928.000000000000110E+0	996.249716678261680E-3
929.000000000000110E+0	979.132763606798910E-3
930.000000000000110E+0	995.484656189589590E-3
931.000000000000110E+0	996.946958790224550E-3
932.000000000000110E+0	993.342559222496920E-3
933.000000000000110E+0	988.613853455988290E-3
934.000000000000110E+0	994.130436620470400E-3
935.000000000000110E+0	998.017266819514860E-3
936.000000000000110E+0	997.256481762300860E-3
937.000000000000110E+0	994.860976881061340E-3
938.000000000000110E+0	992.413746430131690E-3
939.000000000000110E+0	978.237270158997530E-3
940.000000000000110E+0	998.606987602081110E-3
941.000000000000110E+0	997.684343884528530E-3
942.000000000000110E+0	990.155610349034540E-3
943.000000000000110E+0	995.511267974350300E-3
944.000000000000110E+0	999.104201036657980E-3
945.000000000000110E+0	998.473246742895840E-3
946.000000000000110E+0	998.017733731627720E-3
947.000000000000110E+0	997.104781032125740E-3
948.000000000000110E+0	993.720846007187690E-3
949.000000000000110E+0	997.210582934689120E-3
950.000000000000110E+0	997.431910043427790E-3
951.000000000000110E+0	995.824700837361410E-3
952.000000000000110E+0	987.368146493143190E-3
953.000000000000110E+0	997.488961014787680E-3
954.000000000000110E+0	998.971956788983090E-3
955.000000000000110E+0	996.946229869140940E-3
956.000000000000110E+0	995.558152257937530E-3
957.000000000000110E+0	995.116319339318770E-3
958.000000000000110E+0	994.502020298092200E-3
959.000000000000110E+0	997.964693200756200E-3
960.000000000000110E+0	991.380443716710970E-3
961.000000000000110E+0	974.785441451140320E-3
962.000000000000110E+0	992.533946668218370E-3
963.000000000000110E+0	994.522752555428100E-3
964.000000000000110E+0	996.622726223665990E-3
965.000000000000110E+0	978.325964042923930E-3
966.000000000000110E+0	953.820186533031910E-3
967.000000000000110E+0	979.899487427525310E-3
968.000000000000110E+0	995.212355909241510E-3
969.000000000000110E+0	993.954780826841740E-3
970.000000000000110E+0	965.111987274449690E-3
971.000000000000110E+0	901.053573691059760E-3
972.000000000000110E+0	989.938480719020350E-3
973.000000000000110E+0	973.504490640146660E-3
974.000000000000110E+0	945.852254186962170E-3
975.000000000000110E+0	886.773230794813290E-3
976.000000000000110E+0	675.501822661467080E-3
977.000000000000110E+0	806.748842237785650E-3
978.000000000000110E+0	959.856653583077370E-3
979.000000000000110E+0	939.217244171127290E-3
980.000000000000110E+0	803.437409460583170E-3
981.000000000000110E+0	934.604603452714120E-3
982.000000000000110E+0	985.582912324126200E-3
983.000000000000110E+0	962.783748639644330E-3
984.000000000000110E+0	774.923501481841640E-3
985.000000000000110E+0	974.364271543028740E-3
986.000000000000110E+0	984.550064701651070E-3
987.000000000000110E+0	995.057950073968470E-3
988.000000000000110E+0	994.327077807858670E-3
989.000000000000110E+0	981.097686534719180E-3
990.000000000000110E+0	973.803963563950710E-3
991.000000000000110E+0	997.090558796429720E-3
992.000000000000110E+0	992.063444567865770E-3
993.000000000000110E+0	980.488340772982970E-3
994.000000000000110E+0	949.955440452794010E-3
995.000000000000110E+0	990.803045411592590E-3
996.000000000000110E+0	993.620171110716990E-3
997.000000000000110E+0	988.534328164985880E-3
998.000000000000110E+0	987.331294198306900E-3
999.000000000000110E+0	750.545721877200590E-3
1.000000000000000E+3	993.990566779229810E-3
