Freq (Hz)	Gxyaccelerometre /source
source
source_Real	Gxyaccelerometre /source
source
source_Imag
10.000000000000018E+0	-4.504871991935642E-3	5.496687721899605E-3
11.000000000000020E+0	-21.239895256579468E-3	-145.007583461445850E-6
12.000000000000021E+0	-5.021763566240366E-3	-27.497834344499213E-3
13.000000000000023E+0	20.213545422441470E-3	-19.260680462666799E-3
14.000000000000025E+0	13.715947281861925E-3	91.583310019602834E-3
15.000000000000027E+0	-130.553533497244830E-3	10.907326248706375E-3
16.000000000000028E+0	-46.098863034471430E-3	-46.230855013404425E-3
17.000000000000028E+0	-68.154501317368721E-3	15.643419095738648E-3
18.000000000000028E+0	-44.560068001694778E-3	127.936653503419840E-3
19.000000000000028E+0	-307.312721718926100E-3	81.056113592814019E-3
20.000000000000028E+0	-203.140451250267200E-3	146.958205804928300E-3
21.000000000000028E+0	-271.224382338595030E-3	296.027085615991000E-3
22.000000000000028E+0	-464.767383836290790E-3	396.324974474729360E-3
23.000000000000028E+0	-813.905015557188530E-3	714.863327986721030E-3
24.000000000000028E+0	-752.946395537461450E-3	1.678206922413499E+0
25.000000000000028E+0	-898.005749019173850E-3	3.049791925883303E+0
26.000000000000028E+0	252.133197213844420E-3	7.617351816299649E+0
27.000000000000028E+0	2.294345208569512E+0	5.594670197285850E+0
28.000000000000028E+0	3.327769737926983E+0	5.782787240621562E+0
29.000000000000028E+0	3.661856287527814E+0	2.599502068932404E+0
30.000000000000028E+0	3.202755578482676E+0	611.600988835061090E-3
31.000000000000028E+0	5.427175171756221E+0	-1.297382202296810E+0
32.000000000000028E+0	5.376316302242582E+0	-4.400373437958197E+0
33.000000000000028E+0	1.424228062027701E+0	-4.517662322152388E+0
34.000000000000028E+0	536.396974804004830E-3	-808.870431184286480E-3
35.000000000000028E+0	-382.280353460251580E-3	-401.945722054466880E-3
36.000000000000028E+0	380.855248985780880E-3	-406.131518743906290E-3
37.000000000000028E+0	730.390790160127640E-3	-885.850591414871990E-3
38.000000000000028E+0	484.712765256589680E-3	220.856005389500510E-3
39.000000000000028E+0	63.573148815467814E-3	738.482320142430870E-3
40.000000000000028E+0	-23.169689102521603E-3	1.648958981089043E+0
41.000000000000028E+0	1.647171168048610E+0	4.016386028474860E+0
42.000000000000028E+0	4.312609756489159E+0	5.466580698399158E+0
43.000000000000028E+0	4.048479788284662E+0	750.508726457415510E-3
44.000000000000028E+0	3.078682372333796E+0	-895.666307959011140E-3
45.000000000000028E+0	5.661479557332730E+0	-3.345600995210232E+0
46.000000000000028E+0	3.122206821128562E+0	-2.081495676938676E+0
47.000000000000028E+0	5.882709143886311E+0	2.105767351458001E+0
48.000000000000028E+0	3.484663858285951E+0	1.364469733160723E+0
49.000000000000028E+0	2.381696812134609E+0	2.990869539416183E+0
50.000000000000028E+0	5.993135692122541E+0	6.203946345910142E+0
51.000000000000028E+0	12.296384287018386E+0	8.006002624423939E+0
52.000000000000028E+0	8.778828777317653E+0	3.155745066786039E+0
53.000000000000028E+0	6.525067745477391E+0	1.754968912179799E+0
54.000000000000028E+0	13.939274664722234E+0	3.208551614879646E+0
55.000000000000028E+0	19.778262542470397E+0	3.321923582591958E+0
56.000000000000028E+0	26.784129169085155E+0	2.469663883437244E+0
57.000000000000028E+0	18.663166721371859E+0	-3.983699987885607E+0
58.000000000000028E+0	6.312381037827839E+0	-3.605013576694220E+0
59.000000000000028E+0	32.032315839874499E+0	-15.097882236458179E+0
60.000000000000028E+0	55.506893292703786E+0	-39.202923230113349E+0
61.000000000000028E+0	28.622630459409084E+0	-31.113625191973920E+0
62.000000000000028E+0	10.990790133776439E+0	-20.086130729593247E+0
63.000000000000028E+0	30.027871595612776E+0	-61.170908341919926E+0
64.000000000000028E+0	28.203012116253227E+0	-91.249055415239212E+0
65.000000000000028E+0	23.426786303411280E+0	-116.387773321028860E+0
66.000000000000028E+0	10.938777972516892E+0	-95.880650952747715E+0
67.000000000000028E+0	-3.542395319393999E+0	-18.957528552361726E+0
68.000000000000028E+0	-5.533258432585715E+0	-33.853098311320281E+0
69.000000000000028E+0	-18.516473547450271E+0	-79.213743950176692E+0
70.000000000000028E+0	-22.390896594380646E+0	-55.808403626542869E+0
71.000000000000028E+0	-11.957218598852945E+0	-6.532132200893440E+0
72.000000000000028E+0	-18.439801837480427E+0	-12.870773907128859E+0
73.000000000000028E+0	-14.465263779728275E+0	-34.232885686233928E+0
74.000000000000028E+0	10.405979306788735E+0	-38.951660730055558E+0
75.000000000000028E+0	11.590742716220683E+0	-47.578374236390275E+0
76.000000000000028E+0	9.580741170958376E+0	-49.179732083561809E+0
77.000000000000028E+0	8.663368531041012E+0	-27.739562250551945E+0
78.000000000000028E+0	18.929954642433895E+0	-105.308769957995610E+0
79.000000000000028E+0	13.787878891543698E+0	-114.317452502648760E+0
80.000000000000028E+0	-314.977910480958470E-3	-27.578519017151869E+0
81.000000000000028E+0	-3.676115779799244E+0	-15.095143245652315E+0
82.000000000000028E+0	-3.081775979265090E+0	-36.355024927731733E+0
83.000000000000028E+0	-1.573444334667907E+0	-58.052045023069922E+0
84.000000000000028E+0	-3.054539552202120E+0	-37.591194322854449E+0
85.000000000000028E+0	-2.461162715528369E+0	-14.872226734238634E+0
86.000000000000028E+0	-939.396993407911830E-3	-11.828409963895830E+0
87.000000000000028E+0	-4.619529711475872E+0	-8.917046872755179E+0
88.000000000000028E+0	-27.349804040321278E+0	-54.530941623509513E+0
89.000000000000028E+0	-21.020000565932943E+0	-50.050138819634085E+0
90.000000000000028E+0	-354.471168734081190E-3	-1.815626865396672E+0
91.000000000000028E+0	-15.700567572516439E+0	-15.483019727197945E+0
92.000000000000028E+0	-24.690073031269289E+0	-24.116134335138319E+0
93.000000000000028E+0	-16.925462839659339E+0	-13.647671369828879E+0
94.000000000000028E+0	-16.775596197013062E+0	-9.584961136778206E+0
95.000000000000028E+0	-8.022434117757506E+0	-3.135441683461446E+0
96.000000000000028E+0	-10.955504725250425E+0	-187.178098136256550E-3
97.000000000000028E+0	-43.573404031758869E+0	6.443025353621235E-3
98.000000000000028E+0	-38.128544305433060E+0	4.044169279660001E+0
99.000000000000028E+0	-13.771109307319858E+0	2.088896733922669E+0
100.000000000000030E+0	-1.201200464005429E+0	929.593506055499620E-3
101.000000000000030E+0	-28.774965884006047E+0	15.231975111600525E+0
102.000000000000030E+0	-34.574192524144010E+0	14.449833752643610E+0
103.000000000000030E+0	-1.897281957004867E+0	1.556861340601522E+0
104.000000000000030E+0	-7.895360736237459E+0	13.517505727579330E+0
105.000000000000030E+0	-2.389178306097629E+0	4.922500921588478E+0
106.000000000000030E+0	-9.008352972285447E+0	11.719818930785326E+0
107.000000000000030E+0	-20.075441177106235E+0	27.065479661595852E+0
108.000000000000030E+0	-6.892696337050206E+0	15.433717595400349E+0
109.000000000000030E+0	-966.430843081716560E-3	458.572700468495080E-3
110.000000000000030E+0	1.044987360174494E+0	5.486436626943349E+0
111.000000000000030E+0	700.148026989785180E-3	8.822890536041722E+0
112.000000000000030E+0	-2.292333336772424E+0	1.659084544892933E+0
113.000000000000030E+0	-4.530558452501390E+0	146.156392900719360E-3
114.000000000000030E+0	-4.060464799003511E+0	-2.736102379169592E+0
115.000000000000030E+0	-5.597570517825504E+0	-3.679235039656983E+0
116.000000000000030E+0	-10.088218249168190E+0	-358.156252003137110E-3
117.000000000000030E+0	-17.126204430955806E+0	4.651215812110181E+0
118.000000000000030E+0	-4.789411470102324E+0	7.681165850906294E+0
119.000000000000030E+0	-6.515398411209580E+0	2.601520500017080E+0
120.000000000000030E+0	-43.309198758238992E+0	22.504412656421859E+0
121.000000000000030E+0	-19.802865193178462E+0	32.701355615876892E+0
122.000000000000030E+0	379.916699742236690E-3	13.044951491747179E+0
123.000000000000030E+0	-2.583309428617957E+0	21.408218328114948E+0
124.000000000000030E+0	7.807535892771656E+0	18.022602109452684E+0
125.000000000000030E+0	8.774643766469850E+0	40.556488344885828E+0
126.000000000000030E+0	30.826893419096514E+0	14.628727014300670E+0
127.000000000000030E+0	21.265562375103009E+0	-4.482950847335223E+0
128.000000000000030E+0	8.067174920203337E+0	-9.614876583370583E+0
129.000000000000030E+0	30.235668011365355E+0	-15.482525860927705E+0
130.000000000000030E+0	21.843158258831973E+0	-46.075616708917735E+0
131.000000000000030E+0	-2.645788690878161E+0	-31.747251295315880E+0
132.000000000000030E+0	-6.059541965468172E+0	-10.531405752406432E+0
133.000000000000030E+0	-9.611902435595107E+0	-25.571104128661453E+0
134.000000000000030E+0	-18.745126364743808E+0	-26.861697555582623E+0
135.000000000000030E+0	-15.279608865519588E+0	-27.677651904154221E+0
136.000000000000030E+0	-29.089637435827580E+0	-34.722350042292270E+0
137.000000000000030E+0	-9.183864384630532E+0	-8.210061734842682E+0
138.000000000000030E+0	-9.861744546418397E+0	-11.481422478169986E+0
139.000000000000030E+0	-53.099346664160691E+0	-34.886616617051132E+0
140.000000000000030E+0	-28.650939024994805E+0	-14.320855026956441E+0
141.000000000000030E+0	-13.972586612492222E+0	-3.360803981854500E+0
142.000000000000030E+0	-14.796879788202631E+0	-2.292407414724612E+0
143.000000000000030E+0	-26.512636921334739E+0	-8.378037914217181E+0
144.000000000000030E+0	-30.623459514836320E+0	-8.431690126484828E+0
145.000000000000030E+0	-18.821933037406335E+0	-5.274959225389774E+0
146.000000000000030E+0	-16.182503685520750E+0	-3.895278060758985E+0
147.000000000000030E+0	-3.765631826081936E+0	-735.586764590448580E-3
148.000000000000030E+0	-24.732286174907252E+0	8.153924664957861E+0
149.000000000000030E+0	-40.077531899194938E+0	13.368603868149984E+0
150.000000000000030E+0	-11.023091299458676E+0	5.813981603332628E+0
151.000000000000030E+0	-6.685114550034527E+0	5.085071794337389E+0
152.000000000000030E+0	-27.082632946576307E+0	10.033595004149131E+0
153.000000000000030E+0	-23.972110099218874E+0	7.495086447404420E+0
154.000000000000030E+0	-15.452787622959866E+0	1.940068299638688E+0
155.000000000000030E+0	-21.185800373310773E+0	2.169262712541128E+0
156.000000000000030E+0	-4.477296786830359E+0	-4.156732682865028E+0
157.000000000000030E+0	-7.012335303603289E+0	-2.780884588016890E+0
158.000000000000030E+0	-13.043857790545587E+0	2.702278126145184E+0
159.000000000000030E+0	-9.492995275591198E+0	2.293451443218184E+0
160.000000000000030E+0	-1.913448988014711E+0	1.105980089786766E+0
161.000000000000030E+0	-9.615768047643931E+0	6.430415709717548E+0
162.000000000000030E+0	-36.319231303754954E+0	10.861512760410303E+0
163.000000000000030E+0	-19.764073848828463E+0	4.036290021468806E+0
164.000000000000030E+0	-14.849040526969734E+0	-475.000118671906450E-3
165.000000000000030E+0	-23.711852247064694E+0	-3.604340080391833E+0
166.000000000000030E+0	-8.581456521204787E+0	-9.069475178308743E+0
167.000000000000030E+0	-34.850472974897357E+0	-11.486633676770198E+0
168.000000000000030E+0	-43.501350616209145E+0	-3.393452270716254E+0
169.000000000000030E+0	-7.889542981277339E+0	-1.794129939076289E+0
170.000000000000030E+0	-12.086421394915218E+0	10.953200955163647E+0
171.000000000000030E+0	-48.762020184029147E+0	37.521373364800397E+0
172.000000000000030E+0	-52.840165972658802E+0	52.044162483904060E+0
173.000000000000030E+0	-37.298729635912665E+0	38.770824990011036E+0
174.000000000000030E+0	-30.195832404203951E+0	14.024485334935667E+0
175.000000000000030E+0	-21.638705282190475E+0	2.478794110633446E+0
176.000000000000030E+0	-21.909275068868567E+0	5.740349877901407E+0
177.000000000000030E+0	2.214932641189510E+0	-1.745714560743338E+0
178.000000000000030E+0	5.116572514414802E+0	4.599870872992970E+0
179.000000000000030E+0	1.980737707336119E+0	-5.538936472750509E+0
180.000000000000030E+0	-3.144731136154243E+0	48.397813239874310E+0
181.000000000000030E+0	-17.154890837312529E+0	69.892615154033095E+0
182.000000000000030E+0	-6.802685134592811E+0	27.266304249739541E+0
183.000000000000030E+0	-19.929616713307723E+0	25.329755384681835E+0
184.000000000000030E+0	-24.497440613056291E+0	14.423564940294195E+0
185.000000000000030E+0	-22.836000664782148E+0	172.025250835279970E-3
186.000000000000030E+0	-19.142191068319136E+0	25.533424024954854E+0
187.000000000000030E+0	-18.236597554610281E+0	29.118368444881092E+0
188.000000000000030E+0	4.263398483418994E+0	2.011975989610801E+0
189.000000000000030E+0	13.753045937591731E+0	35.760423098805276E+0
190.000000000000030E+0	-6.026643870541145E+0	98.392258335966915E+0
191.000000000000030E+0	-2.421569177546405E+0	106.526792421394930E+0
192.000000000000030E+0	-509.743523642547380E-3	39.104366730903038E+0
193.000000000000030E+0	-1.870656912754808E+0	25.382935603446391E+0
194.000000000000030E+0	5.163823598778131E+0	58.516331197263454E+0
195.000000000000030E+0	13.104203803876967E+0	52.858427831584422E+0
196.000000000000030E+0	32.890823327366519E+0	62.120353546439901E+0
197.000000000000030E+0	24.191129081141558E+0	56.125242247564905E+0
198.000000000000030E+0	-215.241859232556450E-3	3.630834852513495E+0
199.000000000000030E+0	20.566891423740802E+0	45.630648185693495E+0
200.000000000000030E+0	-15.091766504484756E+0	25.881168027208865E+0
201.000000000000030E+0	6.068882550964469E+0	-16.815447607798411E+0
202.000000000000030E+0	17.740719490570839E+0	7.638231532137683E+0
203.000000000000030E+0	3.169340229110280E+0	7.866816690311845E+0
204.000000000000030E+0	5.397751785449636E+0	34.030821536314562E+0
205.000000000000030E+0	-7.092887646957176E+0	24.080131190026222E+0
206.000000000000030E+0	-5.026183439010643E+0	21.385087732339390E+0
207.000000000000030E+0	-4.823829365303710E+0	17.250258099340801E+0
208.000000000000030E+0	-17.380561850375326E+0	10.527206061658566E+0
209.000000000000030E+0	-34.328110021251526E+0	33.398439448024689E+0
210.000000000000030E+0	-26.724310627357120E+0	32.153337644549467E+0
211.000000000000030E+0	-11.049857287305345E+0	3.323592403757456E+0
212.000000000000030E+0	5.583168185579856E+0	22.381430548854745E+0
213.000000000000030E+0	-10.169102176803875E+0	67.731226420607470E+0
214.000000000000030E+0	-27.835958529089758E+0	32.511562786544900E+0
215.000000000000030E+0	-11.603308800605364E+0	40.026362253193334E+0
216.000000000000030E+0	-1.713432016167658E+0	22.220525951396425E+0
217.000000000000030E+0	7.838757705434423E+0	11.887952106593584E+0
218.000000000000030E+0	20.544094112655468E+0	50.188023946732642E+0
219.000000000000030E+0	7.220254996376146E+0	38.197777804059513E+0
220.000000000000030E+0	-1.985674798730280E+0	12.635902576560101E+0
221.000000000000030E+0	2.586935491473362E+0	2.000464835155318E+0
222.000000000000030E+0	16.197420823007228E+0	20.286532867532703E+0
223.000000000000030E+0	21.574856885011677E+0	52.627446277747083E+0
224.000000000000030E+0	-1.120276361961050E+0	33.777444472386662E+0
225.000000000000030E+0	-554.445268007083270E-3	43.387625392536229E+0
226.000000000000030E+0	4.162600064717450E+0	21.903357503800628E+0
227.000000000000030E+0	13.032416755714227E+0	20.838306279862671E+0
228.000000000000030E+0	44.009218001814162E+0	44.665862871417076E+0
229.000000000000030E+0	24.099413052792283E+0	24.841190387222550E+0
230.000000000000030E+0	3.779991963351035E+0	14.409819440785379E+0
231.000000000000030E+0	1.298313167641557E+0	15.140425282398926E+0
232.000000000000030E+0	9.599747605914427E+0	10.999461534607414E+0
233.000000000000030E+0	13.776172020146792E+0	8.518484501648512E+0
234.000000000000030E+0	25.238121828498421E+0	14.132853056370687E+0
235.000000000000030E+0	16.619608725676041E+0	11.124560007765478E+0
236.000000000000030E+0	16.694234603707091E+0	15.308871154709525E+0
237.000000000000030E+0	15.947021246481194E+0	7.159049363501913E+0
238.000000000000030E+0	20.739077573536399E+0	1.998525862349392E+0
239.000000000000030E+0	4.551381490440261E+0	-466.583086547893710E-3
240.000000000000030E+0	8.139349042923323E+0	-2.348039989640438E+0
241.000000000000030E+0	19.938859341128115E+0	9.434036215650051E+0
242.000000000000030E+0	4.231643335147980E+0	9.439865825392374E+0
243.000000000000030E+0	-884.920731622769410E-3	2.597544990664103E+0
244.000000000000030E+0	-3.346248464965893E+0	4.127929969277496E+0
245.000000000000030E+0	2.903243783406579E+0	-3.309514900186945E+0
246.000000000000030E+0	8.862474752970016E+0	19.340946075900746E+0
247.000000000000030E+0	-4.590728902059833E+0	24.253540401377432E+0
248.000000000000030E+0	-11.911324328319273E+0	8.904436691363397E+0
249.000000000000030E+0	-7.399799115380164E+0	-3.970808134471112E+0
250.000000000000030E+0	8.434824911543199E+0	1.103028979949924E+0
251.000000000000030E+0	9.530118622139042E+0	22.485085324878153E+0
252.000000000000030E+0	1.532856475474528E+0	20.809856925504214E+0
253.000000000000030E+0	-7.222861710188295E+0	22.465023797341708E+0
254.000000000000030E+0	-10.439212314506566E+0	27.580372422509992E+0
255.000000000000030E+0	-8.892054667766228E+0	26.720615711458038E+0
256.000000000000060E+0	-12.000213165886533E+0	27.091467691788022E+0
257.000000000000060E+0	-1.955733180692132E+0	38.003816874117582E+0
258.000000000000060E+0	-2.115255494540521E+0	20.841657986596495E+0
259.000000000000060E+0	-9.100093536869457E+0	-557.552914233681250E-3
260.000000000000060E+0	-4.652016975462341E+0	16.384119838332897E+0
261.000000000000060E+0	-5.757933161337698E+0	676.182400613846820E-3
262.000000000000060E+0	8.976144361165506E+0	-2.177275931657442E+0
263.000000000000060E+0	18.800052302378038E+0	9.886949132759344E+0
264.000000000000060E+0	12.044639300783386E+0	28.181390636757339E+0
265.000000000000060E+0	1.726078474240672E+0	38.250933229394199E+0
266.000000000000060E+0	-11.255504167557209E+0	32.362570265688625E+0
267.000000000000060E+0	-5.075680284150525E+0	21.213307163934257E+0
268.000000000000060E+0	-1.026262645662833E+0	11.591734360907351E+0
269.000000000000060E+0	-7.540755001834986E+0	23.071879195878004E+0
270.000000000000060E+0	-4.947748828339656E+0	46.782329222761994E+0
271.000000000000060E+0	-7.223065526656720E+0	10.647440282490882E+0
272.000000000000060E+0	8.131131583581913E+0	10.483170398762857E+0
273.000000000000060E+0	13.206301299098703E+0	25.436311059232707E+0
274.000000000000060E+0	10.309709498921205E+0	28.637722482361404E+0
275.000000000000060E+0	3.036429722259997E+0	28.683312952968304E+0
276.000000000000060E+0	9.583884115370720E+0	26.696691950159185E+0
277.000000000000060E+0	2.315182335096777E+0	7.374284398139298E+0
278.000000000000060E+0	13.090306929660278E+0	14.915305692552337E+0
279.000000000000060E+0	13.484213178591688E+0	29.649137735305221E+0
280.000000000000060E+0	-6.101601700903630E+0	20.058759888925969E+0
281.000000000000060E+0	-15.491931807113477E+0	7.825332781952689E+0
282.000000000000060E+0	-5.221719319804815E+0	-5.288477500420131E+0
283.000000000000060E+0	-1.880195301793671E+0	28.685444823828856E+0
284.000000000000060E+0	-15.162487383659336E+0	34.699604126943150E+0
285.000000000000060E+0	-48.897614608827759E+0	34.279318746554786E+0
286.000000000000060E+0	-41.555495723589999E+0	43.396068200116915E+0
287.000000000000060E+0	-10.946235811700291E+0	19.151463400716246E+0
288.000000000000060E+0	-44.275565912250315E+0	112.677887536528330E+0
289.000000000000060E+0	-19.671181287330320E+0	130.228351930809450E+0
290.000000000000060E+0	-4.427861120035145E+0	50.565766749798470E+0
291.000000000000060E+0	-7.807154804371175E+0	61.349176602169805E+0
292.000000000000060E+0	23.753961691047515E+0	94.407646816163250E+0
293.000000000000060E+0	32.854286344138032E+0	92.217837073745869E+0
294.000000000000060E+0	26.102795171331259E+0	85.236593142834579E+0
295.000000000000060E+0	25.302593704969098E+0	89.394616191932130E+0
296.000000000000060E+0	35.243826179996731E+0	66.469231822619989E+0
297.000000000000060E+0	72.828645089916876E+0	106.937108506818590E+0
298.000000000000060E+0	142.981859052662740E+0	191.351795999440160E+0
299.000000000000060E+0	132.915451789703780E+0	117.492225414095400E+0
300.000000000000060E+0	48.285700347057542E+0	25.479821391445217E+0
301.000000000000060E+0	148.782397762839650E+0	39.343096307202458E+0
302.000000000000060E+0	220.441489629353240E+0	30.027428433496823E+0
303.000000000000060E+0	31.860599630890835E+0	-2.934650691344463E+0
304.000000000000060E+0	87.077061737478615E+0	-31.792215653310613E+0
305.000000000000060E+0	40.546347264455662E+0	-15.586845221382115E+0
306.000000000000060E+0	43.505037591762978E+0	3.595631166058349E+0
307.000000000000060E+0	83.425580290919868E+0	21.139446043402653E+0
308.000000000000060E+0	66.284551386233588E+0	14.652889640687320E+0
309.000000000000060E+0	35.940268408059367E+0	13.912483376946904E+0
310.000000000000060E+0	28.225291978553667E+0	13.074311287089111E+0
311.000000000000060E+0	74.691226076185543E+0	29.216487086031805E+0
312.000000000000060E+0	75.420739066579813E+0	27.522867601777325E+0
313.000000000000060E+0	35.843807586355723E+0	16.648335097387754E+0
314.000000000000060E+0	53.207215602988320E+0	24.121593132194377E+0
315.000000000000060E+0	64.281669599245887E+0	25.719173579170494E+0
316.000000000000060E+0	57.022582279811310E+0	22.927379394991561E+0
317.000000000000060E+0	120.331180268936440E+0	28.512837542255841E+0
318.000000000000060E+0	88.893423888601376E+0	10.754969573637039E+0
319.000000000000060E+0	29.818542451402088E+0	3.200003399412418E+0
320.000000000000060E+0	156.279970287502980E+0	29.099225910905993E+0
321.000000000000060E+0	161.519352229437880E+0	13.095973759884945E+0
322.000000000000060E+0	64.859405587382611E+0	2.530440523435868E+0
323.000000000000060E+0	82.956292569399906E+0	-357.631995627140760E-3
324.000000000000060E+0	66.593143601210500E+0	-12.725308677416399E+0
325.000000000000060E+0	137.889367437964720E+0	-18.232259989386961E+0
326.000000000000060E+0	126.138989152954610E+0	-20.531165489017749E+0
327.000000000000060E+0	108.510912224261720E+0	-28.450416421237588E+0
328.000000000000060E+0	81.714182437235664E+0	-37.034088438608897E+0
329.000000000000060E+0	71.901544379974624E+0	-22.940324103676680E+0
330.000000000000060E+0	275.090349203138770E+0	-107.929235170024640E+0
331.000000000000060E+0	141.099369707303540E+0	-75.826993312412952E+0
332.000000000000060E+0	70.337953459193542E+0	-53.593491569969423E+0
333.000000000000060E+0	143.003295681156570E+0	-96.769258221955368E+0
334.000000000000060E+0	186.280643378552580E+0	-148.419989400747280E+0
335.000000000000060E+0	133.456686605745090E+0	-153.087646363090530E+0
336.000000000000060E+0	199.928625763951770E+0	-298.339618361213520E+0
337.000000000000060E+0	76.928444744852840E+0	-166.188956356248410E+0
338.000000000000060E+0	24.507350639362084E+0	-172.646163772287020E+0
339.000000000000060E+0	21.350722158381750E+0	-514.666242954865650E+0
340.000000000000060E+0	-56.125535583215537E+0	-401.756803424341630E+0
341.000000000000060E+0	-61.320946221556142E+0	-195.774916514441490E+0
342.000000000000060E+0	-44.928873826731674E+0	-91.383049968508558E+0
343.000000000000060E+0	-83.518954351620835E+0	-115.748219424982840E+0
344.000000000000060E+0	-105.899051949321840E+0	-109.191382334607370E+0
345.000000000000060E+0	-47.529742590591503E+0	-28.204887807355227E+0
346.000000000000060E+0	-65.287358510535569E+0	-22.387630880744428E+0
347.000000000000060E+0	-32.965973028960612E+0	-6.424725103336745E+0
348.000000000000060E+0	-45.116383665662113E+0	-18.069107327765447E+0
349.000000000000060E+0	-71.647132100959084E+0	-18.147532930379107E+0
350.000000000000060E+0	-19.742548452684019E+0	12.613007407788247E+0
351.000000000000060E+0	-21.745211727538212E+0	3.627527703283891E+0
352.000000000000060E+0	-657.841834117796180E-3	2.112426174168585E+0
353.000000000000060E+0	20.550355000408032E+0	33.465661032263192E+0
354.000000000000060E+0	30.320806806296918E+0	29.532271884769067E+0
355.000000000000060E+0	31.467844776205474E+0	15.989467994461387E+0
356.000000000000060E+0	32.726566085136895E+0	1.545919378413521E+0
357.000000000000060E+0	39.974983671442743E+0	7.257057027209778E+0
358.000000000000060E+0	52.970819174991028E+0	-10.405546932408104E+0
359.000000000000060E+0	65.375619374214835E+0	-26.923567012788833E+0
360.000000000000060E+0	45.574696169012235E+0	-24.547478700209012E+0
361.000000000000060E+0	31.824091688218040E+0	-12.936289249168107E+0
362.000000000000060E+0	147.708571122308340E+0	-62.027408861073717E+0
363.000000000000060E+0	95.979258384967949E+0	-39.121452739761430E+0
364.000000000000060E+0	50.691881244015093E+0	-33.442956255478492E+0
365.000000000000060E+0	48.270457436159127E+0	-64.464545076589886E+0
366.000000000000060E+0	25.528906747910664E+0	-60.679612483320866E+0
367.000000000000060E+0	53.949455424794777E+0	-160.168202769078730E+0
368.000000000000060E+0	39.414214882852818E+0	-229.700706956655350E+0
369.000000000000060E+0	7.852472347706147E+0	-99.535598054841188E+0
370.000000000000060E+0	-3.972736248702636E+0	-72.648171559508228E+0
371.000000000000060E+0	-21.229812205442450E+0	-86.413882935528022E+0
372.000000000000060E+0	-51.896170049466853E+0	-111.385188934035030E+0
373.000000000000060E+0	-36.211913702145580E+0	-31.265597367385652E+0
374.000000000000060E+0	-44.830138837077428E+0	-20.872984399323379E+0
375.000000000000060E+0	-50.482234953391845E+0	-36.568134219558814E+0
376.000000000000060E+0	-55.508042848031437E+0	-46.438214742313150E+0
377.000000000000060E+0	-54.684418307330773E+0	-60.161029610763535E+0
378.000000000000060E+0	-47.908703644280735E+0	-74.569309813361357E+0
379.000000000000060E+0	-4.377980671957736E+0	-33.650088557040121E+0
380.000000000000060E+0	193.982916812832250E-3	-7.639782378796182E+0
381.000000000000060E+0	-19.251554932109645E+0	-30.615471612854179E+0
382.000000000000060E+0	-13.276900283510239E+0	-8.369088867908907E+0
383.000000000000060E+0	-20.663222576818050E+0	-15.920052755014009E+0
384.000000000000060E+0	-16.477107428173575E+0	-15.333776693539686E+0
385.000000000000060E+0	-19.166870441355009E+0	-36.757273445560521E+0
386.000000000000060E+0	-17.204939707593603E+0	-56.901330212951962E+0
387.000000000000060E+0	168.555434156310190E-3	-24.734765171046806E+0
388.000000000000060E+0	-6.114049382054249E+0	-18.453309290288537E+0
389.000000000000060E+0	-1.338291449678964E+0	-7.716143607243737E+0
390.000000000000060E+0	-13.335642345595522E+0	-20.127156332039323E+0
391.000000000000060E+0	-27.950426631491347E+0	-34.706945682941637E+0
392.000000000000060E+0	-17.791372757123760E+0	-22.337158488974037E+0
393.000000000000060E+0	-2.199281305647070E+0	-24.020998281460827E+0
394.000000000000060E+0	-3.551519796698675E+0	-43.039053647394880E+0
395.000000000000060E+0	667.827193095227760E-3	-35.316808166125703E+0
396.000000000000060E+0	-1.937948052065989E+0	-38.931024099234762E+0
397.000000000000060E+0	-12.641543606437548E+0	-18.659657074226125E+0
398.000000000000060E+0	-13.308562295607235E+0	-7.150764903309488E+0
399.000000000000060E+0	-44.385881462743491E+0	-38.167180155545168E+0
400.000000000000060E+0	-79.678947312190260E+0	-59.145633698885959E+0
401.000000000000060E+0	-55.891464689364611E+0	-49.654512322288561E+0
402.000000000000060E+0	-23.577378865152163E+0	-33.173985823359494E+0
403.000000000000060E+0	-4.645781569165183E+0	1.381635686867839E+0
404.000000000000060E+0	-56.345914627630421E+0	56.605634428131474E+0
405.000000000000060E+0	-16.853895808649408E+0	66.594057182578439E+0
406.000000000000060E+0	-38.215127589711436E+0	73.486670835919568E+0
407.000000000000060E+0	-14.610278674673188E+0	66.719364813885349E+0
408.000000000000060E+0	-18.127306647913301E+0	19.254483429496997E+0
409.000000000000060E+0	7.850402539632755E+0	36.268225452045485E+0
410.000000000000060E+0	31.652964758956216E+0	8.278616565664400E+0
411.000000000000060E+0	22.138442288581754E+0	-4.012835371335223E+0
412.000000000000060E+0	36.902012671752502E+0	3.494114955830169E+0
413.000000000000060E+0	71.708146610010999E+0	17.711327937371813E+0
414.000000000000060E+0	72.348036119072745E+0	32.352221473157165E+0
415.000000000000060E+0	44.306319577013383E+0	27.744033218301478E+0
416.000000000000060E+0	18.741187434460077E+0	7.456831802430264E+0
417.000000000000060E+0	13.124010631134576E+0	-898.543499572913790E-3
418.000000000000060E+0	34.324491329620699E+0	-26.811752057897358E+0
419.000000000000060E+0	58.308964218349942E+0	-49.727323527226176E+0
420.000000000000060E+0	65.739985333061938E+0	-48.423144850254459E+0
421.000000000000060E+0	18.991835549721767E+0	-13.930077447557466E+0
422.000000000000060E+0	74.037325442777060E+0	-17.494988998263317E+0
423.000000000000060E+0	103.519766984494170E+0	-40.222967013585844E+0
424.000000000000060E+0	41.650812756569984E+0	-22.044683282007615E+0
425.000000000000060E+0	37.183989782865652E+0	-46.632306119208465E+0
426.000000000000060E+0	13.685404117625243E+0	-39.396067631550707E+0
427.000000000000060E+0	31.504874233787064E+0	-76.268293715742601E+0
428.000000000000060E+0	86.702358702273869E+0	-223.380148519088750E+0
429.000000000000060E+0	45.395273349824265E+0	-118.178559300765460E+0
430.000000000000060E+0	19.822148487324078E+0	-73.156943008932373E+0
431.000000000000060E+0	-4.018309051729768E+0	-64.029979585374605E+0
432.000000000000060E+0	-35.080417598199652E+0	-174.079187235679850E+0
433.000000000000060E+0	-86.898811363765191E+0	-110.892223767745190E+0
434.000000000000060E+0	-72.334559717285202E+0	-37.638903759915742E+0
435.000000000000060E+0	-59.746027571568774E+0	-14.999160296955305E+0
436.000000000000060E+0	-100.447153984712880E+0	-12.497954005939849E+0
437.000000000000060E+0	-101.722185660882700E+0	-1.431747543644409E+0
438.000000000000060E+0	-121.416699849843060E+0	30.061855964448124E+0
439.000000000000060E+0	-50.872942402786599E+0	29.719441215007826E+0
440.000000000000060E+0	-335.682060247504520E-3	5.849326574684464E+0
441.000000000000060E+0	-2.093934752235471E+0	61.544458180894750E+0
442.000000000000060E+0	37.932760035627730E+0	20.912726620427669E+0
443.000000000000060E+0	44.787850850160069E+0	11.059242294774993E+0
444.000000000000060E+0	45.844773797671593E+0	4.260971699486758E+0
445.000000000000060E+0	39.022429352566149E+0	-9.050226302292490E+0
446.000000000000060E+0	87.200375263521806E+0	-20.678787432694556E+0
447.000000000000060E+0	67.226769906154772E+0	-50.503260022267447E+0
448.000000000000060E+0	37.276334561314513E+0	-46.447208493650784E+0
449.000000000000060E+0	16.291100567338439E+0	-35.725103766674060E+0
450.000000000000060E+0	20.675139845014357E+0	-41.156806961731704E+0
451.000000000000060E+0	67.309036515796762E+0	-123.416448856557880E+0
452.000000000000060E+0	26.895934047354597E+0	-69.375693313904847E+0
453.000000000000060E+0	11.920915077075565E+0	-25.147493779560616E+0
454.000000000000060E+0	9.933369232498926E+0	-34.205825744898789E+0
455.000000000000060E+0	14.790917868135011E+0	-52.835136068091344E+0
456.000000000000060E+0	25.582652641599363E+0	-62.367446642928613E+0
457.000000000000060E+0	22.862539074719912E+0	-61.847409291901577E+0
458.000000000000060E+0	14.450973237044389E+0	-35.867061462474048E+0
459.000000000000060E+0	13.280704859521416E+0	-23.520768374357964E+0
460.000000000000060E+0	67.312088829176758E+0	-106.517377904993760E+0
461.000000000000060E+0	49.341055499233377E+0	-70.088076615487054E+0
462.000000000000060E+0	41.120479934278038E+0	-58.039553385904654E+0
463.000000000000060E+0	14.751297392187672E+0	-30.401562652274869E+0
464.000000000000060E+0	46.437852611956870E+0	-114.833358678925490E+0
465.000000000000060E+0	86.074878161357219E+0	-187.771315883566220E+0
466.000000000000060E+0	52.170679638001047E+0	-130.254739471273890E+0
467.000000000000060E+0	31.719427511038607E+0	-181.832826022268900E+0
468.000000000000060E+0	5.718114147741606E+0	-101.719887509173250E+0
469.000000000000060E+0	-18.852807178467273E+0	-244.157111063952560E+0
470.000000000000060E+0	-195.944980639219780E+0	-551.851778927754820E+0
471.000000000000060E+0	-127.081356857679680E+0	-218.490596076565230E+0
472.000000000000060E+0	-95.592478893952219E+0	-65.520562360950365E+0
473.000000000000060E+0	-185.627721425194380E+0	-103.106794313207890E+0
474.000000000000060E+0	-233.518725130187700E+0	-90.559182540023300E+0
475.000000000000060E+0	-244.743990536902490E+0	-52.440371624591954E+0
476.000000000000060E+0	-146.115448599402550E+0	-36.483927309341354E+0
477.000000000000060E+0	-68.896093074034198E+0	-12.968666337332133E+0
478.000000000000060E+0	-69.983430445570036E+0	-21.630064848904347E+0
479.000000000000060E+0	-164.594171457956750E+0	-65.554290564802159E+0
480.000000000000060E+0	-129.835113275052860E+0	-47.248203879983841E+0
481.000000000000060E+0	-69.230814680487043E+0	-15.133973728711805E+0
482.000000000000060E+0	-52.095279115758998E+0	-6.634957523761692E+0
483.000000000000060E+0	-188.893715840594470E+0	-40.163287628942456E+0
484.000000000000060E+0	-146.754326664420520E+0	-16.971800815427443E+0
485.000000000000060E+0	-81.261798595703894E+0	-10.898759676390135E+0
486.000000000000060E+0	-85.530523486067537E+0	-4.175772647290671E+0
487.000000000000060E+0	-23.259139150488544E+0	2.761952929875779E+0
488.000000000000060E+0	-127.007643973510350E+0	32.483558104183977E+0
489.000000000000060E+0	-122.831651981022670E+0	37.965274096681142E+0
490.000000000000060E+0	-54.285851811339434E+0	23.347960914070367E+0
491.000000000000060E+0	-40.379216010377384E+0	9.980396260313174E+0
492.000000000000060E+0	-80.593168686832143E+0	2.771183114229133E+0
493.000000000000060E+0	-101.958294323382150E+0	9.331625927338433E+0
494.000000000000060E+0	-69.724809455193849E+0	4.955548099175093E+0
495.000000000000060E+0	-30.155172827042072E+0	7.219265048944875E+0
496.000000000000060E+0	-37.906517828827802E+0	15.762634201730185E+0
497.000000000000060E+0	-54.100543689093868E+0	21.804563883536467E+0
498.000000000000060E+0	-111.317040780510070E+0	29.806058383517360E+0
499.000000000000060E+0	-80.355773506209616E+0	13.462058276979016E+0
500.000000000000060E+0	-22.106451288892302E+0	5.875646770524744E+0
501.000000000000060E+0	-41.379232342494546E+0	7.872659411425900E+0
502.000000000000060E+0	-103.857838279256310E+0	21.646532307114956E+0
503.000000000000060E+0	-52.386332653923986E+0	17.377848776254808E+0
504.000000000000060E+0	-35.173396704901080E+0	17.461496659229738E+0
505.000000000000060E+0	-40.821244871106650E+0	25.116361384378685E+0
506.000000000000060E+0	-46.570413770135971E+0	12.281089750201456E+0
507.000000000000060E+0	-102.684732409191470E+0	32.103011381998783E+0
508.000000000000060E+0	-59.579335570463378E+0	23.261119015250149E+0
509.000000000000060E+0	-45.966940765552309E+0	12.917927833446566E+0
510.000000000000060E+0	-11.807065693503386E+0	3.284616695043558E+0
511.000000000000060E+0	-64.619401421472645E+0	41.777127271835283E+0
512.000000000000110E+0	-80.846851048191439E+0	54.026859728386363E+0
513.000000000000110E+0	-26.592984556479035E+0	26.310294507523231E+0
514.000000000000110E+0	-28.521281276576484E+0	27.867815218069431E+0
515.000000000000110E+0	-28.721002584793887E+0	25.224931912780228E+0
516.000000000000110E+0	-11.961490906509137E+0	38.020018226087153E+0
517.000000000000110E+0	-28.933382591065577E+0	67.956204930979283E+0
518.000000000000110E+0	-31.191574377937577E+0	31.245222095064342E+0
519.000000000000110E+0	-3.848787500558457E+0	-4.806954441788236E+0
520.000000000000110E+0	-9.554077761172058E+0	8.205774067635009E+0
521.000000000000110E+0	-33.591329646351582E+0	6.250864029790978E+0
522.000000000000110E+0	-25.074858452422227E+0	-5.086028081360272E+0
523.000000000000110E+0	-12.410843866618233E+0	-5.186380751482226E+0
524.000000000000110E+0	-13.401278178000293E+0	-7.789339069974990E+0
525.000000000000110E+0	-40.368802060076945E+0	-20.469942015455537E+0
526.000000000000110E+0	-60.062446376304251E+0	-29.814937801546563E+0
527.000000000000110E+0	-51.634127812672695E+0	-30.096288755113704E+0
528.000000000000110E+0	-44.386624088294610E+0	-21.474143841433214E+0
529.000000000000110E+0	-29.385995925251517E+0	-3.077971337416070E+0
530.000000000000110E+0	-183.536302739905660E+0	-16.437422009426985E+0
531.000000000000110E+0	-144.033191920711200E+0	4.508895101514609E+0
532.000000000000110E+0	-37.339599646348383E+0	9.662356808085425E+0
533.000000000000110E+0	-57.581515766241956E+0	17.366999286470051E+0
534.000000000000110E+0	-59.918683188339870E+0	30.817010261910440E+0
535.000000000000110E+0	-73.324504293714852E+0	72.278827378898455E+0
536.000000000000110E+0	-49.527906449562252E+0	84.861749581189869E+0
537.000000000000110E+0	-22.690891697400385E+0	63.648166068687146E+0
538.000000000000110E+0	-22.315372147677639E+0	28.761666692029173E+0
539.000000000000110E+0	-53.776115065791529E+0	71.184394359527829E+0
540.000000000000110E+0	-42.338419389459013E+0	61.262588183418451E+0
541.000000000000110E+0	-26.677356268052186E+0	36.936358395682397E+0
542.000000000000110E+0	-10.924019238646416E+0	6.539139903679258E+0
543.000000000000110E+0	-24.902960738048922E+0	18.752518995219454E+0
544.000000000000110E+0	-36.828384322342586E+0	34.113377340764195E+0
545.000000000000110E+0	-23.125878629577894E+0	18.541095178573876E+0
546.000000000000110E+0	-20.129495769520680E+0	27.023739576271659E+0
547.000000000000110E+0	-14.352569795486056E+0	20.836240471593509E+0
548.000000000000110E+0	-31.549602686132545E+0	17.365942573609789E+0
549.000000000000110E+0	-92.712806396717525E+0	65.846857909783026E+0
550.000000000000110E+0	-53.733981767911345E+0	35.458984492844181E+0
551.000000000000110E+0	-18.500521727009200E+0	10.124627597760567E+0
552.000000000000110E+0	-24.124806204004660E+0	24.189681691244914E+0
553.000000000000110E+0	-55.263682002896914E+0	53.193734785934112E+0
554.000000000000110E+0	-74.253093217225299E+0	65.270269700113317E+0
555.000000000000110E+0	-24.615973650067353E+0	22.836290021124171E+0
556.000000000000110E+0	-21.592744982781753E+0	37.159919460057743E+0
557.000000000000110E+0	-25.292365202167616E+0	32.847161357696578E+0
558.000000000000110E+0	-57.676250326625087E+0	69.829920782662526E+0
559.000000000000110E+0	-54.654104635092381E+0	92.143006687783654E+0
560.000000000000110E+0	-17.550932274028749E+0	49.880748877065010E+0
561.000000000000110E+0	-8.892707030935838E+0	20.317819086849532E+0
562.000000000000110E+0	-53.213821819526309E+0	111.740642363340460E+0
563.000000000000110E+0	-35.365317634093927E+0	100.757941066859910E+0
564.000000000000110E+0	-9.321346469883508E+0	52.519999933396676E+0
565.000000000000110E+0	5.754965743642408E+0	58.850291490913570E+0
566.000000000000110E+0	4.526953114463915E+0	31.188945903289731E+0
567.000000000000110E+0	9.923116535394545E+0	87.332256825015165E+0
568.000000000000110E+0	26.453122120909747E+0	84.764089152795108E+0
569.000000000000110E+0	13.149153337530853E+0	55.174197837770990E+0
570.000000000000110E+0	3.524346682010146E+0	18.148460825674668E+0
571.000000000000110E+0	1.237707261217694E+0	35.580834920620610E+0
572.000000000000110E+0	-3.036784866952456E+0	77.466758042478176E+0
573.000000000000110E+0	-10.181634898983832E+0	48.809043949185323E+0
574.000000000000110E+0	-2.561261906836374E+0	10.219522917269439E+0
575.000000000000110E+0	-4.761148772841907E+0	21.635985225718592E+0
576.000000000000110E+0	1.743528381178866E+0	15.880828378769277E+0
577.000000000000110E+0	-12.054615234107906E+0	66.970418193269751E+0
578.000000000000110E+0	-27.988753607812818E+0	70.835052891354820E+0
579.000000000000110E+0	-10.756628716725555E+0	22.558470077160162E+0
580.000000000000110E+0	-12.747382577648317E+0	34.020365427700703E+0
581.000000000000110E+0	-63.749935157891706E+0	137.728426554955460E+0
582.000000000000110E+0	-48.748722751838684E+0	126.269995689531780E+0
583.000000000000110E+0	-30.045471031464366E+0	72.442330072390447E+0
584.000000000000110E+0	-17.170965424467283E+0	53.690131943267488E+0
585.000000000000110E+0	7.399879901469632E+0	92.566372852155794E+0
586.000000000000110E+0	53.583390675181896E+0	214.300040066661640E+0
587.000000000000110E+0	71.026734456570438E+0	173.584247992559340E+0
588.000000000000110E+0	103.672896606668100E+0	148.123310760758760E+0
589.000000000000110E+0	29.092316732982756E+0	30.701387357854855E+0
590.000000000000110E+0	170.775906494397700E+0	110.908301293389310E+0
591.000000000000110E+0	280.186082733923230E+0	107.283800463692090E+0
592.000000000000110E+0	107.493186886562940E+0	26.755094118904687E+0
593.000000000000110E+0	49.982126280787796E+0	10.289872330528885E+0
594.000000000000110E+0	76.973465260321774E+0	-1.232667461933934E+0
595.000000000000110E+0	107.281640865082270E+0	-7.836152644936577E+0
596.000000000000110E+0	140.580964843017340E+0	-14.088121080030357E+0
597.000000000000110E+0	106.859834399354410E+0	-10.166633690099555E+0
598.000000000000110E+0	31.078680524513590E+0	-3.693633052007528E+0
599.000000000000110E+0	64.482691514905611E+0	-21.732964303352798E+0
600.000000000000110E+0	134.251033101459570E+0	-50.851063599947807E+0
601.000000000000110E+0	122.517927029118100E+0	-62.083510376434035E+0
602.000000000000110E+0	34.201060106753751E+0	-19.961864340112342E+0
603.000000000000110E+0	35.338745054589282E+0	-26.166224273371437E+0
604.000000000000110E+0	78.688536830326512E+0	-82.628540028045194E+0
605.000000000000110E+0	70.570222506469776E+0	-85.319678626777403E+0
606.000000000000110E+0	30.604695057530215E+0	-77.064639122548016E+0
607.000000000000110E+0	24.016630016439809E+0	-87.913451114022138E+0
608.000000000000110E+0	10.337921022731527E+0	-22.750897082566070E+0
609.000000000000110E+0	39.075257343539903E+0	-123.502287336984140E+0
610.000000000000110E+0	20.999245458440253E+0	-93.281764397740645E+0
611.000000000000110E+0	3.874982638626435E+0	-26.349343430763575E+0
612.000000000000110E+0	-2.258829665273068E+0	-14.678273515683795E+0
613.000000000000110E+0	5.111033670079459E+0	-36.144370218289779E+0
614.000000000000110E+0	4.525507301590227E+0	-45.436838201223644E+0
615.000000000000110E+0	-3.584905535221719E+0	-30.820490935858640E+0
616.000000000000110E+0	-3.185306228154905E+0	-29.829511617164758E+0
617.000000000000110E+0	3.024814956473565E+0	-24.446577587808772E+0
618.000000000000110E+0	22.891974949837486E+0	-38.204018405543579E+0
619.000000000000110E+0	47.276192253614958E+0	-65.789472598183693E+0
620.000000000000110E+0	40.662619713454639E+0	-53.717103679834267E+0
621.000000000000110E+0	7.485302618196476E+0	-5.196107213301003E+0
622.000000000000110E+0	2.734303653496704E+0	-36.484327876753539E+0
623.000000000000110E+0	8.684304103465092E+0	-88.838810938107386E+0
624.000000000000110E+0	7.066404882253141E+0	-62.668483077434601E+0
625.000000000000110E+0	7.927526113070357E+0	-59.351007461430733E+0
626.000000000000110E+0	2.177884408990951E+0	-36.620804417234424E+0
627.000000000000110E+0	1.167273967096190E+0	-39.280162412078120E+0
628.000000000000110E+0	392.394951763974880E-3	-127.464637980520850E+0
629.000000000000110E+0	2.303755091152976E+0	-104.998015089395150E+0
630.000000000000110E+0	5.426537660560332E+0	-42.448783425093886E+0
631.000000000000110E+0	-3.458726914463889E+0	-21.009387191302132E+0
632.000000000000110E+0	-14.920852985467651E+0	-95.492726761822638E+0
633.000000000000110E+0	-17.206771975623973E+0	-148.572737582930070E+0
634.000000000000110E+0	-1.220822254349525E+0	-52.810394163442787E+0
635.000000000000110E+0	7.490687757699921E+0	-63.989855713504326E+0
636.000000000000110E+0	2.342344409728427E+0	-36.538675479254167E+0
637.000000000000110E+0	-9.323284889245365E+0	-120.900904671787170E+0
638.000000000000110E+0	-13.289789226547962E+0	-204.989347454906780E+0
639.000000000000110E+0	-16.078060892857888E+0	-154.369812486432950E+0
640.000000000000110E+0	-3.126941773271288E+0	-21.412662122949129E+0
641.000000000000110E+0	-78.569273462016952E+0	-212.670127163039440E+0
642.000000000000110E+0	-139.485487768864400E+0	-304.659189555346360E+0
643.000000000000110E+0	-110.766383808678570E+0	-219.916193458630770E+0
644.000000000000110E+0	-81.414079653439060E+0	-135.209709688649300E+0
645.000000000000110E+0	-71.875070025969038E+0	-80.003544477145624E+0
646.000000000000110E+0	-229.654056715804610E+0	-165.670618988902590E+0
647.000000000000110E+0	-315.160330954290660E+0	-188.572112243577660E+0
648.000000000000110E+0	-307.504531150059560E+0	-142.955080559342060E+0
649.000000000000110E+0	-128.019077515732160E+0	-49.172951894071744E+0
650.000000000000110E+0	-65.569031459446862E+0	-1.937166661618682E+0
651.000000000000110E+0	-533.177677623138950E+0	21.611271159287508E+0
652.000000000000110E+0	-427.352664796741920E+0	54.498882769644638E+0
653.000000000000110E+0	-107.313254472604140E+0	16.519557850720368E+0
654.000000000000110E+0	-173.927129728661500E+0	28.211212762741315E+0
655.000000000000110E+0	-152.396570985485000E+0	47.993628994788082E+0
656.000000000000110E+0	-306.227468449979940E+0	105.249009142712270E+0
657.000000000000110E+0	-326.469254765020080E+0	132.161852254494930E+0
658.000000000000110E+0	-140.246489626953230E+0	61.491860182092708E+0
659.000000000000110E+0	-48.786309928626146E+0	26.464756033698755E+0
660.000000000000110E+0	-286.266177921516830E+0	212.080863589297000E+0
661.000000000000110E+0	-373.374210467463510E+0	328.767440459144950E+0
662.000000000000110E+0	-198.249980782495470E+0	214.116312821761030E+0
663.000000000000110E+0	-83.086112178054648E+0	80.564606732511365E+0
664.000000000000110E+0	-109.066748950975280E+0	181.936463308561630E+0
665.000000000000110E+0	-183.725775617789680E+0	507.297883775179800E+0
666.000000000000110E+0	-54.268691663518652E+0	329.475814820886970E+0
667.000000000000110E+0	-28.539605640589741E+0	554.747754368553840E+0
668.000000000000110E+0	13.794426904691752E+0	131.809740952256700E+0
669.000000000000110E+0	85.140081247959387E+0	288.963492942684240E+0
670.000000000000110E+0	397.731889498216500E+0	578.299327005315030E+0
671.000000000000110E+0	243.960331016051160E+0	219.972061354410640E+0
672.000000000000110E+0	70.622409284007048E+0	47.232053783546341E+0
673.000000000000110E+0	114.601878448916780E+0	46.148917036022048E+0
674.000000000000110E+0	171.227833838902630E+0	23.674701411278285E+0
675.000000000000110E+0	264.228384015438390E+0	9.913082431829613E+0
676.000000000000110E+0	137.372357907122530E+0	-9.629991526958289E+0
677.000000000000110E+0	89.264804715683141E+0	-2.327870860037679E+0
678.000000000000110E+0	39.098853244360967E+0	2.281438434860781E+0
679.000000000000110E+0	92.655076109978438E+0	-32.016929899273222E+0
680.000000000000110E+0	87.079759556565520E+0	-49.356274554437817E+0
681.000000000000110E+0	16.083384704157140E+0	-11.117034614416017E+0
682.000000000000110E+0	1.504382879996258E+0	-6.037792716898378E+0
683.000000000000110E+0	3.796055809466880E+0	-21.397341414906343E+0
684.000000000000110E+0	1.694632145357850E+0	-18.301998235089503E+0
685.000000000000110E+0	7.781382711348861E+0	-5.469933254323704E+0
686.000000000000110E+0	8.740916808873923E+0	4.982950225940173E+0
687.000000000000110E+0	1.889749442126061E+0	3.505976934037176E+0
688.000000000000110E+0	-5.087518223078868E+0	22.136809404393368E+0
689.000000000000110E+0	-8.846252171428969E+0	31.385690590890096E+0
690.000000000000110E+0	-6.684740650214133E+0	16.726984615171897E+0
691.000000000000110E+0	-2.701635343017362E+0	6.910428322397630E+0
692.000000000000110E+0	-2.978374144239055E+0	13.811809411303514E+0
693.000000000000110E+0	-10.305928823302782E+0	52.852786946872882E+0
694.000000000000110E+0	-2.123229567127974E+0	30.283437215602930E+0
695.000000000000110E+0	3.818633631477446E+0	24.197466374658550E+0
696.000000000000110E+0	1.891970517324685E+0	27.772735546564668E+0
697.000000000000110E+0	2.921586513384968E+0	25.397984940521223E+0
698.000000000000110E+0	17.838874013972738E+0	74.028871815271643E+0
699.000000000000110E+0	35.211041301535005E+0	85.804990498334263E+0
700.000000000000110E+0	8.215496667400892E+0	15.049091753622417E+0
701.000000000000110E+0	14.145182757613702E+0	16.771144308958757E+0
702.000000000000110E+0	44.916062853572193E+0	44.536164164766582E+0
703.000000000000110E+0	42.390512079105179E+0	32.489280565477479E+0
704.000000000000110E+0	20.700809980811300E+0	12.894155940689810E+0
705.000000000000110E+0	14.763418562627232E+0	6.824953056584780E+0
706.000000000000110E+0	10.615497563089589E+0	6.384578099394470E+0
707.000000000000110E+0	24.960520102092214E+0	12.163477680633886E+0
708.000000000000110E+0	19.869019011973698E+0	4.141894809559282E+0
709.000000000000110E+0	14.936059303311634E+0	1.515336518949908E+0
710.000000000000110E+0	3.835717683223233E+0	-732.015971552526730E-3
711.000000000000110E+0	13.724504066184306E+0	12.557056517371382E+0
712.000000000000110E+0	20.840172581563724E+0	12.803853979409231E+0
713.000000000000110E+0	4.731082075073061E+0	5.000656605547820E+0
714.000000000000110E+0	885.640576708565440E-3	3.541590180179318E+0
715.000000000000110E+0	-2.758542583077609E+0	5.180197951632984E+0
716.000000000000110E+0	-9.531992445682210E+0	1.907744857806475E+0
717.000000000000110E+0	-20.230933755780971E+0	11.864152373112761E+0
718.000000000000110E+0	-23.531902014920792E+0	12.455445746672478E+0
719.000000000000110E+0	-6.809343298080127E+0	639.663952283252120E-3
720.000000000000110E+0	-6.367021782159630E+0	11.268134262039354E+0
721.000000000000110E+0	-19.921808941794968E+0	40.472347900558255E+0
722.000000000000110E+0	-13.467796704579126E+0	44.817910394619673E+0
723.000000000000110E+0	-2.782452795505865E+0	18.287038187707779E+0
724.000000000000110E+0	-4.269893683401272E+0	17.575903449608944E+0
725.000000000000110E+0	-7.494098699456366E+0	40.873647617106698E+0
726.000000000000110E+0	-2.207692296253696E+0	34.849580810253755E+0
727.000000000000110E+0	-1.577701723310688E+0	42.404497649849681E+0
728.000000000000110E+0	551.746733896741780E-3	21.932384089542296E+0
729.000000000000110E+0	869.723305337574690E-3	3.506751048866347E+0
730.000000000000110E+0	11.935647747732997E+0	58.658728671689097E+0
731.000000000000110E+0	20.179712998032102E+0	65.047899159401993E+0
732.000000000000110E+0	5.806945238110471E+0	15.465849463507245E+0
733.000000000000110E+0	4.910031846062019E+0	14.199226802201352E+0
734.000000000000110E+0	7.479546695943905E+0	10.827288103735103E+0
735.000000000000110E+0	21.320706152861000E+0	32.552859635682879E+0
736.000000000000110E+0	16.405315658691343E+0	18.117739538012540E+0
737.000000000000110E+0	14.162280014992277E+0	13.604656630212142E+0
738.000000000000110E+0	4.350017998650036E+0	6.967176415895281E+0
739.000000000000110E+0	3.283522992852235E+0	16.329431128872905E+0
740.000000000000110E+0	-293.338997899112660E-3	37.782170758596003E+0
741.000000000000110E+0	-2.111952172505938E+0	21.912564224523216E+0
742.000000000000110E+0	-2.450583593409261E+0	6.007270878265489E+0
743.000000000000110E+0	-6.536772207468791E+0	6.042159014335199E+0
744.000000000000110E+0	-10.090565409748569E+0	18.233313745100780E+0
745.000000000000110E+0	-8.987160827169863E+0	11.837572510606506E+0
746.000000000000110E+0	-6.560310367542236E+0	18.313761602626251E+0
747.000000000000110E+0	-2.452202918741391E+0	10.126268565960505E+0
748.000000000000110E+0	-5.675625747487503E+0	12.329293943233987E+0
749.000000000000110E+0	-25.387936013711290E+0	59.970224189011994E+0
750.000000000000110E+0	-23.539627224756565E+0	53.597211439995206E+0
751.000000000000110E+0	-9.982764013424273E+0	21.574352600717436E+0
752.000000000000110E+0	-2.358344548453092E+0	10.534674713412414E+0
753.000000000000110E+0	-16.896561599770799E+0	63.525446465936952E+0
754.000000000000110E+0	-22.458981391553884E+0	106.452714952646260E+0
755.000000000000110E+0	-10.952787694198978E+0	50.302238650077221E+0
756.000000000000110E+0	-1.384079863333709E+0	49.113016663639897E+0
757.000000000000110E+0	-206.150646396208090E-3	30.724212069549047E+0
758.000000000000110E+0	15.970766878618116E+0	64.575423228896085E+0
759.000000000000110E+0	67.770435034788264E+0	137.764444099975380E+0
760.000000000000110E+0	27.769690134603145E+0	38.298425524865650E+0
761.000000000000110E+0	7.418154326635799E+0	4.346635725453476E+0
762.000000000000110E+0	37.771683579783541E+0	34.580203674817440E+0
763.000000000000110E+0	57.879416132822733E+0	37.948688403660938E+0
764.000000000000110E+0	27.644991958854796E+0	18.113394566434817E+0
765.000000000000110E+0	19.975083255929906E+0	14.482943081641650E+0
766.000000000000110E+0	6.994080247108703E+0	5.004773353388008E+0
767.000000000000110E+0	15.642708961551079E+0	24.192338289956030E+0
768.000000000000110E+0	15.847129060004216E+0	26.549382499141274E+0
769.000000000000110E+0	16.437518457249503E+0	32.945044799313315E+0
770.000000000000110E+0	2.896561950567030E+0	15.316273004744328E+0
771.000000000000110E+0	-2.554538272986240E+0	7.766617430876376E+0
772.000000000000110E+0	-12.913507424873515E+0	51.400595492801230E+0
773.000000000000110E+0	-7.410845055814244E+0	44.325254845144414E+0
774.000000000000110E+0	819.492818170339140E-3	21.790762855637993E+0
775.000000000000110E+0	-9.774763499854117E+0	34.825904898241731E+0
776.000000000000110E+0	-1.412363215258482E+0	24.682792600454274E+0
777.000000000000110E+0	2.345860793999068E+0	117.228939159966420E+0
778.000000000000110E+0	810.729321524514490E-3	184.703049883442390E+0
779.000000000000110E+0	-4.017613899503843E+0	64.649128706448465E+0
780.000000000000110E+0	-457.879638979133420E-3	16.917698103273430E+0
781.000000000000110E+0	75.221219132701123E+0	144.550008390754950E+0
782.000000000000110E+0	147.047311934569960E+0	197.415820829350930E+0
783.000000000000110E+0	93.620740481217041E+0	98.257949555501725E+0
784.000000000000110E+0	32.346594874474675E+0	23.472231394946142E+0
785.000000000000110E+0	61.761410650186484E+0	20.190851216015563E+0
786.000000000000110E+0	121.018901844718400E+0	21.997824677978485E+0
787.000000000000110E+0	107.936185345066090E+0	13.810544702212763E+0
788.000000000000110E+0	95.708191370765945E+0	4.787320415112553E+0
789.000000000000110E+0	19.539357933716708E+0	-1.115994741254849E+0
790.000000000000110E+0	62.214151559851530E+0	-3.963303223182217E+0
791.000000000000110E+0	173.705039867170260E+0	-8.614934691431404E+0
792.000000000000110E+0	57.229026400191721E+0	-3.002367704703033E+0
793.000000000000110E+0	25.754995837138882E+0	-6.963844531242105E+0
794.000000000000110E+0	32.433849485819195E+0	-665.796575494830070E-3
795.000000000000110E+0	49.171279405004682E+0	8.262933693235322E+0
796.000000000000110E+0	53.871601644555177E+0	8.753719072062502E+0
797.000000000000110E+0	44.214010302417769E+0	4.846648263040132E+0
798.000000000000110E+0	17.413427209154200E+0	1.431421823967318E+0
799.000000000000110E+0	16.046179431717821E+0	7.348700132485345E+0
800.000000000000110E+0	52.445744453725489E+0	35.585354623489614E+0
801.000000000000110E+0	80.568411391578564E+0	58.083132597924575E+0
802.000000000000110E+0	22.128988885823592E+0	12.939086067544178E+0
803.000000000000110E+0	19.850888716845098E+0	13.840588485121742E+0
804.000000000000110E+0	60.576638621591613E+0	40.864597222778194E+0
805.000000000000110E+0	76.458312941450273E+0	34.477126953587955E+0
806.000000000000110E+0	81.975451546986363E+0	28.886511542363344E+0
807.000000000000110E+0	84.675206987161530E+0	22.606236340416054E+0
808.000000000000110E+0	9.420490531188491E+0	1.273537288264679E+0
809.000000000000110E+0	120.582282797879000E+0	5.641346643889526E+0
810.000000000000110E+0	197.710384330934540E+0	-19.754593813630688E+0
811.000000000000110E+0	85.099176727157825E+0	-16.109739952021950E+0
812.000000000000110E+0	25.350882218827273E+0	-9.583646012385127E+0
813.000000000000110E+0	33.203139526081728E+0	-24.504940285568786E+0
814.000000000000110E+0	119.167808645783790E+0	-104.672165918143410E+0
815.000000000000110E+0	69.724804326807288E+0	-80.509519873472527E+0
816.000000000000110E+0	34.735773273702947E+0	-52.661979505170088E+0
817.000000000000110E+0	16.711455107345827E+0	-42.024850402460785E+0
818.000000000000110E+0	13.950109484868429E+0	-23.036853418675388E+0
819.000000000000110E+0	38.392443218962100E+0	-83.776987555803089E+0
820.000000000000110E+0	27.676500601954682E+0	-59.557921958320733E+0
821.000000000000110E+0	4.035126984055059E+0	-9.494608537737111E+0
822.000000000000110E+0	5.942730514348957E+0	-15.682737864717851E+0
823.000000000000110E+0	27.061462442962561E+0	-42.514769232332007E+0
824.000000000000110E+0	19.382907981837082E+0	-25.404726682160419E+0
825.000000000000110E+0	17.990363321680174E+0	-21.266610691487994E+0
826.000000000000110E+0	4.537575353349308E+0	-8.213553320504719E+0
827.000000000000110E+0	5.590271882582305E+0	-8.993862870227748E+0
828.000000000000110E+0	19.449596321465975E+0	-26.607920834182853E+0
829.000000000000110E+0	22.598252300771641E+0	-27.203342632700014E+0
830.000000000000110E+0	11.880998461222111E+0	-13.063551190286159E+0
831.000000000000110E+0	1.428746853077293E+0	-1.655883860746385E+0
832.000000000000110E+0	16.037939240622912E+0	-11.205438034460808E+0
833.000000000000110E+0	31.815131892953605E+0	-22.154465409491724E+0
834.000000000000110E+0	8.587903303310103E+0	-4.598662609029568E+0
835.000000000000110E+0	7.689095772143079E+0	-6.930710595925435E+0
836.000000000000110E+0	4.591532079513749E+0	-4.529517507232852E+0
837.000000000000110E+0	11.491324659408896E+0	-8.109881383421396E+0
838.000000000000110E+0	32.819084613047529E+0	-21.069677251463418E+0
839.000000000000110E+0	18.167412947572888E+0	-13.353372258459885E+0
840.000000000000110E+0	4.769812115011642E+0	-3.894756421436861E+0
841.000000000000110E+0	10.423537508118866E+0	-3.400954569674094E+0
842.000000000000110E+0	26.151198014003246E+0	-12.347793033777990E+0
843.000000000000110E+0	21.782037701332506E+0	-12.541669432123939E+0
844.000000000000110E+0	9.692625290519411E+0	-4.396751510663785E+0
845.000000000000110E+0	5.049135963771412E+0	-4.573025927366337E+0
846.000000000000110E+0	17.884621636602393E+0	-10.672335345064946E+0
847.000000000000110E+0	24.204108176021162E+0	-10.221481037172358E+0
848.000000000000110E+0	34.756079331182548E+0	-7.797798100689358E+0
849.000000000000110E+0	15.684370620760527E+0	-4.343008616400632E+0
850.000000000000110E+0	3.246118160015803E+0	-1.302169907951851E+0
851.000000000000110E+0	49.281412212911348E+0	-14.849241034105535E+0
852.000000000000110E+0	41.623980490258567E+0	-15.570256297476396E+0
853.000000000000110E+0	15.570239746417098E+0	-6.417247906107979E+0
854.000000000000110E+0	11.008005168081274E+0	-5.466355751037929E+0
855.000000000000110E+0	8.274313421175218E+0	-8.709854631464822E+0
856.000000000000110E+0	24.867752210068311E+0	-20.899382644930096E+0
857.000000000000110E+0	23.717304082696582E+0	-22.538571926890818E+0
858.000000000000110E+0	9.906475251928343E+0	-8.801409904244514E+0
859.000000000000110E+0	2.578126929470586E+0	-3.518739545516238E+0
860.000000000000110E+0	6.578324983820639E+0	-7.763719252477851E+0
861.000000000000110E+0	14.521877567311487E+0	-21.774900047472844E+0
862.000000000000110E+0	4.352467520243464E+0	-8.115084286124510E+0
863.000000000000110E+0	-131.305517281460640E-3	-1.364398419956291E+0
864.000000000000110E+0	1.244627583257937E+0	-1.300001520940025E+0
865.000000000000110E+0	-2.296436482538758E+0	4.251839629806766E+0
866.000000000000110E+0	-5.548797687483825E+0	6.036011737219161E+0
867.000000000000110E+0	-9.639624761409223E+0	14.016412378434641E+0
868.000000000000110E+0	-4.215924302484635E+0	5.363768288505169E+0
869.000000000000110E+0	405.352227930106950E-3	10.429013442493448E+0
870.000000000000110E+0	-7.387808131791941E+0	74.617420747655842E+0
871.000000000000110E+0	-5.764989233345004E+0	57.262352180869207E+0
872.000000000000110E+0	205.665109209007680E-3	25.041529137129704E+0
873.000000000000110E+0	8.065222320927274E+0	9.505355274875438E+0
874.000000000000110E+0	41.292496464377784E+0	69.904657500952425E+0
875.000000000000110E+0	84.550325215225627E+0	121.233158867374830E+0
876.000000000000110E+0	63.408586184010403E+0	62.246906476448736E+0
877.000000000000110E+0	80.341190103488856E+0	60.287784706274316E+0
878.000000000000110E+0	23.385903539992384E+0	16.505161993941243E+0
879.000000000000110E+0	105.467967630521950E+0	29.508793003127408E+0
880.000000000000110E+0	295.779985557854900E+0	25.465314634679910E+0
881.000000000000110E+0	139.556064189091130E+0	-4.333857840735575E+0
882.000000000000110E+0	25.296838704734121E+0	-2.124785887260420E+0
883.000000000000110E+0	119.229941480296450E+0	-38.839500345912029E+0
884.000000000000110E+0	167.640401922003260E+0	-63.562027453362930E+0
885.000000000000110E+0	138.484030954746520E+0	-59.193141697066245E+0
886.000000000000110E+0	95.893876354746581E+0	-43.191641752303120E+0
887.000000000000110E+0	35.413837089031304E+0	-18.154518457829703E+0
888.000000000000110E+0	70.741842243315091E+0	-58.224650954551542E+0
889.000000000000110E+0	148.113852264437640E+0	-145.955723873163440E+0
890.000000000000110E+0	95.467938672651400E+0	-105.868366785293490E+0
891.000000000000110E+0	31.086325556737364E+0	-41.142832693576793E+0
892.000000000000110E+0	28.578194903919531E+0	-33.706300827772083E+0
893.000000000000110E+0	138.848242583591120E+0	-184.523823785722380E+0
894.000000000000110E+0	73.510482588933954E+0	-97.275999030204701E+0
895.000000000000110E+0	29.307103188284053E+0	-42.161449460830156E+0
896.000000000000110E+0	23.878105282217735E+0	-50.691085606756772E+0
897.000000000000110E+0	8.573796663109583E+0	-25.134760887440439E+0
898.000000000000110E+0	41.431676868719613E+0	-139.957004858428090E+0
899.000000000000110E+0	35.634063598989194E+0	-163.491177748271240E+0
900.000000000000110E+0	7.330710903499609E+0	-52.884760132839190E+0
901.000000000000110E+0	8.966264475977963E+0	-17.557831664640283E+0
902.000000000000110E+0	27.281397805979470E+0	-96.291526746584211E+0
903.000000000000110E+0	23.481279132513215E+0	-130.146704232849830E+0
904.000000000000110E+0	10.071818834861681E+0	-65.765334126545383E+0
905.000000000000110E+0	1.632895038846640E+0	-23.484889348865124E+0
906.000000000000110E+0	-6.174192124274239E+0	-30.797732667337492E+0
907.000000000000110E+0	-18.107433035373880E+0	-58.387734730440300E+0
908.000000000000110E+0	-35.637421988439733E+0	-107.305919199110650E+0
909.000000000000110E+0	-34.956050501796525E+0	-89.475587120858876E+0
910.000000000000110E+0	-7.566239043592697E+0	-16.452971960155530E+0
911.000000000000110E+0	-9.197283496502353E+0	-42.832352087980752E+0
912.000000000000110E+0	-55.850945827185491E+0	-142.605598524355400E+0
913.000000000000110E+0	-25.728918445756687E+0	-56.411338549499916E+0
914.000000000000110E+0	-9.273842043181126E+0	-18.956274714754223E+0
915.000000000000110E+0	-15.421214962121249E+0	-17.219913381114281E+0
916.000000000000110E+0	-21.831642394283687E+0	-19.803510926153283E+0
917.000000000000110E+0	-57.625881399458478E+0	-53.963244508456327E+0
918.000000000000110E+0	-39.373212556796162E+0	-40.119481889088135E+0
919.000000000000110E+0	-18.350630661574229E+0	-21.797181652079008E+0
920.000000000000110E+0	-3.406298345404864E+0	-6.371880636315160E+0
921.000000000000110E+0	-21.151248550169363E+0	-57.060091885846944E+0
922.000000000000110E+0	-17.170429230267416E+0	-68.079037623456969E+0
923.000000000000110E+0	-2.350209946950289E+0	-24.304272273583145E+0
924.000000000000110E+0	-5.126199314203880E+0	-9.148011558706497E+0
925.000000000000110E+0	-12.959834386619246E+0	-32.799576522907174E+0
926.000000000000110E+0	-14.273344190889659E+0	-45.180192633561319E+0
927.000000000000110E+0	-16.630097705850886E+0	-73.306845266386247E+0
928.000000000000110E+0	-11.488342898817177E+0	-66.616297779507221E+0
929.000000000000110E+0	-589.490701859382350E-3	-9.981707965114136E+0
930.000000000000110E+0	-6.457052873804673E+0	-71.750021442091722E+0
931.000000000000110E+0	-21.062900349894971E+0	-131.479852274525850E+0
932.000000000000110E+0	-13.894806794301289E+0	-63.995712722330211E+0
933.000000000000110E+0	-8.949234382569655E+0	-27.281549463150498E+0
934.000000000000110E+0	-23.795416039856160E+0	-35.722621056004272E+0
935.000000000000110E+0	-74.397640863373596E+0	-106.640728210158500E+0
936.000000000000110E+0	-88.187701128950522E+0	-115.353671641512590E+0
937.000000000000110E+0	-53.198566804663088E+0	-77.857357421607929E+0
938.000000000000110E+0	-37.720023895932982E+0	-55.626306970240762E+0
939.000000000000110E+0	-18.286318070473396E+0	-16.511599603931472E+0
940.000000000000110E+0	-193.807534155095420E+0	-119.842575733771540E+0
941.000000000000110E+0	-170.593039761415470E+0	-92.601893393565703E+0
942.000000000000110E+0	-30.118125468901745E+0	-19.428714592018977E+0
943.000000000000110E+0	-54.159154108933720E+0	-12.237555014379453E+0
944.000000000000110E+0	-150.730158615629080E+0	-10.740820342615409E+0
945.000000000000110E+0	-120.188655269553460E+0	-705.509720710925210E-3
946.000000000000110E+0	-109.468287682176790E+0	19.240143496399259E+0
947.000000000000110E+0	-57.123014866900654E+0	15.787010063492630E+0
948.000000000000110E+0	-25.115132499724805E+0	6.363085032255443E+0
949.000000000000110E+0	-72.923144363730870E+0	40.262252575928215E+0
950.000000000000110E+0	-64.348183979559707E+0	49.764627611759955E+0
951.000000000000110E+0	-30.034408196191457E+0	27.629732182722591E+0
952.000000000000110E+0	-8.055293657191832E+0	3.836667224170381E+0
953.000000000000110E+0	-42.695017854418182E+0	15.755311693474187E+0
954.000000000000110E+0	-55.994545035988231E+0	26.776709146975197E+0
955.000000000000110E+0	-22.116307275442470E+0	9.729712773406838E+0
956.000000000000110E+0	-17.839701764926932E+0	8.836659179367238E+0
957.000000000000110E+0	-7.492530313285203E+0	5.960057659859233E+0
958.000000000000110E+0	-14.697971070300294E+0	13.661402626481111E+0
959.000000000000110E+0	-32.774247352267679E+0	33.857467082003737E+0
960.000000000000110E+0	-9.719968869998327E+0	13.324119152743686E+0
961.000000000000110E+0	-2.236363366795885E+0	2.790468999688160E+0
962.000000000000110E+0	-12.780064804793952E+0	6.221202602830557E+0
963.000000000000110E+0	-20.023024686106488E+0	7.814018561246622E+0
964.000000000000110E+0	-13.615521029417220E+0	4.842322258561071E+0
965.000000000000110E+0	-4.023868047371994E+0	2.364117884926701E+0
966.000000000000110E+0	-3.500731768787197E+0	1.849480264355691E+0
967.000000000000110E+0	-5.040271108463110E+0	3.034849705994518E+0
968.000000000000110E+0	-11.089542133089525E+0	6.897064694993000E+0
969.000000000000110E+0	-11.882808645773862E+0	6.605940518276347E+0
970.000000000000110E+0	-3.923999210842541E+0	2.551842598964540E+0
971.000000000000110E+0	-1.647227820763973E+0	151.082227898513080E-3
972.000000000000110E+0	-12.881384706687660E+0	5.578043334680939E+0
973.000000000000110E+0	-5.527607400190204E+0	4.581827819318500E+0
974.000000000000110E+0	-2.536194956704713E+0	1.633842226225167E+0
975.000000000000110E+0	-2.318537468751113E+0	-241.225821399998990E-3
976.000000000000110E+0	-235.282472078556100E-3	-1.035922296144835E+0
977.000000000000110E+0	-1.457885573880793E+0	-3.345195321901000E+0
978.000000000000110E+0	-1.366628526816978E+0	-9.037176194328129E+0
979.000000000000110E+0	882.918682657660940E-3	-4.882234466532536E+0
980.000000000000110E+0	656.517017411514580E-3	-351.292443687722610E-3
981.000000000000110E+0	-1.238212365993944E+0	-4.304715652156163E+0
982.000000000000110E+0	-2.406837666738747E+0	-16.439442984665142E+0
983.000000000000110E+0	521.112838606317070E-3	-8.679203671093322E+0
984.000000000000110E+0	-607.499537173948220E-3	-108.324209137588070E-3
985.000000000000110E+0	-3.800015582738628E+0	-5.542708720992779E+0
986.000000000000110E+0	-4.223957804537082E+0	-9.395182922428827E+0
987.000000000000110E+0	-6.184767099557346E+0	-15.418710064551703E+0
988.000000000000110E+0	-8.153622497425111E+0	-22.005219817866823E+0
989.000000000000110E+0	-1.322655174608768E+0	-4.455360149782171E+0
990.000000000000110E+0	-4.710240610555408E+0	-3.857633415918849E+0
991.000000000000110E+0	-23.813295329863053E+0	-22.186072336672012E+0
992.000000000000110E+0	-11.962013777848403E+0	-7.511800706045716E+0
993.000000000000110E+0	-3.846524864557868E+0	-1.133885704617354E+0
994.000000000000110E+0	-1.008728368737824E+0	-1.097020107430692E+0
995.000000000000110E+0	-7.767371995249745E+0	-4.081605981279791E+0
996.000000000000110E+0	-14.525603343554653E+0	-7.356539674269278E+0
997.000000000000110E+0	-5.263949608779102E+0	-3.244668111409226E+0
998.000000000000110E+0	-4.221345485384797E+0	-3.434946983429302E+0
999.000000000000110E+0	-65.103396367906435E-3	-170.621996066259690E-3
1.000000000000000E+3	-9.079143066836917E+0	-11.289791210586035E+0
