Freq (Hz)	accelerometre (V^2 )	source
source
source(V^2 )
10.000000000000020E+0	378.928014108146350E-6	138.644533533173960E-3
11.000000000000021E+0	1.581042851414662E-3	289.760108828164830E-3
12.000000000000023E+0	1.087333036852394E-3	727.550527753249910E-3
13.000000000000025E+0	1.015128488106271E-3	782.358177373870030E-3
14.000000000000027E+0	6.085460592685396E-3	1.412480813471807E+0
15.000000000000028E+0	8.547207580514407E-3	2.010214226739666E+0
16.000000000000032E+0	1.788127087852377E-3	2.403135160917909E+0
17.000000000000036E+0	1.384644124081214E-3	3.595089007937234E+0
18.000000000000039E+0	4.769855116020754E-3	3.862737197422196E+0
19.000000000000043E+0	26.898578343945229E-3	3.758292195202047E+0
20.000000000000046E+0	13.532778045771954E-3	4.658743916687401E+0
21.000000000000050E+0	24.639649506555499E-3	6.549396086243078E+0
22.000000000000053E+0	49.858188529657350E-3	7.488790192845973E+0
23.000000000000057E+0	137.985493660681080E-3	8.507276840351683E+0
24.000000000000060E+0	279.730467063223520E-3	12.098197998635996E+0
25.000000000000064E+0	573.184006856410350E-3	17.640180015456430E+0
26.000000000000067E+0	1.816512231475512E+0	31.980160084454106E+0
27.000000000000071E+0	1.421338558524869E+0	25.727818483780101E+0
28.000000000000075E+0	1.778311365833567E+0	25.035034933939190E+0
29.000000000000078E+0	1.351070427486584E+0	14.931672841666629E+0
30.000000000000082E+0	968.940590338778880E-3	10.976998695331300E+0
31.000000000000085E+0	1.987510936882899E+0	15.673632307036371E+0
32.000000000000085E+0	1.952397402217003E+0	24.736371649273941E+0
33.000000000000085E+0	852.283101920513710E-3	26.352786213434967E+0
34.000000000000085E+0	55.956908792693535E-3	16.900749380085678E+0
35.000000000000085E+0	22.719819616912450E-3	13.696869149851864E+0
36.000000000000085E+0	12.041744106050268E-3	26.156397453863953E+0
37.000000000000085E+0	30.617812757289652E-3	43.155853184878204E+0
38.000000000000085E+0	8.246775742095262E-3	34.752340889983152E+0
39.000000000000085E+0	35.339250433772777E-3	15.567095561669813E+0
40.000000000000085E+0	101.830649843491410E-3	26.742816071945857E+0
41.000000000000085E+0	317.516633248497660E-3	59.381807695057049E+0
42.000000000000085E+0	827.925464016437070E-3	58.571257504625166E+0
43.000000000000085E+0	652.416440590687370E-3	26.004257892772451E+0
44.000000000000085E+0	653.643587116190640E-3	15.754319947532903E+0
45.000000000000085E+0	1.134872770366500E+0	38.140757769275517E+0
46.000000000000085E+0	227.353831961620400E-3	62.334462437041871E+0
47.000000000000085E+0	723.664725912155140E-3	53.998815579552925E+0
48.000000000000085E+0	589.343198970891050E-3	23.773319486609932E+0
49.000000000000085E+0	735.281666850426170E-3	19.889557556696626E+0
50.000000000000085E+0	1.052507110926879E+0	70.715307235173441E+0
51.000000000000085E+0	2.123385264696624E+0	101.402780566874720E+0
52.000000000000085E+0	1.673257685743823E+0	52.030175801473163E+0
53.000000000000085E+0	1.688835192983169E+0	27.040365293933387E+0
54.000000000000085E+0	3.626159040066088E+0	56.431447981010727E+0
55.000000000000085E+0	5.550800777772118E+0	72.470236852744023E+0
56.000000000000085E+0	8.904646282394941E+0	81.256272676832722E+0
57.000000000000085E+0	6.862938138925299E+0	53.069776851239268E+0
58.000000000000085E+0	3.188162885771836E+0	16.581002471127238E+0
59.000000000000085E+0	14.033647341307660E+0	89.367800665879244E+0
60.000000000000085E+0	24.620009626859613E+0	187.575332879844920E+0
61.000000000000085E+0	14.671854154388100E+0	121.832283807178330E+0
62.000000000000085E+0	9.934152087248041E+0	52.777441133228613E+0
63.000000000000085E+0	27.419167330374488E+0	169.359246669088630E+0
64.000000000000085E+0	37.019485968362503E+0	246.412771384551430E+0
65.000000000000085E+0	44.215535644966181E+0	318.787579294970670E+0
66.000000000000085E+0	30.297123549384565E+0	307.403241046200040E+0
67.000000000000085E+0	5.134559812708008E+0	72.484356494718966E+0
68.000000000000085E+0	12.107193044579109E+0	97.206556352191370E+0
69.000000000000085E+0	22.921752134629791E+0	288.751150658855120E+0
70.000000000000085E+0	12.600462287729167E+0	287.051131187002000E+0
71.000000000000085E+0	1.809233870398143E+0	102.942534145979240E+0
72.000000000000085E+0	5.667998078241338E+0	89.276972278402439E+0
73.000000000000085E+0	5.360170903272993E+0	257.762561842335290E+0
74.000000000000085E+0	5.450885514316019E+0	298.284177517341560E+0
75.000000000000085E+0	8.176294841471639E+0	293.415685496403510E+0
76.000000000000085E+0	11.068818829758225E+0	226.847565795944010E+0
77.000000000000085E+0	7.563715580375775E+0	111.686281198637670E+0
78.000000000000085E+0	26.004414230599785E+0	440.317786656184920E+0
79.000000000000085E+0	27.974483714523245E+0	473.992517714194830E+0
80.000000000000085E+0	6.433758099550649E+0	118.267991812634450E+0
81.000000000000085E+0	4.120789534918766E+0	58.600939505485371E+0
82.000000000000085E+0	10.025895350558361E+0	132.807726579884330E+0
83.000000000000085E+0	17.606014602672094E+0	191.578134526508620E+0
84.000000000000085E+0	11.927187823663155E+0	119.280912534146300E+0
85.000000000000085E+0	5.077683817522059E+0	44.792358547230677E+0
86.000000000000085E+0	4.072582228927223E+0	34.594696369479934E+0
87.000000000000085E+0	3.188635080005789E+0	31.669878814798988E+0
88.000000000000085E+0	22.783674237493081E+0	163.364835586572270E+0
89.000000000000085E+0	21.782573654513399E+0	135.311856581755190E+0
90.000000000000085E+0	769.790598773374190E-3	4.473267937616085E+0
91.000000000000085E+0	9.700118987169713E+0	50.142801681877145E+0
92.000000000000085E+0	14.122952436404333E+0	84.381222199852544E+0
93.000000000000085E+0	9.334028375821108E+0	50.674053093147720E+0
94.000000000000085E+0	8.756679041430049E+0	42.656311507560716E+0
95.000000000000085E+0	3.497187868885570E+0	21.253143655741368E+0
96.000000000000085E+0	5.655285256094844E+0	21.255624323240916E+0
97.000000000000085E+0	21.406809733203154E+0	88.711122889517838E+0
98.000000000000085E+0	16.912250966257158E+0	86.950403774999202E+0
99.000000000000085E+0	5.747615122974110E+0	33.781626096130402E+0
100.000000000000090E+0	399.858940684299950E-3	5.829214585423847E+0
101.000000000000090E+0	11.961675626546420E+0	88.637317184124072E+0
102.000000000000090E+0	11.472444750912350E+0	122.467903041503820E+0
103.000000000000090E+0	285.748999502959730E-3	21.541592103296779E+0
104.000000000000090E+0	5.249169028026150E+0	46.736140510378291E+0
105.000000000000090E+0	1.387907697448613E+0	21.621450562651933E+0
106.000000000000090E+0	4.124000515532408E+0	53.025918512677364E+0
107.000000000000090E+0	8.760784339723690E+0	129.651427937393660E+0
108.000000000000090E+0	3.997251326264778E+0	71.514755775537893E+0
109.000000000000090E+0	257.815152946483940E-3	4.463719887744390E+0
110.000000000000090E+0	565.092902280914020E-3	55.822918445529567E+0
111.000000000000090E+0	689.961855842399110E-3	114.414240853231900E+0
112.000000000000090E+0	120.442783067014420E-3	67.451828909480383E+0
113.000000000000090E+0	549.941262285159720E-3	37.491322514343032E+0
114.000000000000090E+0	1.113137448206746E+0	21.569041208900316E+0
115.000000000000090E+0	691.063409716861310E-3	65.131946034562844E+0
116.000000000000090E+0	1.156263675077359E+0	88.298152402566444E+0
117.000000000000090E+0	2.330956356570547E+0	135.201626971176070E+0
118.000000000000090E+0	1.120914060577129E+0	73.334959487419880E+0
119.000000000000090E+0	3.170449021249941E+0	15.538699108518909E+0
120.000000000000090E+0	9.226141849583303E+0	258.365179646993970E+0
121.000000000000090E+0	5.422202353650842E+0	269.745685086083770E+0
122.000000000000090E+0	3.471494248566378E+0	49.111457626371873E+0
123.000000000000090E+0	3.506781993024664E+0	132.736335561854080E+0
124.000000000000090E+0	5.459203575966885E+0	70.795564499110881E+0
125.000000000000090E+0	6.939773995573335E+0	248.314742988156870E+0
126.000000000000090E+0	4.372217509667445E+0	266.735306214925970E+0
127.000000000000090E+0	2.522796793232038E+0	187.789472931448700E+0
128.000000000000090E+0	3.295242492156299E+0	47.871840073545691E+0
129.000000000000090E+0	4.571126371716331E+0	252.764830063153570E+0
130.000000000000090E+0	5.525511928419491E+0	470.948024642486250E+0
131.000000000000090E+0	3.478013974736911E+0	292.120441725411180E+0
132.000000000000090E+0	2.095929478782153E+0	70.471015891149221E+0
133.000000000000090E+0	3.941365159625852E+0	189.384175676251660E+0
134.000000000000090E+0	5.638850185361312E+0	190.317181087616030E+0
135.000000000000090E+0	5.883003265416276E+0	169.929431609474190E+0
136.000000000000090E+0	7.898612854864446E+0	259.813870085894620E+0
137.000000000000090E+0	2.777158130435123E+0	54.662128543789358E+0
138.000000000000090E+0	1.908095342653894E+0	120.156038676560910E+0
139.000000000000090E+0	10.240565530689912E+0	394.236223907697990E+0
140.000000000000090E+0	5.689739573338541E+0	180.348590023001350E+0
141.000000000000090E+0	2.665029352898645E+0	77.546860478219955E+0
142.000000000000090E+0	3.819088461904689E+0	58.745130814396269E+0
143.000000000000090E+0	7.046653044049629E+0	109.736286028129290E+0
144.000000000000090E+0	7.857111325263418E+0	128.432741092298470E+0
145.000000000000090E+0	4.814351544045340E+0	79.389723184277301E+0
146.000000000000090E+0	3.456450314401496E+0	80.189516878497372E+0
147.000000000000090E+0	516.176819756949180E-3	28.694160440308003E+0
148.000000000000090E+0	4.763465249700738E+0	142.465845499830860E+0
149.000000000000090E+0	7.682024010474912E+0	232.407071133652690E+0
150.000000000000090E+0	2.009414146966567E+0	77.427717684714537E+0
151.000000000000090E+0	2.173270069885302E+0	32.535240183609247E+0
152.000000000000090E+0	7.026297790781082E+0	118.762554883372370E+0
153.000000000000090E+0	5.883027961441035E+0	107.271471129213590E+0
154.000000000000090E+0	3.266155301784511E+0	74.297874690675897E+0
155.000000000000090E+0	4.908057936255778E+0	92.455702126006713E+0
156.000000000000090E+0	1.612304008706090E+0	23.167202059967646E+0
157.000000000000090E+0	557.486698955012240E-3	102.714270868903410E+0
158.000000000000090E+0	1.233357949936879E+0	144.213043643834940E+0
159.000000000000090E+0	988.837354182164010E-3	96.751148520669588E+0
160.000000000000090E+0	132.812641390815440E-3	37.893586849727811E+0
161.000000000000090E+0	2.081313348238880E+0	64.428258426412384E+0
162.000000000000090E+0	7.355366114911712E+0	195.474832744006310E+0
163.000000000000090E+0	4.681062263028120E+0	87.034621942622806E+0
164.000000000000090E+0	4.296840189415891E+0	51.420314169927664E+0
165.000000000000090E+0	8.391311487757656E+0	68.571090620812043E+0
166.000000000000090E+0	4.752396299066695E+0	32.830284027498280E+0
167.000000000000090E+0	7.757902802573303E+0	173.706037964702940E+0
168.000000000000090E+0	11.593407558417601E+0	164.328204064805110E+0
169.000000000000090E+0	1.797833674743883E+0	36.597969970151439E+0
170.000000000000090E+0	5.425022632666801E+0	49.172312318800593E+0
171.000000000000090E+0	24.898008629259191E+0	152.191451998944960E+0
172.000000000000090E+0	36.732035273123714E+0	149.804802471629950E+0
173.000000000000090E+0	36.778872462821056E+0	78.747252487573206E+0
174.000000000000090E+0	23.788880048014015E+0	46.637636406009037E+0
175.000000000000090E+0	8.735995306602140E+0	54.438994622270435E+0
176.000000000000090E+0	3.488633052118195E+0	147.750980036511090E+0
177.000000000000090E+0	82.389648770362173E-3	122.394850377112970E+0
178.000000000000090E+0	379.776208131550270E-3	133.287209970247890E+0
179.000000000000090E+0	2.326405921034287E+0	15.028504794706715E+0
180.000000000000090E+0	15.848964707157013E+0	148.578888727373230E+0
181.000000000000090E+0	19.977311653928581E+0	259.467952111709910E+0
182.000000000000090E+0	9.839986545055877E+0	80.472192781558803E+0
183.000000000000090E+0	13.386581243773326E+0	77.692516685160086E+0
184.000000000000090E+0	12.655481440839852E+0	63.927740894322504E+0
185.000000000000090E+0	4.794441507738367E+0	109.235575364640980E+0
186.000000000000090E+0	4.723267086650468E+0	216.642340010265030E+0
187.000000000000090E+0	6.735458733124486E+0	175.749463130129360E+0
188.000000000000090E+0	422.401989194425840E-3	55.981980489619183E+0
189.000000000000090E+0	15.472482128836020E+0	95.113049850043083E+0
190.000000000000090E+0	34.485999274401095E+0	282.066466255979950E+0
191.000000000000090E+0	32.949009863006310E+0	344.840775926121810E+0
192.000000000000090E+0	12.893224800783253E+0	118.697738615511330E+0
193.000000000000090E+0	6.292923891944925E+0	103.100836400084490E+0
194.000000000000090E+0	14.015237049390853E+0	246.567723898081420E+0
195.000000000000090E+0	11.655169267627475E+0	254.896870520505760E+0
196.000000000000090E+0	15.697711417949936E+0	315.010595571066860E+0
197.000000000000090E+0	15.390188276660059E+0	242.942486232709230E+0
198.000000000000090E+0	308.844723129093560E-3	44.928162943859590E+0
199.000000000000090E+0	6.310187427439973E+0	397.687385641779140E+0
200.000000000000090E+0	2.250383038304858E+0	402.779218443493110E+0
201.000000000000090E+0	2.420760426402798E+0	134.573717811143500E+0
202.000000000000090E+0	2.719620488098744E+0	138.199774680726880E+0
203.000000000000090E+0	708.701996325799670E-3	102.860213989957320E+0
204.000000000000090E+0	3.984002939968678E+0	298.557496615593320E+0
205.000000000000090E+0	3.101391461467336E+0	203.632276619398310E+0
206.000000000000090E+0	2.670575485952736E+0	181.673915270413230E+0
207.000000000000090E+0	3.866367706336998E+0	83.181295186380709E+0
208.000000000000090E+0	4.011128738711629E+0	103.121317636960130E+0
209.000000000000090E+0	8.196917779629560E+0	280.318062599374230E+0
210.000000000000080E+0	8.853720291951968E+0	197.685944192997570E+0
211.000000000000080E+0	2.868862391848723E+0	46.656150619814944E+0
212.000000000000080E+0	4.120652599756136E+0	130.043043630294220E+0
213.000000000000080E+0	27.590704657092687E+0	170.091341941874250E+0
214.000000000000080E+0	16.441543563095646E+0	111.494142011152530E+0
215.000000000000080E+0	11.400404837394715E+0	152.485848011908900E+0
216.000000000000080E+0	5.844350363952188E+0	85.168396147174732E+0
217.000000000000080E+0	3.745653963477255E+0	54.574035384132252E+0
218.000000000000080E+0	14.615407793829366E+0	201.479604543757030E+0
219.000000000000080E+0	9.103035288974548E+0	166.174644729976170E+0
220.000000000000080E+0	1.788830515183576E+0	91.793799617563152E+0
221.000000000000080E+0	198.768119605726630E-3	54.871165516440570E+0
222.000000000000080E+0	5.551165263437642E+0	121.538488121647990E+0
223.000000000000080E+0	17.125986836978917E+0	189.011596882428590E+0
224.000000000000080E+0	13.526514230442691E+0	84.519127133040129E+0
225.000000000000080E+0	12.489842618419532E+0	150.893432146694380E+0
226.000000000000080E+0	7.272174188533548E+0	68.517325903794813E+0
227.000000000000080E+0	5.099898996932336E+0	118.860483881394660E+0
228.000000000000080E+0	16.445060212706831E+0	239.317367879856560E+0
229.000000000000080E+0	9.756656780338089E+0	122.934638385418110E+0
230.000000000000080E+0	4.500346469847261E+0	49.364966858764063E+0
231.000000000000080E+0	1.927479386969246E+0	120.106801692490760E+0
232.000000000000080E+0	1.418378312212742E+0	150.706851426977550E+0
233.000000000000080E+0	2.402862460328605E+0	109.432608427954660E+0
234.000000000000080E+0	6.063332624734242E+0	138.143371246252140E+0
235.000000000000080E+0	5.713274303886103E+0	70.072254300118374E+0
236.000000000000080E+0	4.689754208931009E+0	109.478907352237310E+0
237.000000000000080E+0	2.026751967851592E+0	151.269085078437400E+0
238.000000000000080E+0	2.120464425598360E+0	205.523592836890060E+0
239.000000000000080E+0	227.812329160487380E-3	93.268370729339153E+0
240.000000000000080E+0	1.260394842251039E+0	57.003905594151398E+0
241.000000000000080E+0	2.192187258004510E+0	222.148053303496000E+0
242.000000000000080E+0	721.679400891789280E-3	148.738146857888150E+0
243.000000000000080E+0	95.688154744728318E-3	80.772903161750676E+0
244.000000000000080E+0	173.782068310742190E-3	165.046168100504640E+0
245.000000000000080E+0	330.831099055477640E-3	59.400116456671625E+0
246.000000000000080E+0	2.837515955194102E+0	159.811631807010430E+0
247.000000000000080E+0	3.144612161268159E+0	194.094803706678990E+0
248.000000000000080E+0	1.987096239728701E+0	111.527240366448130E+0
249.000000000000080E+0	1.195118697259040E+0	59.309800502053818E+0
250.000000000000080E+0	556.409008668692810E-3	132.231256456056170E+0
251.000000000000080E+0	2.859946118864117E+0	208.936107633954180E+0
252.000000000000080E+0	4.261909242432805E+0	102.391976794061210E+0
253.000000000000080E+0	5.631541408685090E+0	99.005038401264272E+0
254.000000000000080E+0	7.736373094654832E+0	112.522717421248170E+0
255.000000000000080E+0	7.091710055394666E+0	111.995838676805490E+0
256.000000000000110E+0	6.602897518992689E+0	133.068724612419200E+0
257.000000000000110E+0	6.733117962296196E+0	215.384751546439990E+0
258.000000000000110E+0	6.181249630985894E+0	71.169297127210640E+0
259.000000000000110E+0	893.762598632140690E-3	93.827117903359152E+0
260.000000000000110E+0	1.147738227759531E+0	255.488151832586250E+0
261.000000000000110E+0	348.130886938243070E-3	99.508630239512271E+0
262.000000000000110E+0	837.407320467000500E-3	103.101625311658610E+0
263.000000000000110E+0	4.494930786636205E+0	100.625350264912880E+0
264.000000000000110E+0	8.779544035662639E+0	107.090124619869400E+0
265.000000000000110E+0	10.604047446907060E+0	138.386977250890200E+0
266.000000000000110E+0	8.432477354158879E+0	139.337777806567400E+0
267.000000000000110E+0	3.408267756196766E+0	140.075493531218570E+0
268.000000000000110E+0	2.753946406546324E+0	49.476894773333200E+0
269.000000000000110E+0	3.957782331201371E+0	149.464257842068060E+0
270.000000000000110E+0	8.602864721293987E+0	257.631640957457530E+0
271.000000000000110E+0	2.518105926720762E+0	66.089477588641131E+0
272.000000000000110E+0	1.703629762654825E+0	104.523434276831840E+0
273.000000000000110E+0	6.078561450746212E+0	135.720415558540110E+0
274.000000000000110E+0	7.827639164285062E+0	118.713522415658940E+0
275.000000000000110E+0	6.179167650553737E+0	135.161966085695040E+0
276.000000000000110E+0	4.493918147653785E+0	179.957708757823270E+0
277.000000000000110E+0	1.222188924716303E+0	49.949651932512751E+0
278.000000000000110E+0	2.798730864368054E+0	141.648568556866820E+0
279.000000000000110E+0	5.081244938915342E+0	209.613445603706850E+0
280.000000000000110E+0	3.302020953529892E+0	133.951406540194200E+0
281.000000000000110E+0	3.537424903979094E+0	85.704961129176496E+0
282.000000000000110E+0	621.607178209129700E-3	92.887632029210252E+0
283.000000000000110E+0	3.522930974759804E+0	236.402511635939250E+0
284.000000000000110E+0	14.363359472883204E+0	100.327172527022550E+0
285.000000000000110E+0	23.582408041596157E+0	151.578596556864770E+0
286.000000000000110E+0	21.554744127288483E+0	168.374933633131460E+0
287.000000000000110E+0	10.303289443838926E+0	47.555826766680639E+0
288.000000000000110E+0	56.363021875979449E+0	260.373872499048390E+0
289.000000000000110E+0	74.447449928596654E+0	233.504816433860470E+0
290.000000000000110E+0	33.753607767860288E+0	76.745020422592205E+0
291.000000000000110E+0	33.318305160367593E+0	115.078199160756110E+0
292.000000000000110E+0	52.017958972124873E+0	182.504848414971920E+0
293.000000000000110E+0	65.010333949712887E+0	147.645935845199400E+0
294.000000000000110E+0	62.453773688343496E+0	127.560045491302870E+0
295.000000000000110E+0	63.178801707086926E+0	137.276743448608700E+0
296.000000000000110E+0	53.843954787694621E+0	105.846087606309810E+0
297.000000000000110E+0	130.108033524173270E+0	128.855407402987200E+0
298.000000000000110E+0	246.902822647079180E+0	231.285778447002200E+0
299.000000000000110E+0	186.512659961952470E+0	169.019611091775540E+0
300.000000000000110E+0	52.118273424589709E+0	57.612684122618837E+0
301.000000000000110E+0	154.321861001487290E+0	153.896788192670330E+0
302.000000000000110E+0	173.816625700549220E+0	285.202556121348440E+0
303.000000000000110E+0	14.403148895394008E+0	72.461362704577354E+0
304.000000000000110E+0	45.273991447999094E+0	190.680494380268900E+0
305.000000000000110E+0	16.535972798656008E+0	114.747601470509410E+0
306.000000000000110E+0	19.225370353583926E+0	99.480532347274874E+0
307.000000000000110E+0	34.132392619324307E+0	217.420267540491920E+0
308.000000000000110E+0	29.306622167287450E+0	157.677331890308520E+0
309.000000000000110E+0	17.867379712780455E+0	83.455763601577956E+0
310.000000000000110E+0	11.662766608517376E+0	83.252800431641404E+0
311.000000000000110E+0	31.413803016438653E+0	204.967130931143860E+0
312.000000000000110E+0	34.486049673111410E+0	187.194229029147830E+0
313.000000000000110E+0	20.842766330453923E+0	75.131323756720803E+0
314.000000000000110E+0	28.455414235690661E+0	120.269983641728490E+0
315.000000000000110E+0	39.187931281816120E+0	122.548775266826510E+0
316.000000000000110E+0	33.718304558903021E+0	112.321679651015840E+0
317.000000000000110E+0	70.350288288479078E+0	217.757957511045620E+0
318.000000000000110E+0	57.891995063002128E+0	138.965327371555100E+0
319.000000000000110E+0	24.037064951516207E+0	37.723715082060870E+0
320.000000000000110E+0	114.771257129584610E+0	220.537194669097290E+0
321.000000000000110E+0	111.802100105446540E+0	235.335869619496260E+0
322.000000000000110E+0	48.068492143243276E+0	88.057866480484762E+0
323.000000000000110E+0	56.922290664102562E+0	121.297411362986780E+0
324.000000000000110E+0	48.609797333305629E+0	94.849466348913751E+0
325.000000000000110E+0	108.158161590182120E+0	179.047134302977100E+0
326.000000000000110E+0	97.454742308740805E+0	167.818999607803760E+0
327.000000000000110E+0	84.268872418377342E+0	149.756780050129320E+0
328.000000000000110E+0	72.335380720819629E+0	111.698670668217090E+0
329.000000000000110E+0	70.259947208732271E+0	81.379167011220460E+0
330.000000000000110E+0	249.670465948355970E+0	350.122558777359590E+0
331.000000000000110E+0	135.463380096935820E+0	189.766534557699150E+0
332.000000000000110E+0	89.505346520631690E+0	87.657416071610228E+0
333.000000000000110E+0	189.232597047056060E+0	157.729699428607010E+0
334.000000000000110E+0	247.124349970418450E+0	229.745777167131170E+0
335.000000000000110E+0	213.214740733874410E+0	193.687270602226250E+0
336.000000000000110E+0	393.753003433359200E+0	327.740074484936140E+0
337.000000000000110E+0	194.579950874698340E+0	172.557411508744880E+0
338.000000000000110E+0	199.053767639608590E+0	152.931423700618320E+0
339.000000000000110E+0	586.456880339140750E+0	452.565568617958150E+0
340.000000000000110E+0	442.915487527928120E+0	371.774125297786270E+0
341.000000000000110E+0	203.964111584272730E+0	206.720370202215090E+0
342.000000000000110E+0	83.789273245296357E+0	124.119839163569030E+0
343.000000000000110E+0	95.435800069603033E+0	213.920987172273950E+0
344.000000000000110E+0	81.441657229854144E+0	284.497806390764990E+0
345.000000000000110E+0	23.594050884975008E+0	129.907646065207960E+0
346.000000000000110E+0	25.612665757581730E+0	186.452661072440090E+0
347.000000000000110E+0	12.638166277176857E+0	89.806393301249514E+0
348.000000000000110E+0	15.391629416178953E+0	153.982011070460740E+0
349.000000000000110E+0	16.402259526747343E+0	334.066922377705340E+0
350.000000000000110E+0	4.090494824285333E+0	135.913161298164370E+0
351.000000000000110E+0	6.372174825248415E+0	76.729253277453566E+0
352.000000000000110E+0	86.584380784071491E-3	143.071636211459920E+0
353.000000000000110E+0	7.932442707068883E+0	194.799700855983840E+0
354.000000000000110E+0	9.684721256173962E+0	185.892828512794240E+0
355.000000000000110E+0	8.938041593851906E+0	139.914919063741510E+0
356.000000000000110E+0	10.772983196293183E+0	99.951761576696910E+0
357.000000000000110E+0	12.358763755970401E+0	133.846143613375060E+0
358.000000000000110E+0	13.845997891525538E+0	211.073947919012570E+0
359.000000000000110E+0	23.884607276186571E+0	209.973856532943330E+0
360.000000000000110E+0	20.063823491381477E+0	133.784150052302890E+0
361.000000000000110E+0	19.723229263592181E+0	60.049728057644003E+0
362.000000000000110E+0	84.977646849267813E+0	302.321260183896920E+0
363.000000000000110E+0	59.698467114863050E+0	180.206538102429760E+0
364.000000000000110E+0	27.647961750103271E+0	134.014643511444260E+0
365.000000000000110E+0	44.023816841341762E+0	147.840330475338360E+0
366.000000000000110E+0	47.335311893168651E+0	91.879269020408955E+0
367.000000000000110E+0	141.085035872788240E+0	202.839229329005830E+0
368.000000000000110E+0	194.525821557308120E+0	279.514159021217780E+0
369.000000000000110E+0	86.448164693667394E+0	115.549064428840050E+0
370.000000000000110E+0	51.269592648914532E+0	103.507793626274900E+0
371.000000000000110E+0	51.143979745442365E+0	155.335724382913670E+0
372.000000000000110E+0	52.785384078504009E+0	286.683354861505050E+0
373.000000000000110E+0	12.827625259108189E+0	180.019176260754080E+0
374.000000000000110E+0	24.722871946555021E+0	99.234920563020537E+0
375.000000000000110E+0	27.221652594117604E+0	143.095500489738640E+0
376.000000000000110E+0	30.707965526863159E+0	171.018729519095500E+0
377.000000000000110E+0	31.023628154019388E+0	213.193844273311750E+0
378.000000000000110E+0	31.574644037164582E+0	249.031308541296990E+0
379.000000000000110E+0	12.334632011028820E+0	93.507105733630496E+0
380.000000000000110E+0	432.113397945082690E-3	140.484673430538320E+0
381.000000000000110E+0	3.756339628602375E+0	350.093484685378880E+0
382.000000000000110E+0	1.556652404659495E+0	159.116944114058900E+0
383.000000000000110E+0	4.791755991073625E+0	142.276544492250680E+0
384.000000000000110E+0	4.643277894038956E+0	109.430326802797940E+0
385.000000000000110E+0	9.953167250188832E+0	172.886029421641640E+0
386.000000000000110E+0	12.777424344072015E+0	276.935880754299720E+0
387.000000000000110E+0	3.777562547013807E+0	162.663127795545730E+0
388.000000000000110E+0	2.396393851990663E+0	158.309879209509570E+0
389.000000000000110E+0	870.938246058633460E-3	71.429291086784090E+0
390.000000000000110E+0	2.590007284155039E+0	225.872500742191330E+0
391.000000000000110E+0	6.266923942494442E+0	317.446429046356800E+0
392.000000000000110E+0	5.982084047554415E+0	136.799949209319660E+0
393.000000000000110E+0	6.364300905700873E+0	91.862778587081948E+0
394.000000000000110E+0	8.886012596249657E+0	210.163599788794500E+0
395.000000000000110E+0	7.272733597772320E+0	171.860477202936550E+0
396.000000000000110E+0	5.660681148110031E+0	269.169087643096990E+0
397.000000000000110E+0	3.012254259969553E+0	169.706807162966190E+0
398.000000000000110E+0	3.399659819458210E+0	67.774534137328260E+0
399.000000000000110E+0	17.955929090634733E+0	191.165512909346550E+0
400.000000000000110E+0	34.191213714239971E+0	288.219913849003490E+0
401.000000000000110E+0	30.336583926870212E+0	184.480849582462240E+0
402.000000000000110E+0	13.577616201943371E+0	122.375520843604180E+0
403.000000000000110E+0	292.783459010031060E-3	85.787300468370148E+0
404.000000000000110E+0	20.776614686235188E+0	307.259420573706680E+0
405.000000000000110E+0	27.777955851205309E+0	170.003466194170810E+0
406.000000000000110E+0	39.869627587778282E+0	172.174296378978820E+0
407.000000000000110E+0	31.580536468729292E+0	147.918534334614290E+0
408.000000000000110E+0	10.190330914657395E+0	68.774517839536088E+0
409.000000000000110E+0	4.435775536025886E+0	312.123499741996060E+0
410.000000000000110E+0	4.404549454696579E+0	244.184583448195010E+0
411.000000000000110E+0	5.983748812973582E+0	84.874756928736474E+0
412.000000000000110E+0	14.293336654208634E+0	96.279179499811605E+0
413.000000000000110E+0	29.145297358067232E+0	187.325941457288990E+0
414.000000000000110E+0	30.525206588308045E+0	205.993186237319320E+0
415.000000000000110E+0	14.877444218996866E+0	184.157512560431910E+0
416.000000000000110E+0	4.199956502754703E+0	97.436983261284368E+0
417.000000000000110E+0	1.826417801685600E+0	96.124980908504739E+0
418.000000000000110E+0	9.663550994494864E+0	197.043355441419350E+0
419.000000000000110E+0	26.507184834310244E+0	221.850600582872860E+0
420.000000000000110E+0	32.556504104119547E+0	205.053101750759740E+0
421.000000000000110E+0	14.349552266088569E+0	38.806006245907099E+0
422.000000000000110E+0	33.621675181895718E+0	172.305148058077260E+0
423.000000000000110E+0	41.919666261489553E+0	294.626971657014340E+0
424.000000000000110E+0	15.586512659657131E+0	143.374220273627000E+0
425.000000000000110E+0	20.533989656991896E+0	174.283826215694150E+0
426.000000000000110E+0	16.542173759607415E+0	105.767649803400450E+0
427.000000000000110E+0	55.940074435014957E+0	121.880761069420860E+0
428.000000000000110E+0	163.635474008806080E+0	351.048310005549640E+0
429.000000000000110E+0	95.647381562138079E+0	167.832774915256950E+0
430.000000000000110E+0	46.764047838923005E+0	123.120093969438330E+0
431.000000000000110E+0	44.482867068292641E+0	92.739834334623822E+0
432.000000000000110E+0	108.581897436178370E+0	290.683353777002760E+0
433.000000000000110E+0	73.920453410841645E+0	269.025859688141570E+0
434.000000000000110E+0	50.225895487214366E+0	132.843120395732910E+0
435.000000000000110E+0	33.311410057950354E+0	114.298015611296390E+0
436.000000000000110E+0	57.875534302450696E+0	177.255157683187060E+0
437.000000000000110E+0	46.094695329586315E+0	224.909367069249360E+0
438.000000000000110E+0	46.595002184178831E+0	336.364780847737730E+0
439.000000000000110E+0	17.047546754082337E+0	204.187657031226930E+0
440.000000000000110E+0	731.973511838292620E-3	48.789876094466095E+0
441.000000000000110E+0	9.754659713535530E+0	389.433263070870110E+0
442.000000000000110E+0	5.239419585830547E+0	360.695089067344270E+0
443.000000000000110E+0	9.986655223801680E+0	214.172729692083380E+0
444.000000000000110E+0	9.889977535226038E+0	214.655371947117970E+0
445.000000000000110E+0	13.906782509391325E+0	115.599972233798550E+0
446.000000000000110E+0	25.389233630730910E+0	316.645384423926320E+0
447.000000000000110E+0	22.792798523182647E+0	310.387679762392680E+0
448.000000000000110E+0	17.069598810442717E+0	208.309786581880470E+0
449.000000000000110E+0	12.497179136552829E+0	123.596178486910420E+0
450.000000000000110E+0	18.344072389522324E+0	115.815690539880990E+0
451.000000000000110E+0	46.699296448896064E+0	423.475095820276580E+0
452.000000000000110E+0	23.145043186645811E+0	239.464367992626110E+0
453.000000000000110E+0	8.706025379076866E+0	89.197627463294424E+0
454.000000000000110E+0	9.083167201646463E+0	140.125170449783300E+0
455.000000000000110E+0	17.083186219138827E+0	176.644241016283730E+0
456.000000000000110E+0	19.295569471341416E+0	235.967899975359470E+0
457.000000000000110E+0	19.106906619526931E+0	227.892125794059610E+0
458.000000000000110E+0	12.021204948750860E+0	124.601397893230950E+0
459.000000000000110E+0	9.908795960684909E+0	73.824981570545418E+0
460.000000000000110E+0	46.978346452003436E+0	338.395909675585810E+0
461.000000000000110E+0	34.807975052758422E+0	211.668529470139390E+0
462.000000000000110E+0	30.520092544145712E+0	166.583675145423340E+0
463.000000000000110E+0	14.615232953168217E+0	79.017330152643382E+0
464.000000000000110E+0	80.776380728246181E+0	190.406810126902090E+0
465.000000000000110E+0	156.978174233839980E+0	272.035200943680250E+0
466.000000000000110E+0	115.205160866356350E+0	171.127041164227480E+0
467.000000000000110E+0	171.157743821037970E+0	199.556248114411060E+0
468.000000000000110E+0	120.344750022630210E+0	86.675046205748316E+0
469.000000000000110E+0	283.251352208518200E+0	212.220021499905980E+0
470.000000000000110E+0	754.384131120070150E+0	454.837952151625070E+0
471.000000000000110E+0	334.474860995220130E+0	191.237088788292340E+0
472.000000000000110E+0	144.676284030018370E+0	93.168792425908549E+0
473.000000000000110E+0	259.726893325451040E+0	173.845750511580660E+0
474.000000000000110E+0	234.828638594227920E+0	267.331399019128980E+0
475.000000000000110E+0	209.587225108049640E+0	299.324605697231280E+0
476.000000000000110E+0	110.211913059928020E+0	206.166423339843650E+0
477.000000000000110E+0	39.330719904308758E+0	125.527142516084680E+0
478.000000000000110E+0	41.400699963999124E+0	130.026894926504180E+0
479.000000000000110E+0	98.929174683741763E+0	317.920900920506880E+0
480.000000000000110E+0	85.945943247084884E+0	222.478447237185090E+0
481.000000000000110E+0	42.784035777452246E+0	117.725896238536510E+0
482.000000000000110E+0	41.556459729390248E+0	66.565517552008345E+0
483.000000000000110E+0	127.738518380139270E+0	292.175967899845150E+0
484.000000000000110E+0	91.805136911786050E+0	237.964250735240200E+0
485.000000000000110E+0	48.384478654553341E+0	139.258636530797730E+0
486.000000000000110E+0	45.876102421467564E+0	160.349680020579710E+0
487.000000000000110E+0	9.924754674738827E+0	55.985516209648608E+0
488.000000000000110E+0	60.815404136704288E+0	282.916530988293460E+0
489.000000000000110E+0	57.927467232728318E+0	285.760098041709280E+0
490.000000000000110E+0	25.691875266927855E+0	136.362880634931230E+0
491.000000000000110E+0	23.426651912738976E+0	74.055981909333468E+0
492.000000000000110E+0	34.559581322094907E+0	188.446877227759390E+0
493.000000000000110E+0	39.144928009749229E+0	268.083033731165930E+0
494.000000000000110E+0	25.314523283364416E+0	193.512144319056460E+0
495.000000000000110E+0	8.973325918882605E+0	108.090543258917630E+0
496.000000000000110E+0	13.749937300035469E+0	123.041086812136200E+0
497.000000000000110E+0	21.817469161692149E+0	156.223098512976010E+0
498.000000000000110E+0	44.098330080290999E+0	301.287136349934260E+0
499.000000000000110E+0	29.241254736300238E+0	227.171005433338390E+0
500.000000000000110E+0	6.751787881566083E+0	77.823296913400199E+0
501.000000000000110E+0	14.956995296317999E+0	119.030040596651400E+0
502.000000000000110E+0	31.862928207807322E+0	353.732888323161200E+0
503.000000000000110E+0	15.626372191761437E+0	195.425432430643350E+0
504.000000000000110E+0	11.628521915560427E+0	132.991760461861420E+0
505.000000000000110E+0	16.162908746247094E+0	142.405886294420330E+0
506.000000000000110E+0	19.392953743045457E+0	119.801198516537480E+0
507.000000000000110E+0	34.310159586161511E+0	337.803772422891310E+0
508.000000000000110E+0	21.141014816856902E+0	193.836337088299020E+0
509.000000000000110E+0	15.293365473560319E+0	149.424470700542940E+0
510.000000000000110E+0	2.702437185424926E+0	56.083779192150288E+0
511.000000000000110E+0	21.296978875716114E+0	278.287423182903130E+0
512.000000000000110E+0	27.026467697675610E+0	350.143476500482680E+0
513.000000000000110E+0	10.468830593165006E+0	134.039819787397140E+0
514.000000000000110E+0	13.558135332792403E+0	117.586087389710930E+0
515.000000000000110E+0	9.738225336696493E+0	150.610482815749490E+0
516.000000000000110E+0	8.506510844432636E+0	187.503907818639330E+0
517.000000000000110E+0	18.577168379742538E+0	293.842745145735530E+0
518.000000000000110E+0	9.112422684290813E+0	214.397516016418960E+0
519.000000000000110E+0	800.285472100579880E-3	48.823269425904606E+0
520.000000000000110E+0	683.966141416229690E-3	238.377343400905830E+0
521.000000000000110E+0	3.417070527033662E+0	343.239119415331000E+0
522.000000000000110E+0	2.955871503852016E+0	222.384228675282490E+0
523.000000000000110E+0	1.756358863130703E+0	103.589329616700330E+0
524.000000000000110E+0	2.167672885800756E+0	111.793587331511190E+0
525.000000000000110E+0	8.498861991087006E+0	241.203228827756080E+0
526.000000000000110E+0	16.537494746447258E+0	272.250704511782430E+0
527.000000000000110E+0	18.685746436874325E+0	191.469758354109610E+0
528.000000000000110E+0	15.263970865399264E+0	159.652379008769290E+0
529.000000000000110E+0	11.996636058655922E+0	72.976337475552526E+0
530.000000000000110E+0	84.891947370864415E+0	400.107142773320790E+0
531.000000000000110E+0	68.450190694609162E+0	303.609731361192080E+0
532.000000000000110E+0	18.921064972295774E+0	78.929668248946910E+0
533.000000000000110E+0	29.150040308351606E+0	124.375772023277550E+0
534.000000000000110E+0	27.105239826926418E+0	167.931576461103700E+0
535.000000000000110E+0	38.990508057119811E+0	272.472716570679380E+0
536.000000000000110E+0	41.029516739693435E+0	235.662436663783690E+0
537.000000000000110E+0	31.720792037390982E+0	144.205536019240330E+0
538.000000000000110E+0	20.189817155329262E+0	65.850393933675605E+0
539.000000000000110E+0	28.423103004449025E+0	280.730432419494090E+0
540.000000000000110E+0	19.101050661428399E+0	290.959188491097450E+0
541.000000000000110E+0	10.313220417058803E+0	201.668621444477990E+0
542.000000000000110E+0	3.108709136146931E+0	52.438758062202439E+0
543.000000000000110E+0	4.577816609829104E+0	213.554853553793240E+0
544.000000000000110E+0	7.981814524697482E+0	316.563598164494350E+0
545.000000000000110E+0	4.800999932555856E+0	183.580433171366020E+0
546.000000000000110E+0	5.642880806514542E+0	202.267907705522470E+0
547.000000000000110E+0	6.704508085695428E+0	95.884307830396992E+0
548.000000000000110E+0	10.004429152664326E+0	129.987160688549980E+0
549.000000000000110E+0	29.326502632694467E+0	441.373015723814830E+0
550.000000000000110E+0	18.190918126813916E+0	228.167042467936510E+0
551.000000000000110E+0	5.188454797231557E+0	86.136391274828881E+0
552.000000000000110E+0	8.330790954631727E+0	140.782526470884870E+0
553.000000000000110E+0	22.483174900433067E+0	262.073164294271750E+0
554.000000000000110E+0	29.246895159053359E+0	334.504080639543190E+0
555.000000000000110E+0	8.698224958637585E+0	130.218848722911790E+0
556.000000000000110E+0	12.783995286941181E+0	144.988392818493740E+0
557.000000000000110E+0	16.252751996908763E+0	106.024581204759030E+0
558.000000000000110E+0	29.483603467733623E+0	278.822686939045750E+0
559.000000000000110E+0	32.560972908559393E+0	352.915426237862560E+0
560.000000000000110E+0	17.014492839517239E+0	164.615844228207490E+0
561.000000000000110E+0	9.592987889554241E+0	51.726588726350982E+0
562.000000000000110E+0	43.611127410408912E+0	351.949773805431850E+0
563.000000000000110E+0	36.850834408532627E+0	310.344108183131650E+0
564.000000000000110E+0	17.423731228359909E+0	163.868827273289300E+0
565.000000000000110E+0	20.199052734443786E+0	173.854645509713610E+0
566.000000000000110E+0	12.914405711727042E+0	77.510470362679428E+0
567.000000000000110E+0	27.091159056268850E+0	285.830636353223550E+0
568.000000000000110E+0	24.500523796491997E+0	322.764861910285730E+0
569.000000000000110E+0	14.213816661659184E+0	227.454391078962030E+0
570.000000000000110E+0	4.124150666857245E+0	84.227403109887618E+0
571.000000000000110E+0	7.286369287153056E+0	175.086387082465790E+0
572.000000000000110E+0	14.773483546949205E+0	409.726445093550690E+0
573.000000000000110E+0	9.047463854131674E+0	277.001549371484430E+0
574.000000000000110E+0	1.254604606082988E+0	91.376596729341045E+0
575.000000000000110E+0	2.937809086874710E+0	170.698722517563680E+0
576.000000000000110E+0	1.889376991501839E+0	140.134310173015080E+0
577.000000000000110E+0	13.634358687027198E+0	340.819677688598120E+0
578.000000000000110E+0	17.609871590237283E+0	330.266021800428860E+0
579.000000000000110E+0	5.646767409841602E+0	111.448178743562380E+0
580.000000000000110E+0	12.205450434797680E+0	108.796993600699170E+0
581.000000000000110E+0	54.060981879520511E+0	426.691090410870970E+0
582.000000000000110E+0	57.436561457536868E+0	319.518889312535120E+0
583.000000000000110E+0	38.433259072494920E+0	160.379688253011040E+0
584.000000000000110E+0	26.394489411912424E+0	120.671111792469760E+0
585.000000000000110E+0	50.307970003920381E+0	171.813393954666220E+0
586.000000000000110E+0	142.443919373705280E+0	343.088987416319750E+0
587.000000000000110E+0	133.820969696953680E+0	263.177127002693850E+0
588.000000000000110E+0	134.340374252161150E+0	243.625414731225250E+0
589.000000000000110E+0	33.399420868774818E+0	53.959899018270427E+0
590.000000000000110E+0	139.405123090118140E+0	297.699428427213490E+0
591.000000000000110E+0	196.928993708679120E+0	457.316125314485700E+0
592.000000000000110E+0	71.001115971970478E+0	173.058936581857490E+0
593.000000000000110E+0	26.557992013309189E+0	98.344054218411458E+0
594.000000000000110E+0	37.857570527937284E+0	156.995963417318450E+0
595.000000000000110E+0	53.481652448039313E+0	216.677218198119760E+0
596.000000000000110E+0	67.612045347034680E+0	295.528173636619500E+0
597.000000000000110E+0	49.123386908462045E+0	234.823461467735260E+0
598.000000000000110E+0	11.825406584121712E+0	83.206612593754485E+0
599.000000000000110E+0	27.452683907212918E+0	169.047959864383590E+0
600.000000000000110E+0	57.147679573023062E+0	360.956521994544630E+0
601.000000000000110E+0	54.964202080593353E+0	343.618308187506610E+0
602.000000000000110E+0	17.854843474053734E+0	88.220306515150199E+0
603.000000000000110E+0	17.033994776736421E+0	114.020811733602880E+0
604.000000000000110E+0	50.122824644843327E+0	260.077038333098410E+0
605.000000000000110E+0	46.601044190318305E+0	263.407669052671620E+0
606.000000000000110E+0	34.621503132140894E+0	198.946948046719430E+0
607.000000000000110E+0	42.739933406484909E+0	194.684166063501320E+0
608.000000000000110E+0	12.634375197120345E+0	49.652810288646229E+0
609.000000000000110E+0	39.039882309864822E+0	430.282219167226340E+0
610.000000000000110E+0	23.170021602826843E+0	395.102159321144650E+0
611.000000000000110E+0	4.709346143901199E+0	151.498996099909680E+0
612.000000000000110E+0	2.685550180589502E+0	82.604516357831827E+0
613.000000000000110E+0	6.853763050803050E+0	194.664879350687500E+0
614.000000000000110E+0	6.601137139895068E+0	316.707290740168100E+0
615.000000000000110E+0	4.378430448758552E+0	220.591115454675390E+0
616.000000000000110E+0	5.433370011916059E+0	166.290469286390220E+0
617.000000000000110E+0	6.274669223507436E+0	97.034771699241475E+0
618.000000000000110E+0	10.588297002858736E+0	187.676989006811340E+0
619.000000000000110E+0	16.551384812909767E+0	397.367090347453200E+0
620.000000000000110E+0	13.838629611408885E+0	328.940385492057540E+0
621.000000000000110E+0	1.525583650997229E+0	56.117040560949455E+0
622.000000000000110E+0	6.872874122635857E+0	195.570195904159330E+0
623.000000000000110E+0	21.933994490326150E+0	363.922796446269670E+0
624.000000000000110E+0	18.175963440967159E+0	219.136771589411920E+0
625.000000000000110E+0	18.435739221333868E+0	194.681644670093650E+0
626.000000000000110E+0	10.767201983227816E+0	125.273425951252830E+0
627.000000000000110E+0	12.895542504440769E+0	119.955605242937280E+0
628.000000000000110E+0	40.332268671282620E+0	403.048733902148340E+0
629.000000000000110E+0	34.082643412844661E+0	323.925886359518810E+0
630.000000000000110E+0	12.100260200200017E+0	151.505801417724430E+0
631.000000000000110E+0	5.301470858809280E+0	86.027031970068862E+0
632.000000000000110E+0	29.430664814803073E+0	317.854746927542070E+0
633.000000000000110E+0	50.445819403446563E+0	443.757828469072140E+0
634.000000000000110E+0	20.713955302087481E+0	134.889253049632710E+0
635.000000000000110E+0	24.526147351952506E+0	169.532773560450890E+0
636.000000000000110E+0	13.531973281739997E+0	99.386468462963378E+0
637.000000000000110E+0	55.718949732060956E+0	264.052969698508430E+0
638.000000000000110E+0	109.558817309797400E+0	385.331199147431850E+0
639.000000000000110E+0	91.586936542717964E+0	263.164717324948920E+0
640.000000000000110E+0	12.717326668457527E+0	37.120544741179522E+0
641.000000000000110E+0	167.484546393469090E+0	307.124797397519960E+0
642.000000000000110E+0	290.276206372647100E+0	386.938569002761030E+0
643.000000000000110E+0	242.454524321352750E+0	250.284393314020380E+0
644.000000000000110E+0	162.206770349601610E+0	153.921094247550940E+0
645.000000000000110E+0	108.612462782755000E+0	106.926524386614840E+0
646.000000000000110E+0	333.633088240276610E+0	240.581764690994700E+0
647.000000000000110E+0	476.849370905781880E+0	283.132605035545400E+0
648.000000000000110E+0	439.759279611461350E+0	261.863560241292080E+0
649.000000000000110E+0	173.612478436002850E+0	108.620938080925540E+0
650.000000000000110E+0	70.113588996407174E+0	61.831801933483121E+0
651.000000000000110E+0	638.750155346296650E+0	446.062247651814400E+0
652.000000000000110E+0	516.587144144213990E+0	359.458262714115510E+0
653.000000000000110E+0	140.895933372490790E+0	83.901477677919743E+0
654.000000000000110E+0	193.865599052529630E+0	160.619368341898420E+0
655.000000000000110E+0	177.488765663923970E+0	144.149643660932700E+0
656.000000000000110E+0	372.314220532802780E+0	281.760075425690620E+0
657.000000000000110E+0	418.009618295265680E+0	296.940744484745830E+0
658.000000000000110E+0	188.364959828807230E+0	124.927838186020690E+0
659.000000000000110E+0	67.043225845176920E+0	46.399170710770207E+0
660.000000000000110E+0	457.457827496713550E+0	277.700670697943850E+0
661.000000000000110E+0	690.572733695287750E+0	358.637117789824690E+0
662.000000000000110E+0	441.056250596768680E+0	193.263866061230540E+0
663.000000000000110E+0	183.323055889552790E+0	73.363829029800826E+0
664.000000000000110E+0	300.133587289685070E+0	150.200867293310720E+0
665.000000000000110E+0	848.618649862104800E+0	343.279666877628300E+0
666.000000000000110E+0	598.128671821572650E+0	186.650158343623760E+0
667.000000000000110E+0	1.029176513832244E+3	300.358639281276740E+0
668.000000000000110E+0	259.177194217136670E+0	68.378460142102412E+0
669.000000000000110E+0	499.912560523837160E+0	182.156495469768880E+0
670.000000000000110E+0	1.110575908141314E+3	443.994736925334000E+0
671.000000000000110E+0	509.495182347199090E+0	212.199479419137730E+0
672.000000000000110E+0	115.204790569148680E+0	63.117656141409142E+0
673.000000000000110E+0	133.467458860619810E+0	114.644115758706870E+0
674.000000000000110E+0	166.905462019604950E+0	179.203184139477970E+0
675.000000000000110E+0	235.513638515076310E+0	296.993664919979040E+0
676.000000000000110E+0	115.735899156910090E+0	164.036621557655450E+0
677.000000000000110E+0	68.056118368544006E+0	117.335300279994040E+0
678.000000000000110E+0	20.359648224410520E+0	75.681082601423242E+0
679.000000000000110E+0	33.391756812823345E+0	288.265451177145110E+0
680.000000000000110E+0	26.113960877088271E+0	384.210780350957860E+0
681.000000000000110E+0	3.044474694757484E+0	126.371114467280650E+0
682.000000000000110E+0	778.322067172916850E-3	50.991458633504003E+0
683.000000000000110E+0	1.865301671085861E+0	255.398157345982410E+0
684.000000000000110E+0	1.368791111258020E+0	250.547223384495110E+0
685.000000000000110E+0	634.322310678319790E-3	146.150752844018600E+0
686.000000000000110E+0	596.071081530700320E-3	173.928123455153550E+0
687.000000000000110E+0	579.319615883356900E-3	28.443408319822289E+0
688.000000000000110E+0	2.162348733337982E+0	240.460484312269560E+0
689.000000000000110E+0	3.020803281257582E+0	354.074557047894530E+0
690.000000000000110E+0	1.793263038884988E+0	182.952750750796440E+0
691.000000000000110E+0	772.965680092130180E-3	72.752917252416381E+0
692.000000000000110E+0	1.692160448890175E+0	119.286684435728180E+0
693.000000000000110E+0	7.405681904238252E+0	392.224952943835030E+0
694.000000000000110E+0	4.599378300249122E+0	200.818217693714300E+0
695.000000000000110E+0	4.797463790725948E+0	125.810656009776540E+0
696.000000000000110E+0	7.008400165407286E+0	111.324796661426870E+0
697.000000000000110E+0	6.517468253586697E+0	100.833880461304800E+0
698.000000000000110E+0	20.204639913683792E+0	287.456189013802940E+0
699.000000000000110E+0	25.095259180229661E+0	343.232923622976730E+0
700.000000000000110E+0	4.645286475307443E+0	63.412226713010817E+0
701.000000000000110E+0	5.753841036279060E+0	83.861327591884816E+0
702.000000000000110E+0	14.795910122678013E+0	270.779386112003350E+0
703.000000000000110E+0	10.899071601907611E+0	262.205787911553100E+0
704.000000000000110E+0	4.195236085251845E+0	142.213590952596660E+0
705.000000000000110E+0	2.484842688328678E+0	106.871074330308260E+0
706.000000000000110E+0	1.737172496103438E+0	88.759596640153646E+0
707.000000000000110E+0	2.675946678882891E+0	288.680092164578470E+0
708.000000000000110E+0	1.718932818616938E+0	240.263257109327410E+0
709.000000000000110E+0	1.203259820853640E+0	188.038087898848630E+0
710.000000000000110E+0	570.759400050625090E-3	26.848932107716667E+0
711.000000000000110E+0	1.457396298215937E+0	237.845604727196440E+0
712.000000000000110E+0	1.419108597610236E+0	422.186428692898860E+0
713.000000000000110E+0	410.781326005334010E-3	115.982610915467010E+0
714.000000000000110E+0	140.401990572370410E-3	97.868355362767232E+0
715.000000000000110E+0	408.504486320978970E-3	85.292436220424832E+0
716.000000000000110E+0	664.626415403478000E-3	143.063877000921790E+0
717.000000000000110E+0	1.822759423477633E+0	302.797326846622300E+0
718.000000000000110E+0	3.281137953495436E+0	216.379248040278610E+0
719.000000000000110E+0	797.226998275777370E-3	59.221452649859472E+0
720.000000000000110E+0	1.335329409794707E+0	125.859865959757600E+0
721.000000000000110E+0	6.078472615209742E+0	335.209262219823640E+0
722.000000000000110E+0	7.666717697179910E+0	286.065554936703510E+0
723.000000000000110E+0	3.732742559491194E+0	92.027627185120565E+0
724.000000000000110E+0	4.007895824833308E+0	81.795053482003681E+0
725.000000000000110E+0	7.772390749069006E+0	222.483332863271980E+0
726.000000000000110E+0	6.503330576731280E+0	187.857393267216390E+0
727.000000000000110E+0	7.331616488072205E+0	246.149263535198830E+0
728.000000000000110E+0	3.865348689378841E+0	124.767665443633630E+0
729.000000000000110E+0	563.003239115962730E-3	23.524864370526366E+0
730.000000000000110E+0	11.124632893098198E+0	322.405890524892470E+0
731.000000000000110E+0	12.492438608528978E+0	371.698386321188930E+0
732.000000000000110E+0	3.177854574199226E+0	86.193660132676555E+0
733.000000000000110E+0	2.416686158640015E+0	93.696254306639844E+0
734.000000000000110E+0	1.892995170395887E+0	91.681336736131385E+0
735.000000000000110E+0	5.101443484664242E+0	296.973879492194100E+0
736.000000000000110E+0	2.699287463967062E+0	221.483737277832090E+0
737.000000000000110E+0	2.360881000774912E+0	163.573966768896240E+0
738.000000000000110E+0	1.156765504668875E+0	58.519936426351265E+0
739.000000000000110E+0	1.737044004935720E+0	160.110773496075380E+0
740.000000000000110E+0	3.573238121073270E+0	400.170687169490070E+0
741.000000000000110E+0	1.955535291193346E+0	248.754338060478490E+0
742.000000000000110E+0	1.021972345458916E+0	41.573013810223344E+0
743.000000000000110E+0	515.997205192171520E-3	154.851170380473040E+0
744.000000000000110E+0	1.732349908834307E+0	251.575902979110510E+0
745.000000000000110E+0	1.374848101514706E+0	161.715128372280790E+0
746.000000000000110E+0	1.970200182582255E+0	193.108300522124470E+0
747.000000000000110E+0	1.371874703849411E+0	80.086199524542479E+0
748.000000000000110E+0	2.422447542513153E+0	76.940556570759853E+0
749.000000000000110E+0	12.163087582646769E+0	349.704503372903100E+0
750.000000000000110E+0	12.310168021171226E+0	279.027151656183040E+0
751.000000000000110E+0	5.347076592907899E+0	106.330538437982650E+0
752.000000000000110E+0	2.561120912524642E+0	46.102307990554671E+0
753.000000000000110E+0	19.389453772015521E+0	223.304386298555020E+0
754.000000000000110E+0	34.760389823932542E+0	341.144574271220620E+0
755.000000000000110E+0	18.308278734562148E+0	145.580217282135890E+0
756.000000000000110E+0	17.327309450292883E+0	139.976355434934500E+0
757.000000000000110E+0	12.508955055613203E+0	76.019411289119674E+0
758.000000000000110E+0	21.971920233825678E+0	202.617418372693460E+0
759.000000000000110E+0	52.771551792692001E+0	447.262350087189020E+0
760.000000000000110E+0	14.349036450956669E+0	156.488501641526970E+0
761.000000000000110E+0	3.027227687953354E+0	24.913338650917563E+0
762.000000000000110E+0	13.916771994792407E+0	189.517880550230930E+0
763.000000000000110E+0	15.542123691587477E+0	309.453554793037370E+0
764.000000000000110E+0	7.501490743183604E+0	146.680725122552530E+0
765.000000000000110E+0	4.602377967986659E+0	134.078832427311170E+0
766.000000000000110E+0	1.792163805078408E+0	41.986631688873288E+0
767.000000000000110E+0	4.804689541012217E+0	174.395982692416650E+0
768.000000000000110E+0	3.984251743769507E+0	242.282672084094710E+0
769.000000000000110E+0	5.087337144815799E+0	268.371865580102510E+0
770.000000000000110E+0	2.675432673043709E+0	92.282797033115884E+0
771.000000000000110E+0	1.032022121428842E+0	66.430390534989357E+0
772.000000000000110E+0	7.203660493840434E+0	391.202857482818100E+0
773.000000000000110E+0	6.445688739689245E+0	314.465129201102170E+0
774.000000000000110E+0	5.229489853542189E+0	91.910309398419741E+0
775.000000000000110E+0	9.877218310211166E+0	133.238142672221130E+0
776.000000000000110E+0	6.396260917815716E+0	95.943007100466687E+0
777.000000000000110E+0	47.926289679996856E+0	287.303809983129950E+0
778.000000000000110E+0	93.803992878218167E+0	364.116386441502640E+0
779.000000000000110E+0	40.644291825812552E+0	103.541501035657550E+0
780.000000000000110E+0	6.986943187977538E+0	42.046133399194431E+0
781.000000000000110E+0	102.116357991461480E+0	260.861594873384770E+0
782.000000000000110E+0	189.126638088194340E+0	321.004169710107250E+0
783.000000000000110E+0	112.995653856971360E+0	163.437804127662790E+0
784.000000000000110E+0	26.991225922547660E+0	59.582315110087393E+0
785.000000000000110E+0	43.048334295408608E+0	98.472957738347730E+0
786.000000000000110E+0	74.649157707823562E+0	202.937774177361860E+0
787.000000000000110E+0	55.841103604511147E+0	212.270743137926730E+0
788.000000000000110E+0	39.833790104009161E+0	230.789438374022070E+0
789.000000000000110E+0	5.807677388539720E+0	66.389385044799681E+0
790.000000000000110E+0	26.559649474485706E+0	146.590165749472360E+0
791.000000000000110E+0	59.623858551030352E+0	507.876027874615030E+0
792.000000000000110E+0	16.554257924806091E+0	199.132965396398110E+0
793.000000000000110E+0	7.552957429684983E+0	94.969845757375921E+0
794.000000000000110E+0	10.408785391346303E+0	101.465508901772080E+0
795.000000000000110E+0	11.697327905020646E+0	213.041047810608860E+0
796.000000000000110E+0	10.410672440400555E+0	286.770211347474230E+0
797.000000000000110E+0	7.690902838880365E+0	257.893715599717780E+0
798.000000000000110E+0	3.199024064480426E+0	95.954300089882082E+0
799.000000000000110E+0	4.074461144096465E+0	76.743396733792451E+0
800.000000000000110E+0	13.060551880779453E+0	308.156594677854630E+0
801.000000000000110E+0	22.235342194537250E+0	444.381416746951340E+0
802.000000000000110E+0	5.725255756883186E+0	115.635278256731880E+0
803.000000000000110E+0	9.439127882586618E+0	62.253918689810931E+0
804.000000000000110E+0	25.963661188910645E+0	206.032720120609470E+0
805.000000000000110E+0	33.710763237996964E+0	209.127224566388210E+0
806.000000000000110E+0	40.586550614556764E+0	186.527500713526310E+0
807.000000000000110E+0	43.438546612569603E+0	177.178997026359550E+0
808.000000000000110E+0	5.449552838745083E+0	16.718152351278981E+0
809.000000000000110E+0	61.828035661561195E+0	235.861420605283000E+0
810.000000000000110E+0	107.110825952081010E+0	368.865101235131190E+0
811.000000000000110E+0	45.591204395192960E+0	164.836543812644490E+0
812.000000000000110E+0	12.709993467603079E+0	58.056637208099559E+0
813.000000000000110E+0	21.097997214109125E+0	81.082550028082863E+0
814.000000000000110E+0	79.441238561116506E+0	317.109593596797370E+0
815.000000000000110E+0	50.035033206218522E+0	227.028446864092530E+0
816.000000000000110E+0	26.433635651869263E+0	150.986373356387100E+0
817.000000000000110E+0	18.254971642873862E+0	112.759016293975420E+0
818.000000000000110E+0	8.849143871356571E+0	82.559820995497603E+0
819.000000000000110E+0	22.929798893467822E+0	370.782829964400890E+0
820.000000000000110E+0	12.319417532481779E+0	350.901418440040170E+0
821.000000000000110E+0	1.424283408788602E+0	75.927616119463025E+0
822.000000000000110E+0	3.145140311074799E+0	90.078254396694135E+0
823.000000000000110E+0	8.178080502050335E+0	311.138251704596940E+0
824.000000000000110E+0	4.972147296946610E+0	205.765305584173180E+0
825.000000000000110E+0	3.875665928439566E+0	200.916162794295450E+0
826.000000000000110E+0	1.186719336189358E+0	74.720977250106287E+0
827.000000000000110E+0	1.572638801943754E+0	71.865222938597043E+0
828.000000000000110E+0	4.479101687350051E+0	243.065334256604360E+0
829.000000000000110E+0	4.466756916015799E+0	280.629523838920700E+0
830.000000000000110E+0	2.019926980102128E+0	155.015464121436200E+0
831.000000000000110E+0	292.281980942111550E-3	17.086134887208001E+0
832.000000000000110E+0	2.112480657506536E+0	182.462260203670350E+0
833.000000000000110E+0	4.038273988472895E+0	372.970907065521710E+0
834.000000000000110E+0	927.809829197694390E-3	103.130018505246280E+0
835.000000000000110E+0	976.207846799047930E-3	111.285642757482120E+0
836.000000000000110E+0	645.891579107747860E-3	65.598807495774452E+0
837.000000000000110E+0	1.672133324060146E+0	119.306688232042090E+0
838.000000000000110E+0	4.167225161152676E+0	366.292271477807390E+0
839.000000000000110E+0	2.337294751917864E+0	218.536300210727690E+0
840.000000000000110E+0	766.610580465700520E-3	50.226321574122373E+0
841.000000000000110E+0	1.166658689205420E+0	103.940846056993860E+0
842.000000000000110E+0	2.556735353404646E+0	328.720455225225290E+0
843.000000000000110E+0	2.293595491144046E+0	276.781834221342990E+0
844.000000000000110E+0	967.841603016582170E-3	118.287143448722010E+0
845.000000000000110E+0	569.819632930328000E-3	83.416328957799109E+0
846.000000000000110E+0	2.364081522704629E+0	184.187806175575190E+0
847.000000000000110E+0	3.082451919102165E+0	224.584263581705730E+0
848.000000000000110E+0	3.851480939086338E+0	330.854216696216720E+0
849.000000000000110E+0	1.578415607163999E+0	169.641466527479250E+0
850.000000000000110E+0	511.040104751505630E-3	24.873305478803278E+0
851.000000000000110E+0	6.411692813695558E+0	414.683957083878620E+0
852.000000000000110E+0	5.639872677752375E+0	351.579530868451120E+0
853.000000000000110E+0	2.332080464229779E+0	122.805898914505430E+0
854.000000000000110E+0	1.370801414209820E+0	111.620483730946350E+0
855.000000000000110E+0	1.573634081765046E+0	92.397801223435906E+0
856.000000000000110E+0	4.134540692017710E+0	255.753079536123410E+0
857.000000000000110E+0	3.921202588429463E+0	273.573487473215780E+0
858.000000000000110E+0	1.339352126324235E+0	131.672379011605870E+0
859.000000000000110E+0	376.341384882204480E-3	51.383679172166389E+0
860.000000000000110E+0	805.135330439522120E-3	129.552227777446890E+0
861.000000000000110E+0	1.602319172434878E+0	428.463935259653790E+0
862.000000000000110E+0	413.076594131866260E-3	207.127768112309920E+0
863.000000000000110E+0	56.402614628601466E-3	34.686324323845589E+0
864.000000000000110E+0	34.745712929802712E-3	94.802523154710371E+0
865.000000000000110E+0	119.619327716241360E-3	198.081185728975410E+0
866.000000000000110E+0	443.348349205386070E-3	152.284525828506990E+0
867.000000000000110E+0	1.215829947205364E+0	239.090720678901110E+0
868.000000000000110E+0	579.756663642200460E-3	81.777020197038581E+0
869.000000000000110E+0	1.819758930437987E+0	60.717997378397456E+0
870.000000000000110E+0	14.419988995651664E+0	390.689757693338090E+0
871.000000000000110E+0	13.136078576796743E+0	253.076193451599920E+0
872.000000000000110E+0	5.460634535210553E+0	116.769531899262150E+0
873.000000000000110E+0	3.908199206580908E+0	40.917588823998216E+0
874.000000000000110E+0	35.570356238123203E+0	185.972080698367390E+0
875.000000000000110E+0	71.960439387129028E+0	304.265075413898500E+0
876.000000000000110E+0	46.653110392151724E+0	169.779245865751900E+0
877.000000000000110E+0	62.310896854087616E+0	162.230250556719540E+0
878.000000000000110E+0	17.334813640621974E+0	47.915920267468529E+0
879.000000000000110E+0	62.711331638364967E+0	192.498763511338840E+0
880.000000000000110E+0	183.391093922448990E+0	481.397880315761260E+0
881.000000000000110E+0	92.481804880132785E+0	211.378694342315210E+0
882.000000000000110E+0	14.643337992394375E+0	44.835581245350227E+0
883.000000000000110E+0	78.804902915968427E+0	200.241389591135150E+0
884.000000000000110E+0	119.109042590415650E+0	270.569540477503380E+0
885.000000000000110E+0	98.663980868566597E+0	230.736589285343140E+0
886.000000000000110E+0	66.076025702642852E+0	168.574388848315410E+0
887.000000000000110E+0	22.381014333721232E+0	72.153237771929369E+0
888.000000000000110E+0	49.703582251591193E+0	169.889063904651980E+0
889.000000000000110E+0	115.835605478690380E+0	374.174903839425780E+0
890.000000000000110E+0	81.263344020816049E+0	250.781991369493480E+0
891.000000000000110E+0	29.022917207228641E+0	92.088834244580852E+0
892.000000000000110E+0	26.540737568398253E+0	74.081311978420715E+0
893.000000000000110E+0	131.446438266702100E+0	406.216530206542020E+0
894.000000000000110E+0	68.108345434503008E+0	218.892293556774060E+0
895.000000000000110E+0	24.196775339151184E+0	109.754109634753630E+0
896.000000000000110E+0	26.522014520784239E+0	119.227059845963960E+0
897.000000000000110E+0	12.440808464731354E+0	57.461596075064961E+0
898.000000000000110E+0	73.295341791695179E+0	291.419393946734260E+0
899.000000000000110E+0	85.239612352060675E+0	329.488302829479210E+0
900.000000000000110E+0	30.091919637348106E+0	95.417533684624047E+0
901.000000000000110E+0	11.681649006933048E+0	33.988307818080351E+0
902.000000000000110E+0	49.597988941981093E+0	202.980255207949480E+0
903.000000000000110E+0	65.015494177349794E+0	270.035904376160200E+0
904.000000000000110E+0	33.011187465110900E+0	134.786361291733040E+0
905.000000000000110E+0	10.016987449353458E+0	56.093482116080693E+0
906.000000000000110E+0	13.244267269551482E+0	75.080615746335411E+0
907.000000000000110E+0	29.090591889590918E+0	129.098276076330820E+0
908.000000000000110E+0	55.580877557392945E+0	231.048083036933950E+0
909.000000000000110E+0	46.794362659071538E+0	198.227432392910290E+0
910.000000000000110E+0	10.055556020559816E+0	33.014058971805682E+0
911.000000000000110E+0	16.901690702051894E+0	113.969762453370890E+0
912.000000000000110E+0	58.143868697775886E+0	404.160481782347860E+0
913.000000000000110E+0	23.146113676009747E+0	166.945553117998090E+0
914.000000000000110E+0	6.132013851166887E+0	73.800006056527394E+0
915.000000000000110E+0	6.241505165415911E+0	86.798131273757804E+0
916.000000000000110E+0	8.921376158729181E+0	97.865766139236001E+0
917.000000000000110E+0	21.731673448901404E+0	287.368643271762320E+0
918.000000000000110E+0	14.916187428334291E+0	212.411601212877030E+0
919.000000000000110E+0	6.990178783611785E+0	116.584944887947470E+0
920.000000000000110E+0	1.910885945495558E+0	27.723489777320356E+0
921.000000000000110E+0	12.743601705964345E+0	291.269021208467170E+0
922.000000000000110E+0	13.430882717092066E+0	367.904509740544310E+0
923.000000000000110E+0	4.156435111047866E+0	144.221423504125310E+0
924.000000000000110E+0	1.735706104386736E+0	64.018805853765045E+0
925.000000000000110E+0	7.223349562539944E+0	172.689766349574430E+0
926.000000000000110E+0	11.085582932967927E+0	202.965848304969370E+0
927.000000000000110E+0	19.719508918629337E+0	287.183346026591610E+0
928.000000000000110E+0	19.241037754298681E+0	238.392307278196480E+0
929.000000000000110E+0	3.141798880876086E+0	32.501381885246026E+0
930.000000000000110E+0	20.137520823376473E+0	258.884844445748740E+0
931.000000000000110E+0	39.649985807236931E+0	448.547331899181240E+0
932.000000000000110E+0	20.061437537166281E+0	215.201866239990890E+0
933.000000000000110E+0	9.093650980404936E+0	91.697631939300294E+0
934.000000000000110E+0	15.135365203884550E+0	122.442039472714100E+0
935.000000000000110E+0	55.211852048499125E+0	306.833450107226440E+0
936.000000000000110E+0	68.469532891013017E+0	308.772990059436440E+0
937.000000000000110E+0	46.165172121216180E+0	193.604544262614750E+0
938.000000000000110E+0	33.137196421178068E+0	137.356699845648420E+0
939.000000000000110E+0	7.783444431395933E+0	79.723920504169499E+0
940.000000000000110E+0	100.884338512652040E+0	515.402441458129710E+0
941.000000000000110E+0	97.294662305854928E+0	388.146119026631820E+0
942.000000000000110E+0	18.351565277394371E+0	70.694134935543147E+0
943.000000000000110E+0	24.770589955661642E+0	125.022163945175070E+0
944.000000000000110E+0	75.340369249615350E+0	303.362195154155980E+0
945.000000000000110E+0	59.454938617324345E+0	243.342266406066020E+0
946.000000000000110E+0	49.032497191370233E+0	252.445345059199270E+0
947.000000000000110E+0	25.887917132069543E+0	136.066057729945160E+0
948.000000000000110E+0	8.064319840712217E+0	83.764076247922560E+0
949.000000000000110E+0	20.865358292149605E+0	333.483054154397790E+0
950.000000000000110E+0	18.440929817179999E+0	359.756495180947810E+0
951.000000000000110E+0	8.740122391878941E+0	191.353242374462700E+0
952.000000000000110E+0	2.518219060310185E+0	32.017162958451074E+0
953.000000000000110E+0	8.121921492407143E+0	255.642471875612270E+0
954.000000000000110E+0	10.384761863529448E+0	371.346571759674080E+0
955.000000000000110E+0	4.072742863380553E+0	143.781874938262210E+0
956.000000000000110E+0	2.679398024376475E+0	148.581824805670380E+0
957.000000000000110E+0	1.111290336965207E+0	82.885751114645529E+0
958.000000000000110E+0	2.422183579309470E+0	167.159235044782320E+0
959.000000000000110E+0	4.817732146417914E+0	461.837203249378600E+0
960.000000000000110E+0	1.554956562399356E+0	176.451833363425830E+0
961.000000000000110E+0	478.641710026878280E-3	27.408442306402833E+0
962.000000000000110E+0	1.295465851781681E+0	157.127381386400940E+0
963.000000000000110E+0	1.656929872707411E+0	280.352674030297980E+0
964.000000000000110E+0	869.226258911453770E-3	241.062857180803430E+0
965.000000000000110E+0	282.908497254450390E-3	78.693637175695230E+0
966.000000000000110E+0	236.258148202999900E-3	69.562253512424718E+0
967.000000000000110E+0	318.149812564228250E-3	111.031622727421630E+0
968.000000000000110E+0	790.225304453891610E-3	216.859538223623250E+0
969.000000000000110E+0	776.601409528833830E-3	239.458467354639790E+0
970.000000000000110E+0	261.188200537739110E-3	86.916970835883561E+0
971.000000000000110E+0	88.672319075664918E-3	34.245761697026047E+0
972.000000000000110E+0	533.378183383468870E-3	373.182414352521500E+0
973.000000000000110E+0	235.565808197459810E-3	224.780250174225050E+0
974.000000000000110E+0	165.149443618815950E-3	58.267086758317120E+0
975.000000000000110E+0	100.295032230733690E-3	61.095907983359247E+0
976.000000000000110E+0	39.030130979748112E-3	42.802809481670728E+0
977.000000000000110E+0	94.581322746208382E-3	174.510793304244940E+0
978.000000000000110E+0	384.200542364507850E-3	226.527483717206850E+0
979.000000000000110E+0	335.890213523912240E-3	78.027882157934755E+0
980.000000000000110E+0	61.403334744262641E-3	11.238171236508022E+0
981.000000000000110E+0	188.932526586241180E-3	113.625913631098140E+0
982.000000000000110E+0	1.022504383409152E+0	273.921740348180890E+0
983.000000000000110E+0	585.411940735086840E-3	134.131951503578820E+0
984.000000000000110E+0	74.875582624343240E-3	6.562756409378339E+0
985.000000000000110E+0	720.550339966374300E-3	64.325766901248784E+0
986.000000000000110E+0	1.292583641673645E+0	83.380616099057065E+0
987.000000000000110E+0	2.205527196591820E+0	125.756184292704390E+0
988.000000000000110E+0	3.320845454725894E+0	166.780789069257310E+0
989.000000000000110E+0	846.943722134365200E-3	25.994407608114365E+0
990.000000000000110E+0	753.343212890868360E-3	50.527899816849093E+0
991.000000000000110E+0	4.036023727536900E+0	263.225853192100320E+0
992.000000000000110E+0	1.710613529308895E+0	117.567799528741570E+0
993.000000000000110E+0	689.610176696948240E-3	23.783683560416343E+0
994.000000000000110E+0	229.382995191664830E-3	10.192515364786727E+0
995.000000000000110E+0	1.084259674783172E+0	71.667551259463011E+0
996.000000000000110E+0	1.933330005956444E+0	138.007508121774290E+0
997.000000000000110E+0	692.898901268633630E-3	55.824211708754277E+0
998.000000000000110E+0	507.302219747055250E-3	59.133710736234320E+0
999.000000000000110E+0	23.556049428877759E-3	1.886341699820725E+0
1.000000000000000E+3	1.609518883673311E+0	131.193969507184900E+0
