Freq (Hz)	Coh_accelerometre /source
source
source
10.000000000000018E+0	65.167327946891507E-3
11.000000000000020E+0	974.317383658062530E-3
12.000000000000021E+0	927.203137110897750E-3
13.000000000000023E+0	927.450390806736300E-3
14.000000000000025E+0	987.701904712831370E-3
15.000000000000027E+0	984.611299253788320E-3
16.000000000000028E+0	990.453164268144780E-3
17.000000000000028E+0	994.231295210056040E-3
18.000000000000028E+0	978.925123085631180E-3
19.000000000000028E+0	998.465009984450200E-3
20.000000000000028E+0	998.770509034971330E-3
21.000000000000028E+0	995.902614074908880E-3
22.000000000000028E+0	999.392660402730110E-3
23.000000000000028E+0	998.952147288264090E-3
24.000000000000028E+0	999.285881622056340E-3
25.000000000000028E+0	999.276668430275290E-3
26.000000000000028E+0	999.770230181129650E-3
27.000000000000028E+0	999.841417017450110E-3
28.000000000000028E+0	999.808027702093200E-3
29.000000000000028E+0	999.410357043049700E-3
30.000000000000028E+0	998.933503319972330E-3
31.000000000000028E+0	999.678838249381200E-3
32.000000000000028E+0	999.756498218053680E-3
33.000000000000028E+0	999.901019663966380E-3
34.000000000000028E+0	999.506469439849110E-3
35.000000000000028E+0	998.280844544085830E-3
36.000000000000028E+0	997.377088889465520E-3
37.000000000000028E+0	999.719775789408290E-3
38.000000000000028E+0	999.081464710823600E-3
39.000000000000028E+0	998.039557879013330E-3
40.000000000000028E+0	999.833577146314820E-3
41.000000000000028E+0	999.902979723343190E-3
42.000000000000028E+0	999.898328453378230E-3
43.000000000000028E+0	999.757913230515770E-3
44.000000000000028E+0	999.486047536833230E-3
45.000000000000028E+0	999.765598557311510E-3
46.000000000000028E+0	999.865050887267400E-3
47.000000000000028E+0	999.884899422816330E-3
48.000000000000028E+0	999.803440185327630E-3
49.000000000000028E+0	999.788463250474660E-3
50.000000000000028E+0	999.942451361607750E-3
51.000000000000028E+0	999.940551041242130E-3
52.000000000000028E+0	999.714135715246250E-3
53.000000000000028E+0	999.116417551855540E-3
54.000000000000028E+0	999.676443398917810E-3
55.000000000000028E+0	999.838509063642910E-3
56.000000000000028E+0	999.860472667708060E-3
57.000000000000028E+0	999.906725830767890E-3
58.000000000000028E+0	999.692478409640260E-3
59.000000000000028E+0	999.909782938572020E-3
60.000000000000028E+0	999.980057958914090E-3
61.000000000000028E+0	999.958659252358610E-3
62.000000000000028E+0	999.592740350937040E-3
63.000000000000028E+0	999.872784430487550E-3
64.000000000000028E+0	999.845516476293830E-3
65.000000000000028E+0	999.846446706893040E-3
66.000000000000028E+0	999.747040809161320E-3
67.000000000000028E+0	997.234387632766390E-3
68.000000000000028E+0	999.459462856044810E-3
69.000000000000028E+0	999.491658717381100E-3
70.000000000000028E+0	999.421426816610950E-3
71.000000000000028E+0	999.206666400621060E-3
72.000000000000028E+0	998.166591731235560E-3
73.000000000000028E+0	998.692289395069600E-3
74.000000000000028E+0	999.543456193199730E-3
75.000000000000028E+0	999.568966638489600E-3
76.000000000000028E+0	999.388090269433430E-3
77.000000000000028E+0	999.254075976091840E-3
78.000000000000028E+0	999.592468079748110E-3
79.000000000000028E+0	999.782294383276260E-3
80.000000000000028E+0	998.727489956699800E-3
81.000000000000028E+0	998.761834961758740E-3
82.000000000000028E+0	999.776926323869610E-3
83.000000000000028E+0	999.715709431604260E-3
84.000000000000028E+0	999.444448757168090E-3
85.000000000000028E+0	997.947363076782890E-3
86.000000000000028E+0	996.451093328721950E-3
87.000000000000028E+0	992.845483620649950E-3
88.000000000000028E+0	998.944502441066580E-3
89.000000000000028E+0	998.854207285605370E-3
90.000000000000028E+0	964.967194375402680E-3
91.000000000000028E+0	996.336603027581540E-3
92.000000000000028E+0	997.123670977243640E-3
93.000000000000028E+0	997.501635665774430E-3
94.000000000000028E+0	998.061166175565280E-3
95.000000000000028E+0	987.975350823156790E-3
96.000000000000028E+0	992.506640922363620E-3
97.000000000000028E+0	999.490790657866830E-3
98.000000000000028E+0	999.135022545047600E-3
99.000000000000028E+0	995.646510739155000E-3
100.000000000000030E+0	998.640253787184130E-3
101.000000000000030E+0	999.815241799163920E-3
102.000000000000030E+0	999.436089236970800E-3
103.000000000000030E+0	995.155268641469190E-3
104.000000000000030E+0	999.117410407760920E-3
105.000000000000030E+0	990.761671326655930E-3
106.000000000000030E+0	998.495593544796000E-3
107.000000000000030E+0	999.297171157650710E-3
108.000000000000030E+0	997.923081835758060E-3
109.000000000000030E+0	776.103208210596750E-3
110.000000000000030E+0	996.010072348964880E-3
111.000000000000030E+0	999.243318096114880E-3
112.000000000000030E+0	998.783137105042520E-3
113.000000000000030E+0	999.221659561848050E-3
114.000000000000030E+0	997.870847048644820E-3
115.000000000000030E+0	998.016238847114430E-3
116.000000000000030E+0	998.560868668258330E-3
117.000000000000030E+0	999.651497593968650E-3
118.000000000000030E+0	999.719000548026760E-3
119.000000000000030E+0	994.798267325157970E-3
120.000000000000030E+0	999.596821566412830E-3
121.000000000000030E+0	999.847575240904060E-3
122.000000000000030E+0	999.707413311950680E-3
123.000000000000030E+0	999.893053590065190E-3
124.000000000000030E+0	999.859905404730580E-3
125.000000000000030E+0	999.856008745522160E-3
126.000000000000030E+0	999.839365268457620E-3
127.000000000000030E+0	999.684216991998160E-3
128.000000000000030E+0	998.884720110999270E-3
129.000000000000030E+0	999.865443889787040E-3
130.000000000000030E+0	999.846797473502140E-3
131.000000000000030E+0	999.795380757377170E-3
132.000000000000030E+0	997.951340401153070E-3
133.000000000000030E+0	999.390761931914560E-3
134.000000000000030E+0	999.349378080616750E-3
135.000000000000030E+0	999.545307760243750E-3
136.000000000000030E+0	999.710462228726730E-3
137.000000000000030E+0	999.525962990862160E-3
138.000000000000030E+0	999.547639479721580E-3
139.000000000000030E+0	999.896858340496240E-3
140.000000000000030E+0	999.799015074552820E-3
141.000000000000030E+0	999.515598187110440E-3
142.000000000000030E+0	999.503653301424210E-3
143.000000000000030E+0	999.798682006425300E-3
144.000000000000030E+0	999.838552149184380E-3
145.000000000000030E+0	999.745724247216420E-3
146.000000000000030E+0	999.652813706438880E-3
147.000000000000030E+0	997.917987373879820E-3
148.000000000000030E+0	998.653031563819460E-3
149.000000000000030E+0	998.946398328612540E-3
150.000000000000030E+0	987.323254703304180E-3
151.000000000000030E+0	994.642469212993600E-3
152.000000000000030E+0	998.994493985522310E-3
153.000000000000030E+0	999.028105488166780E-3
154.000000000000030E+0	999.341726844978350E-3
155.000000000000030E+0	999.237358096756400E-3
156.000000000000030E+0	998.867523288307080E-3
157.000000000000030E+0	999.441082094282730E-3
158.000000000000030E+0	999.496199661497280E-3
159.000000000000030E+0	998.782641877700490E-3
160.000000000000030E+0	997.674862891209320E-3
161.000000000000030E+0	938.509343224401830E-3
162.000000000000030E+0	996.782490945181450E-3
163.000000000000030E+0	993.515104796719450E-3
164.000000000000030E+0	997.584332275837200E-3
165.000000000000030E+0	997.397364710157500E-3
166.000000000000030E+0	998.982431568867230E-3
167.000000000000030E+0	999.599827886401670E-3
168.000000000000030E+0	999.377176580474310E-3
169.000000000000030E+0	998.006547505140620E-3
170.000000000000030E+0	996.212291346101670E-3
171.000000000000030E+0	997.767778281912320E-3
172.000000000000030E+0	997.592776912109790E-3
173.000000000000030E+0	996.972250658566980E-3
174.000000000000030E+0	997.792341935183620E-3
175.000000000000030E+0	998.528584635054560E-3
176.000000000000030E+0	999.481456743345100E-3
177.000000000000030E+0	999.075787390052210E-3
178.000000000000030E+0	998.493946999900350E-3
179.000000000000030E+0	951.519218937846860E-3
180.000000000000030E+0	998.281210423933920E-3
181.000000000000030E+0	998.934378572001510E-3
182.000000000000030E+0	996.248875216630860E-3
183.000000000000030E+0	995.870000535346020E-3
184.000000000000030E+0	995.536711012009910E-3
185.000000000000030E+0	998.883357940630430E-3
186.000000000000030E+0	999.460068446704990E-3
187.000000000000030E+0	999.501185905039110E-3
188.000000000000030E+0	997.566575828031880E-3
189.000000000000030E+0	995.684455667405930E-3
190.000000000000030E+0	999.110096535001160E-3
191.000000000000030E+0	998.673630931523950E-3
192.000000000000030E+0	996.061899761945920E-3
193.000000000000030E+0	998.215364119508840E-3
194.000000000000030E+0	999.403512101461940E-3
195.000000000000030E+0	998.741773151990970E-3
196.000000000000030E+0	997.085045570033190E-3
197.000000000000030E+0	998.069908573338880E-3
198.000000000000030E+0	989.460734018976610E-3
199.000000000000030E+0	998.333332012108050E-3
200.000000000000030E+0	999.742041062189780E-3
201.000000000000030E+0	999.140161253632470E-3
202.000000000000030E+0	997.586229647865140E-3
203.000000000000030E+0	996.199097209506940E-3
204.000000000000030E+0	998.664306960062700E-3
205.000000000000030E+0	998.991022708076050E-3
206.000000000000030E+0	998.255295216236790E-3
207.000000000000030E+0	988.605371577396920E-3
208.000000000000030E+0	998.442747184893450E-3
209.000000000000030E+0	999.091260264998280E-3
210.000000000000030E+0	993.572078663987780E-3
211.000000000000030E+0	967.547256485520200E-3
212.000000000000030E+0	993.550020224631240E-3
213.000000000000030E+0	983.288031983083790E-3
214.000000000000030E+0	915.738851784510090E-3
215.000000000000030E+0	994.757659429387990E-3
216.000000000000030E+0	994.341483332063510E-3
217.000000000000030E+0	957.029982910604150E-3
218.000000000000030E+0	971.254801888155380E-3
219.000000000000030E+0	997.298013974241110E-3
220.000000000000030E+0	998.210072337049950E-3
221.000000000000030E+0	997.722287290283120E-3
222.000000000000030E+0	997.409998619194440E-3
223.000000000000030E+0	998.146162652986280E-3
224.000000000000030E+0	992.592485031193460E-3
225.000000000000030E+0	997.777146157638460E-3
226.000000000000030E+0	997.395968288023130E-3
227.000000000000030E+0	995.813799058252620E-3
228.000000000000030E+0	995.782257978283900E-3
229.000000000000030E+0	995.489867768374340E-3
230.000000000000030E+0	990.705957196170380E-3
231.000000000000030E+0	996.380799480097830E-3
232.000000000000030E+0	997.743204923257740E-3
233.000000000000030E+0	998.181436954980290E-3
234.000000000000030E+0	996.790306259313970E-3
235.000000000000030E+0	992.226498271468360E-3
236.000000000000030E+0	995.470139751951090E-3
237.000000000000030E+0	997.777992402224530E-3
238.000000000000030E+0	998.466378930562780E-3
239.000000000000030E+0	997.627085460646600E-3
240.000000000000030E+0	992.324813238401710E-3
241.000000000000030E+0	996.704303647720560E-3
242.000000000000030E+0	996.841882569728390E-3
243.000000000000030E+0	996.469942147413250E-3
244.000000000000030E+0	997.542704183890020E-3
245.000000000000030E+0	995.176849622409820E-3
246.000000000000030E+0	994.034805982723980E-3
247.000000000000030E+0	997.464775267611460E-3
248.000000000000030E+0	998.128698929344300E-3
249.000000000000030E+0	998.674496862500540E-3
250.000000000000030E+0	997.134995094090090E-3
251.000000000000030E+0	994.889457385338960E-3
252.000000000000030E+0	983.015099006204430E-3
253.000000000000030E+0	898.735068749796470E-3
254.000000000000030E+0	734.779339966507790E-3
255.000000000000030E+0	984.732791722310980E-3
256.000000000000060E+0	995.264354968151800E-3
257.000000000000060E+0	997.364220733772400E-3
258.000000000000060E+0	996.000648475669710E-3
259.000000000000060E+0	998.028387667127650E-3
260.000000000000060E+0	999.034345908807460E-3
261.000000000000060E+0	998.329496623794110E-3
262.000000000000060E+0	994.282716690972230E-3
263.000000000000060E+0	981.031900752508010E-3
264.000000000000060E+0	995.307948916265390E-3
265.000000000000060E+0	997.519086783965610E-3
266.000000000000060E+0	997.989127444634640E-3
267.000000000000060E+0	997.282801925610700E-3
268.000000000000060E+0	996.654548699338450E-3
269.000000000000060E+0	998.973633562003080E-3
270.000000000000060E+0	999.084675146595600E-3
271.000000000000060E+0	997.223357907600190E-3
272.000000000000060E+0	994.536417007325650E-3
273.000000000000060E+0	997.752638348763930E-3
274.000000000000060E+0	997.141937456736400E-3
275.000000000000060E+0	997.093256350381930E-3
276.000000000000060E+0	998.290274211256050E-3
277.000000000000060E+0	990.760544873939830E-3
278.000000000000060E+0	998.077470255997690E-3
279.000000000000060E+0	998.696637039899750E-3
280.000000000000060E+0	996.609169193151900E-3
281.000000000000060E+0	987.055215845625830E-3
282.000000000000060E+0	987.887129770062880E-3
283.000000000000060E+0	997.526896851951730E-3
284.000000000000060E+0	995.880828723177180E-3
285.000000000000060E+0	996.418862929449370E-3
286.000000000000060E+0	996.339060862906690E-3
287.000000000000060E+0	988.978104384612750E-3
288.000000000000060E+0	997.802889582062310E-3
289.000000000000060E+0	997.605356891440140E-3
290.000000000000060E+0	991.334833923907420E-3
291.000000000000060E+0	994.942098189886660E-3
292.000000000000060E+0	997.265368845437700E-3
293.000000000000060E+0	996.590367178366350E-3
294.000000000000060E+0	995.557130268448280E-3
295.000000000000060E+0	995.545752947180950E-3
296.000000000000060E+0	989.002076688140220E-3
297.000000000000060E+0	991.572539618834850E-3
298.000000000000060E+0	997.309944860900190E-3
299.000000000000060E+0	996.880497261986130E-3
300.000000000000060E+0	993.044578370347540E-3
301.000000000000060E+0	994.379367662260980E-3
302.000000000000060E+0	997.781703853295680E-3
303.000000000000060E+0	994.090171152252180E-3
304.000000000000060E+0	996.189018563055190E-3
305.000000000000060E+0	994.429071433230560E-3
306.000000000000060E+0	995.728456089463140E-3
307.000000000000060E+0	997.776061935403470E-3
308.000000000000060E+0	996.891042455185340E-3
309.000000000000060E+0	994.129730202460980E-3
310.000000000000060E+0	995.390608349795200E-3
311.000000000000060E+0	997.552647372940910E-3
312.000000000000060E+0	996.247123248464760E-3
313.000000000000060E+0	992.906018106632590E-3
314.000000000000060E+0	995.623190302836750E-3
315.000000000000060E+0	995.649328190879370E-3
316.000000000000060E+0	994.382607417393590E-3
317.000000000000060E+0	995.858344633458900E-3
318.000000000000060E+0	995.768796899366930E-3
319.000000000000060E+0	983.109148173542670E-3
320.000000000000060E+0	997.077726336201950E-3
321.000000000000060E+0	997.686647594032580E-3
322.000000000000060E+0	995.025712773335070E-3
323.000000000000060E+0	996.784921660491930E-3
324.000000000000060E+0	994.332013104355370E-3
325.000000000000060E+0	998.342749521880510E-3
326.000000000000060E+0	998.599943815573260E-3
327.000000000000060E+0	998.304571251243390E-3
328.000000000000060E+0	997.718535545795810E-3
329.000000000000060E+0	996.415945558324580E-3
330.000000000000060E+0	998.779263126235440E-3
331.000000000000060E+0	997.263948300410650E-3
332.000000000000060E+0	994.856098054480830E-3
333.000000000000060E+0	997.800891597022900E-3
334.000000000000060E+0	998.660079361936130E-3
335.000000000000060E+0	998.583188288551640E-3
336.000000000000060E+0	998.715783498454690E-3
337.000000000000060E+0	997.140121726327160E-3
338.000000000000060E+0	997.360875352670820E-3
339.000000000000060E+0	999.019667944647250E-3
340.000000000000060E+0	998.856183837264490E-3
341.000000000000060E+0	998.754972161029820E-3
342.000000000000060E+0	997.625644368693940E-3
343.000000000000060E+0	998.661374462907150E-3
344.000000000000060E+0	998.414302623059080E-3
345.000000000000060E+0	993.919013715308330E-3
346.000000000000060E+0	996.893271222310640E-3
347.000000000000060E+0	991.533888992777720E-3
348.000000000000060E+0	997.846624104235860E-3
349.000000000000060E+0	998.857943983690320E-3
350.000000000000060E+0	992.987704204752910E-3
351.000000000000060E+0	982.224912927287200E-3
352.000000000000060E+0	993.505992464068340E-3
353.000000000000060E+0	990.361578555453260E-3
354.000000000000060E+0	990.605488848174010E-3
355.000000000000060E+0	993.142346146236750E-3
356.000000000000060E+0	993.707769744488820E-3
357.000000000000060E+0	986.621645312223180E-3
358.000000000000060E+0	984.370953888013770E-3
359.000000000000060E+0	990.027424557697990E-3
360.000000000000060E+0	996.152485989344580E-3
361.000000000000060E+0	978.406551898229230E-3
362.000000000000060E+0	989.215477266040530E-3
363.000000000000060E+0	994.386832106337380E-3
364.000000000000060E+0	995.043253611344160E-3
365.000000000000060E+0	995.637263095532910E-3
366.000000000000060E+0	961.174399678008660E-3
367.000000000000060E+0	995.763882253892230E-3
368.000000000000060E+0	997.615016005422900E-3
369.000000000000060E+0	995.052399361943120E-3
370.000000000000060E+0	995.067843764179000E-3
371.000000000000060E+0	998.529194285578180E-3
372.000000000000060E+0	998.964683947884180E-3
373.000000000000060E+0	998.325952592307390E-3
374.000000000000060E+0	996.443036176103750E-3
375.000000000000060E+0	996.721350742535650E-3
376.000000000000060E+0	996.725254606208310E-3
377.000000000000060E+0	998.315735327303440E-3
378.000000000000060E+0	998.540850747892890E-3
379.000000000000060E+0	997.902070509857460E-3
380.000000000000060E+0	999.580646392971510E-3
381.000000000000060E+0	997.986919334293290E-3
382.000000000000060E+0	995.952371981716600E-3
383.000000000000060E+0	988.535627541870850E-3
384.000000000000060E+0	980.927925161844680E-3
385.000000000000060E+0	994.623557655379020E-3
386.000000000000060E+0	999.080484741255210E-3
387.000000000000060E+0	999.280611340310210E-3
388.000000000000060E+0	998.723924586503160E-3
389.000000000000060E+0	997.611682407863910E-3
390.000000000000060E+0	999.330728651626090E-3
391.000000000000060E+0	999.311163323142180E-3
392.000000000000060E+0	998.443419532354600E-3
393.000000000000060E+0	977.806098852637140E-3
394.000000000000060E+0	983.587984178839860E-3
395.000000000000060E+0	993.386864731249150E-3
396.000000000000060E+0	998.676207200246970E-3
397.000000000000060E+0	999.051789650097330E-3
398.000000000000060E+0	998.887393061940740E-3
399.000000000000060E+0	999.445390698588730E-3
400.000000000000060E+0	999.272327022151520E-3
401.000000000000060E+0	997.977148746006290E-3
402.000000000000060E+0	997.130215909485580E-3
403.000000000000060E+0	989.168242620685920E-3
404.000000000000060E+0	999.142232527490010E-3
405.000000000000060E+0	998.723504927731760E-3
406.000000000000060E+0	998.636196378807070E-3
407.000000000000060E+0	997.542981987592280E-3
408.000000000000060E+0	996.975376400417670E-3
409.000000000000060E+0	998.254721948687810E-3
410.000000000000060E+0	997.280655973806000E-3
411.000000000000060E+0	985.462565093287450E-3
412.000000000000060E+0	984.591693256610560E-3
413.000000000000060E+0	988.844172550344510E-3
414.000000000000060E+0	995.386640697340840E-3
415.000000000000060E+0	992.847438148217190E-3
416.000000000000060E+0	991.700541313918380E-3
417.000000000000060E+0	996.204708466329250E-3
418.000000000000060E+0	994.577983205066180E-3
419.000000000000060E+0	995.744520447368050E-3
420.000000000000060E+0	991.375598742176180E-3
421.000000000000060E+0	986.156089068164880E-3
422.000000000000060E+0	995.964357396315610E-3
423.000000000000060E+0	994.339815117739060E-3
424.000000000000060E+0	989.843050170951750E-3
425.000000000000060E+0	988.735522966104900E-3
426.000000000000060E+0	982.067018778528090E-3
427.000000000000060E+0	991.885726211904520E-3
428.000000000000060E+0	994.902058026474020E-3
429.000000000000060E+0	992.760015738154200E-3
430.000000000000060E+0	990.577541216775100E-3
431.000000000000060E+0	984.620253066406990E-3
432.000000000000060E+0	996.021890296407970E-3
433.000000000000060E+0	997.072903300358910E-3
434.000000000000060E+0	990.663633992626910E-3
435.000000000000060E+0	994.026276557473330E-3
436.000000000000060E+0	997.305068109602840E-3
437.000000000000060E+0	995.488808721799570E-3
438.000000000000060E+0	998.699523131467590E-3
439.000000000000060E+0	997.774375515573020E-3
440.000000000000060E+0	977.470408299407680E-3
441.000000000000060E+0	998.904390648247430E-3
442.000000000000060E+0	999.029854412984310E-3
443.000000000000060E+0	998.411850618543650E-3
444.000000000000060E+0	998.202532477380670E-3
445.000000000000060E+0	996.926210266648960E-3
446.000000000000060E+0	998.497862046198610E-3
447.000000000000060E+0	998.961544758163460E-3
448.000000000000060E+0	998.467333580100650E-3
449.000000000000060E+0	997.245605885547670E-3
450.000000000000060E+0	997.413334581879310E-3
451.000000000000060E+0	999.156571436245920E-3
452.000000000000060E+0	998.599271176687450E-3
453.000000000000060E+0	996.601844524993780E-3
454.000000000000060E+0	997.256247498006450E-3
455.000000000000060E+0	998.132230371037040E-3
456.000000000000060E+0	998.820535724150750E-3
457.000000000000060E+0	998.997642863376560E-3
458.000000000000060E+0	999.145584312911560E-3
459.000000000000060E+0	996.302701254126900E-3
460.000000000000060E+0	998.254626136507510E-3
461.000000000000060E+0	998.834048410012110E-3
462.000000000000060E+0	998.602784491868340E-3
463.000000000000060E+0	997.012192002674990E-3
464.000000000000060E+0	998.659550226010610E-3
465.000000000000060E+0	997.781583288230300E-3
466.000000000000060E+0	997.515505107936740E-3
467.000000000000060E+0	995.623234089852090E-3
468.000000000000060E+0	990.656216815507750E-3
469.000000000000060E+0	993.608899057580980E-3
470.000000000000060E+0	996.631509427938430E-3
471.000000000000060E+0	995.211499513630750E-3
472.000000000000060E+0	996.856987868093400E-3
473.000000000000060E+0	996.931735354142810E-3
474.000000000000060E+0	998.095335361323440E-3
475.000000000000060E+0	998.738315102748910E-3
476.000000000000060E+0	996.521121315304350E-3
477.000000000000060E+0	985.663757361547430E-3
478.000000000000060E+0	990.918871359814160E-3
479.000000000000060E+0	991.844070179527140E-3
480.000000000000060E+0	979.323036313365590E-3
481.000000000000060E+0	967.113498002023510E-3
482.000000000000060E+0	956.512192077572210E-3
483.000000000000060E+0	988.250159411271810E-3
484.000000000000060E+0	991.510417691957250E-3
485.000000000000060E+0	986.899121295211840E-3
486.000000000000060E+0	990.224874616271730E-3
487.000000000000060E+0	915.219086378562420E-3
488.000000000000060E+0	997.621176126830320E-3
489.000000000000060E+0	995.335334813049370E-3
490.000000000000060E+0	992.864662355255390E-3
491.000000000000060E+0	997.063315068557500E-3
492.000000000000060E+0	998.253488707405050E-3
493.000000000000060E+0	997.905152843867050E-3
494.000000000000060E+0	997.818768188204140E-3
495.000000000000060E+0	990.385712925952680E-3
496.000000000000060E+0	993.016709863782320E-3
497.000000000000060E+0	997.030738328562480E-3
498.000000000000060E+0	998.495317426675300E-3
499.000000000000060E+0	998.888055233030810E-3
500.000000000000060E+0	995.673378446125130E-3
501.000000000000060E+0	994.890034593013840E-3
502.000000000000060E+0	998.712798014185330E-3
503.000000000000060E+0	998.781911968165900E-3
504.000000000000060E+0	998.200103484078170E-3
505.000000000000060E+0	998.874141045809850E-3
506.000000000000060E+0	999.575673880102600E-3
507.000000000000060E+0	999.186571066193680E-3
508.000000000000060E+0	998.477596977732310E-3
509.000000000000060E+0	996.104472961404360E-3
510.000000000000060E+0	987.755782138791560E-3
511.000000000000060E+0	998.055702175373980E-3
512.000000000000110E+0	998.280594090202980E-3
513.000000000000110E+0	993.317030953496220E-3
514.000000000000110E+0	992.619478550824440E-3
515.000000000000110E+0	994.177494133982820E-3
516.000000000000110E+0	994.351521943305780E-3
517.000000000000110E+0	997.047067843449990E-3
518.000000000000110E+0	996.410524960468000E-3
519.000000000000110E+0	989.679483231091780E-3
520.000000000000110E+0	995.723506882098540E-3
521.000000000000110E+0	997.587352290765670E-3
522.000000000000110E+0	996.549809038320130E-3
523.000000000000110E+0	993.528700631670870E-3
524.000000000000110E+0	989.164548892705890E-3
525.000000000000110E+0	997.157528240796290E-3
526.000000000000110E+0	998.191659650049410E-3
527.000000000000110E+0	996.298458457690610E-3
528.000000000000110E+0	995.355736876187840E-3
529.000000000000110E+0	993.751528359110400E-3
530.000000000000110E+0	997.858032532179080E-3
531.000000000000110E+0	997.837193468832710E-3
532.000000000000110E+0	991.013903261915850E-3
533.000000000000110E+0	993.822849655086830E-3
534.000000000000110E+0	990.881770203558050E-3
535.000000000000110E+0	996.015670759869850E-3
536.000000000000110E+0	995.711896240162650E-3
537.000000000000110E+0	993.111002212142660E-3
538.000000000000110E+0	987.969466662649180E-3
539.000000000000110E+0	995.837454328537870E-3
540.000000000000110E+0	993.842329217888620E-3
541.000000000000110E+0	994.673392455390550E-3
542.000000000000110E+0	984.174970957844010E-3
543.000000000000110E+0	988.675252443532600E-3
544.000000000000110E+0	997.081746078614440E-3
545.000000000000110E+0	996.013664359717940E-3
546.000000000000110E+0	991.864196330270010E-3
547.000000000000110E+0	992.592366519034820E-3
548.000000000000110E+0	995.765069768246970E-3
549.000000000000110E+0	999.190061134891950E-3
550.000000000000110E+0	997.129831207315580E-3
551.000000000000110E+0	988.381845179598590E-3
552.000000000000110E+0	996.786696289379330E-3
553.000000000000110E+0	997.718657614088730E-3
554.000000000000110E+0	998.076013931851300E-3
555.000000000000110E+0	994.965791995687460E-3
556.000000000000110E+0	996.969296137229070E-3
557.000000000000110E+0	997.863491833538280E-3
558.000000000000110E+0	998.738815641353800E-3
559.000000000000110E+0	998.857589248867360E-3
560.000000000000110E+0	996.207790761736040E-3
561.000000000000110E+0	992.123551431719260E-3
562.000000000000110E+0	998.573770496787970E-3
563.000000000000110E+0	999.339653308402020E-3
564.000000000000110E+0	998.191456414255000E-3
565.000000000000110E+0	997.273694190465410E-3
566.000000000000110E+0	992.401335040771550E-3
567.000000000000110E+0	997.979155923140130E-3
568.000000000000110E+0	995.943290272202410E-3
569.000000000000110E+0	995.429028360518160E-3
570.000000000000110E+0	984.666495112454850E-3
571.000000000000110E+0	994.827684786861010E-3
572.000000000000110E+0	998.347599380927320E-3
573.000000000000110E+0	997.395373436311900E-3
574.000000000000110E+0	989.277019100201830E-3
575.000000000000110E+0	993.648306797792040E-3
576.000000000000110E+0	995.826951295438740E-3
577.000000000000110E+0	997.883308593443760E-3
578.000000000000110E+0	998.341586252693310E-3
579.000000000000110E+0	994.744073009205200E-3
580.000000000000110E+0	994.528182557148250E-3
581.000000000000110E+0	998.993621036977970E-3
582.000000000000110E+0	998.176791299455470E-3
583.000000000000110E+0	998.545751209366280E-3
584.000000000000110E+0	997.623748619500870E-3
585.000000000000110E+0	997.411659139299520E-3
586.000000000000110E+0	998.929502193167670E-3
587.000000000000110E+0	998.610746793187290E-3
588.000000000000110E+0	998.635020515512010E-3
589.000000000000110E+0	994.673116177212430E-3
590.000000000000110E+0	999.209453385428990E-3
591.000000000000110E+0	999.404650237713850E-3
592.000000000000110E+0	998.482462702114380E-3
593.000000000000110E+0	996.406141132101690E-3
594.000000000000110E+0	996.236657032178230E-3
595.000000000000110E+0	997.797288332366030E-3
596.000000000000110E+0	998.660618065345560E-3
597.000000000000110E+0	998.715083702228500E-3
598.000000000000110E+0	995.625912188867420E-3
599.000000000000110E+0	997.987924457020110E-3
600.000000000000110E+0	998.769749328584750E-3
601.000000000000110E+0	998.477798100073420E-3
602.000000000000110E+0	990.881050268203610E-3
603.000000000000110E+0	996.864162323441100E-3
604.000000000000110E+0	998.047974396863990E-3
605.000000000000110E+0	998.295480851016270E-3
606.000000000000110E+0	997.409618338400250E-3
607.000000000000110E+0	993.964308372208170E-3
608.000000000000110E+0	980.862207082040300E-3
609.000000000000110E+0	998.054656466442760E-3
610.000000000000110E+0	998.009756078006570E-3
611.000000000000110E+0	995.448757888983020E-3
612.000000000000110E+0	986.925707685012750E-3
613.000000000000110E+0	996.004620576436790E-3
614.000000000000110E+0	998.050229724635310E-3
615.000000000000110E+0	997.919248866378280E-3
616.000000000000110E+0	994.095112903551790E-3
617.000000000000110E+0	988.089892912745180E-3
618.000000000000110E+0	996.320847861130290E-3
619.000000000000110E+0	998.534303891087550E-3
620.000000000000110E+0	998.540715330546000E-3
621.000000000000110E+0	994.492973644085950E-3
622.000000000000110E+0	997.572324647874040E-3
623.000000000000110E+0	998.834548266809950E-3
624.000000000000110E+0	997.953078671282580E-3
625.000000000000110E+0	997.912510545878820E-3
626.000000000000110E+0	995.899327414250580E-3
627.000000000000110E+0	995.967217504409640E-3
628.000000000000110E+0	999.161506250897950E-3
629.000000000000110E+0	998.727588720248920E-3
630.000000000000110E+0	998.217433336675900E-3
631.000000000000110E+0	995.348234129498020E-3
632.000000000000110E+0	997.844477508372800E-3
633.000000000000110E+0	998.952727238407000E-3
634.000000000000110E+0	995.660539289590530E-3
635.000000000000110E+0	996.571761519653760E-3
636.000000000000110E+0	993.562781455295970E-3
637.000000000000110E+0	997.911560709999870E-3
638.000000000000110E+0	998.980871309690380E-3
639.000000000000110E+0	998.191262010117430E-3
640.000000000000110E+0	994.272079302590320E-3
641.000000000000110E+0	999.302862905548480E-3
642.000000000000110E+0	999.388220576654220E-3
643.000000000000110E+0	999.461161789310660E-3
644.000000000000110E+0	998.271914576782440E-3
645.000000000000110E+0	998.254089072004410E-3
646.000000000000110E+0	999.458586447964920E-3
647.000000000000110E+0	999.465224206432580E-3
648.000000000000110E+0	998.888962805145390E-3
649.000000000000110E+0	997.882789892033270E-3
650.000000000000110E+0	990.831979379195980E-3
651.000000000000110E+0	998.533591286087210E-3
652.000000000000110E+0	998.598822758079320E-3
653.000000000000110E+0	996.401062651090300E-3
654.000000000000110E+0	998.511613931164940E-3
655.000000000000110E+0	998.438369288665030E-3
656.000000000000110E+0	999.106565663117620E-3
657.000000000000110E+0	999.142181787559420E-3
658.000000000000110E+0	997.657276291563750E-3
659.000000000000110E+0	995.920042683733690E-3
660.000000000000110E+0	999.064432710212170E-3
661.000000000000110E+0	999.134036275152180E-3
662.000000000000110E+0	998.839995815301700E-3
663.000000000000110E+0	996.782693381589090E-3
664.000000000000110E+0	995.025824945064090E-3
665.000000000000110E+0	997.741477652031360E-3
666.000000000000110E+0	998.113771978556220E-3
667.000000000000110E+0	998.132866391307830E-3
668.000000000000110E+0	994.248873258829600E-3
669.000000000000110E+0	997.921426073020810E-3
670.000000000000110E+0	999.362052238385920E-3
671.000000000000110E+0	998.799648937313540E-3
672.000000000000110E+0	997.440068486679650E-3
673.000000000000110E+0	997.672592634336390E-3
674.000000000000110E+0	998.807253508386950E-3
675.000000000000110E+0	998.670892154572280E-3
676.000000000000110E+0	998.605081698367590E-3
677.000000000000110E+0	998.328576541666730E-3
678.000000000000110E+0	995.250112166267460E-3
679.000000000000110E+0	998.536235033073320E-3
680.000000000000110E+0	999.277081783426670E-3
681.000000000000110E+0	997.560967150895820E-3
682.000000000000110E+0	991.811381277888370E-3
683.000000000000110E+0	998.185182656227130E-3
684.000000000000110E+0	997.960854321667150E-3
685.000000000000110E+0	998.376561053215700E-3
686.000000000000110E+0	997.894069803304080E-3
687.000000000000110E+0	990.439799764473050E-3
688.000000000000110E+0	993.214060704680100E-3
689.000000000000110E+0	990.338749816467860E-3
690.000000000000110E+0	983.598384940271630E-3
691.000000000000110E+0	981.246482692698100E-3
692.000000000000110E+0	989.283386186768030E-3
693.000000000000110E+0	990.393484060321460E-3
694.000000000000110E+0	988.696902818221530E-3
695.000000000000110E+0	974.912714749498370E-3
696.000000000000110E+0	960.494497246919930E-3
697.000000000000110E+0	976.477799240224490E-3
698.000000000000110E+0	993.626108263360510E-3
699.000000000000110E+0	995.828878556128340E-3
700.000000000000110E+0	988.922265687697590E-3
701.000000000000110E+0	995.230916350508200E-3
702.000000000000110E+0	995.452392329264970E-3
703.000000000000110E+0	998.044791931821830E-3
704.000000000000110E+0	994.711775411838080E-3
705.000000000000110E+0	985.297674308769130E-3
706.000000000000110E+0	984.186008573650020E-3
707.000000000000110E+0	993.715475236369270E-3
708.000000000000110E+0	996.553121223292870E-3
709.000000000000110E+0	995.205338745766670E-3
710.000000000000110E+0	997.842610946813150E-3
711.000000000000110E+0	995.291199353215640E-3
712.000000000000110E+0	992.820930143601070E-3
713.000000000000110E+0	953.665690383240230E-3
714.000000000000110E+0	924.353835184146040E-3
715.000000000000110E+0	963.878635584786260E-3
716.000000000000110E+0	990.887083676115660E-3
717.000000000000110E+0	994.421036065863960E-3
718.000000000000110E+0	997.262716317699920E-3
719.000000000000110E+0	992.179705323220750E-3
720.000000000000110E+0	914.424656458361570E-3
721.000000000000110E+0	994.506177607756610E-3
722.000000000000110E+0	996.973252398820950E-3
723.000000000000110E+0	995.736834055981570E-3
724.000000000000110E+0	997.858500478280290E-3
725.000000000000110E+0	998.694092318363370E-3
726.000000000000110E+0	998.625881216340220E-3
727.000000000000110E+0	997.276146450181810E-3
728.000000000000110E+0	995.011359226484980E-3
729.000000000000110E+0	981.576187693865120E-3
730.000000000000110E+0	998.993314885113670E-3
731.000000000000110E+0	999.018054062590480E-3
732.000000000000110E+0	996.352171369260690E-3
733.000000000000110E+0	996.638858301558740E-3
734.000000000000110E+0	995.057985467143410E-3
735.000000000000110E+0	998.359640786186660E-3
736.000000000000110E+0	998.407008134499670E-3
737.000000000000110E+0	997.532146815233720E-3
738.000000000000110E+0	993.509440827567760E-3
739.000000000000110E+0	997.868435228704940E-3
740.000000000000110E+0	999.134567008085010E-3
741.000000000000110E+0	998.847438709835280E-3
742.000000000000110E+0	986.341337793683710E-3
743.000000000000110E+0	994.104877256386850E-3
744.000000000000110E+0	994.196396657847310E-3
745.000000000000110E+0	991.961176222354910E-3
746.000000000000110E+0	992.265832327965840E-3
747.000000000000110E+0	983.984281800595270E-3
748.000000000000110E+0	971.980814959552130E-3
749.000000000000110E+0	994.970784889334990E-3
750.000000000000110E+0	993.613117682654700E-3
751.000000000000110E+0	975.470972744560630E-3
752.000000000000110E+0	909.094175025713550E-3
753.000000000000110E+0	980.207212284204600E-3
754.000000000000110E+0	982.443485480196220E-3
755.000000000000110E+0	985.907757086992410E-3
756.000000000000110E+0	981.189085583555660E-3
757.000000000000110E+0	982.672032483808190E-3
758.000000000000110E+0	987.564759037326880E-3
759.000000000000110E+0	994.927292572457600E-3
760.000000000000110E+0	992.888321161629950E-3
761.000000000000110E+0	961.777449915239280E-3
762.000000000000110E+0	964.478406344726700E-3
763.000000000000110E+0	981.333556666068030E-3
764.000000000000110E+0	955.572071378495870E-3
765.000000000000110E+0	971.456253003455950E-3
766.000000000000110E+0	779.170587269079280E-3
767.000000000000110E+0	912.844119762381780E-3
768.000000000000110E+0	975.478870565186780E-3
769.000000000000110E+0	993.453063684604180E-3
770.000000000000110E+0	992.813992906066420E-3
771.000000000000110E+0	966.756912130540160E-3
772.000000000000110E+0	992.703606717590500E-3
773.000000000000110E+0	995.686024571513450E-3
774.000000000000110E+0	986.359868244692020E-3
775.000000000000110E+0	993.288570985769170E-3
776.000000000000110E+0	992.362190696659320E-3
777.000000000000110E+0	997.713308560675640E-3
778.000000000000110E+0	997.717874017096220E-3
779.000000000000110E+0	993.668578854049580E-3
780.000000000000110E+0	990.689241452483600E-3
781.000000000000110E+0	994.562884657544390E-3
782.000000000000110E+0	992.494797748386450E-3
783.000000000000110E+0	974.372268858310850E-3
784.000000000000110E+0	992.301167671348790E-3
785.000000000000110E+0	996.843470574757640E-3
786.000000000000110E+0	997.674500137711310E-3
787.000000000000110E+0	998.053448480684000E-3
788.000000000000110E+0	997.805881025871420E-3
789.000000000000110E+0	995.918968578420880E-3
790.000000000000110E+0	990.639285294012460E-3
791.000000000000110E+0	997.675628341018750E-3
792.000000000000110E+0	990.686410032485250E-3
793.000000000000110E+0	992.486470649993180E-3
794.000000000000110E+0	996.931208073358220E-3
795.000000000000110E+0	998.417154460082390E-3
796.000000000000110E+0	997.363754262382220E-3
797.000000000000110E+0	996.623147163590790E-3
798.000000000000110E+0	991.922447465810710E-3
799.000000000000110E+0	991.081131712833520E-3
800.000000000000110E+0	997.051011319262440E-3
801.000000000000110E+0	998.178031033159380E-3
802.000000000000110E+0	992.708527530273500E-3
803.000000000000110E+0	996.357345321789770E-3
804.000000000000110E+0	998.245135273353570E-3
805.000000000000110E+0	997.514014580427770E-3
806.000000000000110E+0	993.817364102702490E-3
807.000000000000110E+0	995.001508221177390E-3
808.000000000000110E+0	978.812867980859540E-3
809.000000000000110E+0	995.971376363210650E-3
810.000000000000110E+0	997.776989363523770E-3
811.000000000000110E+0	996.287893510518270E-3
812.000000000000110E+0	994.135620465728560E-3
813.000000000000110E+0	992.550320667664580E-3
814.000000000000110E+0	997.268335126041960E-3
815.000000000000110E+0	996.642458973715840E-3
816.000000000000110E+0	996.646196531581040E-3
817.000000000000110E+0	996.671134305590070E-3
818.000000000000110E+0	995.850505574440660E-3
819.000000000000110E+0	998.582070302207690E-3
820.000000000000110E+0	998.526411601229570E-3
821.000000000000110E+0	995.649718265572470E-3
822.000000000000110E+0	995.173041032518800E-3
823.000000000000110E+0	998.337915373133430E-3
824.000000000000110E+0	998.003214774044630E-3
825.000000000000110E+0	996.838473770007000E-3
826.000000000000110E+0	995.692353714747850E-3
827.000000000000110E+0	993.295500817549360E-3
828.000000000000110E+0	995.037398389441940E-3
829.000000000000110E+0	994.898004479864870E-3
830.000000000000110E+0	988.871939130564590E-3
831.000000000000110E+0	943.758256662504790E-3
832.000000000000110E+0	995.865170046306150E-3
833.000000000000110E+0	988.241906449664480E-3
834.000000000000110E+0	978.368466369850860E-3
835.000000000000110E+0	994.725266023539610E-3
836.000000000000110E+0	989.111040336772550E-3
837.000000000000110E+0	872.748652375162530E-3
838.000000000000110E+0	946.204604665644160E-3
839.000000000000110E+0	947.063671798794910E-3
840.000000000000110E+0	977.978745624547450E-3
841.000000000000110E+0	988.940384117953370E-3
842.000000000000110E+0	973.018012566129300E-3
843.000000000000110E+0	946.481470004846610E-3
844.000000000000110E+0	912.283117777065170E-3
845.000000000000110E+0	905.180225079239120E-3
846.000000000000110E+0	958.331531759761490E-3
847.000000000000110E+0	983.310128390085020E-3
848.000000000000110E+0	991.729194843020800E-3
849.000000000000110E+0	970.409295777459600E-3
850.000000000000110E+0	590.845728922939850E-3
851.000000000000110E+0	984.918240517330010E-3
852.000000000000110E+0	981.760767233010200E-3
853.000000000000110E+0	975.077284814230060E-3
854.000000000000110E+0	979.446392071946950E-3
855.000000000000110E+0	979.971163376886610E-3
856.000000000000110E+0	994.886972251477930E-3
857.000000000000110E+0	991.238529872113360E-3
858.000000000000110E+0	972.492306144075670E-3
859.000000000000110E+0	982.679386700282990E-3
860.000000000000110E+0	980.733819014612870E-3
861.000000000000110E+0	978.901930365037360E-3
862.000000000000110E+0	953.171629141276950E-3
863.000000000000110E+0	893.641223277598760E-3
864.000000000000110E+0	945.185917770479670E-3
865.000000000000110E+0	991.666980875510310E-3
866.000000000000110E+0	983.330324781403810E-3
867.000000000000110E+0	989.461049849983950E-3
868.000000000000110E+0	971.212889881068240E-3
869.000000000000110E+0	987.492587629749450E-3
870.000000000000110E+0	997.449033757293430E-3
871.000000000000110E+0	996.814143162413010E-3
872.000000000000110E+0	991.949415103481000E-3
873.000000000000110E+0	963.275327181490560E-3
874.000000000000110E+0	992.967105711768270E-3
875.000000000000110E+0	995.365150383201950E-3
876.000000000000110E+0	993.220023198786110E-3
877.000000000000110E+0	994.561481348576580E-3
878.000000000000110E+0	986.083128288060330E-3
879.000000000000110E+0	996.699151726876950E-3
880.000000000000110E+0	999.302716402778460E-3
881.000000000000110E+0	998.567575081096390E-3
882.000000000000110E+0	989.272231317345540E-3
883.000000000000110E+0	996.879973240814120E-3
884.000000000000110E+0	997.898507886032510E-3
885.000000000000110E+0	997.358067958998060E-3
886.000000000000110E+0	997.143310402635370E-3
887.000000000000110E+0	993.911828804646010E-3
888.000000000000110E+0	995.871245566708250E-3
889.000000000000110E+0	998.743208545642360E-3
890.000000000000110E+0	997.799022720976870E-3
891.000000000000110E+0	996.601148629863710E-3
892.000000000000110E+0	996.438159786497410E-3
893.000000000000110E+0	999.058173027552180E-3
894.000000000000110E+0	998.146259540897080E-3
895.000000000000110E+0	994.069479140340050E-3
896.000000000000110E+0	993.633346718979520E-3
897.000000000000110E+0	986.483508064165510E-3
898.000000000000110E+0	998.022739844148690E-3
899.000000000000110E+0	997.857109258536210E-3
900.000000000000110E+0	992.162883265957580E-3
901.000000000000110E+0	981.791545100148210E-3
902.000000000000110E+0	995.245424760832440E-3
903.000000000000110E+0	996.993334143044920E-3
904.000000000000110E+0	997.230433589683110E-3
905.000000000000110E+0	990.925776731434000E-3
906.000000000000110E+0	992.581898144528130E-3
907.000000000000110E+0	994.641320723736790E-3
908.000000000000110E+0	996.892848747625630E-3
909.000000000000110E+0	996.255514843308210E-3
910.000000000000110E+0	985.241434879958520E-3
911.000000000000110E+0	986.708855489329290E-3
912.000000000000110E+0	996.309749662840030E-3
913.000000000000110E+0	991.290142371448190E-3
914.000000000000110E+0	987.132214399161100E-3
915.000000000000110E+0	995.172206720878250E-3
916.000000000000110E+0	996.267476537851970E-3
917.000000000000110E+0	997.787601679154700E-3
918.000000000000110E+0	996.119263371549880E-3
919.000000000000110E+0	994.382487787605520E-3
920.000000000000110E+0	935.815660920803260E-3
921.000000000000110E+0	996.416934982877200E-3
922.000000000000110E+0	997.271155946425790E-3
923.000000000000110E+0	990.335661903708810E-3
924.000000000000110E+0	979.786328794343130E-3
925.000000000000110E+0	995.431223854420620E-3
926.000000000000110E+0	998.095694861379610E-3
927.000000000000110E+0	998.807028741978130E-3
928.000000000000110E+0	996.917296624925340E-3
929.000000000000110E+0	950.685336817653100E-3
930.000000000000110E+0	996.328226485957760E-3
931.000000000000110E+0	997.783158658147480E-3
932.000000000000110E+0	995.423994353670790E-3
933.000000000000110E+0	989.328848782892180E-3
934.000000000000110E+0	994.980897742273050E-3
935.000000000000110E+0	996.857440872895740E-3
936.000000000000110E+0	995.959668991219680E-3
937.000000000000110E+0	994.827152395976850E-3
938.000000000000110E+0	994.416921032707850E-3
939.000000000000110E+0	985.271439766907560E-3
940.000000000000110E+0	998.705140700406610E-3
941.000000000000110E+0	997.688712726418680E-3
942.000000000000110E+0	982.463375847372870E-3
943.000000000000110E+0	991.675505551682270E-3
944.000000000000110E+0	998.313828422525920E-3
945.000000000000110E+0	998.284186100286800E-3
946.000000000000110E+0	997.393379495070450E-3
947.000000000000110E+0	994.312207515718800E-3
948.000000000000110E+0	987.251172079820270E-3
949.000000000000110E+0	997.301844822117920E-3
950.000000000000110E+0	998.340280129927810E-3
951.000000000000110E+0	996.793699047217370E-3
952.000000000000110E+0	978.086323290616180E-3
953.000000000000110E+0	995.578821650648150E-3
954.000000000000110E+0	997.290229146651550E-3
955.000000000000110E+0	989.698068858246740E-3
956.000000000000110E+0	988.981040206278080E-3
957.000000000000110E+0	970.861974090998500E-3
958.000000000000110E+0	991.720786367332960E-3
959.000000000000110E+0	995.544410767983060E-3
960.000000000000110E+0	995.136932970677620E-3
961.000000000000110E+0	989.475181058083740E-3
962.000000000000110E+0	997.720131012053150E-3
963.000000000000110E+0	996.661610972146780E-3
964.000000000000110E+0	993.232540215948310E-3
965.000000000000110E+0	938.995598828771590E-3
966.000000000000110E+0	948.906480493204030E-3
967.000000000000110E+0	984.872377632132760E-3
968.000000000000110E+0	985.561775547347810E-3
969.000000000000110E+0	986.463533097238110E-3
970.000000000000110E+0	972.045330101060870E-3
971.000000000000110E+0	923.357970776838120E-3
972.000000000000110E+0	973.923310136519450E-3
973.000000000000110E+0	945.551632971523560E-3
974.000000000000110E+0	623.303715811647560E-3
975.000000000000110E+0	637.630699429083350E-3
976.000000000000110E+0	923.485506594625920E-3
977.000000000000110E+0	972.085131348425670E-3
978.000000000000110E+0	983.910320452221380E-3
979.000000000000110E+0	961.482749732082810E-3
980.000000000000110E+0	961.948495216556120E-3
981.000000000000110E+0	965.977977639053800E-3
982.000000000000110E+0	982.916376646139400E-3
983.000000000000110E+0	964.039810208708880E-3
984.000000000000110E+0	585.387496081410050E-3
985.000000000000110E+0	925.524361597966140E-3
986.000000000000110E+0	975.116348526625540E-3
987.000000000000110E+0	966.082147550341720E-3
988.000000000000110E+0	974.248958869168400E-3
989.000000000000110E+0	866.290768641529100E-3
990.000000000000110E+0	829.389874706701670E-3
991.000000000000110E+0	965.393125917896280E-3
992.000000000000110E+0	960.655473834560740E-3
993.000000000000110E+0	685.493231716618690E-3
994.000000000000110E+0	801.252056445314610E-3
995.000000000000110E+0	988.857356922722700E-3
996.000000000000110E+0	992.468115986214650E-3
997.000000000000110E+0	944.682344197414040E-3
998.000000000000110E+0	986.145392133843670E-3
999.000000000000110E+0	942.613254097082190E-3
1.000000000000000E+3	991.910937299094520E-3
