Freq (Hz)	accelerometre /source
source
source_Mod	accelerometre /source
source
source_Phase(rad)
10.000000000000018E+0	41.140801160888890E-3	4.436352424213205E+0
11.000000000000020E+0	66.977084839198411E-3	2.990289058259430E+0
12.000000000000021E+0	27.236004545298429E-3	4.668992894531529E+0
13.000000000000023E+0	18.348862622349173E-3	5.273574693836300E+0
14.000000000000025E+0	47.637272516841439E-3	8.183387454281682E+0
15.000000000000027E+0	32.210236597739479E-3	9.217083472481603E+0
16.000000000000028E+0	39.951573869884668E-3	9.806475118655529E+0
17.000000000000028E+0	32.798306664787689E-3	8.950602218522633E+0
18.000000000000028E+0	22.120724814702519E-3	8.494966963689825E+0
19.000000000000028E+0	85.627892589585308E-3	9.096669948633792E+0
20.000000000000028E+0	66.023860677771995E-3	8.809007823666660E+0
21.000000000000028E+0	63.749991181940149E-3	8.685461331548725E+0
22.000000000000028E+0	104.938597762178980E-3	8.676226573216574E+0
23.000000000000028E+0	125.754398304113420E-3	8.627447314595990E+0
24.000000000000028E+0	157.919209565705930E-3	8.306515467510465E+0
25.000000000000028E+0	204.749816270233670E-3	8.151920360874904E+0
26.000000000000028E+0	254.718703278615730E-3	7.810393414785374E+0
27.000000000000028E+0	261.710526989877460E-3	7.490956202570445E+0
28.000000000000028E+0	308.865920860112280E-3	7.192835903634429E+0
29.000000000000028E+0	258.509005001617160E-3	6.622896856514627E+0
30.000000000000028E+0	179.436001790285630E-3	6.414612525602537E+0
31.000000000000028E+0	174.146359778924810E-3	6.185020831911723E+0
32.000000000000028E+0	134.738215665233310E-3	6.378734137132270E+0
33.000000000000028E+0	144.892458322745890E-3	6.388518658172467E+0
34.000000000000028E+0	135.539492614597970E-3	6.304682513838840E+0
35.000000000000028E+0	80.362613770212837E-3	6.174165811061121E+0
36.000000000000028E+0	64.034412036079930E-3	7.102244772771552E+0
37.000000000000028E+0	181.381353907089980E-3	6.881950219136724E+0
38.000000000000028E+0	209.841147692140880E-3	6.124530276574403E+0
39.000000000000028E+0	171.035084869902180E-3	5.683571552104283E+0
40.000000000000028E+0	206.444810780498590E-3	6.096198213304419E+0
41.000000000000028E+0	191.280475964010180E-3	6.035814284827688E+0
42.000000000000028E+0	183.959639203399310E-3	6.145951926971645E+0
43.000000000000028E+0	224.444265081436530E-3	6.121621409008461E+0
44.000000000000028E+0	239.665119906472910E-3	5.974430018593147E+0
45.000000000000028E+0	224.014825438417690E-3	5.879125643766740E+0
46.000000000000028E+0	218.600556015798860E-3	5.740810375775750E+0
47.000000000000028E+0	203.182830327609670E-3	5.633875224817436E+0
48.000000000000028E+0	192.954285984026110E-3	5.556591115038661E+0
49.000000000000028E+0	224.417628068408310E-3	5.449281199335061E+0
50.000000000000028E+0	224.360624271768420E-3	5.442792590490842E+0
51.000000000000028E+0	229.312121291327250E-3	5.320542299171006E+0
52.000000000000028E+0	193.179860845133780E-3	5.131352316316100E+0
53.000000000000028E+0	184.844449401239480E-3	4.908819590660064E+0
54.000000000000028E+0	193.222052767377470E-3	4.900260614130836E+0
55.000000000000028E+0	178.097780637840180E-3	4.849236329654477E+0
56.000000000000028E+0	175.936498588580350E-3	4.751824375155218E+0
57.000000000000028E+0	167.056599708813590E-3	4.865867538277103E+0
58.000000000000028E+0	145.099108448288220E-3	5.220565454540383E+0
59.000000000000028E+0	135.390315986732570E-3	4.879153402820809E+0
60.000000000000028E+0	153.955720367734420E-3	4.808358000364281E+0
61.000000000000028E+0	160.342523921947060E-3	4.734432056189640E+0
62.000000000000028E+0	145.874304884357150E-3	4.747816319494925E+0
63.000000000000028E+0	156.020012902260860E-3	4.708790748020956E+0
64.000000000000028E+0	171.364322478065770E-3	4.564148359644506E+0
65.000000000000028E+0	177.999408300415770E-3	4.427538129919854E+0
66.000000000000028E+0	165.813497341925020E-3	4.328723651841974E+0
67.000000000000028E+0	92.824988553916007E-3	4.157584804743998E+0
68.000000000000028E+0	132.976707454360100E-3	3.403368765803567E+0
69.000000000000028E+0	96.244356557497565E-3	3.753450313354967E+0
70.000000000000028E+0	84.831765169300785E-3	4.421303494851134E+0
71.000000000000028E+0	176.588379168110320E-3	5.198641308607169E+0
72.000000000000028E+0	148.691617329319040E-3	6.186326353623617E+0
73.000000000000028E+0	97.757465024610468E-3	5.535294462934746E+0
74.000000000000028E+0	161.900557659045980E-3	5.020765749661392E+0
75.000000000000028E+0	158.210976280605630E-3	4.897743972297435E+0
76.000000000000028E+0	129.667622175013400E-3	4.574169784731332E+0
77.000000000000028E+0	231.772659483296260E-3	4.579345833235657E+0
78.000000000000028E+0	184.761664135531270E-3	4.551269562616335E+0
79.000000000000028E+0	178.714356428576110E-3	4.275235863037620E+0
80.000000000000028E+0	199.185027020864710E-3	3.991883338974692E+0
81.000000000000028E+0	228.315705562981200E-3	3.826508178876977E+0
82.000000000000028E+0	241.775765239600320E-3	3.761309429214432E+0
83.000000000000028E+0	237.309578146103540E-3	3.671379630196141E+0
84.000000000000028E+0	226.715783078736270E-3	3.467170936767389E+0
85.000000000000028E+0	260.559679305776280E-3	3.333800881628764E+0
86.000000000000028E+0	222.488231360159990E-3	3.399985859868951E+0
87.000000000000028E+0	129.164749713086590E-3	2.655822907145690E+0
88.000000000000028E+0	190.174156970613790E-3	2.376777685958110E+0
89.000000000000028E+0	202.846486263615790E-3	2.113124623770510E+0
90.000000000000028E+0	230.242369983804570E-3	1.748173745016540E+0
91.000000000000028E+0	182.451399234867830E-3	1.453003367998584E+0
92.000000000000028E+0	178.939968219021110E-3	1.259686548559629E+0
93.000000000000028E+0	199.764621707110100E-3	958.235345883464040E-3
94.000000000000028E+0	199.401295413597220E-3	613.648550980191890E-3
95.000000000000028E+0	154.134849632144580E-3	447.503699677629540E-3
96.000000000000028E+0	239.367447344150390E-3	-483.258622234560010E-3
97.000000000000028E+0	265.209361190614890E-3	-587.041024959330420E-3
98.000000000000028E+0	236.044282284592700E-3	-876.348272111819980E-3
99.000000000000028E+0	186.064996230944330E-3	-1.076171062153879E+0
100.000000000000030E+0	516.063558471669630E-3	-2.004293204152452E+0
101.000000000000030E+0	343.576496614703740E-3	-1.479332908801832E+0
102.000000000000030E+0	225.721012896681030E-3	-1.620746679944897E+0
103.000000000000030E+0	242.200847222874720E-3	-2.717988360447166E+0
104.000000000000030E+0	317.189291441440040E-3	-2.003270669256040E+0
105.000000000000030E+0	154.294263220388640E-3	-2.028574421344961E+0
106.000000000000030E+0	215.281568294556520E-3	-2.340377219328865E+0
107.000000000000030E+0	161.132526320676960E-3	-2.245921587956857E+0
108.000000000000030E+0	137.714950214439000E-3	-2.099375358702355E+0
109.000000000000030E+0	82.634845324082606E-3	-572.284848581653070E-3
110.000000000000030E+0	126.617671554027640E-3	-2.070235721502072E+0
111.000000000000030E+0	150.272453018515130E-3	-1.820198029878414E+0
112.000000000000030E+0	165.046151724840690E-3	-1.729100132378410E+0
113.000000000000030E+0	195.234837862732240E-3	-1.734053383767662E+0
114.000000000000030E+0	174.350063885338110E-3	-1.398363423443342E+0
115.000000000000030E+0	151.902027252501760E-3	-1.525067634393523E+0
116.000000000000030E+0	144.359338671258890E-3	-1.703504984736135E+0
117.000000000000030E+0	182.682405361865360E-3	-1.917685926997688E+0
118.000000000000030E+0	236.448852278911460E-3	-1.932676587654969E+0
119.000000000000030E+0	222.117777475234670E-3	-1.517041293566597E+0
120.000000000000030E+0	241.920222900502520E-3	-1.954869568890812E+0
121.000000000000030E+0	270.476279965693120E-3	-2.049948910056276E+0
122.000000000000030E+0	347.513504847337230E-3	-2.107862423847175E+0
123.000000000000030E+0	340.471881640976970E-3	-2.139160500974854E+0
124.000000000000030E+0	393.674652360330220E-3	-2.146329561863444E+0
125.000000000000030E+0	328.442627921888660E-3	-2.244292158495822E+0
126.000000000000030E+0	329.425848987663140E-3	-2.483327830310065E+0
127.000000000000030E+0	329.834249658419180E-3	-2.671158078983346E+0
128.000000000000030E+0	360.381568427730000E-3	-3.154933835868665E+0
129.000000000000030E+0	385.702345876612510E-3	-2.903569721687826E+0
130.000000000000030E+0	311.942861588677290E-3	-3.025597777605962E+0
131.000000000000030E+0	260.657368445173680E-3	-3.069151516602352E+0
132.000000000000030E+0	152.222054783288620E-3	-2.999587713654291E+0
133.000000000000030E+0	178.846240906603780E-3	-3.270293289887797E+0
134.000000000000030E+0	146.044976409416080E-3	-3.058750692287469E+0
135.000000000000030E+0	137.387012224353400E-3	-3.150702928114766E+0
136.000000000000030E+0	152.531258955205140E-3	-2.998618229111980E+0
137.000000000000030E+0	199.405679333672650E-3	-2.968711636602203E+0
138.000000000000030E+0	169.365662315710460E-3	-2.627018260120691E+0
139.000000000000030E+0	186.249916500334370E-3	-2.814219086324122E+0
140.000000000000030E+0	201.662699626272670E-3	-2.892502440789633E+0
141.000000000000030E+0	226.281513757820350E-3	-2.988366787389847E+0
142.000000000000030E+0	267.177782467637400E-3	-3.013724151843492E+0
143.000000000000030E+0	273.342516950701720E-3	-2.942027271528064E+0
144.000000000000030E+0	284.375993370570350E-3	-3.010029232233619E+0
145.000000000000030E+0	298.394791165224160E-3	-2.978565364649258E+0
146.000000000000030E+0	268.262945730958440E-3	-2.919789282368269E+0
147.000000000000030E+0	207.595057757513830E-3	-2.664054245985625E+0
148.000000000000030E+0	146.162724285898600E-3	-3.308968875372633E+0
149.000000000000030E+0	132.999728289284940E-3	-3.300116889017790E+0
150.000000000000030E+0	64.421222695833683E-3	-3.617580179037215E+0
151.000000000000030E+0	223.627586930291970E-3	-4.472637562357959E+0
152.000000000000030E+0	218.343719753136880E-3	-3.730036956834615E+0
153.000000000000030E+0	217.653350820731890E-3	-3.575158576422436E+0
154.000000000000030E+0	265.708838226186910E-3	-3.276591176241919E+0
155.000000000000030E+0	276.988034407140540E-3	-3.208646916233514E+0
156.000000000000030E+0	421.069138704125380E-3	-2.765320199855898E+0
157.000000000000030E+0	268.708324783661630E-3	-2.508800727679015E+0
158.000000000000030E+0	228.538235777363710E-3	-2.536142962057525E+0
159.000000000000030E+0	215.643591524465270E-3	-2.569973946968613E+0
160.000000000000030E+0	221.209832736960900E-3	-2.336651154505046E+0
161.000000000000030E+0	62.391522570901317E-3	-3.753589701179509E+0
162.000000000000030E+0	141.630008481705980E-3	-3.433693045521208E+0
163.000000000000030E+0	179.291207663880900E-3	-3.649957756663416E+0
164.000000000000030E+0	306.406030287571570E-3	-3.370376276345088E+0
165.000000000000030E+0	276.762951444631700E-3	-3.330889339031131E+0
166.000000000000030E+0	458.726443149602920E-3	-3.263512640205332E+0
167.000000000000030E+0	371.570279456763300E-3	-3.002942717484938E+0
168.000000000000030E+0	362.912862646114610E-3	-3.106645092217142E+0
169.000000000000030E+0	494.529942386804750E-3	-3.087786037018871E+0
170.000000000000030E+0	289.994352181989710E-3	-2.607401820938074E+0
171.000000000000030E+0	270.697915430763320E-3	-3.178597500163448E+0
172.000000000000030E+0	311.741518509725980E-3	-3.426777607844959E+0
173.000000000000030E+0	345.807948664733580E-3	-3.692983032358651E+0
174.000000000000030E+0	464.124069646075780E-3	-3.799040073507802E+0
175.000000000000030E+0	572.135081091436070E-3	-3.719914768432824E+0
176.000000000000030E+0	524.904956157890790E-3	-3.593327946277065E+0
177.000000000000030E+0	489.275547567241900E-3	-3.649375632557039E+0
178.000000000000030E+0	458.371470216329900E-3	-3.636643703058050E+0
179.000000000000030E+0	256.558337108749760E-3	-3.664231523487524E+0
180.000000000000030E+0	477.814650985432910E-3	-3.972244954296238E+0
181.000000000000030E+0	397.783191425303830E-3	-3.985414557940958E+0
182.000000000000030E+0	368.839092266126380E-3	-4.087015175772582E+0
183.000000000000030E+0	386.888478557182000E-3	-4.004260181801913E+0
184.000000000000030E+0	404.399080368572080E-3	-4.221590648806549E+0
185.000000000000030E+0	550.650066862423900E-3	-3.963314920264507E+0
186.000000000000030E+0	519.246129875567510E-3	-3.841304496324533E+0
187.000000000000030E+0	515.722116372409060E-3	-3.894031947768525E+0
188.000000000000030E+0	515.261143187234370E-3	-3.911103767299249E+0
189.000000000000030E+0	434.811397741062260E-3	-4.193583308347035E+0
190.000000000000030E+0	512.334986862970410E-3	-4.321762334243035E+0
191.000000000000030E+0	481.681549658459270E-3	-4.423806628284209E+0
192.000000000000030E+0	456.120448835304170E-3	-4.821937284305083E+0
193.000000000000030E+0	562.609600665020970E-3	-4.802905679747248E+0
194.000000000000030E+0	426.404356054955640E-3	-4.723844781113225E+0
195.000000000000030E+0	310.790950294963620E-3	-4.829243502120740E+0
196.000000000000030E+0	275.842566470052560E-3	-4.987391715204536E+0
197.000000000000030E+0	292.772357489460950E-3	-5.053180387086550E+0
198.000000000000030E+0	267.483814485048100E-3	-4.898809007181263E+0
199.000000000000030E+0	299.113457901902080E-3	-4.783756615006411E+0
200.000000000000030E+0	342.151578774033680E-3	-4.603275329867129E+0
201.000000000000030E+0	360.268496660601840E-3	-4.207945146193003E+0
202.000000000000030E+0	268.691113806834800E-3	-4.342741039028590E+0
203.000000000000030E+0	317.004766156833540E-3	-4.452030467620014E+0
204.000000000000030E+0	302.084982786831710E-3	-4.628483715539449E+0
205.000000000000030E+0	330.963412309603630E-3	-4.971609690578870E+0
206.000000000000030E+0	393.283854853150090E-3	-5.043299996990279E+0
207.000000000000030E+0	237.236543946964170E-3	-5.520816195786508E+0
208.000000000000030E+0	568.241796498810680E-3	-5.765363983072740E+0
209.000000000000030E+0	365.327675257358990E-3	-5.630725449705853E+0
210.000000000000030E+0	172.682459337160030E-3	-5.806736386490969E+0
211.000000000000030E+0	187.215411243797900E-3	-7.112493815407990E+0
212.000000000000030E+0	215.042498695922540E-3	-6.259381390416206E+0
213.000000000000030E+0	100.082568307063010E-3	-5.727263185511746E+0
214.000000000000030E+0	68.928938992631986E-3	-4.270976561455132E+0
215.000000000000030E+0	147.743677858716890E-3	-3.362777644923058E+0
216.000000000000030E+0	158.599952061329210E-3	-2.951384668214470E+0
217.000000000000030E+0	88.371583430398762E-3	-2.180908676406918E+0
218.000000000000030E+0	79.545798111737287E-3	-4.373481776561754E+0
219.000000000000030E+0	217.670491778198360E-3	-4.547268126952634E+0
220.000000000000030E+0	325.975275985157960E-3	-4.357672757840440E+0
221.000000000000030E+0	357.196727714356180E-3	-4.248421695971084E+0
222.000000000000030E+0	257.925637164499010E-3	-4.329404522792672E+0
223.000000000000030E+0	253.488646473581380E-3	-4.541191749598509E+0
224.000000000000030E+0	224.067518701170590E-3	-4.638157250088762E+0
225.000000000000030E+0	276.624490962601940E-3	-4.895436044029856E+0
226.000000000000030E+0	309.640763300997100E-3	-4.691151146493261E+0
227.000000000000030E+0	155.687668257243140E-3	-4.798212795473486E+0
228.000000000000030E+0	184.319018186874240E-3	-4.939883966806867E+0
229.000000000000030E+0	206.351174179201760E-3	-4.956569438104055E+0
230.000000000000030E+0	261.831991547654630E-3	-4.876063451090771E+0
231.000000000000030E+0	324.661483639762770E-3	-4.771287397063782E+0
232.000000000000030E+0	383.497248283965090E-3	-4.708248781161254E+0
233.000000000000030E+0	404.813633352392730E-3	-4.534422967033150E+0
234.000000000000030E+0	278.213129185050200E-3	-4.512140031667908E+0
235.000000000000030E+0	207.926675750383040E-3	-4.730310591904382E+0
236.000000000000030E+0	263.574410127518090E-3	-5.187500811023233E+0
237.000000000000030E+0	295.577095675675310E-3	-5.030695636888257E+0
238.000000000000030E+0	246.522525739247070E-3	-5.008289126888284E+0
239.000000000000030E+0	225.671510224896450E-3	-5.149835002521157E+0
240.000000000000030E+0	206.764631379007910E-3	-5.131784839147414E+0
241.000000000000030E+0	190.826696815250160E-3	-5.246822343842751E+0
242.000000000000030E+0	191.921981346580280E-3	-5.314759574094845E+0
243.000000000000030E+0	196.545752714056360E-3	-5.248257057907873E+0
244.000000000000030E+0	182.901763814656670E-3	-5.355588550435471E+0
245.000000000000030E+0	234.372356591756290E-3	-5.284437518202115E+0
246.000000000000030E+0	159.081883064990050E-3	-5.138083644500102E+0
247.000000000000030E+0	153.576984706472460E-3	-5.344901982984575E+0
248.000000000000030E+0	182.738954016338860E-3	-5.337434290534331E+0
249.000000000000030E+0	233.712212029251710E-3	-4.862296692045756E+0
250.000000000000030E+0	112.701694531003230E-3	-4.208483377267479E+0
251.000000000000030E+0	87.493995085643150E-3	-4.168849869516270E+0
252.000000000000030E+0	75.140346203008759E-3	-3.701510718599577E+0
253.000000000000030E+0	32.700088820720688E-3	-3.744180619880696E+0
254.000000000000030E+0	24.430740610978805E-3	-4.614406702736403E+0
255.000000000000030E+0	129.405469492496090E-3	-5.208460476012705E+0
256.000000000000060E+0	284.119338280315050E-3	-4.609756264198284E+0
257.000000000000060E+0	313.688228290990190E-3	-4.397270409469965E+0
258.000000000000060E+0	396.238677217379320E-3	-4.627802036943029E+0
259.000000000000060E+0	548.413817809094480E-3	-4.204690195363789E+0
260.000000000000060E+0	541.047350638985900E-3	-4.339990243675766E+0
261.000000000000060E+0	654.192339388984470E-3	-4.205139605908135E+0
262.000000000000060E+0	387.709571129592640E-3	-4.109729213051764E+0
263.000000000000060E+0	272.750347157528610E-3	-4.840277501000679E+0
264.000000000000060E+0	479.258169432018710E-3	-5.335864613047388E+0
265.000000000000060E+0	574.989474266004550E-3	-5.327971982961520E+0
266.000000000000060E+0	576.144411876472470E-3	-5.281331634055378E+0
267.000000000000060E+0	469.182391171159900E-3	-5.430324208271697E+0
268.000000000000060E+0	689.115841344505320E-3	-5.697313405172057E+0
269.000000000000060E+0	573.529865128763470E-3	-5.413659793488248E+0
270.000000000000060E+0	514.483213067563390E-3	-5.474197457920692E+0
271.000000000000060E+0	460.803401744222410E-3	-5.210876122482359E+0
272.000000000000060E+0	281.560337685171640E-3	-5.851829041861071E+0
273.000000000000060E+0	330.357377668077710E-3	-5.933063547757975E+0
274.000000000000060E+0	360.101277151469170E-3	-5.905035652185379E+0
275.000000000000060E+0	354.829377814388890E-3	-5.782130384101809E+0
276.000000000000060E+0	301.277712875750560E-3	-5.733304415193352E+0
277.000000000000060E+0	242.003720230753390E-3	-5.660794945321720E+0
278.000000000000060E+0	284.717839575214070E-3	-5.816261334737220E+0
279.000000000000060E+0	296.287498601657150E-3	-5.587614384800683E+0
280.000000000000060E+0	257.318533347193070E-3	-5.266135091517340E+0
281.000000000000060E+0	209.495823749139780E-3	-5.066111753425639E+0
282.000000000000060E+0	184.688014234141160E-3	-5.465035198602459E+0
283.000000000000060E+0	290.350367045413450E-3	-5.404028163097360E+0
284.000000000000060E+0	394.153173838540930E-3	-5.156519419208866E+0
285.000000000000060E+0	341.818074705255490E-3	-5.086676220719628E+0
286.000000000000060E+0	379.669064471028880E-3	-5.257847308988207E+0
287.000000000000060E+0	443.839159623086570E-3	-5.304144687247089E+0
288.000000000000060E+0	453.320511901919080E-3	-5.419782839343011E+0
289.000000000000060E+0	485.152358166862860E-3	-5.533901295156021E+0
290.000000000000060E+0	468.578432549018930E-3	-5.642258884383081E+0
291.000000000000060E+0	482.038151422879760E-3	-5.706443125959967E+0
292.000000000000060E+0	453.312691392924520E-3	-5.806488489498830E+0
293.000000000000060E+0	489.775197455088410E-3	-5.884245026470787E+0
294.000000000000060E+0	503.539881030210970E-3	-5.780506763449461E+0
295.000000000000060E+0	454.325517706923310E-3	-5.642412538722830E+0
296.000000000000060E+0	363.061746330592460E-3	-5.593417045173691E+0
297.000000000000060E+0	370.606665346420450E-3	-5.933708880115313E+0
298.000000000000060E+0	485.007923227345590E-3	-5.904044028813146E+0
299.000000000000060E+0	570.340887906358950E-3	-5.859077493127507E+0
300.000000000000060E+0	642.111060332612890E-3	-5.648113302627102E+0
301.000000000000060E+0	491.366854016056120E-3	-5.996084569453463E+0
302.000000000000060E+0	581.520053990524980E-3	-6.129274317568393E+0
303.000000000000060E+0	626.468149818573130E-3	-6.140665768028865E+0
304.000000000000060E+0	526.684163767800920E-3	-6.168755715709118E+0
305.000000000000060E+0	512.057853031144700E-3	-6.276331002896685E+0
306.000000000000060E+0	526.547491165251120E-3	-6.192495285846596E+0
307.000000000000060E+0	462.227838303364720E-3	-6.182313886128312E+0
308.000000000000060E+0	450.770041367018150E-3	-6.222717668533458E+0
309.000000000000060E+0	470.292233213925440E-3	-6.261052207277384E+0
310.000000000000060E+0	540.843863646087270E-3	-6.198005166127658E+0
311.000000000000060E+0	502.718769996975510E-3	-6.164979802219279E+0
312.000000000000060E+0	495.002351933335750E-3	-6.271698011851642E+0
313.000000000000060E+0	569.864206997388930E-3	-6.268812104536356E+0
314.000000000000060E+0	539.437939628534150E-3	-6.221845374415317E+0
315.000000000000060E+0	545.885624518768100E-3	-6.288895628971036E+0
316.000000000000060E+0	556.614400792366790E-3	-6.292945365965141E+0
317.000000000000060E+0	543.509949583566910E-3	-6.347359695086741E+0
318.000000000000060E+0	565.600347991496940E-3	-6.373474599438953E+0
319.000000000000060E+0	586.532876389291410E-3	-6.330076743426591E+0
320.000000000000060E+0	562.568672461558170E-3	-6.401954223487914E+0
321.000000000000060E+0	584.362245837866440E-3	-6.450967658953427E+0
322.000000000000060E+0	611.951875224909240E-3	-6.483487625152573E+0
323.000000000000060E+0	641.554508622051540E-3	-6.490775846813816E+0
324.000000000000060E+0	643.761962043749470E-3	-6.505208622900962E+0
325.000000000000060E+0	650.506304682376470E-3	-6.591944473073911E+0
326.000000000000060E+0	681.550994328988580E-3	-6.606182344294715E+0
327.000000000000060E+0	664.302732518708190E-3	-6.636003316800885E+0
328.000000000000060E+0	697.257309872906240E-3	-6.715276826845114E+0
329.000000000000060E+0	699.536622639655660E-3	-6.717794467874326E+0
330.000000000000060E+0	710.992317018739770E-3	-6.804250396108298E+0
331.000000000000060E+0	746.646093222852020E-3	-6.851439717573184E+0
332.000000000000060E+0	824.491742391007750E-3	-6.859803004924425E+0
333.000000000000060E+0	829.068089538315790E-3	-6.837751104896706E+0
334.000000000000060E+0	818.854944867436930E-3	-6.905432462239840E+0
335.000000000000060E+0	784.142046871683320E-3	-7.046262937922140E+0
336.000000000000060E+0	857.901898986536240E-3	-7.205175792393445E+0
337.000000000000060E+0	914.902407215873240E-3	-7.310842725158190E+0
338.000000000000060E+0	938.092499948422810E-3	-7.438530582622223E+0
339.000000000000060E+0	934.746092078585170E-3	-7.591747211812169E+0
340.000000000000060E+0	951.052196344368660E-3	-7.722481961792612E+0
341.000000000000060E+0	903.878299018343270E-3	-7.842771351199065E+0
342.000000000000060E+0	795.536643700366140E-3	-7.971122685581877E+0
343.000000000000060E+0	723.379193897318750E-3	-8.127366715401088E+0
344.000000000000060E+0	587.200236409391340E-3	-8.196279370028510E+0
345.000000000000060E+0	468.383983215096110E-3	-8.372130069912449E+0
346.000000000000060E+0	424.584968460645360E-3	-8.466563826220874E+0
347.000000000000060E+0	337.822028903309420E-3	-8.560124878151791E+0
348.000000000000060E+0	393.562328351406420E-3	-8.402958542481295E+0
349.000000000000060E+0	311.878984517864000E-3	-8.138906860359365E+0
350.000000000000060E+0	199.031872248682990E-3	-7.977574104582466E+0
351.000000000000060E+0	226.690326664246240E-3	-8.455874028032362E+0
352.000000000000060E+0	271.418863026474060E-3	-8.123440539841585E+0
353.000000000000060E+0	201.296843345087160E-3	-8.199192070708930E+0
354.000000000000060E+0	225.344796281932770E-3	-8.758885969242371E+0
355.000000000000060E+0	350.162161991757260E-3	-8.574334908423875E+0
356.000000000000060E+0	300.253459902441950E-3	-8.075986853689008E+0
357.000000000000060E+0	170.814729897246050E-3	-7.845419020551406E+0
358.000000000000060E+0	126.577227070757500E-3	-7.921840808249086E+0
359.000000000000060E+0	148.202967802905150E-3	-8.203133846193245E+0
360.000000000000060E+0	214.577976885393540E-3	-7.645089877479529E+0
361.000000000000060E+0	106.329845041231540E-3	-6.267684525784223E+0
362.000000000000060E+0	105.735499757520200E-3	-7.318362494990333E+0
363.000000000000060E+0	173.248835820973500E-3	-7.105962298000114E+0
364.000000000000060E+0	179.856747642912930E-3	-6.605042145885442E+0
365.000000000000060E+0	174.051018510843980E-3	-6.606121255701215E+0
366.000000000000060E+0	135.754817860096990E-3	-6.941493866522546E+0
367.000000000000060E+0	242.647607279500830E-3	-7.237966726052973E+0
368.000000000000060E+0	284.151744980661040E-3	-7.256547297078443E+0
369.000000000000060E+0	288.167494607821930E-3	-7.244206529775362E+0
370.000000000000060E+0	288.475677941036010E-3	-7.738653608357074E+0
371.000000000000060E+0	433.552470438161200E-3	-7.648517219789111E+0
372.000000000000060E+0	395.580786742685600E-3	-7.540724966719798E+0
373.000000000000060E+0	343.217903897625130E-3	-7.513813641432117E+0
374.000000000000060E+0	225.782600067868350E-3	-7.663610180435901E+0
375.000000000000060E+0	237.353983615526680E-3	-7.941809360313680E+0
376.000000000000060E+0	239.289575076027330E-3	-8.146735549875538E+0
377.000000000000060E+0	269.158687569613090E-3	-8.247910420085718E+0
378.000000000000060E+0	268.084859821653140E-3	-8.276681427786425E+0
379.000000000000060E+0	365.457416192904780E-3	-8.299596910538373E+0
380.000000000000060E+0	290.436636105497640E-3	-7.476301755489164E+0
381.000000000000060E+0	198.043306438916540E-3	-7.577154039641651E+0
382.000000000000060E+0	172.701297357742530E-3	-7.388923203529099E+0
383.000000000000060E+0	100.125476978951490E-3	-7.207874922408307E+0
384.000000000000060E+0	60.718144242303582E-3	-6.470972382359876E+0
385.000000000000060E+0	110.558181249837670E-3	-9.046514222395459E+0
386.000000000000060E+0	158.461870323002350E-3	-8.481170625737601E+0
387.000000000000060E+0	249.653133786740280E-3	-8.009081017894808E+0
388.000000000000060E+0	253.710906183869660E-3	-7.580342863657259E+0
389.000000000000060E+0	321.678885442344910E-3	-7.313330796000280E+0
390.000000000000060E+0	285.730082785696730E-3	-6.818655541558374E+0
391.000000000000060E+0	255.608964478782170E-3	-6.681208535385213E+0
392.000000000000060E+0	282.966352921204030E-3	-6.440188842513446E+0
393.000000000000060E+0	96.171220047710879E-3	-5.544185843121487E+0
394.000000000000060E+0	107.545029196864620E-3	-7.370750585982153E+0
395.000000000000060E+0	240.915346223431610E-3	-7.804774208470778E+0
396.000000000000060E+0	410.487361326012770E-3	-7.518659607887914E+0
397.000000000000060E+0	516.095416401848750E-3	-7.413879149768452E+0
398.000000000000060E+0	762.789503409935230E-3	-7.325052593539577E+0
399.000000000000060E+0	672.015909482073460E-3	-6.977126482893509E+0
400.000000000000060E+0	606.703695008491530E-3	-7.065344891438491E+0
401.000000000000060E+0	513.502128392547050E-3	-7.195471651486502E+0
402.000000000000060E+0	453.189274089228660E-3	-7.481790451257543E+0
403.000000000000060E+0	310.761278592463890E-3	-8.449925064578874E+0
404.000000000000060E+0	611.580588852464690E-3	-8.580805175312584E+0
405.000000000000060E+0	712.767170496086180E-3	-8.820808931803782E+0
406.000000000000060E+0	703.679759229166480E-3	-8.554050565322683E+0
407.000000000000060E+0	531.748294453688760E-3	-8.637775641126048E+0
408.000000000000060E+0	486.865395371036460E-3	-8.310116522148085E+0
409.000000000000060E+0	270.571203760715140E-3	-8.319050147362708E+0
410.000000000000060E+0	200.569876429501440E-3	-8.237559259020566E+0
411.000000000000060E+0	129.136029279025540E-3	-8.211117808723863E+0
412.000000000000060E+0	110.414236500901920E-3	-8.548410649103623E+0
413.000000000000060E+0	121.315789403434360E-3	-8.639186612578284E+0
414.000000000000060E+0	153.958616441134510E-3	-8.576041006222480E+0
415.000000000000060E+0	152.536922993705410E-3	-8.450417649193954E+0
416.000000000000060E+0	201.940187117114530E-3	-8.472863821104648E+0
417.000000000000060E+0	263.705602528140960E-3	-8.032392576743225E+0
418.000000000000060E+0	201.592009035036740E-3	-7.772199083799489E+0
419.000000000000060E+0	183.626337343444880E-3	-7.815052427167230E+0
420.000000000000060E+0	181.132146349917810E-3	-7.905484366859309E+0
421.000000000000060E+0	219.137157834764530E-3	-7.842474999008710E+0
422.000000000000060E+0	196.849958920539390E-3	-7.733956807277635E+0
423.000000000000060E+0	188.375256110713570E-3	-7.674674365856530E+0
424.000000000000060E+0	184.145691613419760E-3	-7.880698276554331E+0
425.000000000000060E+0	209.263140991113180E-3	-7.813855462264925E+0
426.000000000000060E+0	226.966109959288900E-3	-8.047440472401814E+0
427.000000000000060E+0	316.802226760416810E-3	-7.646152544076661E+0
428.000000000000060E+0	262.640370453551540E-3	-7.630722901457037E+0
429.000000000000060E+0	287.702423726035160E-3	-7.692867410687466E+0
430.000000000000060E+0	258.261553859241710E-3	-7.458363593754566E+0
431.000000000000060E+0	278.359292584626160E-3	-8.044783614454976E+0
432.000000000000060E+0	351.063333119459360E-3	-7.774990120174975E+0
433.000000000000060E+0	381.983805253154950E-3	-7.654189412353391E+0
434.000000000000060E+0	393.602839444403380E-3	-7.631903802584965E+0
435.000000000000060E+0	493.618263790395750E-3	-7.706717651180695E+0
436.000000000000060E+0	597.022142657924530E-3	-7.575378585334510E+0
437.000000000000060E+0	615.860144416202960E-3	-7.640953942166425E+0
438.000000000000060E+0	723.657943163117710E-3	-7.815064381729258E+0
439.000000000000060E+0	841.140787941618840E-3	-7.868081719549918E+0
440.000000000000060E+0	586.682544073055310E-3	-8.179675733623636E+0
441.000000000000060E+0	900.507942580562990E-3	-8.450265660253754E+0
442.000000000000060E+0	975.117639425279400E-3	-8.655800302541726E+0
443.000000000000060E+0	1.072013342878443E+0	-8.734713431114720E+0
444.000000000000060E+0	958.705821444238550E-3	-8.826757593053644E+0
445.000000000000060E+0	901.989302695736520E-3	-8.928755744353715E+0
446.000000000000060E+0	738.739739637220950E-3	-9.044223265662632E+0
447.000000000000060E+0	645.283930761463730E-3	-9.168345454924003E+0
448.000000000000060E+0	590.372050011653830E-3	-9.338303096394053E+0
449.000000000000060E+0	576.002017325463630E-3	-9.467533468276009E+0
450.000000000000060E+0	551.482276302266540E-3	-9.499062918397028E+0
451.000000000000060E+0	500.629808856351780E-3	-9.567018131027778E+0
452.000000000000060E+0	485.934189676431370E-3	-9.590949203931117E+0
453.000000000000060E+0	448.242701142847260E-3	-9.440547789302432E+0
454.000000000000060E+0	368.925395361691610E-3	-9.438744087745281E+0
455.000000000000060E+0	319.879931142201870E-3	-9.475094849448840E+0
456.000000000000060E+0	282.347172392796550E-3	-9.520399748638839E+0
457.000000000000060E+0	252.903422824631020E-3	-9.602103524998904E+0
458.000000000000060E+0	276.851896488092720E-3	-9.618218942743743E+0
459.000000000000060E+0	218.886176467486950E-3	-9.406839924238399E+0
460.000000000000060E+0	235.908801089210200E-3	-9.568457638096266E+0
461.000000000000060E+0	252.287833251901570E-3	-9.552749314829544E+0
462.000000000000060E+0	266.867753543184820E-3	-9.527263756142379E+0
463.000000000000060E+0	274.938075483758760E-3	-9.332013816601709E+0
464.000000000000060E+0	205.563010364404890E-3	-9.286951016660382E+0
465.000000000000060E+0	189.811150782864780E-3	-9.394732704241251E+0
466.000000000000060E+0	192.326306467135060E-3	-9.463608751743111E+0
467.000000000000060E+0	203.641644069970980E-3	-9.407859749419341E+0
468.000000000000060E+0	181.242233169008000E-3	-9.038021079938730E+0
469.000000000000060E+0	129.724466612049640E-3	-9.817718559281994E+0
470.000000000000060E+0	164.724716449657670E-3	-9.663595523369503E+0
471.000000000000060E+0	177.673918940821460E-3	-9.665250908361955E+0
472.000000000000060E+0	281.378646441164950E-3	-9.333399692148458E+0
473.000000000000060E+0	261.608581623849870E-3	-8.978810652224466E+0
474.000000000000060E+0	212.723825480307910E-3	-8.934914146728270E+0
475.000000000000060E+0	242.833824484255580E-3	-9.079050260848785E+0
476.000000000000060E+0	243.132157534729220E-3	-8.957467365415630E+0
477.000000000000060E+0	140.518036553745730E-3	-8.857149903804050E+0
478.000000000000060E+0	172.275456525581710E-3	-10.327581439268030E+0
479.000000000000060E+0	151.382848420590740E-3	-10.103514213056393E+0
480.000000000000060E+0	92.594245169888817E-3	-10.348380842807302E+0
481.000000000000060E+0	77.947490139915185E-3	-10.194864354717589E+0
482.000000000000060E+0	129.332656795400290E-3	-8.973462861471777E+0
483.000000000000060E+0	118.321334696046930E-3	-8.245845490958215E+0
484.000000000000060E+0	169.353100514353040E-3	-8.103505158737342E+0
485.000000000000060E+0	147.641045585372890E-3	-7.566028110684856E+0
486.000000000000060E+0	158.639733298185370E-3	-7.986717946375263E+0
487.000000000000060E+0	85.082783353409144E-3	-8.405063213920133E+0
488.000000000000060E+0	219.934013930179330E-3	-8.708547385745886E+0
489.000000000000060E+0	260.860475554019090E-3	-8.599473831297175E+0
490.000000000000060E+0	269.352141165708770E-3	-8.807170500973756E+0
491.000000000000060E+0	415.082347482165880E-3	-8.600940644891088E+0
492.000000000000060E+0	308.382970918739510E-3	-8.461368970356034E+0
493.000000000000060E+0	285.742123796779320E-3	-8.568631556032679E+0
494.000000000000060E+0	296.139656900688220E-3	-8.660447942357829E+0
495.000000000000060E+0	234.648387898790030E-3	-8.799192928455277E+0
496.000000000000060E+0	326.210593983545400E-3	-9.167956043202979E+0
497.000000000000060E+0	391.263935716924640E-3	-9.096687404560846E+0
498.000000000000060E+0	401.937977822433180E-3	-9.084016074615686E+0
499.000000000000060E+0	410.997827471826890E-3	-9.161878634555467E+0
500.000000000000060E+0	413.870286295423490E-3	-9.112140805616262E+0
501.000000000000060E+0	334.036548132841120E-3	-9.208587244718279E+0
502.000000000000060E+0	334.393578759580310E-3	-9.419871898913094E+0
503.000000000000060E+0	352.550337964895210E-3	-9.507785825540118E+0
504.000000000000060E+0	339.612127671086230E-3	-9.631009326125506E+0
505.000000000000060E+0	377.896457802926580E-3	-9.849806232196240E+0
506.000000000000060E+0	483.054931251659050E-3	-9.539058850659579E+0
507.000000000000060E+0	349.111247082186220E-3	-9.635906905172723E+0
508.000000000000060E+0	365.820793900145210E-3	-9.808024722059136E+0
509.000000000000060E+0	337.567359106369260E-3	-9.734031509915070E+0
510.000000000000060E+0	236.957919184906130E-3	-9.998640092538185E+0
511.000000000000060E+0	286.979940376270890E-3	-10.068171967930081E+0
512.000000000000110E+0	237.820166653963990E-3	-10.140980022124474E+0
513.000000000000110E+0	210.583154129419330E-3	-10.450881833423807E+0
514.000000000000110E+0	253.310481872382200E-3	-10.407285113672186E+0
515.000000000000110E+0	239.042960285788860E-3	-10.003342796030580E+0
516.000000000000110E+0	206.132472421561940E-3	-9.694777731963864E+0
517.000000000000110E+0	189.269910267531650E-3	-9.443772394931015E+0
518.000000000000110E+0	182.968055708635220E-3	-9.530314339242699E+0
519.000000000000110E+0	232.404052431911310E-3	-9.447290233059416E+0
520.000000000000110E+0	183.762436014765970E-3	-9.660150840655350E+0
521.000000000000110E+0	236.233762052662190E-3	-9.759738655169372E+0
522.000000000000110E+0	246.806704593777680E-3	-9.607023178401706E+0
523.000000000000110E+0	207.296808248701610E-3	-9.634118349230267E+0
524.000000000000110E+0	165.079127647519310E-3	-9.530861095566006E+0
525.000000000000110E+0	163.751713333435160E-3	-9.822165497709475E+0
526.000000000000110E+0	183.340967246685440E-3	-9.575302336755342E+0
527.000000000000110E+0	173.103239578801420E-3	-9.396448894141301E+0
528.000000000000110E+0	206.521010341254920E-3	-9.473515310965862E+0
529.000000000000110E+0	249.668747268399550E-3	-9.384545848036113E+0
530.000000000000110E+0	261.645804529990260E-3	-9.397810948008889E+0
531.000000000000110E+0	282.987491008887260E-3	-9.410800325411181E+0
532.000000000000110E+0	266.888687648443200E-3	-9.262799512962845E+0
533.000000000000110E+0	249.652540138654070E-3	-9.551361516790008E+0
534.000000000000110E+0	252.662601443686520E-3	-9.656399800298280E+0
535.000000000000110E+0	274.589245727681400E-3	-9.820297581931586E+0
536.000000000000110E+0	330.343424444800860E-3	-9.941885634266013E+0
537.000000000000110E+0	386.138997141093680E-3	-9.896335904318908E+0
538.000000000000110E+0	427.570294264810860E-3	-9.659851686255648E+0
539.000000000000110E+0	290.502502592129730E-3	-9.654780623141974E+0
540.000000000000110E+0	267.785863167126050E-3	-9.849970955606745E+0
541.000000000000110E+0	294.315343287899710E-3	-9.953027860187209E+0
542.000000000000110E+0	315.360904132214790E-3	-9.606137542494830E+0
543.000000000000110E+0	197.630069602174190E-3	-10.042368318425865E+0
544.000000000000110E+0	248.499648879623920E-3	-10.125903176073106E+0
545.000000000000110E+0	264.826093151012020E-3	-9.951620002600649E+0
546.000000000000110E+0	249.147485895792330E-3	-10.036114546349705E+0
547.000000000000110E+0	329.832426873499120E-3	-9.924815862294770E+0
548.000000000000110E+0	240.397656554975280E-3	-9.614155859610149E+0
549.000000000000110E+0	243.080757897306150E-3	-9.818747958210494E+0
550.000000000000110E+0	261.478336779253310E-3	-9.821464745297918E+0
551.000000000000110E+0	195.885806074738990E-3	-9.866881956982359E+0
552.000000000000110E+0	295.038382273718650E-3	-10.165426309772485E+0
553.000000000000110E+0	305.429894610641790E-3	-9.934883686315256E+0
554.000000000000110E+0	290.433607352194530E-3	-9.961494499129508E+0
555.000000000000110E+0	289.457962916628120E-3	-9.981224106364637E+0
556.000000000000110E+0	323.774874143733740E-3	-10.079846035302113E+0
557.000000000000110E+0	366.675799864314640E-3	-9.852360930056257E+0
558.000000000000110E+0	301.842299577301080E-3	-9.888058416815067E+0
559.000000000000110E+0	300.586782312727060E-3	-10.042568797529819E+0
560.000000000000110E+0	326.110280433918650E-3	-10.144523747861278E+0
561.000000000000110E+0	412.096359159556950E-3	-10.199019909623402E+0
562.000000000000110E+0	381.141574817939920E-3	-10.134903591033058E+0
563.000000000000110E+0	408.614735269113290E-3	-10.188672634725229E+0
564.000000000000110E+0	421.442889785885730E-3	-10.149368762138526E+0
565.000000000000110E+0	434.625789538760240E-3	-10.157310885480831E+0
566.000000000000110E+0	379.164626390164460E-3	-10.031633570312504E+0
567.000000000000110E+0	372.130282895774930E-3	-10.324346233061505E+0
568.000000000000110E+0	398.823423203925280E-3	-10.400322524417954E+0
569.000000000000110E+0	429.520420566274600E-3	-10.444329083885588E+0
570.000000000000110E+0	422.383703385611930E-3	-10.534565489851229E+0
571.000000000000110E+0	476.621113492202260E-3	-10.467851388999771E+0
572.000000000000110E+0	425.304273111741290E-3	-10.525575275473264E+0
573.000000000000110E+0	417.951121451786530E-3	-10.607704208356701E+0
574.000000000000110E+0	433.928967240424850E-3	-10.597338988436254E+0
575.000000000000110E+0	371.196140195799270E-3	-10.668233217247710E+0
576.000000000000110E+0	388.913848396184760E-3	-10.642012060739013E+0
577.000000000000110E+0	351.928807723707270E-3	-10.684652117813792E+0
578.000000000000110E+0	365.760982065175210E-3	-10.737413798578798E+0
579.000000000000110E+0	401.701370518792840E-3	-10.722869345708345E+0
580.000000000000110E+0	443.807600458521800E-3	-10.637693495391328E+0
581.000000000000110E+0	444.250991680777640E-3	-10.647598095449396E+0
582.000000000000110E+0	487.340626061378180E-3	-10.720046620527556E+0
583.000000000000110E+0	592.869432623843510E-3	-10.710234375372798E+0
584.000000000000110E+0	577.034831844811410E-3	-10.679710698180340E+0
585.000000000000110E+0	589.205566431919790E-3	-10.954203499322549E+0
586.000000000000110E+0	681.983670103648690E-3	-11.096506269541514E+0
587.000000000000110E+0	730.331199071119210E-3	-11.194565924585570E+0
588.000000000000110E+0	748.522660599657880E-3	-11.367889517507340E+0
589.000000000000110E+0	794.315934072511000E-3	-11.573622057965698E+0
590.000000000000110E+0	747.547867852980440E-3	-11.638225772740409E+0
591.000000000000110E+0	696.423026620279660E-3	-11.824024998418263E+0
592.000000000000110E+0	658.859452062986680E-3	-12.019686348569795E+0
593.000000000000110E+0	646.082874786916510E-3	-12.057412809572384E+0
594.000000000000110E+0	572.297631979983840E-3	-12.142272249467471E+0
595.000000000000110E+0	503.212114931238300E-3	-12.157707904503937E+0
596.000000000000110E+0	430.976585088529480E-3	-12.229167710490707E+0
597.000000000000110E+0	377.416132614549870E-3	-12.366844784035973E+0
598.000000000000110E+0	398.069475114128210E-3	-12.518301809028200E+0
599.000000000000110E+0	401.016491772217820E-3	-12.378319188079704E+0
600.000000000000110E+0	344.990598712520860E-3	-12.381060406326933E+0
601.000000000000110E+0	305.858778357913470E-3	-12.414590711918580E+0
602.000000000000110E+0	286.299125033328110E-3	-12.660484132664823E+0
603.000000000000110E+0	360.332429385332780E-3	-12.440132087004404E+0
604.000000000000110E+0	299.089222721067750E-3	-12.301546310772036E+0
605.000000000000110E+0	273.435477181116600E-3	-12.317404218356090E+0
606.000000000000110E+0	252.694393975664120E-3	-12.201210885321743E+0
607.000000000000110E+0	207.130612876141930E-3	-12.278461733159046E+0
608.000000000000110E+0	238.199173494497870E-3	-12.849287955095338E+0
609.000000000000110E+0	306.434533841919880E-3	-12.481594862400659E+0
610.000000000000110E+0	327.070137645035400E-3	-12.533196016804192E+0
611.000000000000110E+0	395.719517076297380E-3	-12.403796298806816E+0
612.000000000000110E+0	351.738496502949140E-3	-12.309312285868456E+0
613.000000000000110E+0	373.432486907890830E-3	-12.555548150547276E+0
614.000000000000110E+0	406.410375279689650E-3	-12.552528631728032E+0
615.000000000000110E+0	394.656704008113530E-3	-12.543225370321949E+0
616.000000000000110E+0	318.164000137384050E-3	-12.603938187278910E+0
617.000000000000110E+0	264.035344469589040E-3	-13.050535349289090E+0
618.000000000000110E+0	387.823539272795890E-3	-13.230228267124087E+0
619.000000000000110E+0	437.604305645482080E-3	-13.140246416152777E+0
620.000000000000110E+0	427.852091326852150E-3	-13.119153717992786E+0
621.000000000000110E+0	458.396975093528720E-3	-13.126552203704529E+0
622.000000000000110E+0	357.551199494612170E-3	-13.128244453591741E+0
623.000000000000110E+0	358.942247805859650E-3	-13.320195624911248E+0
624.000000000000110E+0	380.348217993106140E-3	-13.347819752670750E+0
625.000000000000110E+0	333.920388796734020E-3	-13.369224012881132E+0
626.000000000000110E+0	299.384523000837510E-3	-13.522017375041566E+0
627.000000000000110E+0	340.392870647812100E-3	-13.723859151898594E+0
628.000000000000110E+0	339.024198744930780E-3	-13.760313750417598E+0
629.000000000000110E+0	352.991635340507590E-3	-13.831360634547252E+0
630.000000000000110E+0	382.617129464503210E-3	-13.821484075666218E+0
631.000000000000110E+0	384.076064308337020E-3	-13.789927421724588E+0
632.000000000000110E+0	364.701373149789010E-3	-13.762423236118405E+0
633.000000000000110E+0	366.915221436565910E-3	-13.810717328581598E+0
634.000000000000110E+0	378.180783501275600E-3	-13.758193699006728E+0
635.000000000000110E+0	347.364551728579220E-3	-13.883728190946247E+0
636.000000000000110E+0	361.704339562228360E-3	-14.016161440694502E+0
637.000000000000110E+0	428.304279609331540E-3	-14.130516246046977E+0
638.000000000000110E+0	483.483163880622900E-3	-14.156893553084830E+0
639.000000000000110E+0	521.207227803255240E-3	-14.203538816142522E+0
640.000000000000110E+0	593.351605468741220E-3	-14.102632831376496E+0
641.000000000000110E+0	509.176197593685710E-3	-14.296933269306447E+0
642.000000000000110E+0	553.016421484937350E-3	-14.424334225084266E+0
643.000000000000110E+0	618.920305904477770E-3	-14.505199030819639E+0
644.000000000000110E+0	654.892079225238070E-3	-14.554411982804488E+0
645.000000000000110E+0	648.055040159195240E-3	-14.695779852745989E+0
646.000000000000110E+0	785.404446698465100E-3	-14.863046435126270E+0
647.000000000000110E+0	891.725606738879680E-3	-14.891178522981583E+0
648.000000000000110E+0	913.258262509246240E-3	-14.939856330002364E+0
649.000000000000110E+0	911.656827578458010E-3	-15.000994833943466E+0
650.000000000000110E+0	767.494432764599500E-3	-15.249460074085011E+0
651.000000000000110E+0	866.509236430101360E-3	-15.409744157555874E+0
652.000000000000110E+0	898.768000294695060E-3	-15.552046166060459E+0
653.000000000000110E+0	1.015545020586916E+0	-15.685258012876286E+0
654.000000000000110E+0	965.947796816860710E-3	-15.706899750392559E+0
655.000000000000110E+0	1.003556624859043E+0	-15.816438533274088E+0
656.000000000000110E+0	980.078358713725170E-3	-15.884416080519173E+0
657.000000000000110E+0	1.007937016548038E+0	-16.004177786198898E+0
658.000000000000110E+0	1.059292224284214E+0	-16.075038258935972E+0
659.000000000000110E+0	1.007695155663043E+0	-16.178360994611438E+0
660.000000000000110E+0	1.070403196401836E+0	-16.345193944160115E+0
661.000000000000110E+0	1.164487607610391E+0	-16.491016372748309E+0
662.000000000000110E+0	1.294230540767789E+0	-16.617774305413715E+0
663.000000000000110E+0	1.403588120982817E+0	-16.568547233722160E+0
664.000000000000110E+0	1.222175828131622E+0	-16.748608633210324E+0
665.000000000000110E+0	1.245720790401851E+0	-16.961412934493335E+0
666.000000000000110E+0	1.415835433763832E+0	-17.197975180148649E+0
667.000000000000110E+0	1.432081489825520E+0	-17.324093853621576E+0
668.000000000000110E+0	1.588163843595810E+0	-17.558706974087205E+0
669.000000000000110E+0	1.435489092138600E+0	-17.587000750534386E+0
670.000000000000110E+0	1.376864670987912E+0	-17.905414633504950E+0
671.000000000000110E+0	1.433138991126606E+0	-18.109192167044906E+0
672.000000000000110E+0	1.326019316451342E+0	-18.185050990783484E+0
673.000000000000110E+0	978.669456271822220E-3	-18.366839526265537E+0
674.000000000000110E+0	861.441726165960490E-3	-18.677265925030149E+0
675.000000000000110E+0	789.952287404264600E-3	-18.869119983742657E+0
676.000000000000110E+0	799.583143359261060E-3	-19.050857167091340E+0
677.000000000000110E+0	778.229406707332870E-3	-18.992479534466053E+0
678.000000000000110E+0	672.718883624690680E-3	-18.899398430515475E+0
679.000000000000110E+0	505.144775000721080E-3	-19.057257362110139E+0
680.000000000000110E+0	478.527069320416220E-3	-19.241126229378828E+0
681.000000000000110E+0	479.526973200955940E-3	-19.310434036821984E+0
682.000000000000110E+0	382.388585900050810E-3	-19.436868844008615E+0
683.000000000000110E+0	385.914832740876730E-3	-19.662265402330160E+0
684.000000000000110E+0	386.525594633136520E-3	-19.836605791808932E+0
685.000000000000110E+0	392.228086883814500E-3	-19.872146751283026E+0
686.000000000000110E+0	297.210649358091440E-3	-19.924920877185812E+0
687.000000000000110E+0	351.459303399700830E-3	-19.732576635942728E+0
688.000000000000110E+0	115.710551425006270E-3	-19.726962077487368E+0
689.000000000000110E+0	80.381644009748385E-3	-20.034365035703676E+0
690.000000000000110E+0	85.431405678298933E-3	-20.347107819683121E+0
691.000000000000110E+0	138.850103711995490E-3	-20.291872705406572E+0
692.000000000000110E+0	142.828360155424940E-3	-19.296134181120561E+0
693.000000000000110E+0	102.720070994273150E-3	-19.227229853778557E+0
694.000000000000110E+0	91.710949379634851E-3	-19.245223618791833E+0
695.000000000000110E+0	91.852791315658489E-3	-19.280472494478730E+0
696.000000000000110E+0	92.856914612363658E-3	-19.686049234822363E+0
697.000000000000110E+0	152.104569830189940E-3	-19.674728619588038E+0
698.000000000000110E+0	133.607256325944110E-3	-19.593728135571418E+0
699.000000000000110E+0	108.341696051765380E-3	-19.882712173286038E+0
700.000000000000110E+0	175.684314115276050E-3	-21.040766773408663E+0
701.000000000000110E+0	304.442072383364070E-3	-19.814121915364215E+0
702.000000000000110E+0	195.871661584155340E-3	-20.046698950924060E+0
703.000000000000110E+0	189.250832371417240E-3	-20.237465257616009E+0
704.000000000000110E+0	154.733400441805470E-3	-20.240614207966505E+0
705.000000000000110E+0	96.501880182489452E-3	-20.822106960497212E+0
706.000000000000110E+0	123.155133249867810E-3	-21.215013695630038E+0
707.000000000000110E+0	115.897600320702440E-3	-21.537934919981708E+0
708.000000000000110E+0	133.815886357791120E-3	-21.836032053446523E+0
709.000000000000110E+0	130.524462956195330E-3	-22.112706899310922E+0
710.000000000000110E+0	269.767695029739740E-3	-22.197740122541624E+0
711.000000000000110E+0	85.373718827559092E-3	-21.647834327092760E+0
712.000000000000110E+0	73.514200245400174E-3	-22.270933566576286E+0
713.000000000000110E+0	52.344033080997124E-3	-22.092763275591498E+0
714.000000000000110E+0	49.088956412401311E-3	-24.068375790364868E+0
715.000000000000110E+0	100.952746653364160E-3	-24.325850533380077E+0
716.000000000000110E+0	131.904088083511170E-3	-24.122616501492690E+0
717.000000000000110E+0	137.303825793482520E-3	-24.362713328496824E+0
718.000000000000110E+0	177.423022447596560E-3	-24.537062400007933E+0
719.000000000000110E+0	224.165549174473840E-3	-24.280410249487591E+0
720.000000000000110E+0	36.119495516487396E-3	-25.455322210806347E+0
721.000000000000110E+0	100.344018236756230E-3	-25.797064485863586E+0
722.000000000000110E+0	146.300188584368910E-3	-26.109037002233940E+0
723.000000000000110E+0	198.846747348171810E-3	-26.316524697549738E+0
724.000000000000110E+0	272.332310141407070E-3	-26.236642066399945E+0
725.000000000000110E+0	252.716663514994890E-3	-26.193154475595382E+0
726.000000000000110E+0	240.491425017506590E-3	-26.392491068691005E+0
727.000000000000110E+0	223.624301626535240E-3	-26.721014975829494E+0
728.000000000000110E+0	237.287164815420120E-3	-27.057396152236283E+0
729.000000000000110E+0	255.368151512871400E-3	-27.576937721301466E+0
730.000000000000110E+0	285.520928280989460E-3	-27.653805661492957E+0
731.000000000000110E+0	288.257628826169400E-3	-27.887179479202743E+0
732.000000000000110E+0	328.972737497043980E-3	-27.970544293866528E+0
733.000000000000110E+0	258.687542639030540E-3	-27.837096065964829E+0
734.000000000000110E+0	183.667483652699410E-3	-27.969671333458944E+0
735.000000000000110E+0	174.573774892753300E-3	-28.338588918214803E+0
736.000000000000110E+0	192.166448860779080E-3	-28.529245496060554E+0
737.000000000000110E+0	208.948611737009270E-3	-28.556785966345309E+0
738.000000000000110E+0	229.751646811088530E-3	-28.577882615204892E+0
739.000000000000110E+0	203.578200985826490E-3	-28.488339549022690E+0
740.000000000000110E+0	194.940397729327610E-3	-28.591314005354533E+0
741.000000000000110E+0	193.358146420826550E-3	-28.652416565343501E+0
742.000000000000110E+0	184.743204296280910E-3	-28.466142927272156E+0
743.000000000000110E+0	148.458992596437660E-3	-29.116602991592217E+0
744.000000000000110E+0	162.337497606415780E-3	-29.224609240057589E+0
745.000000000000110E+0	213.723276406486720E-3	-29.366818320282242E+0
746.000000000000110E+0	205.519347980263000E-3	-29.149479833527938E+0
747.000000000000110E+0	225.800489105299760E-3	-29.251533571291063E+0
748.000000000000110E+0	181.808595384147260E-3	-28.499729371354288E+0
749.000000000000110E+0	150.253537491912730E-3	-28.805725080849577E+0
750.000000000000110E+0	166.759378447049990E-3	-28.813008122273512E+0
751.000000000000110E+0	188.219229402819180E-3	-28.700633250493908E+0
752.000000000000110E+0	142.961922925242320E-3	-28.475419037221719E+0
753.000000000000110E+0	114.904250901223620E-3	-29.028478386148020E+0
754.000000000000110E+0	140.271532636935340E-3	-29.367896192731102E+0
755.000000000000110E+0	207.605596566815930E-3	-29.536196250451784E+0
756.000000000000110E+0	221.201733770486600E-3	-29.384100308412439E+0
757.000000000000110E+0	227.819657904745480E-3	-29.436424644590463E+0
758.000000000000110E+0	190.526821822636530E-3	-29.696851560287207E+0
759.000000000000110E+0	215.498345241374820E-3	-29.874269942539048E+0
760.000000000000110E+0	277.304664678564070E-3	-30.011141737239420E+0
761.000000000000110E+0	259.883270107473970E-3	-28.947998038101574E+0
762.000000000000110E+0	85.017540611027870E-3	-30.368459223137503E+0
763.000000000000110E+0	103.786505116787460E-3	-30.518483034891709E+0
764.000000000000110E+0	93.511657146048130E-3	-30.482686578487485E+0
765.000000000000110E+0	87.638113333133344E-3	-30.170352427823772E+0
766.000000000000110E+0	63.001692046071631E-3	-28.746108601336278E+0
767.000000000000110E+0	38.495202173966001E-3	-30.106314633757222E+0
768.000000000000110E+0	64.398074521712576E-3	-29.430713270817115E+0
769.000000000000110E+0	99.004213655769224E-3	-29.065604349696120E+0
770.000000000000110E+0	179.081404699705570E-3	-28.782464196813738E+0
771.000000000000110E+0	82.999060910351252E-3	-26.976445278180265E+0
772.000000000000110E+0	65.004973517276271E-3	-28.718772624440074E+0
773.000000000000110E+0	89.246925004519889E-3	-28.669002916057696E+0
774.000000000000110E+0	83.877941447515369E-3	-29.184732743098412E+0
775.000000000000110E+0	132.407878477827230E-3	-29.182812361238618E+0
776.000000000000110E+0	201.047656273276730E-3	-29.234914046085159E+0
777.000000000000110E+0	231.532950524508810E-3	-28.947037556409832E+0
778.000000000000110E+0	241.563928465087840E-3	-28.976935271260494E+0
779.000000000000110E+0	342.711996937023870E-3	-29.031738238077931E+0
780.000000000000110E+0	397.868766288321300E-3	-28.334821372741708E+0
781.000000000000110E+0	207.237485423263510E-3	-28.498556221220539E+0
782.000000000000110E+0	171.487962324898910E-3	-28.765123089594965E+0
783.000000000000110E+0	118.806105132982870E-3	-28.999775484637826E+0
784.000000000000110E+0	315.109600011148130E-3	-30.330815849185651E+0
785.000000000000110E+0	441.940551277721970E-3	-29.799548736697830E+0
786.000000000000110E+0	411.806769880731060E-3	-29.781744141056052E+0
787.000000000000110E+0	462.838660660439050E-3	-29.856486897037918E+0
788.000000000000110E+0	518.349751707237960E-3	-29.903648823977214E+0
789.000000000000110E+0	753.141724805458930E-3	-29.953818621006384E+0
790.000000000000110E+0	275.167009634536550E-3	-29.213896998452341E+0
791.000000000000110E+0	305.105780297691810E-3	-29.762491727593634E+0
792.000000000000110E+0	241.985197206460970E-3	-30.056335697898199E+0
793.000000000000110E+0	340.829296786775200E-3	-30.652948031805941E+0
794.000000000000110E+0	416.284967859770150E-3	-30.534226818242967E+0
795.000000000000110E+0	439.549951319981200E-3	-30.466710205011747E+0
796.000000000000110E+0	401.303800507426530E-3	-30.487168442610972E+0
797.000000000000110E+0	407.868777020427450E-3	-30.429437256681265E+0
798.000000000000110E+0	391.860949932479160E-3	-30.260331695151130E+0
799.000000000000110E+0	285.694116678722850E-3	-30.124328606125765E+0
800.000000000000110E+0	282.102161700134250E-3	-30.315455093596309E+0
801.000000000000110E+0	300.878322134648320E-3	-30.319014839395912E+0
802.000000000000110E+0	226.496280455785900E-3	-30.355358570259547E+0
803.000000000000110E+0	510.169150753213670E-3	-30.833432701386883E+0
804.000000000000110E+0	463.035162743998580E-3	-30.610250287569286E+0
805.000000000000110E+0	434.401927965698540E-3	-30.607988667878143E+0
806.000000000000110E+0	426.537456838255280E-3	-30.671775085909903E+0
807.000000000000110E+0	456.406529815553410E-3	-30.721712142797958E+0
808.000000000000110E+0	587.955007514455620E-3	-30.382833583351086E+0
809.000000000000110E+0	373.613610881063150E-3	-30.832347766584490E+0
810.000000000000110E+0	419.098386273415560E-3	-30.948241201626363E+0
811.000000000000110E+0	411.297518628804200E-3	-31.085572866559538E+0
812.000000000000110E+0	476.631861979789960E-3	-31.338584230980018E+0
813.000000000000110E+0	485.986527427847310E-3	-31.325535773099482E+0
814.000000000000110E+0	482.454435286322040E-3	-31.452299204812679E+0
815.000000000000110E+0	474.862174013083670E-3	-31.554214610145824E+0
816.000000000000110E+0	461.068323196860750E-3	-31.603724249632908E+0
817.000000000000110E+0	433.058090973701510E-3	-31.721695886065206E+0
818.000000000000110E+0	397.994089643363020E-3	-31.827364611076643E+0
819.000000000000110E+0	394.140045728418990E-3	-31.904732857572398E+0
820.000000000000110E+0	358.176378863011290E-3	-31.974951259931863E+0
821.000000000000110E+0	332.860207119862310E-3	-32.049023553443668E+0
822.000000000000110E+0	307.033914093562950E-3	-32.217799964835770E+0
823.000000000000110E+0	279.114107844650960E-3	-32.274408024777756E+0
824.000000000000110E+0	257.206402988265970E-3	-32.410966513596989E+0
825.000000000000110E+0	241.228276846821440E-3	-32.518281089476872E+0
826.000000000000110E+0	262.364754965082160E-3	-32.688452536320582E+0
827.000000000000110E+0	260.865081669542030E-3	-32.420395775099173E+0
828.000000000000110E+0	177.501215319743920E-3	-32.407659727071902E+0
829.000000000000110E+0	132.815865578223750E-3	-32.511623559317108E+0
830.000000000000110E+0	95.124011961874366E-3	-32.595130089356211E+0
831.000000000000110E+0	136.524548964109840E-3	-34.141767256955511E+0
832.000000000000110E+0	133.778286847026500E-3	-33.021033899234396E+0
833.000000000000110E+0	80.380815840029429E-3	-33.115110455207997E+0
834.000000000000110E+0	119.136009861412000E-3	-33.990456033210222E+0
835.000000000000110E+0	177.789145282947620E-3	-32.928790303825842E+0
836.000000000000110E+0	129.729233727384510E-3	-32.385176840321790E+0
837.000000000000110E+0	31.134378088547826E-3	-32.172025686538511E+0
838.000000000000110E+0	32.152765818939506E-3	-32.647405407192963E+0
839.000000000000110E+0	35.328834127057632E-3	-31.942045079250896E+0
840.000000000000110E+0	109.494883295465850E-3	-30.597180300598985E+0
841.000000000000110E+0	112.088806195360890E-3	-28.346961660530226E+0
842.000000000000110E+0	55.871389193885734E-3	-28.140838826012686E+0
843.000000000000110E+0	51.096256016183388E-3	-28.183861063599483E+0
844.000000000000110E+0	57.084299011570083E-3	-27.694188216083027E+0
845.000000000000110E+0	57.261017663091551E-3	-25.783550999526433E+0
846.000000000000110E+0	66.462994708349030E-3	-24.272786285780484E+0
847.000000000000110E+0	78.762762932447564E-3	-24.184636728637738E+0
848.000000000000110E+0	94.678733547121488E-3	-23.939659271139970E+0
849.000000000000110E+0	95.396139354531340E-3	-23.931341876393621E+0
850.000000000000110E+0	77.241513624599994E-3	-23.890036589857463E+0
851.000000000000110E+0	91.059611040865213E-3	-24.414171324428072E+0
852.000000000000110E+0	107.189635038690250E-3	-24.555540474510053E+0
853.000000000000110E+0	109.184762921157740E-3	-24.625382739885243E+0
854.000000000000110E+0	120.214166996989790E-3	-24.922631231180695E+0
855.000000000000110E+0	145.357820957831730E-3	-24.982328051723051E+0
856.000000000000110E+0	112.086627939791840E-3	-24.790462185556471E+0
857.000000000000110E+0	75.622294801068801E-3	-24.938277773261934E+0
858.000000000000110E+0	60.159304683968469E-3	-25.441537229685839E+0
859.000000000000110E+0	85.253988513624521E-3	-25.504650749720444E+0
860.000000000000110E+0	44.074337694900566E-3	-24.947214610249013E+0
861.000000000000110E+0	23.628494720610838E-3	-25.375969163185836E+0
862.000000000000110E+0	21.989589702663272E-3	-25.799215280178696E+0
863.000000000000110E+0	36.430183346870634E-3	-25.091115593306142E+0
864.000000000000110E+0	25.995017400729608E-3	-23.422220645274820E+0
865.000000000000110E+0	34.333881853791375E-3	-22.944988002913472E+0
866.000000000000110E+0	36.648220234229131E-3	-22.875883325518604E+0
867.000000000000110E+0	60.201275236250046E-3	-23.088003581078063E+0
868.000000000000110E+0	72.578377927497745E-3	-23.065737657560074E+0
869.000000000000110E+0	150.520461835090880E-3	-23.119882529093083E+0
870.000000000000110E+0	159.181881337121830E-3	-23.091287793017337E+0
871.000000000000110E+0	194.979103860360330E-3	-23.114753192814742E+0
872.000000000000110E+0	218.338461530694690E-3	-23.103979174635047E+0
873.000000000000110E+0	203.028675525912580E-3	-23.241148835379661E+0
874.000000000000110E+0	290.941809669626020E-3	-23.527716464380568E+0
875.000000000000110E+0	349.673496867246250E-3	-23.546880124703470E+0
876.000000000000110E+0	392.431431222760140E-3	-23.706036561590352E+0
877.000000000000110E+0	492.040959625039240E-3	-23.802990803776137E+0
878.000000000000110E+0	541.879408468663670E-3	-23.815769724135102E+0
879.000000000000110E+0	531.187179163769230E-3	-24.079926313302231E+0
880.000000000000110E+0	603.241437458541310E-3	-24.279683991281075E+0
881.000000000000110E+0	679.486779224066310E-3	-24.406243904644775E+0
882.000000000000110E+0	520.431087412784100E-3	-24.432160836914260E+0
883.000000000000110E+0	589.230146402275780E-3	-24.837776975705179E+0
884.000000000000110E+0	633.144291308590960E-3	-24.969752298747732E+0
885.000000000000110E+0	656.704316342744070E-3	-25.088477826787066E+0
886.000000000000110E+0	663.605488435248800E-3	-25.070717230535138E+0
887.000000000000110E+0	612.392412856705540E-3	-24.989838405990753E+0
888.000000000000110E+0	432.197730740890300E-3	-25.235971726898445E+0
889.000000000000110E+0	449.773988452916330E-3	-25.406526492692713E+0
890.000000000000110E+0	455.652928057112600E-3	-25.486220848899496E+0
891.000000000000110E+0	449.118652433060760E-3	-25.632094135503937E+0
892.000000000000110E+0	526.643106664246520E-3	-25.478914385541366E+0
893.000000000000110E+0	471.948076367297580E-3	-25.533384027056961E+0
894.000000000000110E+0	486.736602400932190E-3	-25.537420962285974E+0
895.000000000000110E+0	401.652245871589370E-3	-25.409867450865100E+0
896.000000000000110E+0	348.988030738909490E-3	-25.575294057023594E+0
897.000000000000110E+0	363.323315736772680E-3	-25.980158328486578E+0
898.000000000000110E+0	421.446548028824920E-3	-25.798882136521851E+0
899.000000000000110E+0	397.123156139313590E-3	-25.820006599176729E+0
900.000000000000110E+0	398.225453781529130E-3	-25.927381545438305E+0
901.000000000000110E+0	517.191852062493850E-3	-25.664177363672618E+0
902.000000000000110E+0	403.120162115097160E-3	-25.709252609559542E+0
903.000000000000110E+0	372.032435268353450E-3	-25.742598030460577E+0
904.000000000000110E+0	338.087352590321300E-3	-25.730736251872933E+0
905.000000000000110E+0	244.004796512676290E-3	-26.092861236659399E+0
906.000000000000110E+0	384.647779503317740E-3	-26.308134299970085E+0
907.000000000000110E+0	454.828612128743480E-3	-26.249535262669905E+0
908.000000000000110E+0	497.061590698498260E-3	-26.130745193208028E+0
909.000000000000110E+0	507.154145821329450E-3	-26.079979000621869E+0
910.000000000000110E+0	585.439538166351970E-3	-25.954357956095013E+0
911.000000000000110E+0	337.073072385436380E-3	-26.028954238077425E+0
912.000000000000110E+0	382.006109749127850E-3	-26.069687428995852E+0
913.000000000000110E+0	314.477595930894030E-3	-25.985087024605669E+0
914.000000000000110E+0	328.808986097179900E-3	-26.839338538559549E+0
915.000000000000110E+0	438.485827515774030E-3	-26.798124297270789E+0
916.000000000000110E+0	603.814949464116620E-3	-26.496308309235907E+0
917.000000000000110E+0	518.466314806797170E-3	-26.504119300662918E+0
918.000000000000110E+0	531.720878546045880E-3	-26.479612297382189E+0
919.000000000000110E+0	537.742433665449050E-3	-26.377948268816780E+0
920.000000000000110E+0	277.843374109915280E-3	-25.706398744711873E+0
921.000000000000110E+0	305.937870741454730E-3	-26.598251756912255E+0
922.000000000000110E+0	348.527222439517390E-3	-26.555078667439513E+0
923.000000000000110E+0	324.228726600459650E-3	-26.463456867410262E+0
924.000000000000110E+0	332.085506809359000E-3	-26.874449468646890E+0
925.000000000000110E+0	429.514777501782800E-3	-26.768921143299032E+0
926.000000000000110E+0	478.214538734893280E-3	-26.672206538680165E+0
927.000000000000110E+0	509.938663605337790E-3	-26.602907041282013E+0
928.000000000000110E+0	532.934847518668820E-3	-26.575130495265650E+0
929.000000000000110E+0	390.613159213862530E-3	-26.356728225581239E+0
930.000000000000110E+0	519.077233399916180E-3	-26.936241748454250E+0
931.000000000000110E+0	564.351324575694480E-3	-26.974903951548143E+0
932.000000000000110E+0	558.061675290114190E-3	-27.024953547110574E+0
933.000000000000110E+0	530.769664252367820E-3	-27.207449098019254E+0
934.000000000000110E+0	586.754253604813810E-3	-27.268604230246193E+0
935.000000000000110E+0	525.786186259537210E-3	-27.280052984770258E+0
936.000000000000110E+0	486.003141651886790E-3	-27.333267064449817E+0
937.000000000000110E+0	441.063118982788830E-3	-27.381053527986296E+0
938.000000000000110E+0	438.692472044252320E-3	-27.424791192696851E+0
939.000000000000110E+0	386.853976291615940E-3	-27.625916273956889E+0
940.000000000000110E+0	442.665765821233460E-3	-27.597041809382624E+0
941.000000000000110E+0	447.067152677601830E-3	-27.620814813330846E+0
942.000000000000110E+0	457.092243821153710E-3	-27.731973357841891E+0
943.000000000000110E+0	459.612198912639440E-3	-27.773882593180417E+0
944.000000000000110E+0	492.736154549498930E-3	-27.938093116096464E+0
945.000000000000110E+0	522.823334152789700E-3	-27.966853762191953E+0
946.000000000000110E+0	469.694140314447670E-3	-28.010222170087360E+0
947.000000000000110E+0	429.137839225657510E-3	-28.030879499469137E+0
948.000000000000110E+0	299.946637976900630E-3	-28.414859761499830E+0
949.000000000000110E+0	330.261127095723750E-3	-28.537228604262530E+0
950.000000000000110E+0	339.448987314571400E-3	-28.578090618891025E+0
951.000000000000110E+0	323.201233967211570E-3	-28.610625252494060E+0
952.000000000000110E+0	340.249175130688090E-3	-28.300675794511676E+0
953.000000000000110E+0	228.155324378228660E-3	-28.406396623594787E+0
954.000000000000110E+0	188.521940249491900E-3	-28.422787699011391E+0
955.000000000000110E+0	136.685613713780460E-3	-28.448593603212053E+0
956.000000000000110E+0	136.331284602470180E-3	-28.820287849712461E+0
957.000000000000110E+0	129.236895480412280E-3	-28.851245581625104E+0
958.000000000000110E+0	168.082539729024570E-3	-28.787352790326118E+0
959.000000000000110E+0	141.618688454664160E-3	-28.737520069522301E+0
960.000000000000110E+0	145.345843823832090E-3	-28.851801757081141E+0
961.000000000000110E+0	245.604386247808250E-3	-28.667794887911334E+0
962.000000000000110E+0	124.425207493961450E-3	-28.121723044377124E+0
963.000000000000110E+0	92.693727788802513E-3	-28.322565167508444E+0
964.000000000000110E+0	83.723761793163223E-3	-28.369092062258218E+0
965.000000000000110E+0	45.476370724372273E-3	-28.572920830672601E+0
966.000000000000110E+0	81.178719520381290E-3	-29.578000595426051E+0
967.000000000000110E+0	136.436287264622700E-3	-29.070350789594322E+0
968.000000000000110E+0	127.317406387095540E-3	-28.821097013181461E+0
969.000000000000110E+0	128.173205922290870E-3	-28.812141360871490E+0
970.000000000000110E+0	166.650618510370140E-3	-28.731876957509193E+0
971.000000000000110E+0	127.732907452278690E-3	-26.968288832891869E+0
972.000000000000110E+0	77.000375183846975E-3	-27.612452840719811E+0
973.000000000000110E+0	81.521375431526932E-3	-27.382265717394780E+0
974.000000000000110E+0	62.024947169383282E-3	-26.403634216899075E+0
975.000000000000110E+0	63.449600090706784E-3	-25.157240751779575E+0
976.000000000000110E+0	201.383844558936650E-3	-23.212119863347940E+0
977.000000000000110E+0	138.134648636965480E-3	-22.439845756863839E+0
978.000000000000110E+0	141.784500341933850E-3	-22.344492116869276E+0
979.000000000000110E+0	194.351695507510110E-3	-22.352753247274350E+0
980.000000000000110E+0	360.057158339230300E-3	-21.587873178655858E+0
981.000000000000110E+0	111.326740251660710E-3	-20.956050195650786E+0
982.000000000000110E+0	85.001118286526234E-3	-21.412099068104119E+0
983.000000000000110E+0	86.997384342832856E-3	-21.268175201829095E+0
984.000000000000110E+0	142.526809804580660E-3	-24.099143078667453E+0
985.000000000000110E+0	94.578347138813815E-3	-22.464927910524715E+0
986.000000000000110E+0	110.775868599968260E-3	-21.959261895737804E+0
987.000000000000110E+0	96.903928092209365E-3	-21.681573826089519E+0
988.000000000000110E+0	88.512088963604199E-3	-21.640802946320054E+0
989.000000000000110E+0	114.002239106002530E-3	-21.893764507207951E+0
990.000000000000110E+0	67.608247208417974E-3	-20.729085928536232E+0
991.000000000000110E+0	95.645241329056344E-3	-21.100475727723648E+0
992.000000000000110E+0	105.257414186419040E-3	-20.913392060935198E+0
993.000000000000110E+0	89.159877300344137E-3	-20.540852593864589E+0
994.000000000000110E+0	147.676069901366780E-3	-22.077968232463458E+0
995.000000000000110E+0	155.329728074553360E-3	-21.480895106326059E+0
996.000000000000110E+0	144.998170299493000E-3	-21.389564579369306E+0
997.000000000000110E+0	125.061930796188050E-3	-21.464998084697285E+0
998.000000000000110E+0	156.268919997534920E-3	-21.685988487658179E+0
999.000000000000110E+0	232.055839588070720E-3	-22.476997533696789E+0
1.000000000000000E+3	113.410983561300330E-3	-21.672221258813014E+0
