Freq (Hz)	accelerometre /source
source
source_Real	accelerometre /source
source
source_Imag
10.000000000000018E+0	-11.212694913362990E-3	-39.583342366955827E-3
11.000000000000020E+0	-66.211900512052044E-3	10.095252554508227E-3
12.000000000000021E+0	-1.181565052172266E-3	-27.210362871872947E-3
13.000000000000023E+0	9.765089016812922E-3	-15.534599963551112E-3
14.000000000000025E+0	-15.409745504385289E-3	45.076041045481068E-3
15.000000000000027E+0	-31.518003882086282E-3	6.641895284566724E-3
16.000000000000028E+0	-37.076410428719134E-3	-14.881802458103601E-3
17.000000000000028E+0	-29.179649294849754E-3	14.975880178040649E-3
18.000000000000028E+0	-13.227872248886158E-3	17.729914328471621E-3
19.000000000000028E+0	-81.059964374810958E-3	27.593806640040366E-3
20.000000000000028E+0	-53.897183419110276E-3	38.134548617816781E-3
21.000000000000028E+0	-47.106728385139754E-3	42.953667090786504E-3
22.000000000000028E+0	-76.885942859245132E-3	71.418912697809173E-3
23.000000000000028E+0	-87.854424831678754E-3	89.976489875547544E-3
24.000000000000028E+0	-69.049498240230808E-3	142.023390829221190E-3
25.000000000000028E+0	-60.104384495532293E-3	195.729277899622520E-3
26.000000000000028E+0	11.099219262318072E-3	254.476767371220880E-3
27.000000000000028E+0	92.934483338728793E-3	244.654004144389430E-3
28.000000000000028E+0	189.650336850645830E-3	243.784549964106030E-3
29.000000000000028E+0	243.735427570676980E-3	86.139114308572948E-3
30.000000000000028E+0	177.888521964102320E-3	23.514941886181175E-3
31.000000000000028E+0	173.307973179773310E-3	-17.067543952475808E-3
32.000000000000028E+0	134.123631867282240E-3	12.854498643691837E-3
33.000000000000028E+0	144.089402003360260E-3	15.233801532207703E-3
34.000000000000028E+0	135.508175394990190E-3	2.913496068855499E-3
35.000000000000028E+0	79.885521681958560E-3	-8.743747342057052E-3
36.000000000000028E+0	43.729648962350709E-3	46.777384775509176E-3
37.000000000000028E+0	149.826869351261160E-3	102.230644943525350E-3
38.000000000000028E+0	207.205683156839540E-3	-33.152860091737145E-3
39.000000000000028E+0	141.198637502908540E-3	-96.519143302128796E-3
40.000000000000028E+0	202.846228190228520E-3	-38.377957308767807E-3
41.000000000000028E+0	185.457801126569150E-3	-46.836145083858076E-3
42.000000000000028E+0	182.230100127110550E-3	-25.166236578163772E-3
43.000000000000028E+0	221.521309182610260E-3	-36.104538578529743E-3
44.000000000000028E+0	228.331965621074080E-3	-72.827763767677800E-3
45.000000000000028E+0	205.975471810819270E-3	-88.072396518518517E-3
46.000000000000028E+0	187.228146608400870E-3	-112.835385442686220E-3
47.000000000000028E+0	161.835355543244440E-3	-122.851862973785960E-3
48.000000000000028E+0	144.222003507771590E-3	-128.184906224600630E-3
49.000000000000028E+0	150.806325694558350E-3	-166.194837219322910E-3
50.000000000000028E+0	149.686754112234140E-3	-167.127392628979880E-3
51.000000000000028E+0	131.018135314170450E-3	-188.197495174420690E-3
52.000000000000028E+0	78.588207702436325E-3	-176.471958810072660E-3
53.000000000000028E+0	36.076060334419908E-3	-181.289791067215570E-3
54.000000000000028E+0	36.087774436051108E-3	-189.822112020417430E-3
55.000000000000028E+0	24.296209861605994E-3	-176.432745414463910E-3
56.000000000000028E+0	6.936327111540604E-3	-175.799712462254180E-3
57.000000000000028E+0	25.539064825212780E-3	-165.092894075197420E-3
58.000000000000028E+0	70.603044452780511E-3	-126.763407127162690E-3
59.000000000000028E+0	22.473781506626815E-3	-133.512047425615090E-3
60.000000000000028E+0	14.752310322024523E-3	-153.247294182020460E-3
61.000000000000028E+0	3.534156187249278E-3	-160.303570508283730E-3
62.000000000000028E+0	5.166857490990060E-3	-145.782771304301200E-3
63.000000000000028E+0	-561.395048390419830E-6	-156.019002886255140E-3
64.000000000000028E+0	-25.310215470431597E-3	-169.484878414585540E-3
65.000000000000028E+0	-50.020381808037161E-3	-170.826668758353730E-3
66.000000000000028E+0	-62.067611962591675E-3	-153.758666246887440E-3
67.000000000000028E+0	-48.898055897097177E-3	-78.901575583248007E-3
68.000000000000028E+0	-128.446437063857280E-3	-34.413914787524841E-3
69.000000000000028E+0	-78.783937471105223E-3	-55.281709142497637E-3
70.000000000000028E+0	-24.346056298523142E-3	-81.263140011007054E-3
71.000000000000028E+0	82.522556807591810E-3	-156.120092477419700E-3
72.000000000000028E+0	147.994675589708080E-3	-14.379605735405856E-3
73.000000000000028E+0	71.668433984556107E-3	-66.484265343307078E-3
74.000000000000028E+0	49.138823273529919E-3	-154.263302886988860E-3
75.000000000000028E+0	29.157564073217623E-3	-155.500962932640930E-3
76.000000000000028E+0	-17.865541882095586E-3	-128.430972330591340E-3
77.000000000000028E+0	-30.744876550006663E-3	-229.724439818415590E-3
78.000000000000028E+0	-29.640062261863154E-3	-182.368690413798110E-3
79.000000000000028E+0	-75.660871059751472E-3	-161.908164661822420E-3
80.000000000000028E+0	-131.415255925159790E-3	-149.682014615742540E-3
81.000000000000028E+0	-176.824232810750440E-3	-144.434248354091740E-3
82.000000000000028E+0	-196.815866201498740E-3	-140.424483152148620E-3
83.000000000000028E+0	-204.777933249440990E-3	-119.924284171176550E-3
84.000000000000028E+0	-214.805477329657410E-3	-72.516571941747474E-3
85.000000000000028E+0	-255.761420097651790E-3	-49.773913544762190E-3
86.000000000000028E+0	-215.102023863264240E-3	-56.851846264653332E-3
87.000000000000028E+0	-114.222432181215830E-3	60.305626230492390E-3
88.000000000000028E+0	-137.212648581754720E-3	131.677253345684360E-3
89.000000000000028E+0	-104.695480864803310E-3	173.739901220136740E-3
90.000000000000028E+0	-40.625978418801355E-3	226.629827721935660E-3
91.000000000000028E+0	21.441824900831876E-3	181.187089020391300E-3
92.000000000000028E+0	54.776266963255070E-3	170.349854134937530E-3
93.000000000000028E+0	114.857602219420030E-3	163.443064393048760E-3
94.000000000000028E+0	163.021013771966180E-3	114.826067081395260E-3
95.000000000000028E+0	138.957206441580720E-3	66.696676446999475E-3
96.000000000000028E+0	211.956392359993080E-3	-111.226177610269750E-3
97.000000000000028E+0	220.808884445810430E-3	-146.899427544598590E-3
98.000000000000028E+0	151.059233687595880E-3	-181.378088855751210E-3
99.000000000000028E+0	88.325400263351964E-3	-163.764484827266490E-3
100.000000000000030E+0	-216.770840616244240E-3	-468.328943202285130E-3
101.000000000000030E+0	31.380884886558845E-3	-342.140393829448440E-3
102.000000000000030E+0	-11.270156365348082E-3	-225.439480212770740E-3
103.000000000000030E+0	-220.793519499461630E-3	-99.556376704454039E-3
104.000000000000030E+0	-132.939937018571510E-3	-287.986145067121280E-3
105.000000000000030E+0	-68.191286014482266E-3	-138.407616027491960E-3
106.000000000000030E+0	-149.800298467825500E-3	-154.615730850111770E-3
107.000000000000030E+0	-100.707040059248200E-3	-125.784669658065370E-3
108.000000000000030E+0	-69.450587221816004E-3	-118.920239854746080E-3
109.000000000000030E+0	69.468288445535209E-3	-44.751252073913825E-3
110.000000000000030E+0	-60.641442809400106E-3	-111.151473961247480E-3
111.000000000000030E+0	-37.090880657342958E-3	-145.623063792328510E-3
112.000000000000030E+0	-26.018444573386135E-3	-162.982430774487990E-3
113.000000000000030E+0	-31.732067077076917E-3	-192.638827431811460E-3
114.000000000000030E+0	29.914927905753487E-3	-171.764495356913180E-3
115.000000000000030E+0	6.943860422346807E-3	-151.743232751430310E-3
116.000000000000030E+0	-19.101550573583644E-3	-143.090004637948240E-3
117.000000000000030E+0	-62.107328141932920E-3	-171.800876074213210E-3
118.000000000000030E+0	-83.710776838931078E-3	-221.134722703236220E-3
119.000000000000030E+0	11.934199053162051E-3	-221.796938580083590E-3
120.000000000000030E+0	-90.647521508000817E-3	-224.295388032579370E-3
121.000000000000030E+0	-124.696964073061180E-3	-240.016843523619600E-3
122.000000000000030E+0	-177.793937900522030E-3	-298.588264499972610E-3
123.000000000000030E+0	-183.260394395043570E-3	-286.943775040199300E-3
124.000000000000030E+0	-214.270105914397190E-3	-330.254528541941210E-3
125.000000000000030E+0	-204.856989860942450E-3	-256.725872364570840E-3
126.000000000000030E+0	-260.593934592188380E-3	-201.524666567159670E-3
127.000000000000030E+0	-294.004813961560920E-3	-149.505189258300780E-3
128.000000000000030E+0	-360.349497260257060E-3	4.807773571063633E-3
129.000000000000030E+0	-374.827865679259190E-3	-90.941578637349724E-3
130.000000000000030E+0	-309.846647355501050E-3	-36.102687139442272E-3
131.000000000000030E+0	-259.973739256554200E-3	-18.865805620968838E-3
132.000000000000030E+0	-150.689822683796690E-3	-21.543706783476991E-3
133.000000000000030E+0	-177.367092805987810E-3	22.954134180470848E-3
134.000000000000030E+0	-145.544124902148080E-3	-12.084818612408590E-3
135.000000000000030E+0	-137.381310901858260E-3	1.251616083944124E-3
136.000000000000030E+0	-150.974914804140210E-3	-21.733845916966758E-3
137.000000000000030E+0	-196.433190729416280E-3	-34.301990181099522E-3
138.000000000000030E+0	-147.433193424138580E-3	-83.355749942039453E-3
139.000000000000030E+0	-176.358212638693220E-3	-59.890001095900723E-3
140.000000000000030E+0	-195.438805032233630E-3	-49.714363197458859E-3
141.000000000000030E+0	-223.630369373642330E-3	-34.536666925731700E-3
142.000000000000030E+0	-264.996531290668080E-3	-34.070600937438092E-3
143.000000000000030E+0	-267.917441693352580E-3	-54.188338315856108E-3
144.000000000000030E+0	-281.918418646417700E-3	-37.305640771897221E-3
145.000000000000030E+0	-294.438212946729280E-3	-48.431293099340786E-3
146.000000000000030E+0	-261.691124224712750E-3	-59.014943482622421E-3
147.000000000000030E+0	-184.371179922938780E-3	-95.409517445424877E-3
148.000000000000030E+0	-144.120139806137830E-3	24.350098006679630E-3
149.000000000000030E+0	-131.332087844525410E-3	20.995485882005335E-3
150.000000000000030E+0	-57.260201758821967E-3	29.518862243745073E-3
151.000000000000030E+0	-53.102866642119530E-3	217.231174536838910E-3
152.000000000000030E+0	-181.619441973890900E-3	121.195537264079380E-3
153.000000000000030E+0	-197.514635998643910E-3	91.438228820421685E-3
154.000000000000030E+0	-263.291294343526330E-3	35.761446201468691E-3
155.000000000000030E+0	-276.365560626065040E-3	18.559313149253184E-3
156.000000000000030E+0	-391.611480249683170E-3	-154.724490969225640E-3
157.000000000000030E+0	-216.680888000024550E-3	-158.913676515152700E-3
158.000000000000030E+0	-187.914706661019530E-3	-130.068398286181970E-3
159.000000000000030E+0	-181.361946259216780E-3	-116.661917585128840E-3
160.000000000000030E+0	-153.332348358182910E-3	-159.445856159635140E-3
161.000000000000030E+0	-51.067607255778739E-3	35.844128917924947E-3
162.000000000000030E+0	-135.630724266641080E-3	40.784383499502475E-3
163.000000000000030E+0	-156.618303379008260E-3	87.269950110297395E-3
164.000000000000030E+0	-298.422002627637570E-3	69.490745745735855E-3
165.000000000000030E+0	-271.819084871164300E-3	52.077983756539090E-3
166.000000000000030E+0	-455.321298523400590E-3	55.789468142743721E-3
167.000000000000030E+0	-368.004500014726120E-3	-51.353291466941141E-3
168.000000000000030E+0	-362.691266646507910E-3	-12.680338021887640E-3
169.000000000000030E+0	-493.814245410144240E-3	-26.596145343005789E-3
170.000000000000030E+0	-249.592598383876040E-3	-147.649108122728080E-3
171.000000000000030E+0	-270.512595310972550E-3	10.014848809777330E-3
172.000000000000030E+0	-299.150164784175170E-3	87.703781402803174E-3
173.000000000000030E+0	-294.558161158535390E-3	181.159120815412690E-3
174.000000000000030E+0	-367.379582214257820E-3	283.625447724481840E-3
175.000000000000030E+0	-479.095042487329200E-3	312.740293661639250E-3
176.000000000000030E+0	-472.252241022110270E-3	229.135405052802610E-3
177.000000000000030E+0	-427.541039554539930E-3	237.905907753144570E-3
178.000000000000030E+0	-403.341435186373000E-3	217.761547041888630E-3
179.000000000000030E+0	-222.309071011913300E-3	128.065831843731710E-3
180.000000000000030E+0	-322.235459579758850E-3	352.804689999654970E-3
181.000000000000030E+0	-264.371483691024310E-3	297.219087528890650E-3
182.000000000000030E+0	-215.918542488307390E-3	299.034210406476870E-3
183.000000000000030E+0	-251.637521509184890E-3	293.872851092110200E-3
184.000000000000030E+0	-190.605472054958760E-3	356.662543906215600E-3
185.000000000000030E+0	-374.971202565608340E-3	403.251898175437500E-3
186.000000000000030E+0	-397.237720001655910E-3	334.393087845189670E-3
187.000000000000030E+0	-376.489510025479760E-3	352.455600262516490E-3
188.000000000000030E+0	-370.086787443826780E-3	358.510551362332230E-3
189.000000000000030E+0	-215.598328333302720E-3	377.595434857761040E-3
190.000000000000030E+0	-195.080732994228290E-3	473.741117466401350E-3
191.000000000000030E+0	-137.083431262753300E-3	461.763194889550250E-3
192.000000000000030E+0	49.867340142487386E-3	453.386272655925020E-3
193.000000000000030E+0	50.856051391110123E-3	560.306366907747270E-3
194.000000000000030E+0	4.884696490283673E-3	426.376376694158790E-3
195.000000000000030E+0	36.234732209158037E-3	308.671441774222400E-3
196.000000000000030E+0	74.904930040831721E-3	265.477631698724240E-3
197.000000000000030E+0	97.854209706734599E-3	275.935149904116270E-3
198.000000000000030E+0	49.576023504756157E-3	262.849403470746920E-3
199.000000000000030E+0	21.328903319117829E-3	298.352038004161600E-3
200.000000000000030E+0	-37.259371266338444E-3	340.116806568568350E-3
201.000000000000030E+0	-174.125194398937140E-3	315.394683470762440E-3
202.000000000000030E+0	-97.074653632348587E-3	250.542264420430700E-3
203.000000000000030E+0	-81.605585463877528E-3	306.320992077341150E-3
204.000000000000030E+0	-25.316790641251346E-3	301.022253225484090E-3
205.000000000000030E+0	84.834983045351489E-3	319.905932954222700E-3
206.000000000000030E+0	127.779794148727030E-3	371.946924567824020E-3
207.000000000000030E+0	171.569906636070880E-3	163.844270332501350E-3
208.000000000000030E+0	493.745103771332130E-3	281.273020017975110E-3
209.000000000000030E+0	290.286710895339420E-3	221.806076982827450E-3
210.000000000000030E+0	153.450665547926750E-3	79.196748706170092E-3
211.000000000000030E+0	126.442643803214570E-3	-138.064724079823400E-3
212.000000000000030E+0	214.981577188478800E-3	5.118370340252704E-3
213.000000000000030E+0	85.011552006788463E-3	52.816252274607990E-3
214.000000000000030E+0	-29.447609577605158E-3	62.322042014161562E-3
215.000000000000030E+0	-144.144370608600160E-3	32.412879678776416E-3
216.000000000000030E+0	-155.739591456667990E-3	-29.985403895329915E-3
217.000000000000030E+0	-50.633342111398985E-3	-72.427905013371457E-3
218.000000000000030E+0	-26.445529921810023E-3	75.021116656498243E-3
219.000000000000030E+0	-35.778834345430027E-3	214.709846080343960E-3
220.000000000000030E+0	-113.219124218271790E-3	305.681714312203260E-3
221.000000000000030E+0	-159.845356705787390E-3	319.435383496323830E-3
222.000000000000030E+0	-96.384327720757196E-3	239.239828783859630E-3
223.000000000000030E+0	-43.184883478304618E-3	249.783025303909670E-3
224.000000000000030E+0	-16.617648290262060E-3	223.450456929943610E-3
225.000000000000030E+0	50.353007828812135E-3	272.003094840684190E-3
226.000000000000030E+0	-6.575604754736079E-3	309.570934875568690E-3
227.000000000000030E+0	13.345312573982653E-3	155.114643666160980E-3
228.000000000000030E+0	41.570899087519264E-3	179.569932935412570E-3
229.000000000000030E+0	49.887702304401753E-3	200.229928442085430E-3
230.000000000000030E+0	42.664125009878685E-3	258.332661959250750E-3
231.000000000000030E+0	19.110993455324594E-3	324.098517257210670E-3
232.000000000000030E+0	-1.587750473521235E-3	383.493961477631370E-3
233.000000000000030E+0	-71.663380083450953E-3	398.419926337752690E-3
234.000000000000030E+0	-55.340294676833053E-3	272.653620984608820E-3
235.000000000000030E+0	3.726181634818831E-3	207.893285266814860E-3
236.000000000000030E+0	120.568923210676570E-3	234.381322698475890E-3
237.000000000000030E+0	92.503432115185052E-3	280.729290482804210E-3
238.000000000000030E+0	71.886213628435683E-3	235.808668176181870E-3
239.000000000000030E+0	95.600626712954176E-3	204.421502536489390E-3
240.000000000000030E+0	84.196365846937085E-3	188.845399116488260E-3
241.000000000000030E+0	97.198245527848212E-3	164.217323336265400E-3
242.000000000000030E+0	108.742499552093200E-3	158.142706803570680E-3
243.000000000000030E+0	100.353829494527920E-3	168.995094058135930E-3
244.000000000000030E+0	109.696931726036410E-3	146.354495579759210E-3
245.000000000000030E+0	126.878783326826230E-3	197.058813240813090E-3
246.000000000000030E+0	65.693428053882397E-3	144.884157277573120E-3
247.000000000000030E+0	90.790639077315341E-3	123.866662534617190E-3
248.000000000000030E+0	106.926778262532480E-3	148.189707488006110E-3
249.000000000000030E+0	34.904189637016018E-3	231.091098048776280E-3
250.000000000000030E+0	-54.417941364773528E-3	98.693260194299151E-3
251.000000000000030E+0	-45.249119962000935E-3	74.884686810528872E-3
252.000000000000030E+0	-63.666312463562608E-3	39.908298445311172E-3
253.000000000000030E+0	-26.940673744227588E-3	18.533642574791075E-3
254.000000000000030E+0	-2.389951190379758E-3	24.313560416124404E-3
255.000000000000030E+0	61.593672714068258E-3	113.806832027631730E-3
256.000000000000060E+0	-29.108773784452622E-3	282.624269434897710E-3
257.000000000000060E+0	-97.221143477414659E-3	298.242106063654810E-3
258.000000000000060E+0	-33.476664581367471E-3	394.821988054724630E-3
259.000000000000060E+0	-266.621020468355730E-3	479.239968083171600E-3
260.000000000000060E+0	-196.860509903291150E-3	503.962474073300410E-3
261.000000000000060E+0	-317.790159260856740E-3	571.819054939752380E-3
262.000000000000060E+0	-219.767616173133760E-3	319.407117057636690E-3
263.000000000000060E+0	34.786631836032082E-3	270.522904982289310E-3
264.000000000000060E+0	279.819860725209810E-3	389.087700282409020E-3
265.000000000000060E+0	332.018820084689860E-3	469.442646791135340E-3
266.000000000000060E+0	310.392942895177050E-3	485.385006296401470E-3
267.000000000000060E+0	308.642702798760660E-3	353.372039349696130E-3
268.000000000000060E+0	574.192202869598160E-3	381.030126047408050E-3
269.000000000000060E+0	370.035239445983040E-3	438.189944844438020E-3
270.000000000000060E+0	355.112348788479470E-3	372.274356175997080E-3
271.000000000000060E+0	220.308877299300130E-3	404.726788886242580E-3
272.000000000000060E+0	255.769277416267480E-3	117.721283068730980E-3
273.000000000000060E+0	310.314911005213080E-3	113.316605083083970E-3
274.000000000000060E+0	334.659897308736350E-3	132.949926436328830E-3
275.000000000000060E+0	311.212443716697040E-3	170.442665538966590E-3
276.000000000000060E+0	256.865392771524480E-3	157.443419271729640E-3
277.000000000000060E+0	196.624936781637060E-3	141.083077798657310E-3
278.000000000000060E+0	254.240833061352870E-3	128.163360507777910E-3
279.000000000000060E+0	227.456347229449490E-3	189.868090875384030E-3
280.000000000000060E+0	135.317951250850300E-3	218.864980463350980E-3
281.000000000000060E+0	72.567781012302587E-3	196.525869358924690E-3
282.000000000000060E+0	126.247662311565450E-3	134.800557723680300E-3
283.000000000000060E+0	185.185620782980950E-3	223.628311040056570E-3
284.000000000000060E+0	169.356914570134880E-3	355.914259245508570E-3
285.000000000000060E+0	124.971835505813640E-3	318.153479511878780E-3
286.000000000000060E+0	196.976094177758190E-3	324.575132810234260E-3
287.000000000000060E+0	247.581939670993680E-3	368.369899372459790E-3
288.000000000000060E+0	294.592674533359020E-3	344.549913107375980E-3
289.000000000000060E+0	355.217265428489030E-3	330.444405273223500E-3
290.000000000000060E+0	375.585368153288410E-3	280.180974870268940E-3
291.000000000000060E+0	404.065381206931640E-3	262.853470848844140E-3
292.000000000000060E+0	402.775317205324830E-3	208.001057757038310E-3
293.000000000000060E+0	451.314694420514860E-3	190.249285523725800E-3
294.000000000000060E+0	441.249607446446650E-3	242.592653879452280E-3
295.000000000000060E+0	364.202793254432720E-3	271.602653568283170E-3
296.000000000000060E+0	280.063472719926820E-3	231.037405838695920E-3
297.000000000000060E+0	348.204276665663780E-3	126.897920041801950E-3
298.000000000000060E+0	450.564023667890220E-3	179.512523712145520E-3
299.000000000000060E+0	519.812242523141290E-3	234.699725054966360E-3
300.000000000000060E+0	516.918013811630720E-3	380.923064146175330E-3
301.000000000000060E+0	471.254666942711790E-3	139.141741078477150E-3
302.000000000000060E+0	574.645944051068060E-3	89.149381258648616E-3
303.000000000000060E+0	620.116557931480460E-3	88.982005575953468E-3
304.000000000000060E+0	523.239688939235560E-3	60.136813039599182E-3
305.000000000000060E+0	512.045824458503550E-3	3.509772852582506E-3
306.000000000000060E+0	524.383632560632920E-3	47.687171806842260E-3
307.000000000000060E+0	459.878237391209140E-3	46.546549566602556E-3
308.000000000000060E+0	449.946209217631570E-3	27.240392888256231E-3
309.000000000000060E+0	470.177045921419350E-3	10.408175149792462E-3
310.000000000000060E+0	538.882961084269140E-3	46.013466470996613E-3
311.000000000000060E+0	499.210728126684540E-3	59.285838363789922E-3
312.000000000000060E+0	494.969692543695830E-3	5.686113148117148E-3
313.000000000000060E+0	569.805344185480120E-3	8.190491708647246E-3
314.000000000000060E+0	538.423416606722100E-3	33.068340753993182E-3
315.000000000000060E+0	545.876724485152680E-3	-3.117165636624995E-3
316.000000000000060E+0	556.587889807488740E-3	-5.432503022756009E-3
317.000000000000060E+0	542.391150968726370E-3	-34.855482311276192E-3
318.000000000000060E+0	563.296482533121700E-3	-50.998298147241938E-3
319.000000000000060E+0	585.888158299938450E-3	-27.493290988930493E-3
320.000000000000060E+0	558.605521998063680E-3	-66.658698070324374E-3
321.000000000000060E+0	576.156356534069820E-3	-97.586306345003412E-3
322.000000000000060E+0	599.716798117277290E-3	-121.757380257805070E-3
323.000000000000060E+0	627.780558589165930E-3	-132.226161521677650E-3
324.000000000000060E+0	627.960119532764200E-3	-141.758781212362180E-3
325.000000000000060E+0	619.744748700711500E-3	-197.673718256658300E-3
326.000000000000060E+0	646.306894238336540E-3	-216.331126587989250E-3
327.000000000000060E+0	623.383474454990200E-3	-229.545560201557670E-3
328.000000000000060E+0	633.173693497931730E-3	-291.991147183247980E-3
329.000000000000060E+0	634.503974411042230E-3	-294.544042327607560E-3
330.000000000000060E+0	616.636146964924190E-3	-353.934933449537580E-3
331.000000000000060E+0	629.304438698763180E-3	-401.816266419096730E-3
332.000000000000060E+0	691.180863484155420E-3	-449.506003546401240E-3
333.000000000000060E+0	704.814958649779940E-3	-436.565884093365440E-3
334.000000000000060E+0	665.377557643679560E-3	-477.279924696173530E-3
335.000000000000060E+0	566.709130071860970E-3	-541.958957454628520E-3
336.000000000000060E+0	518.374632142751370E-3	-683.581311209992210E-3
337.000000000000060E+0	472.845098769568480E-3	-783.239380584886400E-3
338.000000000000060E+0	378.616622499856730E-3	-858.293068611347130E-3
339.000000000000060E+0	242.322858581060980E-3	-902.790058023065440E-3
340.000000000000060E+0	124.702928424136130E-3	-942.841163618714950E-3
341.000000000000060E+0	10.132519097092041E-3	-903.821504221403620E-3
342.000000000000060E+0	-92.977019282313056E-3	-790.084695052004960E-3
343.000000000000060E+0	-195.306845038304890E-3	-696.514676402958720E-3
344.000000000000060E+0	-197.095175256441570E-3	-553.134350343456480E-3
345.000000000000060E+0	-231.977689573825030E-3	-406.902822885796040E-3
346.000000000000060E+0	-244.128729895193520E-3	-347.380999311256040E-3
347.000000000000060E+0	-219.214104296217400E-3	-257.038712434441540E-3
348.000000000000060E+0	-205.366625988253480E-3	-335.731820397741080E-3
349.000000000000060E+0	-87.664720538477056E-3	-299.304857556312920E-3
350.000000000000060E+0	-24.536263679725969E-3	-197.513690501329610E-3
351.000000000000060E+0	-128.352815941032710E-3	-186.853040765062340E-3
352.000000000000060E+0	-72.254390254359049E-3	-261.624735633989080E-3
353.000000000000060E+0	-68.117786243902578E-3	-189.421187668978970E-3
354.000000000000060E+0	-177.203499735389180E-3	-139.209183938688840E-3
355.000000000000060E+0	-230.984548795328120E-3	-263.172334998495460E-3
356.000000000000060E+0	-66.111629890469911E-3	-292.884606247260540E-3
357.000000000000060E+0	1.462602626322972E-3	-170.808468008546350E-3
358.000000000000060E+0	-8.582835433728720E-3	-126.285903207126150E-3
359.000000000000060E+0	-50.700427299359946E-3	-139.260857161124990E-3
360.000000000000060E+0	44.498295850398474E-3	-209.913338858298600E-3
361.000000000000060E+0	106.317071136509040E-3	1.648129681423476E-3
362.000000000000060E+0	53.964604224800830E-3	-90.927539281744352E-3
363.000000000000060E+0	117.841812768061470E-3	-126.997898710410870E-3
364.000000000000060E+0	170.621046572576010E-3	-56.893832171557163E-3
365.000000000000060E+0	165.053934461978270E-3	-55.235457482337692E-3
366.000000000000060E+0	107.385882656440270E-3	-83.052048610045448E-3
367.000000000000060E+0	140.198675491666370E-3	-198.045935855420410E-3
368.000000000000060E+0	159.841915958300050E-3	-234.931428460166600E-3
369.000000000000060E+0	165.028657075546730E-3	-236.233035988598930E-3
370.000000000000060E+0	33.195629321179761E-3	-286.559360268533460E-3
371.000000000000060E+0	88.454167442262602E-3	-424.433274950408220E-3
372.000000000000060E+0	121.901560829447320E-3	-376.329866350395670E-3
373.000000000000060E+0	114.513096520133930E-3	-323.551047411764600E-3
374.000000000000060E+0	42.723407891598848E-3	-221.703615016839660E-3
375.000000000000060E+0	-20.819470719831683E-3	-236.439132076536300E-3
376.000000000000060E+0	-69.056592942796868E-3	-229.108462766434230E-3
377.000000000000060E+0	-103.308283299318530E-3	-248.543351743602920E-3
378.000000000000060E+0	-109.974874600272960E-3	-244.489302469964230E-3
379.000000000000060E+0	-157.516953597373580E-3	-329.768907539502390E-3
380.000000000000060E+0	107.102824935280440E-3	-269.967450784645400E-3
381.000000000000060E+0	54.126306136593423E-3	-190.503265613129000E-3
382.000000000000060E+0	77.452219007933643E-3	-154.359618682460120E-3
383.000000000000060E+0	60.283791797148781E-3	-79.943577520777506E-3
384.000000000000060E+0	59.650704746271044E-3	-11.335186963715283E-3
385.000000000000060E+0	-102.742519432303820E-3	-40.829966225489699E-3
386.000000000000060E+0	-92.996686013821717E-3	-128.303471257447570E-3
387.000000000000060E+0	-38.565989447128725E-3	-246.656343254139710E-3
388.000000000000060E+0	68.561973693348793E-3	-244.271323900110830E-3
389.000000000000060E+0	165.566228324995540E-3	-275.799074287178700E-3
390.000000000000060E+0	245.736097189823670E-3	-145.792492079100720E-3
391.000000000000060E+0	235.627752312062450E-3	-99.073230805705945E-3
392.000000000000060E+0	279.485935253299010E-3	-44.244422033925979E-3
393.000000000000060E+0	71.084268546691198E-3	64.776001193706884E-3
394.000000000000060E+0	49.970010942696652E-3	-95.230936734557223E-3
395.000000000000060E+0	11.850040377221958E-3	-240.623732389417750E-3
396.000000000000060E+0	135.080421395879700E-3	-387.625016689975950E-3
397.000000000000060E+0	219.873258220014800E-3	-466.915655285526200E-3
398.000000000000060E+0	384.910463770280930E-3	-658.552777985578650E-3
399.000000000000060E+0	516.599681717004880E-3	-429.802456306275170E-3
400.000000000000060E+0	430.391409067803430E-3	-427.612685192555300E-3
401.000000000000060E+0	314.232014657125470E-3	-406.131354155524370E-3
402.000000000000060E+0	164.805661124834220E-3	-422.160647397087860E-3
403.000000000000060E+0	-174.427137642356570E-3	-257.192040946677300E-3
404.000000000000060E+0	-406.394848099963230E-3	-457.027399724497130E-3
405.000000000000060E+0	-586.670131654537630E-3	-404.790311101246910E-3
406.000000000000060E+0	-453.360045094567450E-3	-538.172716756126100E-3
407.000000000000060E+0	-375.399174084076860E-3	-376.605508126739760E-3
408.000000000000060E+0	-214.455178422503280E-3	-437.089109516089310E-3
409.000000000000060E+0	-121.346866336778490E-3	-241.834063636135520E-3
410.000000000000060E+0	-75.061371322842310E-3	-185.994800642598240E-3
411.000000000000060E+0	-45.144993436314333E-3	-120.987782960051290E-3
412.000000000000060E+0	-70.659236011565402E-3	-84.844422258266342E-3
413.000000000000060E+0	-85.766643738397597E-3	-85.799787764476554E-3
414.000000000000060E+0	-101.756102458863020E-3	-115.537661344038580E-3
415.000000000000060E+0	-85.679594577183840E-3	-126.200316756642980E-3
416.000000000000060E+0	-117.150557899131330E-3	-164.485822966046250E-3
417.000000000000060E+0	-46.798768995268893E-3	-259.519787348204580E-3
418.000000000000060E+0	16.468336495026503E-3	-200.918222169789550E-3
419.000000000000060E+0	7.146622244907691E-3	-183.487213605355110E-3
420.000000000000060E+0	-9.324676941041981E-3	-180.891970085112510E-3
421.000000000000060E+0	2.521475640106678E-3	-219.122650824817410E-3
422.000000000000060E+0	23.570195068940564E-3	-195.433754073932010E-3
423.000000000000060E+0	33.596348411995124E-3	-185.355125335548150E-3
424.000000000000060E+0	-4.919169376760181E-3	-184.079975859481880E-3
425.000000000000060E+0	8.394675579951416E-3	-209.094695292285890E-3
426.000000000000060E+0	-43.635222504361706E-3	-222.732086658045000E-3
427.000000000000060E+0	65.367765435607128E-3	-309.985009512256880E-3
428.000000000000060E+0	58.150849195272795E-3	-256.121929810485820E-3
429.000000000000060E+0	46.152675926089654E-3	-283.976434097437780E-3
430.000000000000060E+0	99.528466834543611E-3	-238.313059842206630E-3
431.000000000000060E+0	-52.789832842190965E-3	-273.307755683418250E-3
432.000000000000060E+0	27.702194428243256E-3	-349.968644716643570E-3
433.000000000000060E+0	75.810679426175420E-3	-374.385320706650930E-3
434.000000000000060E+0	86.693741595422702E-3	-383.936701015783140E-3
435.000000000000060E+0	72.429734201726825E-3	-488.275459091394360E-3
436.000000000000060E+0	164.188750009448100E-3	-574.001300690333060E-3
437.000000000000060E+0	130.205223199258590E-3	-601.938798659778730E-3
438.000000000000060E+0	28.155670250412702E-3	-723.110003343767960E-3
439.000000000000060E+0	-11.859764103797623E-3	-841.057174711951180E-3
440.000000000000060E+0	-187.718744352856540E-3	-555.839977456299320E-3
441.000000000000060E+0	-505.699737078669550E-3	-745.105583504272920E-3
442.000000000000060E+0	-700.740971162586930E-3	-678.097708337407460E-3
443.000000000000060E+0	-826.741983486977360E-3	-682.429703375690750E-3
444.000000000000060E+0	-792.324133997502790E-3	-539.758574509177640E-3
445.000000000000060E+0	-793.283955752261740E-3	-429.284599914304620E-3
446.000000000000060E+0	-685.889371507398480E-3	-274.394192672612610E-3
447.000000000000060E+0	-624.183765654342750E-3	-163.664223312641240E-3
448.000000000000060E+0	-588.166052995047430E-3	-50.988739337130232E-3
449.000000000000060E+0	-575.475622052358030E-3	24.619756019410029E-3
450.000000000000060E+0	-549.961365997911900E-3	40.929170346346876E-3
451.000000000000060E+0	-495.573904115173550E-3	70.969789879864242E-3
452.000000000000060E+0	-479.240591693290310E-3	80.377185630967282E-3
453.000000000000060E+0	-448.186966121343120E-3	7.068417558542450E-3
454.000000000000060E+0	-368.889415998788720E-3	5.152291417716538E-3
455.000000000000060E+0	-319.475082277720090E-3	16.088572067893339E-3
456.000000000000060E+0	-281.057331249892910E-3	26.957416584227060E-3
457.000000000000060E+0	-248.937638381705270E-3	44.611584519645107E-3
458.000000000000060E+0	-271.688210702622610E-3	53.221130711973146E-3
459.000000000000060E+0	-218.850961564021010E-3	-3.926177665266849E-3
460.000000000000060E+0	-233.477954331907490E-3	33.778799154739907E-3
461.000000000000060E+0	-250.224834005130070E-3	32.197565964594374E-3
462.000000000000060E+0	-265.467478674989880E-3	27.302301132502305E-3
463.000000000000060E+0	-273.755976830284520E-3	-25.467832660235640E-3
464.000000000000060E+0	-203.613634337180050E-3	-28.242505945499350E-3
465.000000000000060E+0	-189.725484309496620E-3	-5.702066734297127E-3
466.000000000000060E+0	-192.181326966701570E-3	7.466305954626841E-3
467.000000000000060E+0	-203.612501011196570E-3	-3.445088023001115E-3
468.000000000000060E+0	-167.855172540605530E-3	-68.362183518759917E-3
469.000000000000060E+0	-119.837786356692220E-3	49.672348433596074E-3
470.000000000000060E+0	-160.049559543431090E-3	38.966276437117101E-3
471.000000000000060E+0	-172.561431048095130E-3	42.315174422695036E-3
472.000000000000060E+0	-280.204709488339090E-3	-25.676126141176536E-3
473.000000000000060E+0	-236.021655435245060E-3	-112.839834034125420E-3
474.000000000000060E+0	-187.706853321052000E-3	-100.087777192250410E-3
475.000000000000060E+0	-228.465127995409800E-3	-82.291868393488690E-3
476.000000000000060E+0	-217.064270834102400E-3	-109.527842828898230E-3
477.000000000000060E+0	-118.481798824673180E-3	-75.547216654152760E-3
478.000000000000060E+0	-106.709396912210180E-3	135.247689561522580E-3
479.000000000000060E+0	-117.831373213542580E-3	95.039645846048862E-3
480.000000000000060E+0	-55.829679019279071E-3	73.869758217999792E-3
481.000000000000060E+0	-55.954646724051448E-3	54.266828994320032E-3
482.000000000000060E+0	-116.383134129442330E-3	-56.408352253589512E-3
483.000000000000060E+0	-45.188296395352046E-3	-109.352439904831440E-3
484.000000000000060E+0	-41.820438803652674E-3	-164.108267774949440E-3
485.000000000000060E+0	41.928669697138481E-3	-141.562230128556590E-3
486.000000000000060E+0	-20.995473274629629E-3	-157.244252940747230E-3
487.000000000000060E+0	-44.550110807142412E-3	-72.487017115028876E-3
488.000000000000060E+0	-165.893121959062610E-3	-144.396823268782090E-3
489.000000000000060E+0	-176.950408946016380E-3	-191.668308491796720E-3
490.000000000000060E+0	-219.593717033267600E-3	-155.978124716464990E-3
491.000000000000060E+0	-282.011327586342180E-3	-304.570133638041250E-3
492.000000000000060E+0	-176.001575887825580E-3	-253.226187503721890E-3
493.000000000000060E+0	-187.261968069089960E-3	-215.827515916727110E-3
494.000000000000060E+0	-213.767280830952730E-3	-204.944495011205210E-3
495.000000000000060E+0	-190.210835743447710E-3	-137.403434852554460E-3
496.000000000000060E+0	-315.511577930136010E-3	-82.860097870647187E-3
497.000000000000060E+0	-370.393667163894660E-3	-126.079335014029010E-3
498.000000000000060E+0	-378.826669797460210E-3	-134.329789198646630E-3
499.000000000000060E+0	-396.876171052532200E-3	-106.810669117100710E-3
500.000000000000060E+0	-393.808243808187910E-3	-127.293680074725750E-3
501.000000000000060E+0	-326.260733623086440E-3	-71.654373099129892E-3
502.000000000000060E+0	-334.389554434070920E-3	-1.640549000537017E-3
503.000000000000060E+0	-351.336445426225610E-3	29.230855519923247E-3
504.000000000000060E+0	-332.415602954675260E-3	69.543253975938232E-3
505.000000000000060E+0	-344.273904866991050E-3	155.824296076167320E-3
506.000000000000060E+0	-479.903984686648020E-3	55.083864138444169E-3
507.000000000000060E+0	-341.359215041209860E-3	73.161117717871885E-3
508.000000000000060E+0	-339.282490026513780E-3	136.792708910749630E-3
509.000000000000060E+0	-321.553506501255080E-3	102.737843031649160E-3
510.000000000000060E+0	-198.999765496315230E-3	128.639608196123050E-3
511.000000000000060E+0	-229.602392596310020E-3	172.163374422139860E-3
512.000000000000110E+0	-179.388846513296280E-3	156.134792451740970E-3
513.000000000000110E+0	-109.114730049855570E-3	180.108968375375270E-3
514.000000000000110E+0	-140.571767819399030E-3	210.726785954105600E-3
515.000000000000110E+0	-200.138310415961560E-3	130.714167426631470E-3
516.000000000000110E+0	-198.664490296028060E-3	54.981965061694268E-3
517.000000000000110E+0	-189.235768087792970E-3	3.594858676293779E-3
518.000000000000110E+0	-181.950058659320010E-3	19.273960767528950E-3
519.000000000000110E+0	-232.345163452867510E-3	5.231501393946084E-3
520.000000000000110E+0	-178.695637291141800E-3	42.854429213252235E-3
521.000000000000110E+0	-223.104652917081450E-3	77.657608643985673E-3
522.000000000000110E+0	-242.719401199318260E-3	44.730769207388214E-3
523.000000000000110E+0	-202.771146724272650E-3	43.079331079097088E-3
524.000000000000110E+0	-164.151128582910560E-3	17.479284019167849E-3
525.000000000000110E+0	-150.991392312130600E-3	63.373678031812208E-3
526.000000000000110E+0	-181.267853969044770E-3	27.493188036443628E-3
527.000000000000110E+0	-173.033783431950390E-3	-4.903197314080849E-3
528.000000000000110E+0	-206.275781184791730E-3	10.061302548708542E-3
529.000000000000110E+0	-249.466714746565540E-3	-10.041991641485884E-3
530.000000000000110E+0	-261.550673293468590E-3	-7.054950593669747E-3
531.000000000000110E+0	-282.959847218868850E-3	-3.955367161142581E-3
532.000000000000110E+0	-263.395154412258300E-3	-43.041424544860214E-3
533.000000000000110E+0	-247.655068628481660E-3	31.517578909305746E-3
534.000000000000110E+0	-245.915340576747100E-3	58.000305493278753E-3
535.000000000000110E+0	-253.389990854961060E-3	105.795871393073460E-3
536.000000000000110E+0	-287.151909455177990E-3	163.311233447559020E-3
537.000000000000110E+0	-343.996418412246430E-3	175.413195719923670E-3
538.000000000000110E+0	-415.810902100924080E-3	99.587399964617296E-3
539.000000000000110E+0	-282.852348114194300E-3	66.228794180303391E-3
540.000000000000110E+0	-243.941979669934140E-3	110.460758040474270E-3
541.000000000000110E+0	-254.197360978921090E-3	148.341575311934510E-3
542.000000000000110E+0	-310.188789221813980E-3	56.880707592232349E-3
543.000000000000110E+0	-161.123088078317410E-3	114.442102825258280E-3
544.000000000000110E+0	-189.882761386020230E-3	160.301629504244510E-3
545.000000000000110E+0	-228.915468024699750E-3	133.156179400961920E-3
546.000000000000110E+0	-204.022291774791590E-3	143.001308340713620E-3
547.000000000000110E+0	-289.449192590681470E-3	158.141059582464990E-3
548.000000000000110E+0	-236.099715327835160E-3	45.254366631730034E-3
549.000000000000110E+0	-224.458931260705930E-3	93.308322443555178E-3
550.000000000000110E+0	-241.173540661480470E-3	101.025956514401980E-3
551.000000000000110E+0	-177.052068734024490E-3	83.808197561769077E-3
552.000000000000110E+0	-217.747540064867350E-3	199.082032866835870E-3
553.000000000000110E+0	-266.546497408615520E-3	149.132106674138680E-3
554.000000000000110E+0	-249.596376953690270E-3	148.503632585873350E-3
555.000000000000110E+0	-245.789615353722120E-3	152.883541560605490E-3
556.000000000000110E+0	-256.755566144897580E-3	197.247936314689340E-3
557.000000000000110E+0	-333.664228086838820E-3	152.050403160757600E-3
558.000000000000110E+0	-270.025503174000430E-3	134.888848500315410E-3
559.000000000000110E+0	-245.026342844677950E-3	174.110611432161440E-3
560.000000000000110E+0	-245.226233180000360E-3	214.969787563362410E-3
561.000000000000110E+0	-294.628806817192670E-3	288.127186197415120E-3
562.000000000000110E+0	-289.012025713954290E-3	248.477260624419940E-3
563.000000000000110E+0	-295.080066955579920E-3	282.654835381491440E-3
564.000000000000110E+0	-315.564093245754570E-3	279.344612271407390E-3
565.000000000000110E+0	-323.136835103687960E-3	290.658154420898210E-3
566.000000000000110E+0	-311.462993391363190E-3	216.232785796429680E-3
567.000000000000110E+0	-231.445720263758400E-3	291.399770109174230E-3
568.000000000000110E+0	-223.627166715070210E-3	330.228728615617970E-3
569.000000000000110E+0	-224.960628789121870E-3	365.896853195312840E-3
570.000000000000110E+0	-187.898157764109060E-3	378.288613620075260E-3
571.000000000000110E+0	-240.010822992312690E-3	411.779662772579710E-3
572.000000000000110E+0	-192.614097802288890E-3	379.187993025777270E-3
573.000000000000110E+0	-158.076458036236240E-3	386.904346496035220E-3
574.000000000000110E+0	-168.274329450621680E-3	399.972622385939500E-3
575.000000000000110E+0	-119.349368232927090E-3	351.485850068904810E-3
576.000000000000110E+0	-134.658263373673650E-3	364.857689489363700E-3
577.000000000000110E+0	-107.667945044808960E-3	335.054472161853300E-3
578.000000000000110E+0	-93.379668592487891E-3	353.640118616141360E-3
579.000000000000110E+0	-108.193203494943700E-3	386.856849227434740E-3
580.000000000000110E+0	-155.461401576434180E-3	415.688511802577490E-3
581.000000000000110E+0	-151.487809662046640E-3	417.624696507701620E-3
582.000000000000110E+0	-132.583326915383130E-3	468.959003788118670E-3
583.000000000000110E+0	-166.883043415218730E-3	568.897366807223250E-3
584.000000000000110E+0	-179.248630604376900E-3	548.488035957599870E-3
585.000000000000110E+0	-24.368945918500872E-3	588.701413272620380E-3
586.000000000000110E+0	68.717151377653080E-3	678.512843942237430E-3
587.000000000000110E+0	144.372577739847130E-3	715.919142873977510E-3
588.000000000000110E+0	272.292343576950920E-3	697.239595161205930E-3
589.000000000000110E+0	434.006224733725410E-3	665.264158070961060E-3
590.000000000000110E+0	448.020451426608570E-3	598.419158980588620E-3
591.000000000000110E+0	513.183618047293290E-3	470.794653936130180E-3
592.000000000000110E+0	562.832613724684520E-3	342.513104129723910E-3
593.000000000000110E+0	564.193685621938940E-3	314.815130191131550E-3
594.000000000000110E+0	521.597856576959670E-3	235.500011856089760E-3
595.000000000000110E+0	461.774136552043580E-3	199.967695954082590E-3
596.000000000000110E+0	406.705609387999540E-3	142.588092724835940E-3
597.000000000000110E+0	369.928449651013010E-3	74.805610060485583E-3
598.000000000000110E+0	397.609671995741320E-3	19.127356144448153E-3
599.000000000000110E+0	393.946721828239250E-3	74.968040084299400E-3
600.000000000000110E+0	339.084063538311160E-3	63.565014389758243E-3
601.000000000000110E+0	302.342481030243190E-3	46.245177727761641E-3
602.000000000000110E+0	285.032134232750590E-3	-26.904859218596453E-3
603.000000000000110E+0	357.465081631966890E-3	45.367114527894506E-3
604.000000000000110E+0	288.662524532148080E-3	78.283523672733779E-3
605.000000000000110E+0	265.004811141849930E-3	67.375145661715499E-3
606.000000000000110E+0	236.033427301521330E-3	90.236788190990042E-3
607.000000000000110E+0	198.605063008144180E-3	58.814281751775679E-3
608.000000000000110E+0	228.729595401945120E-3	-66.495251264465399E-3
609.000000000000110E+0	305.334031697193810E-3	25.947111948187884E-3
610.000000000000110E+0	326.890174989297510E-3	10.848430052724733E-3
611.000000000000110E+0	390.501510955942040E-3	64.050809020841232E-3
612.000000000000110E+0	340.181087858928590E-3	89.424814147254936E-3
613.000000000000110E+0	373.410617846341660E-3	4.041380683063439E-3
614.000000000000110E+0	406.371441689204250E-3	5.625345715227955E-3
615.000000000000110E+0	394.550999470812350E-3	9.133610191527707E-3
616.000000000000110E+0	317.939510529894940E-3	-11.949837966774146E-3
617.000000000000110E+0	233.688190795740880E-3	-122.900336093063440E-3
618.000000000000110E+0	305.458028717363880E-3	-238.961273653661240E-3
619.000000000000110E+0	367.501474375559190E-3	-237.571451675605840E-3
620.000000000000110E+0	364.130594517034060E-3	-224.647105900415230E-3
621.000000000000110E+0	388.334957675351530E-3	-243.564667844455880E-3
622.000000000000110E+0	302.580658300301400E-3	-190.493583835761290E-3
623.000000000000110E+0	261.696267001161550E-3	-245.671734429461610E-3
624.000000000000110E+0	270.006781988070380E-3	-267.882632156282270E-3
625.000000000000110E+0	231.960126526195330E-3	-240.202676413302010E-3
626.000000000000110E+0	172.769023354632620E-3	-244.503491143839100E-3
627.000000000000110E+0	136.715659493565980E-3	-311.730869239954240E-3
628.000000000000110E+0	124.759653208747810E-3	-315.233938949909590E-3
629.000000000000110E+0	106.272427943078560E-3	-336.614416921570740E-3
630.000000000000110E+0	118.789481530310800E-3	-363.709948774317120E-3
631.000000000000110E+0	130.702384452582890E-3	-361.152751440427300E-3
632.000000000000110E+0	133.493114323798040E-3	-339.391632197193430E-3
633.000000000000110E+0	117.663171723932200E-3	-347.537275326990860E-3
634.000000000000110E+0	139.914319300640110E-3	-351.346962793585570E-3
635.000000000000110E+0	87.096220819751588E-3	-336.268315659554620E-3
636.000000000000110E+0	43.661481349624734E-3	-359.059471821179200E-3
637.000000000000110E+0	2.848500177613727E-3	-428.294807321319970E-3
638.000000000000110E+0	-9.536866192738143E-3	-483.389095800928310E-3
639.000000000000110E+0	-34.568107863497767E-3	-520.059631420370820E-3
640.000000000000110E+0	20.486796804813794E-3	-592.997823662963390E-3
641.000000000000110E+0	-81.003575994440580E-3	-502.691576289156620E-3
642.000000000000110E+0	-156.634517859006950E-3	-530.370427387389600E-3
643.000000000000110E+0	-222.675145381989760E-3	-577.475648568839710E-3
644.000000000000110E+0	-265.390684195568160E-3	-598.708126029840800E-3
645.000000000000110E+0	-343.475956128851570E-3	-549.544905023335970E-3
646.000000000000110E+0	-521.346356251638280E-3	-587.416480630959080E-3
647.000000000000110E+0	-610.447258514200790E-3	-650.022078306821570E-3
648.000000000000110E+0	-656.840191830703300E-3	-634.508956940098900E-3
649.000000000000110E+0	-693.164106478396550E-3	-592.150059326539630E-3
650.000000000000110E+0	-688.224536049719000E-3	-339.697942742966050E-3
651.000000000000110E+0	-828.262612923179490E-3	-254.596348859021550E-3
652.000000000000110E+0	-887.865524741902610E-3	-139.566214853419750E-3
653.000000000000110E+0	-1.015283260577235E+0	-23.056227586908607E-3
654.000000000000110E+0	-965.947250539821560E-3	-1.027302246828980E-3
655.000000000000110E+0	-997.658045466527370E-3	108.647704137653250E-3
656.000000000000110E+0	-964.860244226799610E-3	172.041559890597050E-3
657.000000000000110E+0	-964.039674092037390E-3	294.218517609408810E-3
658.000000000000110E+0	-988.723324736392910E-3	380.166021037140870E-3
659.000000000000110E+0	-898.247462862040490E-3	456.728608922927440E-3
660.000000000000110E+0	-860.332830849689590E-3	636.859814267965120E-3
661.000000000000110E+0	-825.345779384049960E-3	821.483860298611090E-3
662.000000000000110E+0	-794.521560962751280E-3	1.021649735389481E+0
663.000000000000110E+0	-915.132160187970940E-3	1.064233406144429E+0
664.000000000000110E+0	-618.009812125234540E-3	1.054408662230232E+0
665.000000000000110E+0	-388.723201533731300E-3	1.183517874908858E+0
666.000000000000110E+0	-114.253070424035110E-3	1.411217988618307E+0
667.000000000000110E+0	64.900117262614895E-3	1.430610138465466E+0
668.000000000000110E+0	438.817732796820070E-3	1.526336591806694E+0
669.000000000000110E+0	435.503215580409890E-3	1.367832549279343E+0
670.000000000000110E+0	807.446653914902560E-3	1.115251641243482E+0
671.000000000000110E+0	1.057976501690815E+0	966.733205055796180E-3
672.000000000000110E+0	1.043871811291361E+0	817.715640790475100E-3
673.000000000000110E+0	866.844019353393170E-3	454.285538786607490E-3
674.000000000000110E+0	848.687871232046700E-3	147.684612615555100E-3
675.000000000000110E+0	789.801114107927750E-3	-15.453689821720214E-3
676.000000000000110E+0	783.437345319063730E-3	-159.872227430828770E-3
677.000000000000110E+0	770.294419984745240E-3	-110.849068577107370E-3
678.000000000000110E+0	671.883447012621040E-3	-33.516115760758178E-3
679.000000000000110E+0	494.287944922583880E-3	-104.166555164015240E-3
680.000000000000110E+0	442.307789421046650E-3	-182.625232347158130E-3
681.000000000000110E+0	429.494238678027720E-3	-213.262319619879540E-3
682.000000000000110E+0	318.312748727803520E-3	-211.891539765019340E-3
683.000000000000110E+0	265.329361093895930E-3	-280.233096316127250E-3
684.000000000000110E+0	213.035071307601050E-3	-322.518361802029970E-3
685.000000000000110E+0	204.412228883188250E-3	-334.751419449633100E-3
686.000000000000110E+0	141.297271515945510E-3	-261.475144428696240E-3
687.000000000000110E+0	223.113415648881210E-3	-271.558549310627510E-3
688.000000000000110E+0	73.956187774915069E-3	-88.991089446531238E-3
689.000000000000110E+0	30.261591065770019E-3	-74.467743351588317E-3
690.000000000000110E+0	6.251781127136886E-3	-85.202349198296529E-3
691.000000000000110E+0	17.790359216038429E-3	-137.705680419495490E-3
692.000000000000110E+0	128.821206762499250E-3	-61.684983204514182E-3
693.000000000000110E+0	95.480864605701196E-3	-37.878984664537568E-3
694.000000000000110E+0	84.625308537796484E-3	-35.347636285849360E-3
695.000000000000110E+0	83.455909989836902E-3	-38.367256355467338E-3
696.000000000000110E+0	62.220627832964885E-3	-68.927498601062495E-3
697.000000000000110E+0	103.192318601960470E-3	-111.745897216759630E-3
698.000000000000110E+0	98.288026607718112E-3	-90.500623028281019E-3
699.000000000000110E+0	55.482912957057123E-3	-93.056807774459668E-3
700.000000000000110E+0	-102.138026033085640E-3	-142.943351941318710E-3
701.000000000000110E+0	173.463054653538200E-3	-250.191015241037600E-3
702.000000000000110E+0	71.496893768806635E-3	-182.356524405215210E-3
703.000000000000110E+0	34.418891996187598E-3	-186.094646422268250E-3
704.000000000000110E+0	27.661974699238444E-3	-152.240731632578590E-3
705.000000000000110E+0	-37.735510318682886E-3	-88.818039495049253E-3
706.000000000000110E+0	-87.886764324683231E-3	-86.273422919983203E-3
707.000000000000110E+0	-104.197114713279580E-3	-50.746576687742607E-3
708.000000000000110E+0	-132.209230660426950E-3	-20.673915204897531E-3
709.000000000000110E+0	-129.561307287188760E-3	15.827289219504895E-3
710.000000000000110E+0	-264.031289445861570E-3	55.336131733383177E-3
711.000000000000110E+0	-80.391669803990928E-3	-28.737628513383143E-3
712.000000000000110E+0	-70.655588433432101E-3	20.300873401069498E-3
713.000000000000110E+0	-52.074025136606625E-3	5.309774501481422E-3
714.000000000000110E+0	23.811050989139233E-3	42.927374627983565E-3
715.000000000000110E+0	69.833772344675957E-3	72.901997894229895E-3
716.000000000000110E+0	70.140670790940593E-3	111.709331544591950E-3
717.000000000000110E+0	98.569214717325077E-3	95.584781673323196E-3
718.000000000000110E+0	146.865068265288830E-3	99.546876484761682E-3
719.000000000000110E+0	147.552519797102650E-3	168.755584613425710E-3
720.000000000000110E+0	34.256465181907135E-3	-11.450438839028715E-3
721.000000000000110E+0	79.004276847508145E-3	-61.864741458287499E-3
722.000000000000110E+0	81.942014154818762E-3	-121.199222341042230E-3
723.000000000000110E+0	75.049512557298206E-3	-184.140162908203200E-3
724.000000000000110E+0	122.581191090560860E-3	-243.184577508062660E-3
725.000000000000110E+0	123.455006969909910E-3	-220.509803120429640E-3
726.000000000000110E+0	73.603620820617846E-3	-228.951157474789170E-3
727.000000000000110E+0	-3.908176939932487E-3	-223.590148331633320E-3
728.000000000000110E+0	-82.224726111532642E-3	-222.585473474851440E-3
729.000000000000110E+0	-195.744037493025820E-3	-164.003550550071150E-3
730.000000000000110E+0	-232.291669421857140E-3	-166.020422851059390E-3
731.000000000000110E+0	-266.922867874337330E-3	-108.833097825177750E-3
732.000000000000110E+0	-313.908987705550420E-3	-98.408381014909396E-3
733.000000000000110E+0	-234.351443068663760E-3	-109.538330497844870E-3
734.000000000000110E+0	-175.209271404554970E-3	-55.094970416541648E-3
735.000000000000110E+0	-174.213516654893290E-3	11.209526976680042E-3
736.000000000000110E+0	-185.956702854852300E-3	48.456668592822036E-3
737.000000000000110E+0	-200.669002611926830E-3	58.236360957377435E-3
738.000000000000110E+0	-219.247804396797110E-3	68.674736836706982E-3
739.000000000000110E+0	-198.934185173335030E-3	43.235100162331279E-3
740.000000000000110E+0	-185.228669969042800E-3	60.762640564477291E-3
741.000000000000110E+0	-179.702053368585550E-3	71.376080043750179E-3
742.000000000000110E+0	-181.355193905617660E-3	35.218534567940302E-3
743.000000000000110E+0	-98.839756144665114E-3	110.773530628992170E-3
744.000000000000110E+0	-94.392613168732806E-3	132.073834306008610E-3
745.000000000000110E+0	-98.372800198760796E-3	189.737795546849890E-3
746.000000000000110E+0	-131.714231863063860E-3	157.764265659101290E-3
747.000000000000110E+0	-126.300602784064160E-3	187.173765834249970E-3
748.000000000000110E+0	-177.209891449804840E-3	40.632742067265921E-3
749.000000000000110E+0	-129.534016198112220E-3	76.138453992846633E-3
750.000000000000110E+0	-143.144507547115110E-3	85.547298374293215E-3
751.000000000000110E+0	-171.374023868819840E-3	77.829443400298362E-3
752.000000000000110E+0	-140.081299341509010E-3	28.554176249324222E-3
753.000000000000110E+0	-83.748829467516175E-3	78.670963118499082E-3
754.000000000000110E+0	-64.430081285433066E-3	124.598826213842430E-3
755.000000000000110E+0	-63.121077460685640E-3	197.777180953884720E-3
756.000000000000110E+0	-98.406173780588441E-3	198.107122499252550E-3
757.000000000000110E+0	-90.540507775998841E-3	209.055526067835760E-3
758.000000000000110E+0	-28.147649524531283E-3	188.436142127986790E-3
759.000000000000110E+0	6.278675685766032E-3	215.406859299799800E-3
760.000000000000110E+0	45.824606018100358E-3	273.492198308794070E-3
761.000000000000110E+0	-203.109435940088820E-3	162.129180328074300E-3
762.000000000000110E+0	42.488906929986005E-3	73.638814489661364E-3
763.000000000000110E+0	64.722355306307419E-3	81.133564989842824E-3
764.000000000000110E+0	55.661283554682445E-3	75.141543338191369E-3
765.000000000000110E+0	28.002074208376145E-3	83.044101227117389E-3
766.000000000000110E+0	-56.119584947554133E-3	28.632243816758423E-3
767.000000000000110E+0	9.940423096947888E-3	37.189629993698264E-3
768.000000000000110E+0	-25.930289936913653E-3	58.946857981504334E-3
769.000000000000110E+0	-69.594246409006758E-3	70.416441179313019E-3
770.000000000000110E+0	-156.455493488953520E-3	87.131097011042824E-3
771.000000000000110E+0	-22.370959626315943E-3	-79.927368763133569E-3
772.000000000000110E+0	-58.689878221457145E-3	27.948967357172963E-3
773.000000000000110E+0	-82.385967003920868E-3	34.315682473051008E-3
774.000000000000110E+0	-51.453312606338758E-3	66.242476427947630E-3
775.000000000000110E+0	-81.423732998646470E-3	104.412748204250390E-3
776.000000000000110E+0	-115.209278656360280E-3	164.763412821107680E-3
777.000000000000110E+0	-181.091149366596650E-3	144.268855958829960E-3
778.000000000000110E+0	-184.352831210580710E-3	156.099856374466940E-3
779.000000000000110E+0	-249.021995060774600E-3	235.456065584461420E-3
780.000000000000110E+0	-397.141139689905160E-3	24.051410636261098E-3
781.000000000000110E+0	-202.049774405321320E-3	46.078889171898660E-3
782.000000000000110E+0	-151.245722604884140E-3	80.826063964988329E-3
783.000000000000110E+0	-88.891500912326643E-3	78.823801496903267E-3
784.000000000000110E+0	147.097830712716040E-3	278.668778693988040E-3
785.000000000000110E+0	-20.137326230319344E-3	441.481527309977580E-3
786.000000000000110E+0	-26.085336163718699E-3	410.979769522572920E-3
787.000000000000110E+0	5.256201245753787E-3	462.808813821013130E-3
788.000000000000110E+0	30.315800194575953E-3	517.462479174594650E-3
789.000000000000110E+0	81.696706521672699E-3	748.697606371526600E-3
790.000000000000110E+0	-162.387273099122010E-3	222.142424418759530E-3
791.000000000000110E+0	-25.184790541785074E-3	304.064571261483510E-3
792.000000000000110E+0	50.729475084168502E-3	236.608021894302080E-3
793.000000000000110E+0	246.344886534982320E-3	235.539394637573060E-3
794.000000000000110E+0	264.690711381370010E-3	321.297372809729250E-3
795.000000000000110E+0	255.958885622426410E-3	357.336268207305630E-3
796.000000000000110E+0	240.312376905133130E-3	321.394931210667420E-3
797.000000000000110E+0	224.989197591184770E-3	340.201117334164530E-3
798.000000000000110E+0	158.066638481138360E-3	358.566509703929340E-3
799.000000000000110E+0	78.733063129204306E-3	274.631085413010790E-3
800.000000000000110E+0	127.841906150274690E-3	251.471820822439350E-3
801.000000000000110E+0	137.304700856316490E-3	267.722213970597980E-3
802.000000000000110E+0	110.615468661434120E-3	197.648129647404720E-3
803.000000000000110E+0	426.038874994003110E-3	280.648248478588320E-3
804.000000000000110E+0	320.709088781506060E-3	333.986889428757820E-3
805.000000000000110E+0	300.167623490703970E-3	314.013427783365550E-3
806.000000000000110E+0	313.787795531722370E-3	288.914211248578910E-3
807.000000000000110E+0	350.774230666901890E-3	292.000615681403560E-3
808.000000000000110E+0	301.129859795434610E-3	504.987027953100460E-3
809.000000000000110E+0	311.779081133122750E-3	205.866303224622290E-3
810.000000000000110E+0	374.093162091098110E-3	188.938517654988590E-3
811.000000000000110E+0	389.057707701826070E-3	133.415699630935500E-3
812.000000000000110E+0	475.207006569675850E-3	36.827065609543547E-3
813.000000000000110E+0	484.002504818561940E-3	43.868897532713232E-3
814.000000000000110E+0	482.135333844850970E-3	-17.544286413473713E-3
815.000000000000110E+0	470.328870234592300E-3	-65.458674996399208E-3
816.000000000000110E+0	452.961716078336460E-3	-86.079512213611764E-3
817.000000000000110E+0	412.970968449025480E-3	-130.362147021521380E-3
818.000000000000110E+0	364.780147394740460E-3	-159.168902294765850E-3
819.000000000000110E+0	347.983883817399250E-3	-185.077260218966370E-3
820.000000000000110E+0	303.652177678347790E-3	-189.962294591891290E-3
821.000000000000110E+0	268.351580923658740E-3	-196.934878829654410E-3
822.000000000000110E+0	213.499585114105690E-3	-220.653011671534030E-3
823.000000000000110E+0	182.425494155051880E-3	-211.247779349749810E-3
824.000000000000110E+0	140.041004956285710E-3	-215.739775352149280E-3
825.000000000000110E+0	108.913715589567970E-3	-215.241455363416050E-3
826.000000000000110E+0	77.100433986816777E-3	-250.780357538089690E-3
827.000000000000110E+0	139.963556307922480E-3	-220.138124231346740E-3
828.000000000000110E+0	97.135772942161511E-3	-148.564205160310850E-3
829.000000000000110E+0	60.753530363205611E-3	-118.106150126485180E-3
830.000000000000110E+0	36.305135301908674E-3	-87.923346173999328E-3
831.000000000000110E+0	-124.894417220201090E-3	-55.139251147254112E-3
832.000000000000110E+0	-4.589171133291608E-3	-133.699549513207670E-3
833.000000000000110E+0	-10.291571660209652E-3	-79.719251802005120E-3
834.000000000000110E+0	-100.489098593581040E-3	-63.994764704216278E-3
835.000000000000110E+0	10.294019770033500E-3	-177.490882406435790E-3
836.000000000000110E+0	73.416080654079743E-3	-106.956781855514040E-3
837.000000000000110E+0	22.650816366342232E-3	-21.360946067505760E-3
838.000000000000110E+0	10.701840476301549E-3	-30.319481529659416E-3
839.000000000000110E+0	30.551060529290207E-3	-17.741454881514029E-3
840.000000000000110E+0	74.800045034906323E-3	79.963008514335382E-3
841.000000000000110E+0	-111.793313427560810E-3	8.133606038426470E-3
842.000000000000110E+0	-55.374288026454027E-3	-7.436420914523473E-3
843.000000000000110E+0	-50.887278737960256E-3	-4.616518332736801E-3
844.000000000000110E+0	-47.744326554777138E-3	-31.290517341091437E-3
845.000000000000110E+0	45.556492042382817E-3	-34.690491155433267E-3
846.000000000000110E+0	43.365217406113522E-3	50.366532389301333E-3
847.000000000000110E+0	45.936323613688379E-3	63.979895261022671E-3
848.000000000000110E+0	34.917225124614225E-3	88.004829274783758E-3
849.000000000000110E+0	34.443076521986624E-3	88.961215613601735E-3
850.000000000000110E+0	24.890080998185977E-3	73.121373721525551E-3
851.000000000000110E+0	68.544934921732081E-3	59.945347271403611E-3
852.000000000000110E+0	89.824209331117552E-3	58.491275227739635E-3
853.000000000000110E+0	95.430866098513367E-3	53.049620638012426E-3
854.000000000000110E+0	117.570414479639900E-3	25.072765820025367E-3
855.000000000000110E+0	143.716622015859190E-3	21.781383563945711E-3
856.000000000000110E+0	105.584727714587050E-3	37.620173263155490E-3
857.000000000000110E+0	74.196927426196518E-3	14.613262178291510E-3
858.000000000000110E+0	57.313779790012218E-3	-18.283122989263569E-3
859.000000000000110E+0	79.425611013379818E-3	-30.980879145571384E-3
860.000000000000110E+0	43.317988770506056E-3	8.130134815760696E-3
861.000000000000110E+0	22.933004799020541E-3	-5.690611008497697E-3
862.000000000000110E+0	17.283957219899258E-3	-13.594369353234702E-3
863.000000000000110E+0	36.398626732388570E-3	1.515991649996274E-3
864.000000000000110E+0	-3.620327733578745E-3	25.741681311944559E-3
865.000000000000110E+0	-19.864065099275879E-3	28.004184703037411E-3
866.000000000000110E+0	-23.216455476439714E-3	28.356449732768980E-3
867.000000000000110E+0	-27.475664280432636E-3	53.565673825871837E-3
868.000000000000110E+0	-34.554104286157884E-3	63.825032859905498E-3
869.000000000000110E+0	-64.393329884133627E-3	136.051124572648040E-3
870.000000000000110E+0	-72.184533260573100E-3	141.874114989235270E-3
871.000000000000110E+0	-84.315809223980825E-3	175.805845343931760E-3
872.000000000000110E+0	-96.532755731720141E-3	195.839502793564850E-3
873.000000000000110E+0	-64.019431457945641E-3	192.671107023361680E-3
874.000000000000110E+0	-9.956539138247598E-3	290.771394642295290E-3
875.000000000000110E+0	-5.267554081710691E-3	349.633818852473580E-3
876.000000000000110E+0	56.350627089639803E-3	388.364564601545840E-3
877.000000000000110E+0	117.459240661999730E-3	477.815479795114960E-3
878.000000000000110E+0	136.070286095267780E-3	524.517083195867760E-3
879.000000000000110E+0	263.005303982011500E-3	461.506261480049700E-3
880.000000000000110E+0	396.741772564877800E-3	454.418527097130990E-3
881.000000000000110E+0	507.920209706035130E-3	451.352792959645250E-3
882.000000000000110E+0	397.852995707281830E-3	335.501878612317890E-3
883.000000000000110E+0	563.782789949886510E-3	171.292531026806470E-3
884.000000000000110E+0	624.753029516784240E-3	102.739212213535850E-3
885.000000000000110E+0	656.061097816159510E-3	29.058476137719516E-3
886.000000000000110E+0	662.329460274711960E-3	41.133080769544944E-3
887.000000000000110E+0	606.150147502415360E-3	87.215056081262843E-3
888.000000000000110E+0	429.896909776449340E-3	-44.536787291344547E-3
889.000000000000110E+0	433.021861797088790E-3	-121.608831482861710E-3
890.000000000000110E+0	427.481672843221030E-3	-157.730815727877230E-3
891.000000000000110E+0	394.277946499130280E-3	-215.063862300753330E-3
892.000000000000110E+0	495.401609231754640E-3	-178.690255379404560E-3
893.000000000000110E+0	434.574737694060020E-3	-184.064619481668610E-3
894.000000000000110E+0	447.422176881101420E-3	-191.640068231514500E-3
895.000000000000110E+0	386.327466900867500E-3	-109.889102879452190E-3
896.000000000000110E+0	315.367000567201180E-3	-149.453339046904440E-3
897.000000000000110E+0	240.491486729830030E-3	-272.337431449366840E-3
898.000000000000110E+0	331.346445333225100E-3	-260.435646581739450E-3
899.000000000000110E+0	306.969775214672170E-3	-251.945149281948440E-3
900.000000000000110E+0	278.973450971868260E-3	-284.178334312015060E-3
901.000000000000110E+0	445.860838145306080E-3	-262.098311418058730E-3
902.000000000000110E+0	337.963609560440030E-3	-219.741811489258170E-3
903.000000000000110E+0	304.966164183610280E-3	-213.081607828636550E-3
904.000000000000110E+0	279.417718965313810E-3	-190.338635882873590E-3
905.000000000000110E+0	139.917638501965090E-3	-199.903464595354070E-3
906.000000000000110E+0	148.158770563572130E-3	-354.968861989222560E-3
907.000000000000110E+0	199.472316791999810E-3	-408.754035141662030E-3
908.000000000000110E+0	269.397855672458940E-3	-417.726011048872080E-3
909.000000000000110E+0	296.141357300906240E-3	-411.710607247055600E-3
910.000000000000110E+0	398.706720149573260E-3	-428.686836928778790E-3
911.000000000000110E+0	210.526387970932370E-3	-263.243036176211310E-3
912.000000000000110E+0	226.243650179666660E-3	-307.802661845285760E-3
913.000000000000110E+0	206.995122789275040E-3	-236.747074921587170E-3
914.000000000000110E+0	-44.515463579743869E-3	-325.781710414406070E-3
915.000000000000110E+0	-41.413129741297287E-3	-436.525799486380430E-3
916.000000000000110E+0	124.234455078750080E-3	-590.896178162999890E-3
917.000000000000110E+0	102.707735350018020E-3	-508.191342595101240E-3
918.000000000000110E+0	118.073184012618740E-3	-518.445576602695300E-3
919.000000000000110E+0	172.006149557804470E-3	-509.490735419927070E-3
920.000000000000110E+0	233.366661191730470E-3	-150.787738165297840E-3
921.000000000000110E+0	32.151435823011540E-3	-304.243760705677930E-3
922.000000000000110E+0	51.552107411678615E-3	-344.693494285603810E-3
923.000000000000110E+0	77.095431187292882E-3	-314.929455026043860E-3
924.000000000000110E+0	-56.481450456180207E-3	-327.247046720356040E-3
925.000000000000110E+0	-28.063212081003892E-3	-428.597013778797330E-3
926.000000000000110E+0	14.980496591534762E-3	-477.979842440345750E-3
927.000000000000110E+0	51.228826233236768E-3	-507.358894671575360E-3
928.000000000000110E+0	68.244695017875973E-3	-528.547266856677520E-3
929.000000000000110E+0	132.768959209692170E-3	-367.356834183616920E-3
930.000000000000110E+0	-119.704228750334820E-3	-505.086202398559500E-3
931.000000000000110E+0	-151.273289004493630E-3	-543.699190347110780E-3
932.000000000000110E+0	-176.297461497895410E-3	-529.482802834055130E-3
933.000000000000110E+0	-256.284554659844840E-3	-464.795292073162340E-3
934.000000000000110E+0	-314.190548521165460E-3	-495.545006375113560E-3
935.000000000000110E+0	-286.609153477370090E-3	-440.801890654219040E-3
936.000000000000110E+0	-286.219969876818530E-3	-392.781341892938010E-3
937.000000000000110E+0	-276.484638880729720E-3	-343.646503532071770E-3
938.000000000000110E+0	-289.680328337307560E-3	-329.448618759719200E-3
939.000000000000110E+0	-308.338264787431200E-3	-233.631148266899790E-3
940.000000000000110E+0	-344.957298458332510E-3	-277.412044566251680E-3
941.000000000000110E+0	-354.948599699863310E-3	-271.809732302514040E-3
942.000000000000110E+0	-391.496152825166810E-3	-235.932366759100370E-3
943.000000000000110E+0	-403.248168447153440E-3	-220.531829977733180E-3
944.000000000000110E+0	-465.143746407697230E-3	-162.573716135295200E-3
945.000000000000110E+0	-498.302531131855520E-3	-158.236614606815100E-3
946.000000000000110E+0	-453.407388390850100E-3	-122.614540729543530E-3
947.000000000000110E+0	-416.483021484024110E-3	-103.446497624637700E-3
948.000000000000110E+0	-296.989906936529660E-3	42.011674704507333E-3
949.000000000000110E+0	-318.913933903924030E-3	85.827238289842386E-3
950.000000000000110E+0	-323.908862913234400E-3	101.531588755143500E-3
951.000000000000110E+0	-305.097103782732030E-3	106.652683516717290E-3
952.000000000000110E+0	-340.131133128260650E-3	8.961777390623534E-3
953.000000000000110E+0	-226.168635130381520E-3	30.043310826124003E-3
954.000000000000110E+0	-186.448378882901940E-3	27.884116757947257E-3
955.000000000000110E+0	-134.615531647540890E-3	23.698431078084524E-3
956.000000000000110E+0	-116.513125836967060E-3	70.787786157350638E-3
957.000000000000110E+0	-108.320048821827140E-3	70.490724046870123E-3
958.000000000000110E+0	-146.444731595829690E-3	82.496549925342486E-3
959.000000000000110E+0	-126.696815818624270E-3	63.275348920735552E-3
960.000000000000110E+0	-121.777671085235710E-3	79.344899911197420E-3
961.000000000000110E+0	-226.837187433017010E-3	94.161589523759054E-3
962.000000000000110E+0	-122.979081700073640E-3	-18.915013193809078E-3
963.000000000000110E+0	-92.585933976941162E-3	4.469004475508009E-3
964.000000000000110E+0	-83.348160421596873E-3	7.921643966632903E-3
965.000000000000110E+0	-43.464183230236236E-3	13.377782715719167E-3
966.000000000000110E+0	-21.428255206701538E-3	78.299517123448487E-3
967.000000000000110E+0	-95.445160505381765E-3	97.494009142390689E-3
968.000000000000110E+0	-108.756046563753070E-3	66.195500639844182E-3
969.000000000000110E+0	-110.079490866975910E-3	65.657264692228420E-3
970.000000000000110E+0	-149.509025722026840E-3	73.617116742909966E-3
971.000000000000110E+0	-33.423770224847611E-3	-123.282388158929600E-3
972.000000000000110E+0	-60.740786251058408E-3	-47.324567235807150E-3
973.000000000000110E+0	-51.179410454058473E-3	-63.453940758813179E-3
974.000000000000110E+0	18.323897479071458E-3	-59.256466757150364E-3
975.000000000000110E+0	63.430558973324974E-3	-1.554329438105529E-3
976.000000000000110E+0	-69.020979461487456E-3	189.186567291430300E-3
977.000000000000110E+0	-124.461116804418180E-3	59.921711906911368E-3
978.000000000000110E+0	-133.025191598469210E-3	49.062642992427560E-3
979.000000000000110E+0	-181.783036334035530E-3	68.756885093949990E-3
980.000000000000110E+0	-331.173573342940510E-3	-141.298342490595340E-3
981.000000000000110E+0	-56.825770180460561E-3	-95.731264164107918E-3
982.000000000000110E+0	-71.144505002946473E-3	-46.515046144723404E-3
983.000000000000110E+0	-65.234276307633093E-3	-57.558961744579439E-3
984.000000000000110E+0	72.935362483239327E-3	122.451314458071840E-3
985.000000000000110E+0	-84.160572069898673E-3	43.151614759790430E-3
986.000000000000110E+0	-110.719557117539000E-3	-3.531676057263878E-3
987.000000000000110E+0	-92.297426436625501E-3	-29.522133271086416E-3
988.000000000000110E+0	-83.135346121324061E-3	-30.379337023520310E-3
989.000000000000110E+0	-113.462087144658840E-3	-11.084462186322610E-3
990.000000000000110E+0	-20.542930426891589E-3	-64.411668974421465E-3
991.000000000000110E+0	-60.150243371567019E-3	-74.363703587399993E-3
992.000000000000110E+0	-49.818948436122480E-3	-92.721063507330073E-3
993.000000000000110E+0	-10.717814309375639E-3	-88.513344624650603E-3
994.000000000000110E+0	-147.119853935064550E-3	12.805084913371010E-3
995.000000000000110E+0	-135.543942553024290E-3	-75.862797607899615E-3
996.000000000000110E+0	-119.542318868291030E-3	-82.061582910595884E-3
997.000000000000110E+0	-108.146895490973550E-3	-62.807129612289819E-3
998.000000000000110E+0	-149.049118867613850E-3	-46.950351670502800E-3
999.000000000000110E+0	-205.202068360406190E-3	108.360619357475050E-3
1.000000000000000E+3	-107.691928768229360E-3	-35.559804140632568E-3
