Freq (Hz)	Gxyaccelerometre /source
source
source_Real	Gxyaccelerometre /source
source
source_Imag
10.000000000000018E+0	-211.538126337190920E-6	-746.777304044026400E-6
11.000000000000020E+0	-20.409136330318562E-3	3.111757615784672E-3
12.000000000000021E+0	-824.294117851604610E-6	-18.982739899641544E-3
13.000000000000023E+0	8.516187857908638E-3	-13.547810097714797E-3
14.000000000000025E+0	-25.240913817500682E-3	73.833825934330202E-3
15.000000000000027E+0	-69.537091381704927E-3	14.653785851366535E-3
16.000000000000028E+0	-101.502316850404700E-3	-40.741199348616294E-3
17.000000000000028E+0	-112.442597591775510E-3	57.708948158581450E-3
18.000000000000028E+0	-54.212296951267759E-3	72.663188940048612E-3
19.000000000000028E+0	-367.024327736086620E-3	124.939585279258820E-3
20.000000000000028E+0	-305.733036919057840E-3	216.319121350016050E-3
21.000000000000028E+0	-314.226041516564360E-3	286.522992388831720E-3
22.000000000000028E+0	-616.762519610291600E-3	572.907177895544460E-3
23.000000000000028E+0	-866.169819898114590E-3	887.091574270549410E-3
24.000000000000028E+0	-927.643612084958490E-3	1.908009393652795E+0
25.000000000000028E+0	-1.101427161165943E+0	3.586785635082345E+0
26.000000000000028E+0	333.912219891749180E-3	7.655754904516954E+0
27.000000000000028E+0	2.649790114300418E+0	6.975685862942292E+0
28.000000000000028E+0	5.097487380257597E+0	6.552525492862451E+0
29.000000000000028E+0	3.761995660837548E+0	1.329535790045431E+0
30.000000000000028E+0	2.241444451836379E+0	296.294754962728500E-3
31.000000000000028E+0	3.508432830981893E+0	-345.514002895748910E-3
32.000000000000028E+0	4.563153438906784E+0	437.335679587227410E-3
33.000000000000028E+0	4.817685584073805E+0	509.348120069559100E-3
34.000000000000028E+0	2.799508328895837E+0	60.190881378126740E-3
35.000000000000028E+0	1.248680621130102E+0	-136.672423640819050E-3
36.000000000000028E+0	1.357816327197518E+0	1.452449271808028E+0
37.000000000000028E+0	6.898401412421153E+0	4.706952955265793E+0
38.000000000000028E+0	7.301035266210309E+0	-1.168163908527041E+0
39.000000000000028E+0	2.196468596140301E+0	-1.501439893038092E+0
40.000000000000028E+0	5.597691255256729E+0	-1.059068033645864E+0
41.000000000000028E+0	11.947782242226832E+0	-3.017333642090244E+0
42.000000000000028E+0	11.560913198037309E+0	-1.596578591563528E+0
43.000000000000028E+0	6.632044100713060E+0	-1.080920354670341E+0
44.000000000000028E+0	3.893982069958811E+0	-1.242007467220609E+0
45.000000000000028E+0	8.594757487790298E+0	-3.675005003219089E+0
46.000000000000028E+0	13.326962363760856E+0	-8.031660636155951E+0
47.000000000000028E+0	10.766766320260782E+0	-8.173228255391972E+0
48.000000000000028E+0	3.773747935045352E+0	-3.354117356600180E+0
49.000000000000028E+0	3.496628959216415E+0	-3.853430404970815E+0
50.000000000000028E+0	12.420825927350673E+0	-13.868029030678844E+0
51.000000000000028E+0	14.017787809480168E+0	-20.135476262921351E+0
52.000000000000028E+0	4.188976119145225E+0	-9.406459859132998E+0
53.000000000000028E+0	914.922719727554680E-3	-4.597679102554481E+0
54.000000000000028E+0	2.246571413726601E+0	-11.816991688250596E+0
55.000000000000028E+0	2.116498733556521E+0	-15.369462329912945E+0
56.000000000000028E+0	640.566042911446360E-3	-16.235008001504781E+0
57.000000000000028E+0	1.576304236027350E+0	-10.189747747217286E+0
58.000000000000028E+0	1.304994167841625E+0	-2.343036455139237E+0
59.000000000000028E+0	2.034119306772639E+0	-12.084278441307614E+0
60.000000000000028E+0	2.753505258340836E+0	-28.603467602408081E+0
61.000000000000028E+0	421.732704787673830E-3	-19.129108843997873E+0
62.000000000000028E+0	253.749978985268410E-3	-7.159550117143278E+0
63.000000000000028E+0	-84.401683704046951E-3	-23.456328250812774E+0
64.000000000000028E+0	-5.785658650507861E+0	-38.742524893759771E+0
65.000000000000028E+0	-16.247750172634273E+0	-55.488361673463075E+0
66.000000000000028E+0	-21.162086422302888E+0	-52.424349518324711E+0
67.000000000000028E+0	-4.784901052162762E+0	-7.720884298960351E+0
68.000000000000028E+0	-16.612635985633883E+0	-4.450927968687439E+0
69.000000000000028E+0	-26.033292576885657E+0	-18.267237643266601E+0
70.000000000000028E+0	-7.522595215669980E+0	-25.109188147823524E+0
71.000000000000028E+0	8.416489101903865E+0	-15.922713834328800E+0
72.000000000000028E+0	13.963344936624798E+0	-1.356720396433664E+0
73.000000000000028E+0	17.142076694425853E+0	-15.902096810614267E+0
74.000000000000028E+0	12.032595673919594E+0	-37.774367135942818E+0
75.000000000000028E+0	6.887327412114534E+0	-36.730984863030010E+0
76.000000000000028E+0	-3.318928883576819E+0	-23.858960809973283E+0
77.000000000000028E+0	-2.403947849109118E+0	-17.962198419988688E+0
78.000000000000028E+0	-10.573643723924864E+0	-65.057270858547866E+0
79.000000000000028E+0	-32.617367407819387E+0	-69.798536801536670E+0
80.000000000000028E+0	-16.976301796454983E+0	-19.336012670137336E+0
81.000000000000028E+0	-12.006954752251428E+0	-9.807566853798267E+0
82.000000000000028E+0	-30.495077308559086E+0	-21.757674075702219E+0
83.000000000000028E+0	-46.523775141225236E+0	-27.245760039759791E+0
84.000000000000028E+0	-30.430235730903576E+0	-10.272998649833463E+0
85.000000000000028E+0	-14.738176431919282E+0	-2.868207094133733E+0
86.000000000000028E+0	-9.011477255334697E+0	-2.381749415167653E+0
87.000000000000028E+0	-5.620223660814290E+0	2.967290233175181E+0
88.000000000000028E+0	-30.906853809565838E+0	29.660017944886363E+0
89.000000000000028E+0	-18.014392828983240E+0	29.894497878947845E+0
90.000000000000028E+0	-148.555512795838370E-3	828.708909481520760E-3
91.000000000000028E+0	1.417362189210029E+0	11.976953003686294E+0
92.000000000000028E+0	5.488557625622998E+0	17.068979738310304E+0
93.000000000000028E+0	6.759680621534375E+0	9.619066511516328E+0
94.000000000000028E+0	7.963795992631908E+0	5.609407963513422E+0
95.000000000000028E+0	3.387838211977633E+0	1.626094499633228E+0
96.000000000000028E+0	5.076181496768463E+0	-2.663775592965336E+0
97.000000000000028E+0	22.280067789820333E+0	-14.822452512243355E+0
98.000000000000028E+0	14.589653055619996E+0	-17.517918790515615E+0
99.000000000000028E+0	3.224106292501295E+0	-5.977828625124254E+0
100.000000000000030E+0	-1.345976690653054E+0	-2.907954959792763E+0
101.000000000000030E+0	3.175776813562662E+0	-34.624948711123189E+0
102.000000000000030E+0	-1.605758209214442E+0	-32.120343702215585E+0
103.000000000000030E+0	-5.745362438403855E+0	-2.590598983693221E+0
104.000000000000030E+0	-7.483313041249813E+0	-16.211008696197794E+0
105.000000000000030E+0	-1.849570359618568E+0	-3.754066525384925E+0
106.000000000000030E+0	-9.785098420336109E+0	-10.099647057949578E+0
107.000000000000030E+0	-16.166028526622117E+0	-20.191622717813033E+0
108.000000000000030E+0	-5.916162823303709E+0	-10.130245547384039E+0
109.000000000000030E+0	309.996198097014510E-3	-199.698572016366370E-3
110.000000000000030E+0	-4.180881625828588E+0	-7.663260200271969E+0
111.000000000000030E+0	-5.008602021545061E+0	-19.664347644693823E+0
112.000000000000030E+0	-2.014868345282113E+0	-12.621359423635649E+0
113.000000000000030E+0	-1.332624691804019E+0	-8.090089353846571E+0
114.000000000000030E+0	706.024094868557880E-3	-4.053824657274058E+0
115.000000000000030E+0	498.667141843325390E-3	-10.897304894940302E+0
116.000000000000030E+0	-1.852518969035210E+0	-13.877247653272789E+0
117.000000000000030E+0	-9.076353810184486E+0	-25.106949257029939E+0
118.000000000000030E+0	-6.910847397900002E+0	-18.256052335047393E+0
119.000000000000030E+0	140.448380178780360E-3	-2.610231370653356E+0
120.000000000000030E+0	-22.977474401727768E+0	-56.854742978155301E+0
121.000000000000030E+0	-34.517486262916933E+0	-66.439292734834225E+0
122.000000000000030E+0	-8.343729447987188E+0	-14.012512039222315E+0
123.000000000000030E+0	-25.092143553201829E+0	-39.288545780850193E+0
124.000000000000030E+0	-17.297758744946915E+0	-26.661036707691487E+0
125.000000000000030E+0	-58.205191310623924E+0	-72.942487954694030E+0
126.000000000000030E+0	-82.311520719836125E+0	-63.653829064209049E+0
127.000000000000030E+0	-67.056263439637902E+0	-34.098963283670159E+0
128.000000000000030E+0	-18.001949887612721E+0	240.181544737294420E-3
129.000000000000030E+0	-96.577672008144546E+0	-23.431891696804680E+0
130.000000000000030E+0	-149.164539650716140E+0	-17.380342028132407E+0
131.000000000000030E+0	-77.708849381035947E+0	-5.639185140946159E+0
132.000000000000030E+0	-10.433622069776316E+0	-1.491666063159055E+0
133.000000000000030E+0	-37.465173847994798E+0	4.848591776504028E+0
134.000000000000030E+0	-34.160601352428728E+0	-2.836422777713970E+0
135.000000000000030E+0	-30.662794881812921E+0	279.354207648912000E-3
136.000000000000030E+0	-47.227472169425667E+0	-6.798709603577047E+0
137.000000000000030E+0	-14.453169893586013E+0	-2.523873332885325E+0
138.000000000000030E+0	-17.147084310590309E+0	-9.694615159808512E+0
139.000000000000030E+0	-69.120411531288852E+0	-23.472802657843207E+0
140.000000000000030E+0	-35.746732581358138E+0	-9.093005078387453E+0
141.000000000000030E+0	-15.758633410059531E+0	-2.433706454147100E+0
142.000000000000030E+0	-14.026789219549173E+0	-1.803424126365716E+0
143.000000000000030E+0	-28.021785822626278E+0	-5.667619102263954E+0
144.000000000000030E+0	-34.805009643407303E+0	-4.605669941870145E+0
145.000000000000030E+0	-22.887033935126350E+0	-3.764622253318758E+0
146.000000000000030E+0	-20.761058170671578E+0	-4.681903821581415E+0
147.000000000000030E+0	-5.302194914067910E+0	-2.743812012073940E+0
148.000000000000030E+0	-19.744751450633220E+0	3.336012812554692E+0
149.000000000000030E+0	-29.683633124457479E+0	4.745392465921667E+0
150.000000000000030E+0	-4.161787094552621E+0	2.145490517992586E+0
151.000000000000030E+0	-1.474645822833613E+0	6.032424695240580E+0
152.000000000000030E+0	-20.756360566632573E+0	13.850820392244227E+0
153.000000000000030E+0	-20.871019270679650E+0	9.662114537177590E+0
154.000000000000030E+0	-20.509448705666351E+0	2.785688559654807E+0
155.000000000000030E+0	-26.622723127754050E+0	1.787847423154119E+0
156.000000000000030E+0	-10.911703052242967E+0	-4.311180303726564E+0
157.000000000000030E+0	-25.030004425425957E+0	-18.356995225321992E+0
158.000000000000030E+0	-30.129458448756445E+0	-20.854623202691272E+0
159.000000000000030E+0	-19.243045314915161E+0	-12.378178625227701E+0
160.000000000000030E+0	-6.227144513903544E+0	-6.475426738588379E+0
161.000000000000030E+0	-3.120779070457392E+0	2.190461103171789E+0
162.000000000000030E+0	-26.908858934629734E+0	8.091538464149291E+0
163.000000000000030E+0	-14.001290068905707E+0	7.801718314086747E+0
164.000000000000030E+0	-16.272987034007272E+0	3.789338569364352E+0
165.000000000000030E+0	-20.549009018952994E+0	3.936997133255876E+0
166.000000000000030E+0	-18.470638213198189E+0	2.263164682858353E+0
167.000000000000030E+0	-71.154906959988310E+0	-9.929331506199357E+0
168.000000000000030E+0	-64.186690094465149E+0	-2.244081955514065E+0
169.000000000000030E+0	-18.902159326164302E+0	-1.018043892836213E+0
170.000000000000030E+0	-11.943597092877773E+0	-7.065359589824010E+0
171.000000000000030E+0	-40.117619075813238E+0	1.485224335638211E+0
172.000000000000030E+0	-42.294452862957833E+0	12.399737272818106E+0
173.000000000000030E+0	-21.232240172756356E+0	13.058249506684126E+0
174.000000000000030E+0	-17.475472235523402E+0	13.491464623927914E+0
175.000000000000030E+0	-29.086408854590189E+0	18.986821486443617E+0
176.000000000000030E+0	-77.498395387236712E+0	37.601994602637248E+0
177.000000000000030E+0	-57.901775416640341E+0	32.219537229378133E+0
178.000000000000030E+0	-59.564561889112419E+0	32.158538682870414E+0
179.000000000000030E+0	-3.782181528818783E+0	2.178805486737056E+0
180.000000000000030E+0	-52.671807763502002E+0	57.668578231453651E+0
181.000000000000030E+0	-75.642694586124804E+0	85.041141159498920E+0
182.000000000000030E+0	-19.767354740112513E+0	27.376598824783088E+0
183.000000000000030E+0	-23.805126928848278E+0	27.800625595236880E+0
184.000000000000030E+0	-15.497775467543580E+0	28.999566295492553E+0
185.000000000000030E+0	-55.361566860376243E+0	59.536990493308586E+0
186.000000000000030E+0	-108.511103275171390E+0	91.344202885671549E+0
187.000000000000030E+0	-82.780861002414142E+0	77.496390411725514E+0
188.000000000000030E+0	-26.070894284794285E+0	25.255402250666286E+0
189.000000000000030E+0	-24.177218206428879E+0	42.343590012415369E+0
190.000000000000030E+0	-68.995852385270865E+0	167.552026834511420E+0
191.000000000000030E+0	-57.170306136055977E+0	192.577198943893930E+0
192.000000000000030E+0	6.543734146222671E+0	59.494635673969505E+0
193.000000000000030E+0	6.294978471079506E+0	69.354903112072904E+0
194.000000000000030E+0	1.338142706631746E+0	116.804071632344360E+0
195.000000000000030E+0	9.302569142037870E+0	79.245443645130336E+0
196.000000000000030E+0	23.161979266410487E+0	82.090556626242218E+0
197.000000000000030E+0	23.224635372065329E+0	65.490215107406229E+0
198.000000000000030E+0	2.202269029692864E+0	11.676311648539857E+0
199.000000000000030E+0	9.133934051111193E+0	127.766899140191800E+0
200.000000000000030E+0	-16.383497566956908E+0	149.554398893776470E+0
201.000000000000030E+0	-24.351372764486118E+0	44.107881869968637E+0
202.000000000000030E+0	-13.139208908130797E+0	33.911294342637781E+0
203.000000000000030E+0	-9.197544454315807E+0	34.524609141718372E+0
204.000000000000030E+0	-8.655319509024938E+0	102.913667767503400E+0
205.000000000000030E+0	19.576845671291874E+0	73.822718576220978E+0
206.000000000000030E+0	25.350879732447723E+0	73.792431850358028E+0
207.000000000000030E+0	14.471156973680916E+0	13.819533983014685E+0
208.000000000000030E+0	48.847952708595521E+0	27.827336565154290E+0
209.000000000000030E+0	86.627960362434749E+0	66.191828023237363E+0
210.000000000000030E+0	33.253146389050869E+0	17.162135262558529E+0
211.000000000000030E+0	6.164283225013166E+0	-6.730878420541932E+0
212.000000000000030E+0	27.545117531044177E+0	655.805555217719550E-3
213.000000000000030E+0	14.613031499943128E+0	9.078831523228258E+0
214.000000000000030E+0	-3.299794702637615E+0	6.983587022706436E+0
215.000000000000030E+0	-23.837417885487898E+0	5.360177123205207E+0
216.000000000000030E+0	-13.964835058600139E+0	-2.688726839766344E+0
217.000000000000030E+0	-2.877723277029883E+0	-4.116407479184856E+0
218.000000000000030E+0	-5.555834227461570E+0	15.760882422659069E+0
219.000000000000030E+0	-6.366546362815191E+0	38.205833550248762E+0
220.000000000000030E+0	-11.117833556136716E+0	30.017176376719771E+0
221.000000000000030E+0	-9.468495466528241E+0	18.921866376454727E+0
222.000000000000030E+0	-12.733416830833143E+0	31.606180532459962E+0
223.000000000000030E+0	-8.586208298844090E+0	49.662958702951457E+0
224.000000000000030E+0	-1.417052655890221E+0	19.054505061225289E+0
225.000000000000030E+0	7.486037822565163E+0	40.439003420705411E+0
226.000000000000030E+0	-451.079808005812210E-3	21.236251732933731E+0
227.000000000000030E+0	1.620393482616200E+0	18.834085470953632E+0
228.000000000000030E+0	10.331953977477012E+0	44.629977305069445E+0
229.000000000000030E+0	6.505583543934080E+0	26.110894414974798E+0
230.000000000000030E+0	2.163545107550806E+0	13.100335862345677E+0
231.000000000000030E+0	2.405090845510030E+0	40.787328964393353E+0
232.000000000000030E+0	-258.399267872095720E-3	62.411922107271380E+0
233.000000000000030E+0	-8.588465321863687E+0	47.748455583683338E+0
234.000000000000030E+0	-8.393444515460406E+0	41.353286118870535E+0
235.000000000000030E+0	293.489346353437710E-3	16.374527702590871E+0
236.000000000000030E+0	14.342078721232252E+0	27.880446232851604E+0
237.000000000000030E+0	14.885669970161279E+0	45.175011062087677E+0
238.000000000000030E+0	15.297919113820555E+0	50.181832510232894E+0
239.000000000000030E+0	9.231152024993680E+0	19.738845151694640E+0
240.000000000000030E+0	5.152262405080879E+0	11.556093193014833E+0
241.000000000000030E+0	22.627464816376108E+0	38.229308418598833E+0
242.000000000000030E+0	16.993553462491516E+0	24.713488781653343E+0
243.000000000000030E+0	8.502441494871366E+0	14.318047526307245E+0
244.000000000000030E+0	19.311436226724670E+0	25.764763548187339E+0
245.000000000000030E+0	8.204727518500018E+0	12.742980546992751E+0
246.000000000000030E+0	11.185465992921724E+0	24.669085814979645E+0
247.000000000000030E+0	18.658620217794301E+0	25.456159768970899E+0
248.000000000000030E+0	12.473999231522860E+0	17.287702176777479E+0
249.000000000000030E+0	2.122341885441483E+0	14.051445452309085E+0
250.000000000000030E+0	-7.585822742788197E+0	13.757771039579703E+0
251.000000000000030E+0	-9.996048318401133E+0	16.542884111226837E+0
252.000000000000030E+0	-6.776563008131123E+0	4.247789584432596E+0
253.000000000000030E+0	-2.666328180484759E+0	1.834281278685014E+0
254.000000000000030E+0	-242.722731717172570E-3	2.469277960875218E+0
255.000000000000030E+0	7.421863184210911E+0	13.713401060830574E+0
256.000000000000060E+0	-4.239150161455687E+0	41.158955244145503E+0
257.000000000000060E+0	-22.883920321564641E+0	70.200250147045452E+0
258.000000000000060E+0	-2.602093786737755E+0	30.688954674309446E+0
259.000000000000060E+0	-27.614049793728988E+0	49.635082479794420E+0
260.000000000000060E+0	-56.260089457691308E+0	144.025705757908890E+0
261.000000000000060E+0	-36.096901025370073E+0	64.951337318277041E+0
262.000000000000060E+0	-24.663665899933385E+0	35.845820045499082E+0
263.000000000000060E+0	3.755499908192367E+0	29.205148391877309E+0
264.000000000000060E+0	33.481806812960428E+0	46.556235073492019E+0
265.000000000000060E+0	52.699811314436161E+0	74.512459572417853E+0
266.000000000000060E+0	49.335288403684743E+0	77.149335449112726E+0
267.000000000000060E+0	46.953996203941685E+0	53.758696524320953E+0
268.000000000000060E+0	29.462926713285547E+0	19.551402166703191E+0
269.000000000000060E+0	61.635802291795855E+0	72.988153363775268E+0
270.000000000000060E+0	102.152281459446090E+0	107.089136556262330E+0
271.000000000000060E+0	16.028366630998470E+0	29.445519568611672E+0
272.000000000000060E+0	28.612656408553541E+0	13.169363648542092E+0
273.000000000000060E+0	45.886529610644715E+0	16.756222695451832E+0
274.000000000000060E+0	43.639541360967044E+0	17.336627006441859E+0
275.000000000000060E+0	45.788289109310035E+0	25.077011552160265E+0
276.000000000000060E+0	50.076364029269484E+0	30.693873909580464E+0
277.000000000000060E+0	10.451283616347004E+0	7.499045053366911E+0
278.000000000000060E+0	40.507585610000447E+0	20.419962581625672E+0
279.000000000000060E+0	53.811373108989279E+0	44.918784654886686E+0
280.000000000000060E+0	20.642707158582059E+0	33.387777875814891E+0
281.000000000000060E+0	6.931705872199421E+0	18.772236158680496E+0
282.000000000000060E+0	13.126516853377325E+0	14.015798474253836E+0
283.000000000000060E+0	50.047942372785521E+0	60.437396686280365E+0
284.000000000000060E+0	19.519496285925918E+0	41.021455067745364E+0
285.000000000000060E+0	21.183587460683078E+0	53.929207584112035E+0
286.000000000000060E+0	36.430791998357364E+0	60.030275250447332E+0
287.000000000000060E+0	12.842116248371365E+0	19.107407739144655E+0
288.000000000000060E+0	84.125569033036214E+0	98.391643805653913E+0
289.000000000000060E+0	88.531300598994676E+0	82.357125685348208E+0
290.000000000000060E+0	29.711879768968043E+0	22.164610617898482E+0
291.000000000000060E+0	46.378026004195391E+0	30.169932078585067E+0
292.000000000000060E+0	75.874038564420033E+0	39.182838678400138E+0
293.000000000000060E+0	69.908024724680544E+0	29.469352362485104E+0
294.000000000000060E+0	60.117387981194199E+0	33.051670638434764E+0
295.000000000000060E+0	52.553422240926089E+0	39.191486718659959E+0
296.000000000000060E+0	30.357869882752936E+0	25.043621134820249E+0
297.000000000000060E+0	46.393971087556793E+0	16.907599440954819E+0
298.000000000000060E+0	108.986295760562670E+0	43.422030997392255E+0
299.000000000000060E+0	92.826160006974263E+0	41.911814400129835E+0
300.000000000000060E+0	30.367867412551384E+0	22.378444544958864E+0
301.000000000000060E+0	79.570996012845171E+0	23.493978311989359E+0
302.000000000000060E+0	177.479299604563780E+0	27.533770854491728E+0
303.000000000000060E+0	47.239565184251020E+0	6.778518004183179E+0
304.000000000000060E+0	103.646559065909220E+0	11.912272475699371E+0
305.000000000000060E+0	61.292085118078695E+0	420.121180859354900E-3
306.000000000000060E+0	58.569156235411789E+0	5.326248270452878E+0
307.000000000000060E+0	116.467934482727710E+0	11.788295345466448E+0
308.000000000000060E+0	85.108953403008726E+0	5.152618872014715E+0
309.000000000000060E+0	46.832117412289314E+0	1.036709224516712E+0
310.000000000000060E+0	52.836192640787637E+0	4.511510947832361E+0
311.000000000000060E+0	119.914173406583130E+0	14.240904494957210E+0
312.000000000000060E+0	107.178092241542530E+0	1.231240556068889E+0
313.000000000000060E+0	48.542217325600227E+0	697.755176538430440E-3
314.000000000000060E+0	74.647785921710607E+0	4.584641650519631E+0
315.000000000000060E+0	77.492704693694378E+0	-442.513090090330410E-3
316.000000000000060E+0	71.531030942074153E+0	-698.169236035798170E-3
317.000000000000060E+0	133.543409886871730E+0	-8.581850852075849E+0
318.000000000000060E+0	87.839516242484493E+0	-7.952589759301972E+0
319.000000000000060E+0	24.932279809469026E+0	-1.169968046133901E+0
320.000000000000060E+0	135.696599104469670E+0	-16.192748321786276E+0
321.000000000000060E+0	149.446547353860350E+0	-25.312463165395069E+0
322.000000000000060E+0	57.902942677827340E+0	-11.755733092357756E+0
323.000000000000060E+0	82.852728551586523E+0	-17.450840294567314E+0
324.000000000000060E+0	64.139399228758506E+0	-14.479140919214895E+0
325.000000000000060E+0	122.319784895501880E+0	-39.015105408057700E+0
326.000000000000060E+0	120.616623948630040E+0	-40.372662548799454E+0
327.000000000000060E+0	103.312537160927600E+0	-38.042288880344131E+0
328.000000000000060E+0	77.352962026209184E+0	-35.671696964031888E+0
329.000000000000060E+0	56.390018156726242E+0	-26.176894967799722E+0
330.000000000000060E+0	233.669601818103870E+0	-134.120964811644340E+0
331.000000000000060E+0	126.939456020997230E+0	-81.051928356164126E+0
332.000000000000060E+0	61.825213299062703E+0	-40.207716990854706E+0
333.000000000000060E+0	111.772889343633930E+0	-69.232682500741475E+0
334.000000000000060E+0	154.091893495800860E+0	-110.531181100266620E+0
335.000000000000060E+0	107.085405510518310E+0	-102.408610783679180E+0
336.000000000000060E+0	164.137730798929790E+0	-216.448642123495740E+0
337.000000000000060E+0	78.688988821370970E+0	-130.343562878584270E+0
338.000000000000060E+0	51.093437670934563E+0	-115.824664841559150E+0
339.000000000000060E+0	100.139915943291830E+0	-373.077971489129030E+0
340.000000000000060E+0	45.448933849927961E+0	-343.625656733192330E+0
341.000000000000060E+0	2.169874400050138E+0	-193.552967967035560E+0
342.000000000000060E+0	-12.040927435863395E+0	-102.319396284595330E+0
343.000000000000060E+0	-46.297635434943935E+0	-165.109331200694190E+0
344.000000000000060E+0	-61.751359519262813E+0	-173.301036344857520E+0
345.000000000000060E+0	-32.955449465116075E+0	-57.805840904189210E+0
346.000000000000060E+0	-48.200670322508209E+0	-68.586753518496735E+0
347.000000000000060E+0	-20.382556254112231E+0	-23.899493294464907E+0
348.000000000000060E+0	-34.840835507978831E+0	-56.957536663922440E+0
349.000000000000060E+0	-32.140349931118507E+0	-109.733571257108540E+0
350.000000000000060E+0	-3.637208676282072E+0	-29.279050720731032E+0
351.000000000000060E+0	-10.697662672138863E+0	-15.573408224143455E+0
352.000000000000060E+0	-11.051614858475023E+0	-40.016610831516367E+0
353.000000000000060E+0	-14.075503360093842E+0	-39.141004288675617E+0
354.000000000000060E+0	-34.938933230739011E+0	-27.447654194203050E+0
355.000000000000060E+0	-34.209011161786336E+0	-38.976050096814959E+0
356.000000000000060E+0	-7.075628093787651E+0	-31.346111896415088E+0
357.000000000000060E+0	209.838817964845080E-3	-24.505799716364304E+0
358.000000000000060E+0	-1.935522518965952E+0	-28.478841447290517E+0
359.000000000000060E+0	-11.454063414809827E+0	-31.461326345555978E+0
360.000000000000060E+0	6.471166589103293E+0	-30.526656337442091E+0
361.000000000000060E+0	6.975948033382305E+0	108.141306819135770E-3
362.000000000000060E+0	17.501630992858111E+0	-29.489334026586640E+0
363.000000000000060E+0	22.751500441753386E+0	-24.519248989309283E+0
364.000000000000060E+0	24.891759671576825E+0	-8.300192887440954E+0
365.000000000000060E+0	26.413196137422755E+0	-8.839201422110555E+0
366.000000000000060E+0	10.420014715304946E+0	-8.058820649838875E+0
367.000000000000060E+0	29.779401294720014E+0	-42.066655608151684E+0
368.000000000000060E+0	46.456724493297159E+0	-68.280867264116253E+0
369.000000000000060E+0	19.665539023980777E+0	-28.150565303700933E+0
370.000000000000060E+0	3.590371483220744E+0	-30.993675263799975E+0
371.000000000000060E+0	14.645571715973585E+0	-70.274449996821247E+0
372.000000000000060E+0	37.143869467122165E+0	-114.669142357051170E+0
373.000000000000060E+0	21.906200740151483E+0	-61.894878487040117E+0
374.000000000000060E+0	4.543505579401007E+0	-23.577510819319770E+0
375.000000000000060E+0	-3.192958857462396E+0	-36.261268654412859E+0
376.000000000000060E+0	-12.370083077000299E+0	-41.040117927802257E+0
377.000000000000060E+0	-22.616038228255650E+0	-54.410602566359671E+0
378.000000000000060E+0	-27.779745060905793E+0	-61.758201747632952E+0
379.000000000000060E+0	-14.914715328360179E+0	-31.224634985437014E+0
380.000000000000060E+0	15.953330861527700E+0	-40.212572047592445E+0
381.000000000000060E+0	19.996517990699466E+0	-70.379862400114774E+0
382.000000000000060E+0	12.923000922370338E+0	-25.755098048331369E+0
383.000000000000060E+0	8.901361251815871E+0	-11.804278431414856E+0
384.000000000000060E+0	6.762462198680000E+0	-1.285043884781375E+0
385.000000000000060E+0	-18.896565061719436E+0	-7.509511325115383E+0
386.000000000000060E+0	-27.894694175257769E+0	-38.485092810926034E+0
387.000000000000060E+0	-6.909810832083922E+0	-44.193049286501726E+0
388.000000000000060E+0	12.003368092056274E+0	-42.765376449356417E+0
389.000000000000060E+0	12.836343880867323E+0	-21.382692565936932E+0
390.000000000000060E+0	61.089533373520986E+0	-36.243740387864520E+0
391.000000000000060E+0	83.186288684528876E+0	-34.976925671291170E+0
392.000000000000060E+0	42.629492491056865E+0	-6.748522980796885E+0
393.000000000000060E+0	6.913582200291321E+0	6.300046663133412E+0
394.000000000000060E+0	11.120049262816732E+0	-21.192164817551109E+0
395.000000000000060E+0	2.161040972807906E+0	-43.881516701245268E+0
396.000000000000060E+0	40.064296112412251E+0	-114.967981953005990E+0
397.000000000000060E+0	42.319449698815411E+0	-89.868198376689051E+0
398.000000000000060E+0	30.369725696862059E+0	-51.960310531502728E+0
399.000000000000060E+0	115.388497214991250E+0	-96.001335826724215E+0
400.000000000000060E+0	146.101986950077450E+0	-145.158712826091860E+0
401.000000000000060E+0	69.024428672874748E+0	-89.211103194925059E+0
402.000000000000060E+0	23.979546329646251E+0	-61.425200649775988E+0
403.000000000000060E+0	-16.969949548495595E+0	-25.022115355058585E+0
404.000000000000060E+0	-142.095928566989360E+0	-159.799596495954940E+0
405.000000000000060E+0	-109.811555418966150E+0	-75.767712181280785E+0
406.000000000000060E+0	-87.679023434111215E+0	-104.081642735448700E+0
407.000000000000060E+0	-63.212947107150036E+0	-63.416080026178044E+0
408.000000000000060E+0	-17.198413918235932E+0	-35.052729805390697E+0
409.000000000000060E+0	-44.136905591556285E+0	-87.961127944640239E+0
410.000000000000060E+0	-21.343389126719217E+0	-52.886848930422936E+0
411.000000000000060E+0	-4.486819645657662E+0	-12.024597195600833E+0
412.000000000000060E+0	-7.870304917099588E+0	-9.450307014052784E+0
413.000000000000060E+0	-18.486475613902812E+0	-18.493619606055809E+0
414.000000000000060E+0	-24.321426279918601E+0	-27.615451506402298E+0
415.000000000000060E+0	-18.414839833837512E+0	-27.123828392530715E+0
416.000000000000060E+0	-13.126592993409366E+0	-18.430458121422966E+0
417.000000000000060E+0	-5.118974695553718E+0	-28.386969421465814E+0
418.000000000000060E+0	3.688417552686408E+0	-44.999705800850315E+0
419.000000000000060E+0	1.797648392577038E+0	-46.154040789148510E+0
420.000000000000060E+0	-2.156181765200977E+0	-41.828362508955230E+0
421.000000000000060E+0	113.188998709342180E-3	-9.836412078265608E+0
422.000000000000060E+0	4.723210380321913E+0	-39.162795776928050E+0
423.000000000000060E+0	11.220590064528533E+0	-61.905355077426520E+0
424.000000000000060E+0	-780.613619029512430E-3	-29.211300758498215E+0
425.000000000000060E+0	1.626106834198516E+0	-40.503091485926078E+0
426.000000000000060E+0	-5.058684415197458E+0	-25.821601698692746E+0
427.000000000000060E+0	9.065008866370562E+0	-42.987806619130637E+0
428.000000000000060E+0	22.688623738565244E+0	-99.930683336224121E+0
429.000000000000060E+0	8.367170149807610E+0	-51.483020105573431E+0
430.000000000000060E+0	13.298260481781034E+0	-31.841635330928362E+0
431.000000000000060E+0	-5.179567615259913E+0	-26.816072795097121E+0
432.000000000000060E+0	8.908860421172104E+0	-112.547827777449540E+0
433.000000000000060E+0	22.778264508006234E+0	-112.488740735733330E+0
434.000000000000060E+0	12.642550328037492E+0	-55.989497927368326E+0
435.000000000000060E+0	9.079277965181419E+0	-61.206749762746554E+0
436.000000000000060E+0	32.589902224261429E+0	-113.933788185977390E+0
437.000000000000060E+0	32.614246441064175E+0	-150.775674274485770E+0
438.000000000000060E+0	10.453004790002911E+0	-268.460038827902850E+0
439.000000000000060E+0	-2.681636066805340E+0	-190.173196887682250E+0
440.000000000000060E+0	-9.656041127916406E+0	-28.591783422380860E+0
441.000000000000060E+0	-196.348454605829090E+0	-289.302760338353320E+0
442.000000000000060E+0	-240.217966029646330E+0	-232.455727536419600E+0
443.000000000000060E+0	-160.246440702734330E+0	-132.274558665254690E+0
444.000000000000060E+0	-153.624683861634200E+0	-104.654442307875040E+0
445.000000000000060E+0	-83.552485594914586E+0	-45.214320912926567E+0
446.000000000000060E+0	-207.121975325767210E+0	-82.860399308079394E+0
447.000000000000060E+0	-189.225566114742550E+0	-49.615925650674953E+0
448.000000000000060E+0	-122.346055258299460E+0	-10.606309372540558E+0
449.000000000000060E+0	-73.185391909368405E+0	3.130986655121300E+0
450.000000000000060E+0	-65.324834195032366E+0	4.861598344756270E+0
451.000000000000060E+0	-222.452953522018480E+0	31.856881967585945E+0
452.000000000000060E+0	-124.705496113974430E+0	20.915333517428191E+0
453.000000000000060E+0	-43.458685410015228E+0	685.392834338141350E-3
454.000000000000060E+0	-56.068711063838108E+0	783.113654899742270E-3
455.000000000000060E+0	-62.165286471953870E+0	3.130606256971957E+0
456.000000000000060E+0	-72.780922982465398E+0	6.980731125203874E+0
457.000000000000060E+0	-61.717631249247077E+0	11.060285382021297E+0
458.000000000000060E+0	-36.584564820885859E+0	7.166567519943636E+0
459.000000000000060E+0	-17.624256756031492E+0	-316.178474830308700E-3
460.000000000000060E+0	-85.886473337979524E+0	12.425763885477291E+0
461.000000000000060E+0	-57.392794095344286E+0	7.384991506236122E+0
462.000000000000060E+0	-47.879862857113089E+0	4.924258294961432E+0
463.000000000000060E+0	-23.327879819560444E+0	-2.170219428418085E+0
464.000000000000060E+0	-40.597890966092962E+0	-5.631185655700698E+0
465.000000000000060E+0	-53.906680546142375E+0	-1.620127580737223E+0
466.000000000000060E+0	-34.267059348046580E+0	1.331286204003586E+0
467.000000000000060E+0	-42.066403275045957E+0	-711.756210320437450E-3
468.000000000000060E+0	-14.736010959861318E+0	-6.001518275099940E+0
469.000000000000060E+0	-26.678535588691112E+0	11.058160833471986E+0
470.000000000000060E+0	-75.810814179582039E+0	18.457190077070422E+0
471.000000000000060E+0	-34.513055484613389E+0	8.463223524638757E+0
472.000000000000060E+0	-27.905258218171401E+0	-2.557055273340047E+0
473.000000000000060E+0	-43.792544096036181E+0	-20.936822083618537E+0
474.000000000000060E+0	-54.192633908236836E+0	-28.896229264424402E+0
475.000000000000060E+0	-74.429877677227253E+0	-26.809227964457239E+0
476.000000000000060E+0	-48.648800251169767E+0	-24.547559703167231E+0
477.000000000000060E+0	-16.103027855141285E+0	-10.267728429414069E+0
478.000000000000060E+0	-14.843727669262133E+0	18.813524673930868E+0
479.000000000000060E+0	-40.648842856750804E+0	32.786273500827519E+0
480.000000000000060E+0	-13.591074725452012E+0	17.982718538382034E+0
481.000000000000060E+0	-7.204149686258408E+0	6.986843487756770E+0
482.000000000000060E+0	-8.519622561999270E+0	-4.129274178253187E+0
483.000000000000060E+0	-14.724941451511029E+0	-35.633303391011289E+0
484.000000000000060E+0	-11.149376054674361E+0	-43.751448895469267E+0
485.000000000000060E+0	6.511885234979911E+0	-21.985839352014764E+0
486.000000000000060E+0	-3.737723852105200E+0	-27.993443497808556E+0
487.000000000000060E+0	-2.501926305476255E+0	-4.070857998775674E+0
488.000000000000060E+0	-51.376956758543677E+0	-44.719571598525917E+0
489.000000000000060E+0	-55.168857056165336E+0	-59.757542106652366E+0
490.000000000000060E+0	-32.896348464534370E+0	-23.366382302914825E+0
491.000000000000060E+0	-23.162797959291975E+0	-25.015649301294815E+0
492.000000000000060E+0	-35.981424287075690E+0	-51.769075630193029E+0
493.000000000000060E+0	-54.682004429891677E+0	-63.023374704129495E+0
494.000000000000060E+0	-45.315931554205349E+0	-43.445613717111911E+0
495.000000000000060E+0	-22.382142351829675E+0	-16.168286241317190E+0
496.000000000000060E+0	-41.472956860232152E+0	-10.891686723410524E+0
497.000000000000060E+0	-62.995028713891074E+0	-21.443053792608850E+0
498.000000000000060E+0	-125.014572870642640E+0	-44.329458719077920E+0
499.000000000000060E+0	-98.599768115159335E+0	-26.536002852580282E+0
500.000000000000060E+0	-32.470654445132013E+0	-10.495740411083965E+0
501.000000000000060E+0	-41.446982815087615E+0	-9.102712231060105E+0
502.000000000000060E+0	-127.871531923608060E+0	-627.350678610310910E-3
503.000000000000060E+0	-73.407450090505009E+0	6.107429489924918E+0
504.000000000000060E+0	-47.335272687557435E+0	9.902811003068177E+0
505.000000000000060E+0	-52.678935859286412E+0	23.843393246683224E+0
506.000000000000060E+0	-61.782880513335954E+0	7.091501435439151E+0
507.000000000000060E+0	-124.166925401947040E+0	26.611823105174967E+0
508.000000000000060E+0	-69.965529970929509E+0	28.208866229293971E+0
509.000000000000060E+0	-50.815437315667189E+0	16.235768906165685E+0
510.000000000000060E+0	-11.682877271420498E+0	7.552173496539885E+0
511.000000000000060E+0	-69.592026755535855E+0	52.182375033758468E+0
512.000000000000110E+0	-67.952015069009491E+0	59.143441611298741E+0
513.000000000000110E+0	-15.454987226903086E+0	25.510596089274763E+0
514.000000000000110E+0	-17.290264445433380E+0	25.919300236472612E+0
515.000000000000110E+0	-31.720632212967565E+0	20.717353021252233E+0
516.000000000000110E+0	-39.140546291957705E+0	10.832454987367564E+0
517.000000000000110E+0	-59.550146511583179E+0	1.131257388732221E+0
518.000000000000110E+0	-41.808102414340261E+0	4.428730233099881E+0
519.000000000000110E+0	-11.939506473029194E+0	268.830836968772750E-3
520.000000000000110E+0	-46.010910197106980E+0	11.034244170531693E+0
521.000000000000110E+0	-82.268423182979504E+0	28.635749760342541E+0
522.000000000000110E+0	-57.319645392159643E+0	10.563439990446163E+0
523.000000000000110E+0	-22.143186443951748E+0	4.704385586290043E+0
524.000000000000110E+0	-19.336801840987622E+0	2.059038243104582E+0
525.000000000000110E+0	-39.317817407672301E+0	16.502362572804913E+0
526.000000000000110E+0	-53.278415320558452E+0	8.080823260267639E+0
527.000000000000110E+0	-35.488476821379358E+0	-1.005624455410698E+0
528.000000000000110E+0	-34.726600156030557E+0	1.693823815142155E+0
529.000000000000110E+0	-19.232157932570228E+0	-774.168086523316260E-3
530.000000000000110E+0	-112.013180224838760E+0	-3.021393301631362E+0
531.000000000000110E+0	-90.701960082260300E+0	-1.267881495861642E+0
532.000000000000110E+0	-21.387450563543691E+0	-3.494925112391710E+0
533.000000000000110E+0	-32.801056155854951E+0	4.174394174227827E+0
534.000000000000110E+0	-44.791128210508781E+0	10.564201133224355E+0
535.000000000000110E+0	-74.953943227724011E+0	31.294913075958867E+0
536.000000000000110E+0	-72.666725059397066E+0	41.327576482291043E+0
537.000000000000110E+0	-52.210592630339399E+0	26.623611216624461E+0
538.000000000000110E+0	-28.096233867282855E+0	6.729094560780416E+0
539.000000000000110E+0	-84.781074787017474E+0	19.851164007969960E+0
540.000000000000110E+0	-75.236438412133495E+0	34.068240450104085E+0
541.000000000000110E+0	-54.448756712530624E+0	31.774579851687889E+0
542.000000000000110E+0	-17.003738236896879E+0	3.118051638984812E+0
543.000000000000110E+0	-37.109157207178718E+0	26.357799093313993E+0
544.000000000000110E+0	-64.352700475374291E+0	54.327431694705453E+0
545.000000000000110E+0	-44.016305113372510E+0	25.603525488331382E+0
546.000000000000110E+0	-43.509782642024760E+0	30.496451095146359E+0
547.000000000000110E+0	-28.729118813088274E+0	15.696203016869541E+0
548.000000000000110E+0	-32.757181039741802E+0	6.278726251474053E+0
549.000000000000110E+0	-106.449732010265880E+0	44.251506779684789E+0
550.000000000000110E+0	-58.476050658986232E+0	24.495220059404527E+0
551.000000000000110E+0	-16.252701687044990E+0	7.693271497135603E+0
552.000000000000110E+0	-32.537850693478035E+0	29.748678029820560E+0
553.000000000000110E+0	-74.839857164126172E+0	41.872715156965356E+0
554.000000000000110E+0	-89.470511518475021E+0	53.232727702113038E+0
555.000000000000110E+0	-33.776940756384526E+0	21.009587075057119E+0
556.000000000000110E+0	-39.039305075935246E+0	29.991257743725576E+0
557.000000000000110E+0	-38.051801471952693E+0	17.340161958559484E+0
558.000000000000110E+0	-81.592402624191081E+0	40.758762068704343E+0
559.000000000000110E+0	-92.873585559943095E+0	65.994033865939002E+0
560.000000000000110E+0	-42.264668000532609E+0	37.049978640912869E+0
561.000000000000110E+0	-15.951164747654323E+0	15.599167864684336E+0
562.000000000000110E+0	-110.140056090421690E+0	94.692597495767728E+0
563.000000000000110E+0	-97.784243384821110E+0	93.666744426355933E+0
564.000000000000110E+0	-55.042031802923091E+0	48.724475825086223E+0
565.000000000000110E+0	-59.816114151683145E+0	53.803959979923583E+0
566.000000000000110E+0	-25.471152138514814E+0	17.683314875983179E+0
567.000000000000110E+0	-70.575065720555088E+0	88.856937613591896E+0
568.000000000000110E+0	-76.258004188347286E+0	112.609680388108900E+0
569.000000000000110E+0	-54.340676531589835E+0	88.384721586333711E+0
570.000000000000110E+0	-16.301749071802782E+0	32.819726011877655E+0
571.000000000000110E+0	-45.510936665140747E+0	78.081804473609665E+0
572.000000000000110E+0	-85.340614598152257E+0	168.005025292988590E+0
573.000000000000110E+0	-46.853484591533544E+0	114.677524168677020E+0
574.000000000000110E+0	-15.988216264847221E+0	38.002521285345395E+0
575.000000000000110E+0	-21.275433084413017E+0	62.656499937767684E+0
576.000000000000110E+0	-19.928712477819957E+0	53.997012934720360E+0
577.000000000000110E+0	-39.641596262157591E+0	123.361638468559960E+0
578.000000000000110E+0	-32.974100849387796E+0	124.876914979501250E+0
579.000000000000110E+0	-12.454935937149218E+0	44.534010624801112E+0
580.000000000000110E+0	-18.271384809454098E+0	48.855887590077700E+0
581.000000000000110E+0	-69.708251190164631E+0	192.173134672160640E+0
582.000000000000110E+0	-44.620292218401673E+0	157.825936898016780E+0
583.000000000000110E+0	-27.938181256319659E+0	95.240100041546455E+0
584.000000000000110E+0	-22.703540165668844E+0	69.471214997656517E+0
585.000000000000110E+0	-4.471211218391100E+0	108.014863347407840E+0
586.000000000000110E+0	25.164929444121366E+0	248.478400259898710E+0
587.000000000000110E+0	40.455944076485068E+0	200.614169676911270E+0
588.000000000000110E+0	71.280658477583799E+0	182.523301268253960E+0
589.000000000000110E+0	24.882370137689264E+0	38.140810147632784E+0
590.000000000000110E+0	146.845747014512650E+0	196.141288078443920E+0
591.000000000000110E+0	257.097854725358390E+0	235.861573297516830E+0
592.000000000000110E+0	104.030584247077360E+0	63.308055478684309E+0
593.000000000000110E+0	59.596000474444793E+0	33.254045776054873E+0
594.000000000000110E+0	88.408663360999611E+0	39.916270757574537E+0
595.000000000000110E+0	108.509207546697100E+0	46.989067826389387E+0
596.000000000000110E+0	129.733502764634580E+0	45.483642946448384E+0
597.000000000000110E+0	92.051885139794123E+0	18.614403492340834E+0
598.000000000000110E+0	33.942316169090496E+0	1.632824388991745E+0
599.000000000000110E+0	71.623830668311257E+0	13.630011143674732E+0
600.000000000000110E+0	132.274469397314530E+0	24.796295239891034E+0
601.000000000000110E+0	111.412602296318710E+0	17.041255918616020E+0
602.000000000000110E+0	25.912978599987923E+0	-2.445987513105707E+0
603.000000000000110E+0	43.346929179401762E+0	5.501306845235070E+0
604.000000000000110E+0	80.310841254526821E+0	21.779812439164530E+0
605.000000000000110E+0	73.915352352119484E+0	18.792329127546985E+0
606.000000000000110E+0	49.961233276528709E+0	19.100435376789139E+0
607.000000000000110E+0	40.712527952089424E+0	12.056480602929243E+0
608.000000000000110E+0	11.792785915030265E+0	-3.428346301885328E+0
609.000000000000110E+0	142.864405593157640E+0	12.140535742878509E+0
610.000000000000110E+0	137.865042617855270E+0	4.575295882186376E+0
611.000000000000110E+0	62.025064972190592E+0	10.173470472146960E+0
612.000000000000110E+0	29.471334085915771E+0	7.747251882496164E+0
613.000000000000110E+0	78.177582390374937E+0	846.107090214217040E-3
614.000000000000110E+0	138.167791676469960E+0	1.912638328271548E+0
615.000000000000110E+0	93.012085757502021E+0	2.153171923400022E+0
616.000000000000110E+0	56.063203383233031E+0	-2.107149863857345E+0
617.000000000000110E+0	23.563560292623055E+0	-12.392451110393546E+0
618.000000000000110E+0	61.287355460088882E+0	-47.945390668249900E+0
619.000000000000110E+0	156.571810620212570E+0	-101.215899619791400E+0
620.000000000000110E+0	127.539195239161700E+0	-78.684163129295584E+0
621.000000000000110E+0	22.589587685955944E+0	-14.168246542647775E+0
622.000000000000110E+0	63.598305257165080E+0	-40.039139191422834E+0
623.000000000000110E+0	102.039147131091170E+0	-95.790950870869395E+0
624.000000000000110E+0	62.754187578879986E+0	-62.260498879625118E+0
625.000000000000110E+0	47.729640557359197E+0	-49.425681809273577E+0
626.000000000000110E+0	22.458902349678528E+0	-31.783938608504769E+0
627.000000000000110E+0	17.418122830935843E+0	-39.715761828084169E+0
628.000000000000110E+0	53.865498702645439E+0	-136.103563073591150E+0
629.000000000000110E+0	36.592556038058731E+0	-115.905716589241410E+0
630.000000000000110E+0	18.912730937115025E+0	-57.907049611672427E+0
631.000000000000110E+0	11.806807122704386E+0	-32.624201126476535E+0
632.000000000000110E+0	45.596988498186640E+0	-115.925352615115530E+0
633.000000000000110E+0	55.356841248101389E+0	-163.505415468592990E+0
634.000000000000110E+0	19.293672554327223E+0	-48.449460262398020E+0
635.000000000000110E+0	15.396815926386520E+0	-59.445304392725824E+0
636.000000000000110E+0	4.430270547814263E+0	-36.433271472975065E+0
637.000000000000110E+0	802.539821081929890E-3	-120.668287381299560E+0
638.000000000000110E+0	-3.902935359724311E+0	-197.825612352953920E+0
639.000000000000110E+0	-9.542174480732580E+0	-143.557170181096640E+0
640.000000000000110E+0	786.868897583196560E-3	-22.776207926525203E+0
641.000000000000110E+0	-26.382275592387725E+0	-163.722990507758820E+0
642.000000000000110E+0	-63.692062644658890E+0	-215.663743520692010E+0
643.000000000000110E+0	-57.948925123882851E+0	-150.282120900269940E+0
644.000000000000110E+0	-42.138188838480225E+0	-95.061649018497619E+0
645.000000000000110E+0	-39.036270833550958E+0	-62.456143916057407E+0
646.000000000000110E+0	-137.423150843821470E+0	-154.838760562722000E+0
647.000000000000110E+0	-191.216382621603170E+0	-203.612791612062720E+0
648.000000000000110E+0	-191.140138157307520E+0	-184.641760964040940E+0
649.000000000000110E+0	-83.161578682452813E+0	-71.042532771477127E+0
650.000000000000110E+0	-47.417541945573596E+0	-23.404631199716469E+0
651.000000000000110E+0	-414.067170083524440E+0	-127.278459803461290E+0
652.000000000000110E+0	-353.164139535543710E+0	-55.514918423337917E+0
653.000000000000110E+0	-92.610641567024004E+0	-2.103109656043128E+0
654.000000000000110E+0	-169.943195594145180E+0	-180.737640248583960E-3
655.000000000000110E+0	-158.648560974186980E+0	17.277264482468659E+0
656.000000000000110E+0	-296.041704253513390E+0	52.786376987954064E+0
657.000000000000110E+0	-307.761790328838800E+0	93.926858158250312E+0
658.000000000000110E+0	-131.375740844066880E+0	50.514225170940946E+0
659.000000000000110E+0	-44.131782913886482E+0	22.439526581377873E+0
660.000000000000110E+0	-256.691711126427040E+0	190.015572590259210E+0
661.000000000000110E+0	-314.171857308335860E+0	312.701799155554910E+0
662.000000000000110E+0	-161.606840994721270E+0	207.805041991966020E+0
663.000000000000110E+0	-68.916878970451222E+0	80.145412912274551E+0
664.000000000000110E+0	-97.533639492739866E+0	166.405633571309410E+0
665.000000000000110E+0	-140.363841733368560E+0	427.355802346941690E+0
666.000000000000110E+0	-22.020528362645376E+0	271.990639979400380E+0
667.000000000000110E+0	20.032035529867585E+0	441.571361222133420E+0
668.000000000000110E+0	29.894499056991386E+0	103.981822962345250E+0
669.000000000000110E+0	85.566332507373488E+0	268.747532828341770E+0
670.000000000000110E+0	380.128159051359150E+0	525.035989943640970E+0
671.000000000000110E+0	236.789197183784840E+0	216.367735153126200E+0
672.000000000000110E+0	70.211046240341403E+0	54.999732769836861E+0
673.000000000000110E+0	106.681218959841810E+0	55.908253332282847E+0
674.000000000000110E+0	165.470056017591390E+0	28.794309369540361E+0
675.000000000000110E+0	256.132221719043000E+0	-5.011626138644912E+0
676.000000000000110E+0	141.004429594648310E+0	-28.774084324163972E+0
677.000000000000110E+0	98.659401082421567E+0	-14.197561909611489E+0
678.000000000000110E+0	55.594282219786372E+0	-2.773255401363711E+0
679.000000000000110E+0	157.560268959939860E+0	-33.204351060682264E+0
680.000000000000110E+0	187.215242836162530E+0	-77.299627181869653E+0
681.000000000000110E+0	58.948901361308216E+0	-29.270659094406163E+0
682.000000000000110E+0	18.203751875816302E+0	-12.117708228411150E+0
683.000000000000110E+0	75.659673507738688E+0	-79.909530124853759E+0
684.000000000000110E+0	59.142759545220358E+0	-89.537491662271961E+0
685.000000000000110E+0	32.869210212256469E+0	-53.827575947175475E+0
686.000000000000110E+0	27.095772888130959E+0	-50.141599008383260E+0
687.000000000000110E+0	6.920096622626133E+0	-8.422673259984888E+0
688.000000000000110E+0	19.586275863874128E+0	-23.568062115793129E+0
689.000000000000110E+0	11.758613835049832E+0	-28.935604718728484E+0
690.000000000000110E+0	1.242740932803288E+0	-16.936684884906406E+0
691.000000000000110E+0	1.386605737031359E+0	-10.732975325160345E+0
692.000000000000110E+0	17.085589811770841E+0	-8.181295200264403E+0
693.000000000000110E+0	41.090329646090268E+0	-16.301276417558849E+0
694.000000000000110E+0	18.508152610449162E+0	-7.730777684609021E+0
695.000000000000110E+0	11.355852418369478E+0	-5.220635673656825E+0
696.000000000000110E+0	7.422182840163517E+0	-8.222232965980389E+0
697.000000000000110E+0	11.432893148144881E+0	-12.380562041160701E+0
698.000000000000110E+0	30.871890427692563E+0	-28.425896970319354E+0
699.000000000000110E+0	20.732591867531202E+0	-34.773026743863120E+0
700.000000000000110E+0	-6.851753746152783E+0	-9.589108828423059E+0
701.000000000000110E+0	16.067650898595456E+0	-23.174859331788959E+0
702.000000000000110E+0	21.416205215510100E+0	-54.623138757297227E+0
703.000000000000110E+0	9.995352007959607E+0	-54.042457206158282E+0
704.000000000000110E+0	4.375369749101355E+0	-24.080330453941926E+0
705.000000000000110E+0	-4.518695512548120E+0	-10.635649898734666E+0
706.000000000000110E+0	-8.779731964335967E+0	-8.618562017881889E+0
707.000000000000110E+0	-33.537553865404057E+0	-16.333619734415947E+0
708.000000000000110E+0	-35.223361573957717E+0	-5.507972376617242E+0
709.000000000000110E+0	-26.974203010816989E+0	3.295185279131981E+0
710.000000000000110E+0	-7.846010672830188E+0	1.644380410687216E+0
711.000000000000110E+0	-21.280512558143155E+0	-7.607149670623498E+0
712.000000000000110E+0	-32.830778193521716E+0	9.432990178734588E+0
713.000000000000110E+0	-6.469039918773893E+0	659.621435440461810E-3
714.000000000000110E+0	2.446324114135730E+0	4.410316527266014E+0
715.000000000000110E+0	6.355764762037655E+0	6.635012455167970E+0
716.000000000000110E+0	10.715876754158419E+0	17.066609366899328E+0
717.000000000000110E+0	32.323667657536888E+0	31.344986614605411E+0
718.000000000000110E+0	34.722366468794611E+0	23.535229765352330E+0
719.000000000000110E+0	9.466744876566848E+0	10.827101212693496E+0
720.000000000000110E+0	4.526373269758577E+0	-1.512968720291636E+0
721.000000000000110E+0	29.223909062929369E+0	-22.883945663704331E+0
722.000000000000110E+0	25.899829135030593E+0	-38.308054571379841E+0
723.000000000000110E+0	7.679638734252843E+0	-18.842626413087185E+0
724.000000000000110E+0	11.178759741683486E+0	-22.177154102190578E+0
725.000000000000110E+0	30.595916780516085E+0	-54.649055969070943E+0
726.000000000000110E+0	15.365446864944577E+0	-47.795703602953516E+0
727.000000000000110E+0	-1.064818113332137E+0	-60.919155802156844E+0
728.000000000000110E+0	-11.230755516722272E+0	-30.402084049256683E+0
729.000000000000110E+0	-5.180981971038684E+0	-4.340870094786535E+0
730.000000000000110E+0	-82.194919210821624E+0	-58.745263132132223E+0
731.000000000000110E+0	-108.549736357196890E+0	-44.259243016307600E+0
732.000000000000110E+0	-29.218113607433310E+0	-9.159684395893342E+0
733.000000000000110E+0	-23.709393894426803E+0	-11.082020192853578E+0
734.000000000000110E+0	-17.320417675295999E+0	-5.446446365382068E+0
735.000000000000110E+0	-56.310702232093057E+0	3.623233993931982E+0
736.000000000000110E+0	-45.097059219150189E+0	11.751408900806981E+0
737.000000000000110E+0	-36.007239094565463E+0	10.449698487040138E+0
738.000000000000110E+0	-14.240910842862215E+0	4.460664074330211E+0
739.000000000000110E+0	-34.887808207440834E+0	7.582296029104453E+0
740.000000000000110E+0	-81.448165307392884E+0	26.718356256816882E+0
741.000000000000110E+0	-49.183907887925720E+0	19.535416988655950E+0
742.000000000000110E+0	-8.148187877597419E+0	1.582349147290387E+0
743.000000000000110E+0	-17.074903899436670E+0	19.136504012848441E+0
744.000000000000110E+0	-26.225033524026877E+0	36.693980768710858E+0
745.000000000000110E+0	-17.278348484412838E+0	33.325835449421753E+0
746.000000000000110E+0	-27.706982373505987E+0	33.186783735946676E+0
747.000000000000110E+0	-10.791188370092843E+0	15.992222685669475E+0
748.000000000000110E+0	-14.930974789313728E+0	3.423547311403215E+0
749.000000000000110E+0	-49.222604263479454E+0	28.932423313357020E+0
750.000000000000110E+0	-42.942352682776985E+0	25.663592133554356E+0
751.000000000000110E+0	-19.283982157490321E+0	8.757812671817797E+0
752.000000000000110E+0	-6.662660851914140E+0	1.358116987416143E+0
753.000000000000110E+0	-20.266880675930839E+0	19.038057395197452E+0
754.000000000000110E+0	-23.959020490360153E+0	46.333417105391895E+0
755.000000000000110E+0	-10.022872445096016E+0	31.404651773983307E+0
756.000000000000110E+0	-15.128535403693354E+0	30.456123851905708E+0
757.000000000000110E+0	-7.609428223325660E+0	17.569959119717709E+0
758.000000000000110E+0	-6.232804750106680E+0	41.725888363200752E+0
759.000000000000110E+0	3.089581044106473E+0	105.996388820005490E+0
760.000000000000110E+0	7.896562135563194E+0	47.128569674644225E+0
761.000000000000110E+0	-5.705167692960697E+0	4.554067896514506E+0
762.000000000000110E+0	8.875055491123549E+0	15.381628102912291E+0
763.000000000000110E+0	22.109701964070222E+0	27.715909483181782E+0
764.000000000000110E+0	8.845008633298349E+0	11.940572640455283E+0
765.000000000000110E+0	4.039442276037773E+0	11.979535900666816E+0
766.000000000000110E+0	-2.240797424652115E+0	1.143256106875395E+0
767.000000000000110E+0	1.797637634741257E+0	6.725415794353962E+0
768.000000000000110E+0	-6.676867074766974E+0	15.178400865367138E+0
769.000000000000110E+0	-20.093679023057433E+0	20.331068155944603E+0
770.000000000000110E+0	-15.556169263447600E+0	8.663333341563710E+0
771.000000000000110E+0	-1.575600190046689E+0	-5.629332827769438E+0
772.000000000000110E+0	-24.844400406102654E+0	11.831262169919324E+0
773.000000000000110E+0	-28.174742205521994E+0	11.735439207004131E+0
774.000000000000110E+0	-5.065730069926295E+0	6.521766777482431E+0
775.000000000000110E+0	-11.695596810371160E+0	14.997708406221292E+0
776.000000000000110E+0	-11.956831730644099E+0	17.099737325365801E+0
777.000000000000110E+0	-56.686293576319713E+0	45.159947084142296E+0
778.000000000000110E+0	-73.690859878076907E+0	62.397374466894334E+0
779.000000000000110E+0	-28.454121217772315E+0	26.904030826533745E+0
780.000000000000110E+0	-18.663644763996949E+0	1.130295855369439E+0
781.000000000000110E+0	-58.061397748759610E+0	13.241315017079083E+0
782.000000000000110E+0	-53.370580628334892E+0	28.521361724612895E+0
783.000000000000110E+0	-15.748064459736963E+0	13.964465603512028E+0
784.000000000000110E+0	9.762378257882389E+0	18.494290589410131E+0
785.000000000000110E+0	-2.244493761330449E+0	49.207254352266062E+0
786.000000000000110E+0	-5.912687006801570E+0	93.155584734009466E+0
787.000000000000110E+0	1.228182345163342E+0	108.141524219634140E+0
788.000000000000110E+0	7.637591062528280E+0	130.366567293999110E+0
789.000000000000110E+0	5.748212741582272E+0	52.678661157475986E+0
790.000000000000110E+0	-26.347314287808484E+0	36.042579945561300E+0
791.000000000000110E+0	-14.001349931675893E+0	169.043076097597630E+0
792.000000000000110E+0	10.935588609813447E+0	51.004824806975073E+0
793.000000000000110E+0	25.206871249163981E+0	24.101215487954583E+0
794.000000000000110E+0	29.110300237866085E+0	35.335818696912220E+0
795.000000000000110E+0	59.013027772339136E+0	82.386259295130046E+0
796.000000000000110E+0	74.525028220955534E+0	99.670131963292292E+0
797.000000000000110E+0	62.893008914372537E+0	95.099107576067155E+0
798.000000000000110E+0	16.440693639784904E+0	37.294916828592548E+0
799.000000000000110E+0	6.516455684845165E+0	22.730238436652314E+0
800.000000000000110E+0	43.206879815824955E+0	84.990227903594658E+0
801.000000000000110E+0	67.522565705480233E+0	131.658207409544220E+0
802.000000000000110E+0	14.326958054996851E+0	25.599461787519534E+0
803.000000000000110E+0	29.123934300173772E+0	19.185059462623691E+0
804.000000000000110E+0	71.889121546395543E+0	74.865430787351897E+0
805.000000000000110E+0	68.390025213907933E+0	71.544645601243900E+0
806.000000000000110E+0	64.018536220441206E+0	58.943863212001531E+0
807.000000000000110E+0	68.104919855718592E+0	56.693670145019972E+0
808.000000000000110E+0	5.595979773751390E+0	9.384314117344866E+0
809.000000000000110E+0	82.717440250540974E+0	54.617947986419111E+0
810.000000000000110E+0	154.458985556315130E+0	78.010652764609617E+0
811.000000000000110E+0	71.284836963117954E+0	24.445001880801747E+0
812.000000000000110E+0	30.071812231870354E+0	2.330471955906622E+0
813.000000000000110E+0	43.097482711782931E+0	3.906258819279931E+0
814.000000000000110E+0	167.442375011221940E+0	-6.093013265637309E+0
815.000000000000110E+0	115.001544140199410E+0	-16.005499934976573E+0
816.000000000000110E+0	72.328290855864381E+0	-13.745055652871784E+0
817.000000000000110E+0	49.321753822002805E+0	-15.569350424924249E+0
818.000000000000110E+0	32.571456035933217E+0	-14.212294557169386E+0
819.000000000000110E+0	139.328703445411580E+0	-74.102784360751769E+0
820.000000000000110E+0	115.200597466591690E+0	-72.068542371171730E+0
821.000000000000110E+0	21.798356852849913E+0	-15.997136110492326E+0
822.000000000000110E+0	20.165724229687683E+0	-20.841388433799960E+0
823.000000000000110E+0	61.196135556140483E+0	-70.864808676539610E+0
824.000000000000110E+0	31.019575528425207E+0	-47.787119623359310E+0
825.000000000000110E+0	23.579743495182903E+0	-46.599625029093580E+0
826.000000000000110E+0	6.258411121071206E+0	-20.356390974802512E+0
827.000000000000110E+0	10.801946037670351E+0	-16.989566437919809E+0
828.000000000000110E+0	25.575172964060926E+0	-39.115921232289871E+0
829.000000000000110E+0	18.613360446954552E+0	-36.184767044217587E+0
830.000000000000110E+0	6.135142183251239E+0	-14.858014589917971E+0
831.000000000000110E+0	-2.184816655072926E+0	-964.567968177239440E-3
832.000000000000110E+0	-919.316337403806250E-3	-26.783089277139560E+0
833.000000000000110E+0	-4.215919322024725E+0	-32.656813274580145E+0
834.000000000000110E+0	-11.280380717759792E+0	-7.183717636144944E+0
835.000000000000110E+0	1.257225152735280E+0	-21.677246277702185E+0
836.000000000000110E+0	5.293307459206551E+0	-7.711595690814900E+0
837.000000000000110E+0	2.758198994676099E+0	-2.601130970991095E+0
838.000000000000110E+0	4.138382661163484E+0	-11.724489533894783E+0
839.000000000000110E+0	6.944750130790557E+0	-4.032919609801574E+0
840.000000000000110E+0	3.845998237663268E+0	4.111462629211930E+0
841.000000000000110E+0	-12.587452126367429E+0	915.809483451499040E-3
842.000000000000110E+0	-19.306972642715600E+0	-2.592805799829565E+0
843.000000000000110E+0	-14.446944914893184E+0	-1.310633771459488E+0
844.000000000000110E+0	-5.625655710536964E+0	-3.686923458091043E+0
845.000000000000110E+0	3.745566480547002E+0	-2.852184947528871E+0
846.000000000000110E+0	8.243704695485285E+0	9.574650938898795E+0
847.000000000000110E+0	10.911493068089573E+0	15.197476173946949E+0
848.000000000000110E+0	12.303365971475095E+0	31.009211584272840E+0
849.000000000000110E+0	6.155168098687533E+0	15.897860808565238E+0
850.000000000000110E+0	438.047018717209640E-3	1.286882102374661E+0
851.000000000000110E+0	29.784906458193724E+0	26.048118115823247E+0
852.000000000000110E+0	33.160329843704169E+0	21.593176204656025E+0
853.000000000000110E+0	12.102754156853219E+0	6.727870582599617E+0
854.000000000000110E+0	13.520362591561337E+0	2.883317938108939E+0
855.000000000000110E+0	13.872327996478969E+0	2.102460333244040E+0
856.000000000000110E+0	28.805478962702796E+0	10.263483488202866E+0
857.000000000000110E+0	21.768600253271430E+0	4.287377844209274E+0
858.000000000000110E+0	7.957376735848629E+0	-2.538406960184089E+0
859.000000000000110E+0	4.199274952868964E+0	-1.637975813518671E+0
860.000000000000110E+0	5.860572776768612E+0	1.099941343655997E+0
861.000000000000110E+0	10.499220371508780E+0	-2.605283500804173E+0
862.000000000000110E+0	3.848454614639952E+0	-3.026929123056518E+0
863.000000000000110E+0	1.323673172767096E+0	55.130582040706352E-3
864.000000000000110E+0	-356.901947575463620E-3	2.537686328474521E+0
865.000000000000110E+0	-4.262286839704308E+0	6.008934592182551E+0
866.000000000000110E+0	-3.802180521580631E+0	4.643962164876012E+0
867.000000000000110E+0	-7.058957307483094E+0	13.761916757465926E+0
868.000000000000110E+0	-2.986669859285759E+0	5.516690588532070E+0
869.000000000000110E+0	-4.339890975657096E+0	9.169382121149157E+0
870.000000000000110E+0	-30.856765680796162E+0	60.647012935446767E+0
871.000000000000110E+0	-23.170395577185097E+0	48.312303693596689E+0
872.000000000000110E+0	-12.089167233013359E+0	24.525732039405902E+0
873.000000000000110E+0	-2.810960612501663E+0	8.459789171441379E+0
874.000000000000110E+0	-2.052873826968407E+0	59.952256241251391E+0
875.000000000000110E+0	-1.770662107787607E+0	117.527669396437200E+0
876.000000000000110E+0	10.584144044140913E+0	72.945177466153851E+0
877.000000000000110E+0	21.240046507389515E+0	86.402933950535981E+0
878.000000000000110E+0	7.170828228532156E+0	27.641757906607957E+0
879.000000000000110E+0	56.164245786428012E+0	98.553720055447471E+0
880.000000000000110E+0	210.542390508440720E+0	241.150213066382600E+0
881.000000000000110E+0	116.078244403171010E+0	103.150531937971480E+0
882.000000000000110E+0	18.843240609670705E+0	15.890147094279451E+0
883.000000000000110E+0	121.857849226158150E+0	37.023725788591356E+0
884.000000000000110E+0	181.053703995651320E+0	29.773869093909195E+0
885.000000000000110E+0	159.525852879159170E+0	7.065772082308982E+0
886.000000000000110E+0	116.575627091112480E+0	7.239772609405342E+0
887.000000000000110E+0	44.340857365244332E+0	6.379921505810824E+0
888.000000000000110E+0	77.296071030664436E+0	-8.007777203468397E+0
889.000000000000110E+0	171.623424941077990E+0	-48.198315151005254E+0
890.000000000000110E+0	111.852578554204980E+0	-41.271005466219471E+0
891.000000000000110E+0	37.020132985232792E+0	-20.193096908881365E+0
892.000000000000110E+0	38.341265291534661E+0	-13.829608864489483E+0
893.000000000000110E+0	188.029057000908780E+0	-79.639918813537378E+0
894.000000000000110E+0	103.046166483859220E+0	-44.136780419828376E+0
895.000000000000110E+0	43.293172476936618E+0	-12.314547351396916E+0
896.000000000000110E+0	39.035186211727861E+0	-18.498888308440076E+0
897.000000000000110E+0	13.778731919416236E+0	-15.603315155096402E+0
898.000000000000110E+0	101.962362109031420E+0	-80.141598248207714E+0
899.000000000000110E+0	108.429059383818570E+0	-88.993046738406377E+0
900.000000000000110E+0	28.821488521178047E+0	-29.359218849707560E+0
901.000000000000110E+0	14.805592514622418E+0	-8.703434941199577E+0
902.000000000000110E+0	71.819721035080960E+0	-46.696730519087190E+0
903.000000000000110E+0	87.652681380453742E+0	-61.243431149277796E+0
904.000000000000110E+0	40.420242401143739E+0	-27.534165797280167E+0
905.000000000000110E+0	8.299653232577976E+0	-11.857900504153132E+0
906.000000000000110E+0	11.891518592220674E+0	-28.490509241861265E+0
907.000000000000110E+0	27.765087731932304E+0	-56.895572423334713E+0
908.000000000000110E+0	67.294228153978238E+0	-104.345854658737830E+0
909.000000000000110E+0	64.621400467917823E+0	-89.839920605105561E+0
910.000000000000110E+0	14.521696211934724E+0	-15.613632029075267E+0
911.000000000000110E+0	25.462820371998028E+0	-31.838812269271092E+0
912.000000000000110E+0	99.922743765293205E+0	-135.944087206058900E+0
913.000000000000110E+0	38.262032135751255E+0	-43.761534410240777E+0
914.000000000000110E+0	-3.638153362065621E+0	-26.625440458919286E+0
915.000000000000110E+0	-3.978067698686253E+0	-41.931850923314549E+0
916.000000000000110E+0	12.994883923504194E+0	-61.807549614179820E+0
917.000000000000110E+0	32.063491957077233E+0	-158.648119057679570E+0
918.000000000000110E+0	27.466243267925840E+0	-120.601069982392200E+0
919.000000000000110E+0	22.077320394480100E+0	-65.394116622004532E+0
920.000000000000110E+0	7.044923012048017E+0	-4.552012704430895E+0
921.000000000000110E+0	10.370828050676890E+0	-98.137443849757275E+0
922.000000000000110E+0	20.897784561502512E+0	-139.729115743194800E+0
923.000000000000110E+0	12.173674214272230E+0	-49.728609425006518E+0
924.000000000000110E+0	-3.867461529992670E+0	-22.407628589081447E+0
925.000000000000110E+0	-5.255733927687437E+0	-80.268497423626556E+0
926.000000000000110E+0	3.311169185717446E+0	-105.648842547509430E+0
927.000000000000110E+0	16.131074483046753E+0	-159.758571908750840E+0
928.000000000000110E+0	17.738559475836535E+0	-137.383090751188380E+0
929.000000000000110E+0	4.663809311446813E+0	-12.904237813473083E+0
930.000000000000110E+0	-33.700180606992369E+0	-142.196281790786400E+0
931.000000000000110E+0	-73.397142540272497E+0	-263.800484775287940E+0
932.000000000000110E+0	-40.651093293973176E+0	-122.089419964895680E+0
933.000000000000110E+0	-25.332225633051785E+0	-45.942289528938090E+0
934.000000000000110E+0	-41.914079834285005E+0	-66.107376738255382E+0
935.000000000000110E+0	-96.385253484163186E+0	-148.239515212691660E+0
936.000000000000110E+0	-96.767583163180035E+0	-132.794721426768940E+0
937.000000000000110E+0	-58.154025845750006E+0	-72.280426605640954E+0
938.000000000000110E+0	-42.505454271275809E+0	-48.340746090015884E+0
939.000000000000110E+0	-25.955268830283615E+0	-19.666580353157716E+0
940.000000000000110E+0	-194.222575080843570E+0	-156.192322629194390E+0
941.000000000000110E+0	-149.311139007636290E+0	-114.338303511455450E+0
942.000000000000110E+0	-29.181115474536920E+0	-17.585791300617664E+0
943.000000000000110E+0	-55.655997345944584E+0	-30.437630978466643E+0
944.000000000000110E+0	-153.917310595507620E+0	-53.796077780930943E+0
945.000000000000110E+0	-129.321330990392970E+0	-41.066156268334076E+0
946.000000000000110E+0	-120.625862489483300E+0	-32.620740437743478E+0
947.000000000000110E+0	-58.299750215235804E+0	-14.480554214834180E+0
948.000000000000110E+0	-26.653892982283786E+0	3.770413254547957E+0
949.000000000000110E+0	-115.606863502480250E+0	31.112525251900156E+0
950.000000000000110E+0	-126.416464352986670E+0	39.626160133830268E+0
951.000000000000110E+0	-63.077247112534316E+0	22.049890313575791E+0
952.000000000000110E+0	-11.307967977686715E+0	297.942416574121020E-3
953.000000000000110E+0	-61.277203520140674E+0	8.139811565162272E+0
954.000000000000110E+0	-72.830972001846845E+0	10.892169398639483E+0
955.000000000000110E+0	-19.874671632842297E+0	3.498842445043222E+0
956.000000000000110E+0	-18.257398873302641E+0	11.092319753237208E+0
957.000000000000110E+0	-9.345755776546181E+0	6.081875872652017E+0
958.000000000000110E+0	-26.930344511959767E+0	15.170641417603779E+0
959.000000000000110E+0	-63.295757748144773E+0	31.611379740196092E+0
960.000000000000110E+0	-22.729709909399130E+0	14.809665365578507E+0
961.000000000000110E+0	-5.826173230825660E+0	2.418482341733831E+0
962.000000000000110E+0	-20.509750643265118E+0	-3.154538143041452E+0
963.000000000000110E+0	-27.722743547735547E+0	1.338141331695665E+0
964.000000000000110E+0	-21.292215299387500E+0	2.023672124369245E+0
965.000000000000110E+0	-3.577858634945049E+0	1.101224315025378E+0
966.000000000000110E+0	-1.563552582800924E+0	5.713270214933102E+0
967.000000000000110E+0	-11.074899749949243E+0	11.312636196067055E+0
968.000000000000110E+0	-24.477562244175296E+0	14.898523239775031E+0
969.000000000000110E+0	-27.226222573192608E+0	16.239167604961331E+0
970.000000000000110E+0	-12.786580556371653E+0	6.296015835934602E+0
971.000000000000110E+0	-1.295621562617946E+0	-4.778854070478301E+0
972.000000000000110E+0	-24.550587024085292E+0	-19.127936564693606E+0
973.000000000000110E+0	-12.132535209735650E+0	-15.042321973283538E+0
974.000000000000110E+0	874.920673282784330E-3	-2.829349370172971E+0
975.000000000000110E+0	3.091701144681061E+0	-75.760361894701950E-3
976.000000000000110E+0	-2.804917463034505E+0	7.688281309647026E+0
977.000000000000110E+0	-22.367949715885672E+0	10.769032716698238E+0
978.000000000000110E+0	-31.378429995338593E+0	11.573061388034819E+0
979.000000000000110E+0	-14.393314255768649E+0	5.444069338716975E+0
980.000000000000110E+0	-4.026286896205761E+0	-1.717853447914929E+0
981.000000000000110E+0	-6.835696720861617E+0	-11.515724053583355E+0
982.000000000000110E+0	-20.549010569262425E+0	-13.435165158828003E+0
983.000000000000110E+0	-8.962546590934426E+0	-7.908034020778169E+0
984.000000000000110E+0	299.867339189448690E-3	503.447828277134970E-3
985.000000000000110E+0	-5.353561625675138E+0	2.744929403189702E+0
986.000000000000110E+0	-9.843241041827763E+0	-313.974690816328390E-3
987.000000000000110E+0	-12.439705947928424E+0	-3.978947962325178E+0
988.000000000000110E+0	-14.820639302246025E+0	-5.415761373145676E+0
989.000000000000110E+0	-3.011781832811897E+0	-294.230281492124380E-3
990.000000000000110E+0	-1.013457404923221E+0	-3.177661683560902E+0
991.000000000000110E+0	-16.340143403976509E+0	-20.201307801246589E+0
992.000000000000110E+0	-5.836871509929809E+0	-10.863355228186956E+0
993.000000000000110E+0	-200.697093425983570E-3	-1.657462098409376E+0
994.000000000000110E+0	-1.466795899917780E+0	127.667650195749660E-3
995.000000000000110E+0	-10.712398870239785E+0	-5.995638994123094E+0
996.000000000000110E+0	-17.706799010906685E+0	-12.155092597088665E+0
997.000000000000110E+0	-5.989965052137030E+0	-3.478717624714959E+0
998.000000000000110E+0	-8.692171168179058E+0	-2.738026874809562E+0
999.000000000000110E+0	-555.623588739193370E-3	293.406965565553180E-3
1.000000000000000E+3	-15.963290084565264E+0	-5.271067900259462E+0
