Freq (Hz)	accelerometre /source
source
source_Real	accelerometre /source
source
source_Imag
10.000000000000018E+0	122.326997974916430E-3	50.141416905057787E-3
11.000000000000020E+0	-52.827126339711851E-3	47.086470941003745E-3
12.000000000000021E+0	-33.372628098592143E-3	20.117438790938427E-3
13.000000000000023E+0	-49.375909229180857E-3	-39.310556726661020E-3
14.000000000000025E+0	1.830884171398493E-3	28.245444464720222E-3
15.000000000000027E+0	-53.308429096072793E-3	35.741534022825330E-3
16.000000000000028E+0	-44.339767288212241E-3	-24.955870132151947E-3
17.000000000000028E+0	-29.813263680750709E-3	36.890472121488216E-3
18.000000000000028E+0	-57.365444709101439E-3	33.443315672193018E-3
19.000000000000028E+0	-70.601061279307237E-3	-2.633005557266495E-3
20.000000000000028E+0	-60.614707592105743E-3	71.789261812603006E-3
21.000000000000028E+0	-88.129351508545423E-3	47.858370982749351E-3
22.000000000000028E+0	-47.404508977146945E-3	57.520736005011827E-3
23.000000000000028E+0	-109.570460426372650E-3	87.967671555271826E-3
24.000000000000028E+0	-76.911416954046657E-3	114.393526959529920E-3
25.000000000000028E+0	-56.456566989890065E-3	149.619222903190910E-3
26.000000000000028E+0	-19.662980455946829E-3	153.439945299217170E-3
27.000000000000028E+0	14.976671650273091E-3	128.977702879202290E-3
28.000000000000028E+0	2.785763564683258E-3	119.934507380119860E-3
29.000000000000028E+0	37.001417547294649E-3	103.622428549382390E-3
30.000000000000028E+0	-9.982572302310146E-3	70.350265230921361E-3
31.000000000000028E+0	-518.041910516716070E-6	66.814686274313195E-3
32.000000000000028E+0	-11.725820037992468E-3	84.401310658020201E-3
33.000000000000028E+0	-45.960392408411418E-3	79.065957562944822E-3
34.000000000000028E+0	-36.109346985892028E-3	128.743770538125000E-3
35.000000000000028E+0	-27.357223821793935E-3	125.730162807185600E-3
36.000000000000028E+0	-37.983321500237990E-3	94.081893551654319E-3
37.000000000000028E+0	-67.206360429600070E-3	111.005653159415800E-3
38.000000000000028E+0	-88.547462049253733E-3	159.882279984491000E-3
39.000000000000028E+0	-78.443657879168738E-3	213.314216546166470E-3
40.000000000000028E+0	-91.058602276558209E-3	240.606197762031570E-3
41.000000000000028E+0	-24.025067682714462E-3	260.431317536016950E-3
42.000000000000028E+0	46.223965968676443E-3	242.591718143176900E-3
43.000000000000028E+0	104.427157202890450E-3	143.594391207931080E-3
44.000000000000028E+0	131.644922441819300E-3	26.832787423428799E-3
45.000000000000028E+0	57.894645614198763E-3	56.926678565715497E-3
46.000000000000028E+0	-25.134550592888862E-3	89.196198409342842E-3
47.000000000000028E+0	-29.965107562167914E-3	194.042482653107030E-3
48.000000000000028E+0	13.843267117654405E-3	230.464309636415590E-3
49.000000000000028E+0	-88.338717892997437E-3	271.625646049359630E-3
50.000000000000028E+0	-67.550455762927689E-3	256.904662105205180E-3
51.000000000000028E+0	-26.764550281565772E-3	264.361874857507730E-3
52.000000000000028E+0	8.485797439730765E-3	266.114764859055890E-3
53.000000000000028E+0	73.568012647110700E-3	280.590422715058190E-3
54.000000000000028E+0	43.235457101849305E-3	290.147777000310860E-3
55.000000000000028E+0	63.313192940214980E-3	286.902453539268520E-3
56.000000000000028E+0	76.398922433509917E-3	281.956284563649960E-3
57.000000000000028E+0	59.541288372188195E-3	248.764138305655250E-3
58.000000000000028E+0	54.038987255684026E-3	230.262286674276950E-3
59.000000000000028E+0	45.899313495794826E-3	297.082314638492490E-3
60.000000000000028E+0	27.025266338319361E-3	314.009147688385560E-3
61.000000000000028E+0	1.551869506558652E-3	355.099918127386780E-3
62.000000000000028E+0	48.045189943722651E-3	416.806671596283600E-3
63.000000000000028E+0	100.928148247925060E-3	474.294082855011790E-3
64.000000000000028E+0	192.119079738745310E-3	499.355021451976020E-3
65.000000000000028E+0	283.071193098478450E-3	490.897200590620700E-3
66.000000000000028E+0	296.527538608591430E-3	448.498208057699580E-3
67.000000000000028E+0	304.323043731853090E-3	345.430034466025600E-3
68.000000000000028E+0	494.178937374505800E-3	178.625688351029380E-3
69.000000000000028E+0	419.987182072713680E-3	217.769364287748070E-3
70.000000000000028E+0	346.215062410352710E-3	249.695992476130720E-3
71.000000000000028E+0	231.999372385414990E-3	277.656826739482220E-3
72.000000000000028E+0	236.593828321861100E-3	133.881170946523910E-3
73.000000000000028E+0	298.380517499621740E-3	182.383124089941980E-3
74.000000000000028E+0	276.921883669925150E-3	214.712367784408860E-3
75.000000000000028E+0	276.213159993126230E-3	224.423919698700900E-3
76.000000000000028E+0	318.058989023059850E-3	266.140662857729640E-3
77.000000000000028E+0	182.750752670189950E-3	282.574418522050560E-3
78.000000000000028E+0	277.026500128935540E-3	199.328843048450890E-3
79.000000000000028E+0	337.753727179402110E-3	219.367148512702170E-3
80.000000000000028E+0	364.223759668514390E-3	276.286063905652190E-3
81.000000000000028E+0	269.741283195126800E-3	296.757569831023300E-3
82.000000000000028E+0	311.100776437405690E-3	268.120821057236280E-3
83.000000000000028E+0	352.954334331358310E-3	249.831659943360040E-3
84.000000000000028E+0	410.609041629662270E-3	236.552144349953450E-3
85.000000000000028E+0	404.526825728240280E-3	266.970121430168520E-3
86.000000000000028E+0	478.571177977184130E-3	276.655887850374870E-3
87.000000000000028E+0	345.550222940581740E-3	359.907710882485470E-3
88.000000000000028E+0	368.640457815374860E-3	227.702036617201040E-3
89.000000000000028E+0	433.436725389773350E-3	173.314744864328550E-3
90.000000000000028E+0	492.786972751807660E-3	-223.863366056680000E-3
91.000000000000028E+0	529.434767251515610E-3	256.557229469655530E-3
92.000000000000028E+0	571.369571809893230E-3	171.984734401385150E-3
93.000000000000028E+0	617.021732109683920E-3	130.457464691456390E-3
94.000000000000028E+0	618.685227245832190E-3	81.039560419968834E-3
95.000000000000028E+0	590.201379792488210E-3	-57.754324774136542E-3
96.000000000000028E+0	685.459264113056800E-3	-45.198475448544523E-3
97.000000000000028E+0	631.877012393220920E-3	-24.298319025123850E-3
98.000000000000028E+0	656.838780134773370E-3	-85.884955977256761E-3
99.000000000000028E+0	680.733460987004600E-3	-229.221075178658970E-3
100.000000000000030E+0	836.463793078476850E-3	-328.113764231749090E-3
101.000000000000030E+0	609.648504085981700E-3	-255.666855357444320E-3
102.000000000000030E+0	441.578445813633420E-3	-297.894900425468180E-3
103.000000000000030E+0	189.098537222680110E-3	-396.091251992961410E-3
104.000000000000030E+0	354.333116036031010E-3	-415.464463917115940E-3
105.000000000000030E+0	182.034385111361020E-3	-277.032846309860080E-3
106.000000000000030E+0	212.142876617481820E-3	-340.078721636434770E-3
107.000000000000030E+0	213.826561543729920E-3	-278.598256583825200E-3
108.000000000000030E+0	186.610215905353590E-3	-230.278744008499070E-3
109.000000000000030E+0	276.289939816785180E-3	-30.440731710490269E-3
110.000000000000030E+0	124.079756568956240E-3	-169.497581422803410E-3
111.000000000000030E+0	134.437953648236800E-3	-200.903568881772630E-3
112.000000000000030E+0	116.777277925032540E-3	-257.242952318648410E-3
113.000000000000030E+0	110.137660396993420E-3	-316.446367431913730E-3
114.000000000000030E+0	156.923867797200080E-3	-397.500956433948390E-3
115.000000000000030E+0	168.372491260919970E-3	-353.316426579598940E-3
116.000000000000030E+0	152.135086684775410E-3	-327.849764123451020E-3
117.000000000000030E+0	137.181974398330550E-3	-252.945699254144510E-3
118.000000000000030E+0	121.766254738998130E-3	-219.680498279842460E-3
119.000000000000030E+0	-140.263607563291810E-3	37.649250708817354E-3
120.000000000000030E+0	-52.257277331111809E-3	-102.707270012672710E-3
121.000000000000030E+0	-50.782305003728434E-3	-41.909301071161538E-3
122.000000000000030E+0	-205.162271776153010E-3	122.909620043617940E-3
123.000000000000030E+0	-204.114507640700350E-3	-33.197746652353775E-3
124.000000000000030E+0	-234.210254005773830E-3	-17.934036595011058E-3
125.000000000000030E+0	-150.680182600460090E-3	22.518058798911538E-3
126.000000000000030E+0	-135.812354867420350E-3	152.249372424570480E-3
127.000000000000030E+0	-124.012196349260470E-3	208.146856347938840E-3
128.000000000000030E+0	19.661063366631034E-3	464.127750609672600E-3
129.000000000000030E+0	-179.728687165660460E-3	380.512760916419500E-3
130.000000000000030E+0	-81.239863626940884E-3	389.934508012523990E-3
131.000000000000030E+0	-3.077831592035247E-3	361.579545198078110E-3
132.000000000000030E+0	280.735524730814810E-3	319.833768996492680E-3
133.000000000000030E+0	241.520549648312130E-3	520.065338425677370E-3
134.000000000000030E+0	337.805205606763530E-3	464.851271599426960E-3
135.000000000000030E+0	343.044672591277410E-3	594.028815622781980E-3
136.000000000000030E+0	312.899643604052310E-3	572.907909022418840E-3
137.000000000000030E+0	325.953887463988730E-3	700.793067384523070E-3
138.000000000000030E+0	102.788061913042430E-3	329.927081157178730E-3
139.000000000000030E+0	233.267620253551880E-3	347.705704648291650E-3
140.000000000000030E+0	223.880657451627360E-3	309.884358146155230E-3
141.000000000000030E+0	262.773893863290640E-3	112.698013138691750E-3
142.000000000000030E+0	525.598743117302150E-3	-69.279924209974184E-3
143.000000000000030E+0	733.486266748206050E-3	136.314077702396760E-3
144.000000000000030E+0	698.524661375962360E-3	180.697970170105440E-3
145.000000000000030E+0	697.787942915972570E-3	284.307816226860850E-3
146.000000000000030E+0	580.027730827448070E-3	463.464197158724170E-3
147.000000000000030E+0	184.568728236642860E-3	704.872512659867720E-3
148.000000000000030E+0	215.125971612349980E-3	218.838170489375340E-3
149.000000000000030E+0	263.840725884725070E-3	321.623886550099270E-3
150.000000000000030E+0	167.661090753038700E-3	389.820023904166420E-3
151.000000000000030E+0	266.852855393930330E-3	12.634535559360172E-3
152.000000000000030E+0	651.469659471251460E-3	199.063847332626190E-3
153.000000000000030E+0	819.899297228887100E-3	300.365425345776870E-3
154.000000000000030E+0	856.025902603395620E-3	553.122905240389100E-3
155.000000000000030E+0	891.549358193317040E-3	423.445768118445640E-3
156.000000000000030E+0	1.040318005006894E+0	722.430548436879040E-3
157.000000000000030E+0	754.993044499630450E-3	504.274631814074170E-3
158.000000000000030E+0	761.562705841903000E-3	347.895463716062780E-3
159.000000000000030E+0	804.965339957795180E-3	274.890237936650910E-3
160.000000000000030E+0	769.116514260752340E-3	168.801841005973370E-3
161.000000000000030E+0	1.047541034257793E+0	-19.712510878466517E-3
162.000000000000030E+0	1.076197806930433E+0	23.269054222154372E-3
163.000000000000030E+0	1.145471004623264E+0	-80.889587456880463E-3
164.000000000000030E+0	1.296419955038864E+0	-44.886223605974072E-3
165.000000000000030E+0	1.374030441511493E+0	-13.298682495917936E-3
166.000000000000030E+0	1.141157828385570E+0	220.145117190285950E-3
167.000000000000030E+0	1.080924366526935E+0	-199.416513935472190E-3
168.000000000000030E+0	1.142539515841152E+0	-309.967542737717480E-3
169.000000000000030E+0	1.090588876954829E+0	-255.403535064279540E-3
170.000000000000030E+0	1.017247746758426E+0	-651.479497431761920E-3
171.000000000000030E+0	1.116144613037979E+0	-706.234686839993570E-3
172.000000000000030E+0	1.074316735020136E+0	-784.447409889429960E-3
173.000000000000030E+0	1.104778293150080E+0	-884.877771107557720E-3
174.000000000000030E+0	1.303915463311085E+0	-761.797079435552420E-3
175.000000000000030E+0	1.027508920896911E+0	-418.721948597276350E-3
176.000000000000030E+0	650.696832004369010E-3	-623.310602381282660E-3
177.000000000000030E+0	498.705451431827820E-3	-693.543345070482430E-3
178.000000000000030E+0	438.074822666549070E-3	-790.319386010752020E-3
179.000000000000030E+0	289.227601196893500E-3	-813.886192350593560E-3
180.000000000000030E+0	487.905914403244050E-3	-868.341563385180650E-3
181.000000000000030E+0	430.369868139837350E-3	-821.362346420594020E-3
182.000000000000030E+0	443.079590407420510E-3	-806.894260171709950E-3
183.000000000000030E+0	487.571910167271470E-3	-808.817855467179210E-3
184.000000000000030E+0	525.814149410319120E-3	-890.227105637990460E-3
185.000000000000030E+0	527.622603794850380E-3	-754.121711302536910E-3
186.000000000000030E+0	417.934175178706400E-3	-778.940713050444100E-3
187.000000000000030E+0	363.471751120724380E-3	-846.605442386946460E-3
188.000000000000030E+0	321.977476599335730E-3	-888.122417707628790E-3
189.000000000000030E+0	271.297592797738130E-3	-977.241505539495070E-3
190.000000000000030E+0	290.954255297557140E-3	-915.688274537193700E-3
191.000000000000030E+0	179.618181896295940E-3	-891.333749906345730E-3
192.000000000000030E+0	94.625691687429042E-3	-996.864534905213760E-3
193.000000000000030E+0	112.658481990217500E-3	-977.040104559968040E-3
194.000000000000030E+0	32.880328262827919E-3	-943.945834565847350E-3
195.000000000000030E+0	9.013155616432383E-3	-952.753528182169300E-3
196.000000000000030E+0	-58.130937656528631E-3	-912.631252387617550E-3
197.000000000000030E+0	-159.677410150117190E-3	-887.430332430864780E-3
198.000000000000030E+0	-236.111633211352450E-3	-1.133007788217065E+0
199.000000000000030E+0	-142.367839328042920E-3	-829.078555934469110E-3
200.000000000000030E+0	-236.265470501221130E-3	-697.783610330068080E-3
201.000000000000030E+0	-392.619523436917310E-3	-706.746774330593960E-3
202.000000000000030E+0	-324.594441966948870E-3	-690.425602265535070E-3
203.000000000000030E+0	-476.176314551352230E-3	-583.427495163397870E-3
204.000000000000030E+0	-467.263381025709470E-3	-581.175865123877200E-3
205.000000000000030E+0	-592.866929786754480E-3	-555.837453817387580E-3
206.000000000000030E+0	-540.123555887352060E-3	-611.356398120736720E-3
207.000000000000030E+0	-571.678402326987190E-3	-555.284503407035170E-3
208.000000000000030E+0	-366.650468049026510E-3	-374.968558678494880E-3
209.000000000000030E+0	-394.335117272639040E-3	-157.377543285722040E-3
210.000000000000030E+0	-390.162256365532200E-3	36.016107445272019E-3
211.000000000000030E+0	-546.686006351860710E-3	363.275596345086100E-3
212.000000000000030E+0	-479.826425002069180E-3	-50.640446553460318E-3
213.000000000000030E+0	-176.515334940296390E-3	-92.740145694355555E-3
214.000000000000030E+0	-138.326751559948090E-3	5.324271172588693E-3
215.000000000000030E+0	-189.587589929742510E-3	-23.920252075415951E-3
216.000000000000030E+0	-214.757101841875740E-3	-68.582829751853369E-3
217.000000000000030E+0	-81.574822451753626E-3	-234.970867842081100E-3
218.000000000000030E+0	41.901523259730199E-3	-106.726759172850170E-3
219.000000000000030E+0	100.844235493269830E-3	13.457399270857625E-3
220.000000000000030E+0	59.219686373682329E-3	169.257405814701720E-3
221.000000000000030E+0	-120.168151367262830E-3	300.502705797305090E-3
222.000000000000030E+0	-161.211818562208790E-3	51.352943770226811E-3
223.000000000000030E+0	37.094602065939966E-3	45.997642174099324E-3
224.000000000000030E+0	201.521165609826050E-3	109.811173820014460E-3
225.000000000000030E+0	235.326117414319050E-3	165.206744777381340E-3
226.000000000000030E+0	265.636901404262600E-3	189.692428089486410E-3
227.000000000000030E+0	255.236973003001130E-3	19.315479164023160E-3
228.000000000000030E+0	398.233697256246800E-3	-75.355962061493462E-3
229.000000000000030E+0	509.307951848929960E-3	-190.509977708355340E-3
230.000000000000030E+0	747.293654410388090E-3	-312.768821231842520E-3
231.000000000000030E+0	645.844360754118660E-3	-235.252415574339100E-3
232.000000000000030E+0	421.487293025006040E-3	-373.669903815078250E-3
233.000000000000030E+0	125.359721246311730E-3	-539.577457391357980E-3
234.000000000000030E+0	6.382096037007249E-3	-626.308904017340740E-3
235.000000000000030E+0	-78.178072648737787E-3	-565.947781669259190E-3
236.000000000000030E+0	-69.951794597097633E-3	-344.939162427442940E-3
237.000000000000030E+0	-183.879637636626570E-3	-314.369496830224140E-3
238.000000000000030E+0	-106.540553561368520E-3	-370.775564949073430E-3
239.000000000000030E+0	42.572864926673497E-3	-346.849809743801920E-3
240.000000000000030E+0	8.473633090578723E-3	-147.580395933275460E-3
241.000000000000030E+0	32.727198107868387E-3	-231.909545869204980E-3
242.000000000000030E+0	79.010030679205701E-3	-214.648758495668390E-3
243.000000000000030E+0	71.190972770240835E-3	-275.826373295969260E-3
244.000000000000030E+0	172.973765907038950E-3	-238.587707553150090E-3
245.000000000000030E+0	47.697438641477713E-3	-106.840587272994590E-3
246.000000000000030E+0	111.698537717500280E-3	-318.699459359650270E-3
247.000000000000030E+0	231.433855309195690E-3	-241.726678142604790E-3
248.000000000000030E+0	204.636685143384620E-3	-87.458292732295273E-3
249.000000000000030E+0	-105.413647618400260E-3	-66.952076848807093E-3
250.000000000000030E+0	19.100233061003925E-3	-450.113966752392070E-3
251.000000000000030E+0	161.904744177215790E-3	-411.670970393232470E-3
252.000000000000030E+0	197.317629180304430E-3	-360.129844993146820E-3
253.000000000000030E+0	131.574181919775380E-3	-391.353768331554440E-3
254.000000000000030E+0	171.924337955363580E-3	-498.317121991212530E-3
255.000000000000030E+0	414.151369257541040E-3	-454.909308823008780E-3
256.000000000000060E+0	372.293501805200040E-3	-116.671182577085910E-3
257.000000000000060E+0	199.633447617980240E-3	-133.489506102629750E-3
258.000000000000060E+0	78.174855464891987E-3	14.951497866794635E-3
259.000000000000060E+0	-48.867668907372826E-3	-507.544810422010160E-3
260.000000000000060E+0	116.307863844003820E-3	-370.727292390134630E-3
261.000000000000060E+0	-51.080341247412057E-3	-270.303519262090230E-3
262.000000000000060E+0	8.450848220298757E-3	-567.242476685917870E-3
263.000000000000060E+0	266.971729550939730E-3	-584.336037301253050E-3
264.000000000000060E+0	453.590354914603640E-3	-308.084059434495180E-3
265.000000000000060E+0	302.062506430784470E-3	-17.361119654118753E-3
266.000000000000060E+0	-49.029836810712962E-3	2.007253893893893E-3
267.000000000000060E+0	11.473395770543038E-3	-306.943169744316120E-3
268.000000000000060E+0	234.539464497283630E-3	-73.442214146557064E-3
269.000000000000060E+0	-26.908231542842016E-3	-248.571493662165600E-3
270.000000000000060E+0	24.513799739871830E-3	-282.419372281368990E-3
271.000000000000060E+0	-240.126891862274540E-3	-499.341763396340070E-3
272.000000000000060E+0	498.941544666478550E-3	-585.167705827950190E-3
273.000000000000060E+0	487.629946832999980E-3	-247.452627156337340E-3
274.000000000000060E+0	315.927235991302290E-3	-163.474228477497900E-3
275.000000000000060E+0	54.939327470240121E-3	-245.168952383960610E-3
276.000000000000060E+0	124.305529763687130E-3	-573.106557107795570E-3
277.000000000000060E+0	527.077742429052920E-3	-532.786903378657750E-3
278.000000000000060E+0	47.540189537645647E-3	-498.459823088000350E-3
279.000000000000060E+0	165.792793819547810E-3	-749.043577346236280E-3
280.000000000000060E+0	298.222832766940560E-3	-812.050643650745970E-3
281.000000000000060E+0	400.893741682223690E-3	-857.170302325681590E-3
282.000000000000060E+0	305.727346949273340E-3	-530.842692099346540E-3
283.000000000000060E+0	116.712496207744080E-3	-664.730791172525090E-3
284.000000000000060E+0	140.465553441899370E-3	-631.676579371298620E-3
285.000000000000060E+0	-139.985495247509000E-3	-661.091195448468170E-3
286.000000000000060E+0	-173.662002803087720E-3	-732.641943705539030E-3
287.000000000000060E+0	-377.727565216189500E-3	-849.101707043411700E-3
288.000000000000060E+0	-263.067161652302870E-3	-861.672020790768540E-3
289.000000000000060E+0	-368.710569890738970E-3	-815.900990171442240E-3
290.000000000000060E+0	-445.529254602476280E-3	-833.882470163886830E-3
291.000000000000060E+0	-434.664090356960690E-3	-589.441435898771180E-3
292.000000000000060E+0	-635.572546398936680E-3	-454.222869622025630E-3
293.000000000000060E+0	-728.784856544536400E-3	-351.022653100983460E-3
294.000000000000060E+0	-741.697928430928630E-3	-255.844953233103470E-3
295.000000000000060E+0	-613.842972745512250E-3	-113.769423923367020E-3
296.000000000000060E+0	-574.301862052436610E-3	55.397384272960197E-3
297.000000000000060E+0	-466.694586741022150E-3	149.160849843254670E-3
298.000000000000060E+0	-356.307383768082020E-3	170.821528987186830E-3
299.000000000000060E+0	-250.849536682085930E-3	178.980853392693350E-3
300.000000000000060E+0	-201.007466373873840E-3	158.976022924223640E-3
301.000000000000060E+0	-135.419025935791940E-3	96.903401587210572E-3
302.000000000000060E+0	-80.242305394899557E-3	49.720040763600530E-3
303.000000000000060E+0	-61.047521526139549E-3	13.644148321003444E-3
304.000000000000060E+0	-41.887319665318980E-3	-21.445763293053758E-3
305.000000000000060E+0	-32.243769118069372E-3	-70.599304779064051E-3
306.000000000000060E+0	8.242397895513892E-3	-108.838915202463390E-3
307.000000000000060E+0	19.182875276673238E-3	-136.380840563492420E-3
308.000000000000060E+0	35.825905605532768E-3	-140.630301814572170E-3
309.000000000000060E+0	4.045532148518292E-3	-98.651631027372594E-3
310.000000000000060E+0	-147.832281510170190E-3	-150.106668790606440E-3
311.000000000000060E+0	-128.248711827317700E-3	-208.544613663767200E-3
312.000000000000060E+0	-95.514781180968539E-3	-193.873530595022300E-3
313.000000000000060E+0	-89.154201091494384E-3	-132.935730989890480E-3
314.000000000000060E+0	-101.156653453943440E-3	-142.914078139900540E-3
315.000000000000060E+0	-48.323897680929470E-3	-116.600355421107140E-3
316.000000000000060E+0	-42.714098363113705E-3	-61.970366404520451E-3
317.000000000000060E+0	-64.708361698575759E-3	-50.357314377109032E-3
318.000000000000060E+0	-65.715443945836879E-3	-41.943110984728575E-3
319.000000000000060E+0	-124.135442040532980E-3	-104.650010380320930E-3
320.000000000000060E+0	-78.228383419303493E-3	-120.312243734589330E-3
321.000000000000060E+0	-81.738093234361334E-3	-142.351463616605280E-3
322.000000000000060E+0	-6.723585329648046E-3	-179.017028529413730E-3
323.000000000000060E+0	37.585632043293023E-3	-105.576297612605440E-3
324.000000000000060E+0	55.657086847305602E-3	-47.068499867437059E-3
325.000000000000060E+0	-29.714514139969474E-3	-9.756739128711429E-3
326.000000000000060E+0	-43.212181344529477E-3	-22.919421109407603E-3
327.000000000000060E+0	-77.706717356625432E-3	-3.041104090737012E-3
328.000000000000060E+0	-158.609776978162480E-3	-17.728647185406416E-3
329.000000000000060E+0	-125.825492432861760E-3	-221.886215180444210E-3
330.000000000000060E+0	-66.563248168896250E-3	-125.960737713689850E-3
331.000000000000060E+0	-83.408093718378998E-3	-99.959254393181929E-3
332.000000000000060E+0	-1.889136923992551E-3	-151.512255678407540E-3
333.000000000000060E+0	59.521414630303512E-3	53.208818008312356E-3
334.000000000000060E+0	-83.834432761582131E-3	149.318736864275130E-3
335.000000000000060E+0	-215.157730581584220E-3	136.290804594269040E-3
336.000000000000060E+0	-191.148330548445880E-3	120.156931816167850E-3
337.000000000000060E+0	-197.366289605391070E-3	208.337678315131670E-3
338.000000000000060E+0	-204.883832765693440E-3	66.144276115480141E-3
339.000000000000060E+0	-11.200607514418719E-3	108.004733132602340E-3
340.000000000000060E+0	150.955828117612020E-3	229.169237509433130E-3
341.000000000000060E+0	210.775070831955400E-3	333.490369927198330E-3
342.000000000000060E+0	329.809470878268340E-3	352.935515526995920E-3
343.000000000000060E+0	364.076235082492820E-3	451.582313332053730E-3
344.000000000000060E+0	332.071916093211350E-3	400.520185624241960E-3
345.000000000000060E+0	255.086720958540400E-3	255.995457112648430E-3
346.000000000000060E+0	381.772671042411860E-3	70.075614372197892E-3
347.000000000000060E+0	412.344374190835470E-3	-94.160149306269786E-3
348.000000000000060E+0	630.524365917905950E-3	-38.776186078738395E-3
349.000000000000060E+0	530.393359862866180E-3	-55.024947174394982E-3
350.000000000000060E+0	527.351483514757580E-3	-178.665508236727250E-3
351.000000000000060E+0	628.297381456505710E-3	-112.148377236227490E-3
352.000000000000060E+0	474.932092274252650E-3	-106.772211668199210E-3
353.000000000000060E+0	398.416515053005240E-3	-174.159931404690490E-3
354.000000000000060E+0	339.307708238137770E-3	-256.690296700390400E-3
355.000000000000060E+0	433.092279123882930E-3	-323.492127273840690E-3
356.000000000000060E+0	509.013088972695370E-3	-263.447961546008410E-3
357.000000000000060E+0	543.948863699871830E-3	-171.895294366900930E-3
358.000000000000060E+0	522.607710648542060E-3	-189.643037116728110E-3
359.000000000000060E+0	544.785528013648990E-3	-236.524534239099780E-3
360.000000000000060E+0	538.154996443827250E-3	-248.144243260106530E-3
361.000000000000060E+0	513.529290215576140E-3	-483.056390360358970E-3
362.000000000000060E+0	621.700629365409480E-3	-508.821602731977850E-3
363.000000000000060E+0	682.756776509457430E-3	-609.072859727842530E-3
364.000000000000060E+0	770.649179007511180E-3	-617.219120534136300E-3
365.000000000000060E+0	806.291212338147270E-3	-666.994650760839860E-3
366.000000000000060E+0	883.824730038958450E-3	-526.482955286984300E-3
367.000000000000060E+0	545.332918015081440E-3	-486.126663689446290E-3
368.000000000000060E+0	344.841296850124820E-3	-615.486750086148060E-3
369.000000000000060E+0	163.644797064722320E-3	-655.347992256781200E-3
370.000000000000060E+0	-103.958227945668880E-3	-785.562797756954590E-3
371.000000000000060E+0	74.436522701795155E-3	-1.036087103085614E+0
372.000000000000060E+0	220.437641474103830E-3	-914.746597442441470E-3
373.000000000000060E+0	276.387944901719640E-3	-908.799199951545680E-3
374.000000000000060E+0	478.600413879756990E-3	-821.789510976820850E-3
375.000000000000060E+0	462.990146130862420E-3	-766.921072311340210E-3
376.000000000000060E+0	392.835125099105230E-3	-618.791755172634180E-3
377.000000000000060E+0	171.541101758791980E-3	-643.876993194737570E-3
378.000000000000060E+0	90.094014983776158E-3	-697.364183579640140E-3
379.000000000000060E+0	-152.286461011503920E-3	-672.687101686398110E-3
380.000000000000060E+0	100.362529952490690E-3	-1.076373629308838E+0
381.000000000000060E+0	109.830705425801260E-3	-915.034906955238920E-3
382.000000000000060E+0	121.917692293973660E-3	-925.697204987324220E-3
383.000000000000060E+0	112.388380631949810E-3	-853.428691036517190E-3
384.000000000000060E+0	108.990635326328060E-3	-888.259268734163160E-3
385.000000000000060E+0	18.234273761961271E-3	-861.714585633808430E-3
386.000000000000060E+0	-132.382607610125960E-3	-981.153077904239560E-3
387.000000000000060E+0	-261.689263717508670E-3	-1.227558157942182E+0
388.000000000000060E+0	-347.996361018949870E-3	-1.302655302971688E+0
389.000000000000060E+0	-450.189943417229450E-3	-1.480106020899161E+0
390.000000000000060E+0	-373.194445583966860E-3	-1.231260099314602E+0
391.000000000000060E+0	-568.189290605509820E-3	-976.081664151830510E-3
392.000000000000060E+0	-710.150622254445360E-3	-803.014935067143390E-3
393.000000000000060E+0	-757.120479456860560E-3	-601.807708271607790E-3
394.000000000000060E+0	-788.597462240044680E-3	-439.153754187452060E-3
395.000000000000060E+0	-887.237586233394660E-3	-448.714300489158170E-3
396.000000000000060E+0	-739.815407866612710E-3	-538.682562282085440E-3
397.000000000000060E+0	-644.071081033511960E-3	-500.232324512257960E-3
398.000000000000060E+0	-606.985388669903480E-3	-479.741275615017450E-3
399.000000000000060E+0	-425.879315968197560E-3	-411.076195273172460E-3
400.000000000000060E+0	-390.734587203711240E-3	-277.380916601906450E-3
401.000000000000060E+0	-420.523260981853000E-3	-137.695620077520950E-3
402.000000000000060E+0	-550.541707240876700E-3	-90.350860980904460E-3
403.000000000000060E+0	-722.764280311514960E-3	-183.642826798473240E-3
404.000000000000060E+0	-573.523565096146100E-3	-313.017647012494570E-3
405.000000000000060E+0	-547.090505275979470E-3	-301.636318947535450E-3
406.000000000000060E+0	-415.716465686897460E-3	-347.937341272784200E-3
407.000000000000060E+0	-368.741230530741480E-3	-288.466487402177620E-3
408.000000000000060E+0	-294.836933534218580E-3	-182.158982247021590E-3
409.000000000000060E+0	-334.104299413125140E-3	-129.753371842063060E-3
410.000000000000060E+0	-338.123343797698430E-3	-64.029187863521450E-3
411.000000000000060E+0	-393.577517794199750E-3	-55.073378401732181E-3
412.000000000000060E+0	-424.151620011991910E-3	-125.207989082447320E-3
413.000000000000060E+0	-328.905073304467940E-3	-198.177648862712080E-3
414.000000000000060E+0	-232.600733589914680E-3	-175.693482976392370E-3
415.000000000000060E+0	-228.016090531544700E-3	-119.968767938179700E-3
416.000000000000060E+0	-238.909596822052960E-3	-146.165651802086020E-3
417.000000000000060E+0	-179.611809601440850E-3	-130.382559073120440E-3
418.000000000000060E+0	-231.891128580132280E-3	-109.579302079005790E-3
419.000000000000060E+0	-250.468364565377910E-3	-142.991072181873350E-3
420.000000000000060E+0	-225.517403546926760E-3	-217.534087159440610E-3
421.000000000000060E+0	-68.222753968109825E-3	-247.907058226223110E-3
422.000000000000060E+0	-168.811785017758260E-3	-162.804073981715540E-3
423.000000000000060E+0	-180.949833652464560E-3	-220.661139486265530E-3
424.000000000000060E+0	-137.919783890795370E-3	-235.501305978067230E-3
425.000000000000060E+0	-191.496979680948110E-3	-217.379934891166940E-3
426.000000000000060E+0	-100.132908498487230E-3	-223.979412528472170E-3
427.000000000000060E+0	-363.034627176454460E-3	-155.798158751684370E-3
428.000000000000060E+0	-330.379268003173080E-3	-320.727485659982210E-3
429.000000000000060E+0	-233.648440413278980E-3	-338.276205669881420E-3
430.000000000000060E+0	-300.410581704459060E-3	-214.146154044509960E-3
431.000000000000060E+0	-286.301506281734730E-3	-208.722926516415610E-3
432.000000000000060E+0	-299.562701237066460E-3	-121.676185759211460E-3
433.000000000000060E+0	-302.706208370143840E-3	-70.102849346148910E-3
434.000000000000060E+0	-273.373407904865030E-3	-13.586339821599373E-3
435.000000000000060E+0	-276.657940400549250E-3	45.011316366323759E-3
436.000000000000060E+0	-341.243846682320330E-3	75.544119968320486E-3
437.000000000000060E+0	-296.754299979944960E-3	13.053456336511799E-3
438.000000000000060E+0	-235.521804048984680E-3	83.795577811474467E-3
439.000000000000060E+0	-221.537524425821640E-3	100.187083095760850E-3
440.000000000000060E+0	-70.929154887326443E-3	70.983766153224076E-3
441.000000000000060E+0	-95.169514166305300E-3	174.138565753194390E-3
442.000000000000060E+0	-46.224178416444148E-3	137.575077061205720E-3
443.000000000000060E+0	43.141192569194853E-3	118.399722769664750E-3
444.000000000000060E+0	89.759836139999147E-3	130.588087630960190E-3
445.000000000000060E+0	188.092555101922460E-3	84.069930594804762E-3
446.000000000000060E+0	191.070697863498450E-3	83.852234322937244E-3
447.000000000000060E+0	235.896234512479900E-3	29.145247276076102E-3
448.000000000000060E+0	260.439819845734280E-3	9.593633099951376E-3
449.000000000000060E+0	300.498278453222470E-3	-41.577483348263680E-3
450.000000000000060E+0	330.206805637512200E-3	-80.853804713124880E-3
451.000000000000060E+0	338.829815174353620E-3	-137.450573235120920E-3
452.000000000000060E+0	361.516307078089570E-3	-251.482658939636060E-3
453.000000000000060E+0	497.632161630521260E-3	-254.289559577763840E-3
454.000000000000060E+0	444.642434371598390E-3	-247.226622419582850E-3
455.000000000000060E+0	422.614135255260760E-3	-305.561908469426490E-3
456.000000000000060E+0	455.727846660999190E-3	-345.783517056195420E-3
457.000000000000060E+0	427.905249298244190E-3	-367.766219529008510E-3
458.000000000000060E+0	337.946889627238460E-3	-500.581433275858020E-3
459.000000000000060E+0	664.078145582508770E-3	-657.303357636675910E-3
460.000000000000060E+0	544.675741323688010E-3	-597.444153403063340E-3
461.000000000000060E+0	537.255346728977790E-3	-675.023044891242650E-3
462.000000000000060E+0	528.678123537349660E-3	-760.119812223628450E-3
463.000000000000060E+0	467.458973558037620E-3	-795.216524125112680E-3
464.000000000000060E+0	419.217811576895640E-3	-1.066837022718047E+0
465.000000000000060E+0	420.187616005767590E-3	-1.224165008058517E+0
466.000000000000060E+0	321.664026329809500E-3	-1.382479804371409E+0
467.000000000000060E+0	199.673713643352710E-3	-1.520995207091372E+0
468.000000000000060E+0	100.762423809701520E-3	-1.630477298112289E+0
469.000000000000060E+0	-188.469673315883130E-3	-1.586450137080901E+0
470.000000000000060E+0	-537.297172111882880E-3	-1.591702874098182E+0
471.000000000000060E+0	-964.181393895774290E-3	-1.533413944600707E+0
472.000000000000060E+0	-1.124361903351862E+0	-1.783361606739067E+0
473.000000000000060E+0	-1.161427306085638E+0	-1.361875523498883E+0
474.000000000000060E+0	-1.218365752329086E+0	-1.129955775151076E+0
475.000000000000060E+0	-1.204000883063946E+0	-946.666544699857780E-3
476.000000000000060E+0	-1.196864212279394E+0	-861.018251408645960E-3
477.000000000000060E+0	-1.073455130931938E+0	-776.456135416212280E-3
478.000000000000060E+0	-1.236280634860600E+0	-600.874744386458940E-3
479.000000000000060E+0	-1.180581264923075E+0	-537.027010527069580E-3
480.000000000000060E+0	-1.157280813240856E+0	-376.101651633705180E-3
481.000000000000060E+0	-1.146968724263034E+0	-190.322708374885300E-3
482.000000000000060E+0	-1.346775282222325E+0	-297.728380578302530E-3
483.000000000000060E+0	-1.103494434879442E+0	-282.601283806518110E-3
484.000000000000060E+0	-1.061931846897057E+0	-185.192269504792390E-3
485.000000000000060E+0	-1.008452197495243E+0	-197.150546769573500E-3
486.000000000000060E+0	-911.747783986130990E-3	-97.805910600834642E-3
487.000000000000060E+0	-925.608363122391140E-3	50.332662161466007E-3
488.000000000000060E+0	-910.326639837230610E-3	10.812694758720001E-3
489.000000000000060E+0	-882.367659897091980E-3	45.315900540197900E-3
490.000000000000060E+0	-887.918926349126390E-3	43.965825086173818E-3
491.000000000000060E+0	-851.052009119943500E-3	-38.037052505411270E-3
492.000000000000060E+0	-746.034049679549780E-3	6.660865324884355E-3
493.000000000000060E+0	-737.612388121182350E-3	51.064106137463539E-3
494.000000000000060E+0	-719.492871162167760E-3	77.745598134374164E-3
495.000000000000060E+0	-717.097266993778070E-3	114.873818324575400E-3
496.000000000000060E+0	-721.791422060902080E-3	113.302400303654470E-3
497.000000000000060E+0	-700.085346782504780E-3	113.426225740242110E-3
498.000000000000060E+0	-682.345103367236530E-3	102.421446469133430E-3
499.000000000000060E+0	-660.959668797182380E-3	100.447701021355030E-3
500.000000000000060E+0	-621.910872522001940E-3	71.992144769273875E-3
501.000000000000060E+0	-574.969492683199080E-3	128.817036893752290E-3
502.000000000000060E+0	-568.096400031005810E-3	140.483285227632810E-3
503.000000000000060E+0	-536.909288985567330E-3	127.834386716228960E-3
504.000000000000060E+0	-477.562921639255340E-3	185.533797961969390E-3
505.000000000000060E+0	-488.421769533154910E-3	262.609756862671410E-3
506.000000000000060E+0	-642.495173570553300E-3	198.933203052762550E-3
507.000000000000060E+0	-557.841117212446890E-3	162.164132462136180E-3
508.000000000000060E+0	-537.892181093277970E-3	150.106007967746650E-3
509.000000000000060E+0	-510.420901231550930E-3	162.242406123207760E-3
510.000000000000060E+0	-447.183498134359870E-3	54.094726712122621E-3
511.000000000000060E+0	-372.904519689146670E-3	188.357462061455370E-3
512.000000000000110E+0	-368.946053380178270E-3	215.651395830352390E-3
513.000000000000110E+0	-356.291964604879440E-3	219.820158114851750E-3
514.000000000000110E+0	-289.424912124273070E-3	291.133566567571110E-3
515.000000000000110E+0	-369.194186307128080E-3	314.692281497096490E-3
516.000000000000110E+0	-314.139097855023250E-3	280.814965950609400E-3
517.000000000000110E+0	-351.097398498029840E-3	273.883060148670030E-3
518.000000000000110E+0	-369.707113032814890E-3	240.683482354978610E-3
519.000000000000110E+0	-446.210143225520270E-3	-1.524888701898520E-3
520.000000000000110E+0	-195.578179918479810E-3	103.344458912747700E-3
521.000000000000110E+0	-192.768110139723730E-3	196.898446846118210E-3
522.000000000000110E+0	-191.583557049272930E-3	265.015057790632720E-3
523.000000000000110E+0	-278.591202340235160E-3	291.267016614828290E-3
524.000000000000110E+0	-273.369519089512680E-3	187.440625462079740E-3
525.000000000000110E+0	-177.652816233979520E-3	93.814023383947037E-3
526.000000000000110E+0	-98.972434571750756E-3	67.754650582095385E-3
527.000000000000110E+0	-24.698432934198884E-3	45.396043479490146E-3
528.000000000000110E+0	51.554477637723840E-3	36.679788926135951E-3
529.000000000000110E+0	-56.328648585397975E-3	133.627473683297080E-3
530.000000000000110E+0	-81.236395786252649E-3	-18.749855343875490E-3
531.000000000000110E+0	-112.529795032398740E-3	-69.588787943791752E-3
532.000000000000110E+0	-181.530271293229740E-3	-125.043868999175160E-3
533.000000000000110E+0	-167.742972391754980E-3	-169.133570924240750E-3
534.000000000000110E+0	-172.940723093753220E-3	-136.898464002256750E-3
535.000000000000110E+0	-227.239932573165270E-3	-108.270272325563050E-3
536.000000000000110E+0	-257.969805601868270E-3	-124.137901251107210E-3
537.000000000000110E+0	-248.364816948193350E-3	-106.662707652706630E-3
538.000000000000110E+0	-308.909898068708610E-3	4.231538205742585E-3
539.000000000000110E+0	-333.785900883370570E-3	-47.062897543605556E-3
540.000000000000110E+0	-340.192336990012500E-3	10.765792684309237E-3
541.000000000000110E+0	-402.606052842370890E-3	32.072598442502265E-3
542.000000000000110E+0	-446.004682439948400E-3	-97.264930369594507E-3
543.000000000000110E+0	-275.711116735673780E-3	-24.744596111722840E-3
544.000000000000110E+0	-246.668747505787210E-3	19.802500611377727E-3
545.000000000000110E+0	-241.373882918428210E-3	104.360479325821460E-3
546.000000000000110E+0	-274.338401495081870E-3	79.559754257669896E-3
547.000000000000110E+0	-199.000142156989360E-3	71.721071265088851E-3
548.000000000000110E+0	-247.531069562794640E-3	108.304297945240950E-3
549.000000000000110E+0	-229.410457100740840E-3	65.930699689520297E-3
550.000000000000110E+0	-246.670148059052820E-3	53.090038014752844E-3
551.000000000000110E+0	-237.694277973915870E-3	-50.763971183027050E-3
552.000000000000110E+0	-137.313868468854710E-3	-7.937647062489421E-3
553.000000000000110E+0	-143.720449080589290E-3	70.963169592053427E-3
554.000000000000110E+0	-184.305282088709530E-3	97.632387151667430E-3
555.000000000000110E+0	-263.660303967779170E-3	81.113123837044387E-3
556.000000000000110E+0	-251.466256734834690E-3	6.284779416551347E-3
557.000000000000110E+0	-151.560741637589290E-3	-55.200961591081725E-3
558.000000000000110E+0	-121.325921391170500E-3	-4.065772103005997E-3
559.000000000000110E+0	-128.218438504479030E-3	3.688248739080319E-3
560.000000000000110E+0	-101.409403252381870E-3	-50.148634083850049E-3
561.000000000000110E+0	608.015313578575050E-6	110.231655905173060E-3
562.000000000000110E+0	-106.860088491894060E-3	67.292262519354454E-3
563.000000000000110E+0	-113.812504930323810E-3	93.490983813930256E-3
564.000000000000110E+0	-217.056930427482200E-3	64.122423850089247E-3
565.000000000000110E+0	-186.582616785038400E-3	-23.119220896463056E-3
566.000000000000110E+0	-142.162235124768080E-3	-97.801317810279481E-3
567.000000000000110E+0	-51.729801176249840E-3	-52.225386726086856E-3
568.000000000000110E+0	-26.761120464986781E-3	-33.078906082053459E-3
569.000000000000110E+0	-12.697289594702343E-3	-4.776991234008684E-3
570.000000000000110E+0	-12.957517870748312E-3	47.193643269184508E-3
571.000000000000110E+0	-86.532903660087562E-3	-29.209714016772064E-3
572.000000000000110E+0	-47.624759887240069E-3	-65.777269418862763E-3
573.000000000000110E+0	-51.782613520402400E-3	-85.949664401124504E-3
574.000000000000110E+0	-89.886126916895209E-3	-223.453437363294570E-3
575.000000000000110E+0	15.972395978046276E-3	-305.990097764272830E-3
576.000000000000110E+0	146.217441723324240E-3	-360.945409467179620E-3
577.000000000000110E+0	138.037536230247230E-3	-280.176919225932630E-3
578.000000000000110E+0	90.889192642396602E-3	-295.362466876502860E-3
579.000000000000110E+0	-9.990174154075347E-3	-224.572534264960740E-3
580.000000000000110E+0	-202.265569417038720E-3	-463.146651647778570E-3
581.000000000000110E+0	-152.568630448754040E-3	-446.041744071777990E-3
582.000000000000110E+0	-243.745099699947320E-3	-409.718594275841560E-3
583.000000000000110E+0	-364.687766621092980E-3	-422.081316489935630E-3
584.000000000000110E+0	-480.003009270433160E-3	-515.371846110624250E-3
585.000000000000110E+0	-359.158713908155570E-3	-582.544702444070190E-3
586.000000000000110E+0	-397.800374108669030E-3	-526.533529968256090E-3
587.000000000000110E+0	-386.574922446823070E-3	-532.669708002923130E-3
588.000000000000110E+0	-445.728936926250650E-3	-408.633625598899760E-3
589.000000000000110E+0	-581.753258204105280E-3	-325.698016179255090E-3
590.000000000000110E+0	-778.309676429062570E-3	-355.610104658618030E-3
591.000000000000110E+0	-873.530871088064820E-3	-351.822279785375780E-3
592.000000000000110E+0	-909.674250396425470E-3	-396.860101166490340E-3
593.000000000000110E+0	-755.315982065851710E-3	-180.856802865648370E-3
594.000000000000110E+0	-900.898760570483570E-3	-26.963057133732458E-3
595.000000000000110E+0	-924.428110691126510E-3	24.243668979990828E-3
596.000000000000110E+0	-886.635177423352740E-3	125.727855668815340E-3
597.000000000000110E+0	-809.792497763369370E-3	257.750311463128660E-3
598.000000000000110E+0	-716.283631827701380E-3	533.283158844454320E-3
599.000000000000110E+0	-836.754746118591350E-3	600.436222324907010E-3
600.000000000000110E+0	-680.279361218885440E-3	652.312822965752660E-3
601.000000000000110E+0	-538.884374334598350E-3	695.885364141694550E-3
602.000000000000110E+0	-385.754331863691510E-3	581.249847995890630E-3
603.000000000000110E+0	-150.810564687630630E-3	504.885458663344890E-3
604.000000000000110E+0	-86.644530217675542E-3	273.162166652618720E-3
605.000000000000110E+0	-51.627413960605932E-3	170.361628039415650E-3
606.000000000000110E+0	-136.522260187715430E-3	138.686945995989240E-3
607.000000000000110E+0	-170.052779181970310E-3	115.820807910599400E-3
608.000000000000110E+0	-252.052727454183440E-3	170.243255943011540E-3
609.000000000000110E+0	-247.351516063610440E-3	78.535703034335463E-3
610.000000000000110E+0	-265.023725677332460E-3	66.626949819384190E-3
611.000000000000110E+0	-218.728529754836670E-3	14.819102110241502E-3
612.000000000000110E+0	-199.961811374081090E-3	132.816529039842560E-3
613.000000000000110E+0	-274.055899377481820E-3	134.161220911621390E-3
614.000000000000110E+0	-298.620946319634760E-3	146.895647498547890E-3
615.000000000000110E+0	-334.002039965677180E-3	145.944505838108700E-3
616.000000000000110E+0	-340.524159010000490E-3	123.068079691708510E-3
617.000000000000110E+0	-354.672152653341400E-3	116.933599895940750E-3
618.000000000000110E+0	-336.595973018766760E-3	90.783930396737933E-3
619.000000000000110E+0	-322.350843988273180E-3	95.201549989194223E-3
620.000000000000110E+0	-319.293453358479640E-3	94.902333182101173E-3
621.000000000000110E+0	-267.781702167446230E-3	71.514588684117655E-3
622.000000000000110E+0	-291.921007959056070E-3	172.843698367751260E-3
623.000000000000110E+0	-324.154356667602670E-3	185.402107334033060E-3
624.000000000000110E+0	-382.433507792238890E-3	179.701426463517720E-3
625.000000000000110E+0	-375.547611211559380E-3	125.112708625139960E-3
626.000000000000110E+0	-346.814681859409500E-3	112.052168342571660E-3
627.000000000000110E+0	-307.742358806754600E-3	179.211865226292260E-3
628.000000000000110E+0	-348.283447452518820E-3	196.248763959225550E-3
629.000000000000110E+0	-378.640630741530370E-3	195.941953832699860E-3
630.000000000000110E+0	-369.183739969900950E-3	151.142950983522650E-3
631.000000000000110E+0	-295.851719909976940E-3	239.457895258006540E-3
632.000000000000110E+0	-375.420793473772330E-3	273.283062429198480E-3
633.000000000000110E+0	-386.266304365250220E-3	286.061716405377640E-3
634.000000000000110E+0	-430.458496386385720E-3	297.197128740279930E-3
635.000000000000110E+0	-383.421945917401530E-3	261.724511024101100E-3
636.000000000000110E+0	-306.636055885418650E-3	277.701113261226480E-3
637.000000000000110E+0	-312.547721627696840E-3	370.688335465703230E-3
638.000000000000110E+0	-312.937299746612940E-3	380.138623838063790E-3
639.000000000000110E+0	-287.505301901184230E-3	405.219314979379800E-3
640.000000000000110E+0	-299.311621295434260E-3	448.440180918072470E-3
641.000000000000110E+0	-263.530118694434660E-3	460.611113290192390E-3
642.000000000000110E+0	-249.983085443967270E-3	519.063846580666510E-3
643.000000000000110E+0	-265.647620734498820E-3	562.462030707706950E-3
644.000000000000110E+0	-278.404170194533280E-3	598.007795659541650E-3
645.000000000000110E+0	-203.232084886138530E-3	498.855020636973510E-3
646.000000000000110E+0	-34.417076273810007E-3	638.883184032959410E-3
647.000000000000110E+0	9.579701706380912E-3	752.867497790521980E-3
648.000000000000110E+0	78.230235686294364E-3	787.918891580839830E-3
649.000000000000110E+0	128.305699641519970E-3	833.818637165211650E-3
650.000000000000110E+0	259.745968186826830E-3	567.179165320730430E-3
651.000000000000110E+0	472.106279220002030E-3	599.480074536765330E-3
652.000000000000110E+0	610.062483241555210E-3	549.946965395546990E-3
653.000000000000110E+0	645.051916057108880E-3	561.409996669735680E-3
654.000000000000110E+0	600.605757155472150E-3	317.485606456626160E-3
655.000000000000110E+0	665.562546202561390E-3	133.014946370032970E-3
656.000000000000110E+0	706.270703408074740E-3	38.180988604993756E-3
657.000000000000110E+0	690.562977899710550E-3	-54.503124404707816E-3
658.000000000000110E+0	661.385554965426950E-3	-99.930187074165372E-3
659.000000000000110E+0	615.865921323402230E-3	-275.331560200072710E-3
660.000000000000110E+0	604.116980151029210E-3	-282.790381452805220E-3
661.000000000000110E+0	583.687231721183750E-3	-369.525225411296560E-3
662.000000000000110E+0	556.286695341391410E-3	-444.941860209719870E-3
663.000000000000110E+0	493.029369725201950E-3	-443.799231708921330E-3
664.000000000000110E+0	334.510112936468210E-3	-596.394866939155780E-3
665.000000000000110E+0	223.258076257951100E-3	-684.245390541021510E-3
666.000000000000110E+0	14.568452124320095E-3	-807.040605976552030E-3
667.000000000000110E+0	-189.131281695973070E-3	-929.711257565778100E-3
668.000000000000110E+0	-346.146444566194590E-3	-1.285153181339267E+0
669.000000000000110E+0	-194.975417196210170E-3	-810.727555514145880E-3
670.000000000000110E+0	-519.591740832448740E-3	-675.280623350667070E-3
671.000000000000110E+0	-756.493110955598010E-3	-567.403779167356740E-3
672.000000000000110E+0	-743.319250957542590E-3	-467.069674794045820E-3
673.000000000000110E+0	-838.807097664233450E-3	-209.374712037134540E-3
674.000000000000110E+0	-917.176277058358910E-3	-118.956060865789190E-3
675.000000000000110E+0	-849.129515692601420E-3	-88.367079732200968E-3
676.000000000000110E+0	-821.834202225867120E-3	-14.677150251171459E-3
677.000000000000110E+0	-749.180068570919010E-3	-10.342330518516605E-3
678.000000000000110E+0	-661.406785365557080E-3	-405.696396410242450E-6
679.000000000000110E+0	-556.981564703097790E-3	115.899366958240670E-3
680.000000000000110E+0	-542.928836900918870E-3	200.179214097453680E-3
681.000000000000110E+0	-519.716780326314960E-3	214.241005741626330E-3
682.000000000000110E+0	-415.801055976565970E-3	294.908377901490160E-3
683.000000000000110E+0	-404.291977571666960E-3	341.981532161792720E-3
684.000000000000110E+0	-381.386091292049200E-3	378.814918469935700E-3
685.000000000000110E+0	-414.570199258853240E-3	336.172214542845460E-3
686.000000000000110E+0	-291.210886146565540E-3	251.880521954940760E-3
687.000000000000110E+0	-233.843519092546640E-3	303.099783660763730E-3
688.000000000000110E+0	-190.414081955862210E-3	253.114450757607580E-3
689.000000000000110E+0	-178.672358114313090E-3	252.092243447282090E-3
690.000000000000110E+0	-182.545233426608220E-3	236.968217619317270E-3
691.000000000000110E+0	-212.319106853099070E-3	238.151159967226020E-3
692.000000000000110E+0	-229.359580376276350E-3	147.906398087338880E-3
693.000000000000110E+0	-203.600612895131180E-3	130.162445902189140E-3
694.000000000000110E+0	-187.471456861288470E-3	117.626063834875980E-3
695.000000000000110E+0	-161.857138098378730E-3	123.466697918707740E-3
696.000000000000110E+0	-147.043172379633630E-3	144.512430040654890E-3
697.000000000000110E+0	-168.081538782389910E-3	212.443595176748800E-3
698.000000000000110E+0	-214.802548124299520E-3	194.505858872112190E-3
699.000000000000110E+0	-210.212930199828670E-3	188.784277765361390E-3
700.000000000000110E+0	-234.712391842485100E-3	277.593981082311260E-3
701.000000000000110E+0	-292.219295302604150E-3	73.182925218474665E-3
702.000000000000110E+0	-237.612270495595720E-3	111.605031130247970E-3
703.000000000000110E+0	-214.493288315110410E-3	127.949879642379800E-3
704.000000000000110E+0	-210.574373777083300E-3	172.727158506747160E-3
705.000000000000110E+0	-226.589624819873160E-3	162.539313761440790E-3
706.000000000000110E+0	-210.760544229572240E-3	230.159240910614880E-3
707.000000000000110E+0	-245.744980330971140E-3	233.720983967820120E-3
708.000000000000110E+0	-262.838720610209960E-3	273.220877807724300E-3
709.000000000000110E+0	-309.476400269304510E-3	275.975071650484520E-3
710.000000000000110E+0	-350.779982773568480E-3	216.084695764662990E-3
711.000000000000110E+0	-248.713760685848610E-3	293.670761496453160E-3
712.000000000000110E+0	-252.320049042564050E-3	343.159867284266890E-3
713.000000000000110E+0	-210.387813736976100E-3	402.899063172647900E-3
714.000000000000110E+0	-256.214702146534130E-3	498.367941984223240E-3
715.000000000000110E+0	-204.632806757594680E-3	539.864921714061640E-3
716.000000000000110E+0	-190.251566157060130E-3	573.009562443080320E-3
717.000000000000110E+0	-68.208450348858474E-3	566.179055633497240E-3
718.000000000000110E+0	77.862796911388255E-3	541.431224483537640E-3
719.000000000000110E+0	232.492103751646110E-3	436.873850002082790E-3
720.000000000000110E+0	304.889087458643130E-3	460.836090094911000E-3
721.000000000000110E+0	301.048118193111560E-3	345.087333361926320E-3
722.000000000000110E+0	312.824814398469930E-3	292.184820271737530E-3
723.000000000000110E+0	377.584086107080770E-3	212.400128711484390E-3
724.000000000000110E+0	383.645994357457720E-3	459.866794597607150E-3
725.000000000000110E+0	198.195792203994470E-3	324.254082165450040E-3
726.000000000000110E+0	237.461271756967050E-3	204.808283636585180E-3
727.000000000000110E+0	258.344181623709480E-3	144.655621652184980E-3
728.000000000000110E+0	301.292676790898110E-3	65.488862540601364E-3
729.000000000000110E+0	301.486004782625720E-3	131.365418811634990E-3
730.000000000000110E+0	265.787322938917660E-3	48.143229378782258E-3
731.000000000000110E+0	247.985115008656110E-3	15.640205103062518E-3
732.000000000000110E+0	233.065325715969910E-3	-11.604870881468809E-3
733.000000000000110E+0	201.075711893576400E-3	-3.296433022037909E-3
734.000000000000110E+0	175.821439235661320E-3	-27.388975363806901E-3
735.000000000000110E+0	156.676108673143940E-3	-37.607039898058851E-3
736.000000000000110E+0	139.445303263574990E-3	-54.862214877336599E-3
737.000000000000110E+0	156.185340523836310E-3	-74.700984687788921E-3
738.000000000000110E+0	187.666897600824200E-3	-30.894677885464506E-3
739.000000000000110E+0	102.374547939516890E-3	-25.182031422784378E-3
740.000000000000110E+0	97.571896187229543E-3	-43.269156871840860E-3
741.000000000000110E+0	94.863074635195777E-3	-49.605082775866685E-3
742.000000000000110E+0	79.283993585096496E-3	-7.588819344964576E-3
743.000000000000110E+0	67.530286963563016E-3	-80.425055148836966E-3
744.000000000000110E+0	71.712826673616017E-3	-68.191224448399687E-3
745.000000000000110E+0	63.671736893704256E-3	-90.131037860850291E-3
746.000000000000110E+0	104.457973841806790E-3	-88.059517173287166E-3
747.000000000000110E+0	126.074048765162510E-3	-61.172853661520907E-3
748.000000000000110E+0	55.890468153435839E-3	-22.669278164550499E-3
749.000000000000110E+0	63.263691838535502E-3	-43.824360513776438E-3
750.000000000000110E+0	62.554612267405746E-3	-44.529040554511519E-3
751.000000000000110E+0	42.544108476048878E-3	-23.135764052869507E-3
752.000000000000110E+0	-6.179659548245213E-3	-112.657751859509490E-3
753.000000000000110E+0	70.165146413106880E-3	-107.919538823292750E-3
754.000000000000110E+0	74.484567148574016E-3	-83.610303398031285E-3
755.000000000000110E+0	62.420815153055094E-3	-78.692859933370760E-3
756.000000000000110E+0	65.006369340102108E-3	-98.246476226775917E-3
757.000000000000110E+0	100.039013899787920E-3	-69.423736099896535E-3
758.000000000000110E+0	30.934604451940594E-3	-78.585048370450564E-3
759.000000000000110E+0	38.350369749023970E-3	-93.495438172554832E-3
760.000000000000110E+0	11.221891398350543E-3	-109.947107192804970E-3
761.000000000000110E+0	71.126674474992463E-3	-175.007856574178080E-3
762.000000000000110E+0	67.659399780588866E-3	-149.024218758950670E-3
763.000000000000110E+0	83.247851067147424E-3	-140.953561259568230E-3
764.000000000000110E+0	78.863900110692650E-3	-133.075991176067530E-3
765.000000000000110E+0	80.269582499444825E-3	-123.161782734462100E-3
766.000000000000110E+0	26.970888923846806E-3	-129.313965064390690E-3
767.000000000000110E+0	60.650399424210161E-3	-164.275653427875060E-3
768.000000000000110E+0	53.402457421016063E-3	-170.032657382258510E-3
769.000000000000110E+0	72.491751022170064E-3	-186.376797978505040E-3
770.000000000000110E+0	61.352970642534151E-3	-130.055246772054160E-3
771.000000000000110E+0	37.475129582432598E-3	-327.077388569040840E-3
772.000000000000110E+0	89.433934677905738E-3	-285.498062649720000E-3
773.000000000000110E+0	131.567410066324110E-3	-280.311446037313010E-3
774.000000000000110E+0	76.560659230600389E-3	-204.300629076684390E-3
775.000000000000110E+0	63.843257853956670E-3	-337.360781714601100E-3
776.000000000000110E+0	186.504239686272750E-3	-326.178012742364080E-3
777.000000000000110E+0	103.193166121557730E-3	-283.329431612649510E-3
778.000000000000110E+0	96.981989264400492E-3	-335.097514582322730E-3
779.000000000000110E+0	105.365556774789130E-3	-338.405884140225100E-3
780.000000000000110E+0	3.911435127116036E-3	-418.620061066337200E-3
781.000000000000110E+0	69.375759750878105E-3	-459.108715751150530E-3
782.000000000000110E+0	77.337884424331607E-3	-474.648304067308790E-3
783.000000000000110E+0	47.948158976521341E-3	-496.222131908824300E-3
784.000000000000110E+0	-43.687302268672103E-3	-569.750833954869580E-3
785.000000000000110E+0	92.650810975242664E-3	-668.881959990189510E-3
786.000000000000110E+0	58.901282055516181E-3	-605.575743057762070E-3
787.000000000000110E+0	-28.034874263940461E-3	-633.012466882818650E-3
788.000000000000110E+0	-92.302510355047260E-3	-699.288504014666690E-3
789.000000000000110E+0	-216.224442011471260E-3	-793.020870081752370E-3
790.000000000000110E+0	-133.171289453894420E-3	-632.163951121172180E-3
791.000000000000110E+0	-371.591750674857060E-3	-726.701493746302880E-3
792.000000000000110E+0	-388.336085708784860E-3	-922.459051443917600E-3
793.000000000000110E+0	-284.818163751739630E-3	-613.262975681424960E-3
794.000000000000110E+0	-661.921714820440710E-3	-613.195399415057740E-3
795.000000000000110E+0	-620.657736889367980E-3	-643.304541712276800E-3
796.000000000000110E+0	-628.125905330363050E-3	-598.496002783894140E-3
797.000000000000110E+0	-654.801745886446350E-3	-393.010250604980570E-3
798.000000000000110E+0	-920.842797113840980E-3	-414.854582328747670E-3
799.000000000000110E+0	-702.288984507689060E-3	-621.534318940570980E-3
800.000000000000110E+0	-620.351497460738030E-3	-341.021132117863500E-3
801.000000000000110E+0	-740.340418295082570E-3	-192.731261370566290E-3
802.000000000000110E+0	-862.505742935937960E-3	-140.528543189379050E-3
803.000000000000110E+0	-939.347754154213340E-3	-235.155954461111980E-3
804.000000000000110E+0	-901.291708464041160E-3	-165.593862757017480E-3
805.000000000000110E+0	-956.630172330309670E-3	-130.872034254381850E-3
806.000000000000110E+0	-918.143701214827020E-3	-155.848320195165900E-3
807.000000000000110E+0	-890.347374407454260E-3	-97.965460489520456E-3
808.000000000000110E+0	-693.647480746476860E-3	-189.678616105484670E-3
809.000000000000110E+0	-789.584114155931550E-3	114.562915294059830E-3
810.000000000000110E+0	-774.928742818542180E-3	168.290391121104050E-3
811.000000000000110E+0	-749.541166526970890E-3	231.149935481316740E-3
812.000000000000110E+0	-706.002874300461490E-3	362.752164104400530E-3
813.000000000000110E+0	-893.395094161822940E-3	345.861347528557350E-3
814.000000000000110E+0	-768.456106123219460E-3	290.304634654002520E-3
815.000000000000110E+0	-696.874936485792910E-3	298.376336423192610E-3
816.000000000000110E+0	-582.888758922693650E-3	358.648958467151220E-3
817.000000000000110E+0	-596.758937868514970E-3	433.546024075278590E-3
818.000000000000110E+0	-559.598681172504220E-3	311.952614171435600E-3
819.000000000000110E+0	-447.106876362412090E-3	360.081227432820730E-3
820.000000000000110E+0	-394.207996307548050E-3	391.059737291924280E-3
821.000000000000110E+0	-375.821527638416030E-3	444.904573295331900E-3
822.000000000000110E+0	-411.669167086202770E-3	332.894716802408900E-3
823.000000000000110E+0	-350.358855994684140E-3	337.090875115387380E-3
824.000000000000110E+0	-351.037865784214590E-3	323.869893200556040E-3
825.000000000000110E+0	-317.573779216162260E-3	290.219465704141030E-3
826.000000000000110E+0	-284.258233462878100E-3	362.525028521398510E-3
827.000000000000110E+0	-433.843917681862650E-3	333.115576812998970E-3
828.000000000000110E+0	-374.045301103238860E-3	225.071364255114620E-3
829.000000000000110E+0	-331.563657734922130E-3	237.540070154598690E-3
830.000000000000110E+0	-331.141039892809190E-3	241.484662451408760E-3
831.000000000000110E+0	-332.643175981346570E-3	310.649552579155160E-3
832.000000000000110E+0	-357.276984086725200E-3	237.396545157209290E-3
833.000000000000110E+0	-344.210117016400310E-3	237.555111158053220E-3
834.000000000000110E+0	-317.842377164512300E-3	255.198141352679870E-3
835.000000000000110E+0	-368.423772727529520E-3	272.188106534162980E-3
836.000000000000110E+0	-383.055632458790320E-3	260.653177100564400E-3
837.000000000000110E+0	-356.012647480391020E-3	241.525283642071260E-3
838.000000000000110E+0	-351.194469074127320E-3	244.174991714583480E-3
839.000000000000110E+0	-337.478790257242590E-3	244.185505465446010E-3
840.000000000000110E+0	-312.147044866419420E-3	276.621348203946180E-3
841.000000000000110E+0	-337.894094988957620E-3	298.329280320172090E-3
842.000000000000110E+0	-357.908105274465320E-3	316.088908736277150E-3
843.000000000000110E+0	-387.095114258895920E-3	301.950656378644100E-3
844.000000000000110E+0	-372.468913599006750E-3	263.379944850205270E-3
845.000000000000110E+0	-297.247061812867250E-3	301.075713313510570E-3
846.000000000000110E+0	-368.320010186117150E-3	356.066513404812600E-3
847.000000000000110E+0	-384.118150236394730E-3	327.030901675014750E-3
848.000000000000110E+0	-350.699789345964190E-3	316.734276336656570E-3
849.000000000000110E+0	-327.507644085932250E-3	334.780740800610040E-3
850.000000000000110E+0	-402.230889926227020E-3	487.972012554096060E-3
851.000000000000110E+0	-359.767494246802990E-3	377.889287045022340E-3
852.000000000000110E+0	-338.477135285571500E-3	386.319380347964090E-3
853.000000000000110E+0	-289.095985535020750E-3	393.735368833693530E-3
854.000000000000110E+0	-300.324537290205030E-3	471.908774448197620E-3
855.000000000000110E+0	-332.753879051944760E-3	458.508647119814430E-3
856.000000000000110E+0	-237.095955322776750E-3	427.890084084723730E-3
857.000000000000110E+0	-207.678716364176230E-3	479.083469645506130E-3
858.000000000000110E+0	-215.784547692513120E-3	481.467565210839940E-3
859.000000000000110E+0	-210.453760850108500E-3	452.966565993352050E-3
860.000000000000110E+0	-181.378290026537130E-3	421.701743488885120E-3
861.000000000000110E+0	-169.141438392093450E-3	409.558284193896280E-3
862.000000000000110E+0	-160.720857900651350E-3	407.664113499316030E-3
863.000000000000110E+0	-196.815188046624120E-3	441.385510271630420E-3
864.000000000000110E+0	-225.536982096109530E-3	408.622441305800050E-3
865.000000000000110E+0	-218.174680301956280E-3	385.975727322741490E-3
866.000000000000110E+0	-190.220146357461210E-3	436.595434264598900E-3
867.000000000000110E+0	-235.094968036651720E-3	455.831885305393540E-3
868.000000000000110E+0	-228.987724877792950E-3	454.791513050484150E-3
869.000000000000110E+0	-181.372671100716700E-3	560.098193556673450E-3
870.000000000000110E+0	-203.664233040601550E-3	587.243388770396720E-3
871.000000000000110E+0	-191.232713045948350E-3	605.407667917031710E-3
872.000000000000110E+0	-130.982395260235640E-3	682.293295106931490E-3
873.000000000000110E+0	-211.240139782704260E-3	663.719696903998680E-3
874.000000000000110E+0	-48.864972247643274E-3	693.926518926762940E-3
875.000000000000110E+0	-7.749434554581087E-3	722.610077328492030E-3
876.000000000000110E+0	67.737498487617814E-3	698.024164791745890E-3
877.000000000000110E+0	178.381982360880130E-3	664.259167414001710E-3
878.000000000000110E+0	334.778668772916570E-3	699.839923224489290E-3
879.000000000000110E+0	294.337621642807860E-3	627.297273260618680E-3
880.000000000000110E+0	362.286363930002960E-3	556.992002835170590E-3
881.000000000000110E+0	407.635273277036750E-3	489.653320971788490E-3
882.000000000000110E+0	338.869473433457300E-3	514.339144812716590E-3
883.000000000000110E+0	356.055251930696650E-3	319.897581085836600E-3
884.000000000000110E+0	385.446784531745410E-3	276.216953929275030E-3
885.000000000000110E+0	380.846831267111660E-3	217.726966492773730E-3
886.000000000000110E+0	386.111730464973270E-3	189.070425396083740E-3
887.000000000000110E+0	417.658021247434510E-3	158.097603783713510E-3
888.000000000000110E+0	330.027872433846460E-3	201.767760174848380E-3
889.000000000000110E+0	323.958542568724580E-3	155.211515539528750E-3
890.000000000000110E+0	271.687839682618890E-3	154.352703943206960E-3
891.000000000000110E+0	237.366828857932590E-3	109.961997189749920E-3
892.000000000000110E+0	254.475414250589890E-3	-4.156348590592124E-3
893.000000000000110E+0	255.215146371980340E-3	18.916749862511375E-3
894.000000000000110E+0	251.483826414680810E-3	-14.503640163201997E-3
895.000000000000110E+0	273.635549717268110E-3	28.715323318078505E-3
896.000000000000110E+0	205.292121132915150E-3	-5.764784902424549E-3
897.000000000000110E+0	247.005047126644780E-3	12.919585789167461E-3
898.000000000000110E+0	170.222267405979540E-3	-15.606259614331078E-3
899.000000000000110E+0	171.665713302554280E-3	-32.788401121181976E-3
900.000000000000110E+0	167.131447950321480E-3	-23.433349589510846E-3
901.000000000000110E+0	32.530183591781246E-3	-27.370574062683062E-3
902.000000000000110E+0	76.306313769351972E-3	-98.545919762448517E-3
903.000000000000110E+0	94.267523565808128E-3	-87.823249189489791E-3
904.000000000000110E+0	77.170788871215243E-3	-96.444953989967760E-3
905.000000000000110E+0	103.040962419081820E-3	-72.002062423860619E-3
906.000000000000110E+0	46.258924781969510E-3	-49.009375923232221E-3
907.000000000000110E+0	17.429616255527441E-3	-27.665238323693508E-3
908.000000000000110E+0	-64.823212694875398E-3	-58.038335983719033E-3
909.000000000000110E+0	-68.514936004395316E-3	-86.201960969175082E-3
910.000000000000110E+0	-155.385962809848650E-3	-28.956723152451475E-3
911.000000000000110E+0	-25.852377727092250E-3	-183.209671464442230E-3
912.000000000000110E+0	-82.739705815575021E-3	-142.667605006929930E-3
913.000000000000110E+0	-114.093414854307910E-3	-174.840245804745660E-3
914.000000000000110E+0	-40.883618095917507E-3	-133.969412364582460E-3
915.000000000000110E+0	-102.168451147764520E-3	-108.582603409085850E-3
916.000000000000110E+0	-83.074951414560672E-3	-18.976708201111789E-3
917.000000000000110E+0	-127.306123104273610E-3	-23.713963121924215E-3
918.000000000000110E+0	-112.325155859561960E-3	11.258799345621542E-3
919.000000000000110E+0	-155.867494918396550E-3	19.293685722722123E-3
920.000000000000110E+0	-81.830638421788282E-3	61.242985814790707E-3
921.000000000000110E+0	-124.838003528574200E-3	51.067952281794025E-3
922.000000000000110E+0	-125.910281311053920E-3	73.427142871105106E-3
923.000000000000110E+0	-168.913443831641390E-3	81.340566993386321E-3
924.000000000000110E+0	-147.824931454241940E-3	7.519617076010426E-3
925.000000000000110E+0	-145.395731140434860E-3	24.527223992319075E-3
926.000000000000110E+0	-132.834627133704340E-3	9.858529579441838E-3
927.000000000000110E+0	-111.775142497120260E-3	21.272990321930703E-3
928.000000000000110E+0	-121.864413281788080E-3	24.353991079434197E-3
929.000000000000110E+0	-58.330147141818327E-3	15.803480932179852E-3
930.000000000000110E+0	-123.244336737459380E-3	70.727673222928819E-3
931.000000000000110E+0	-120.593797847148810E-3	61.875554633399908E-3
932.000000000000110E+0	-112.016430080315090E-3	77.646601511920071E-3
933.000000000000110E+0	-135.046479726088710E-3	90.105767334376641E-3
934.000000000000110E+0	-163.278024546523510E-3	92.818785879784579E-3
935.000000000000110E+0	-197.573074414173210E-3	55.804484204110896E-3
936.000000000000110E+0	-198.720370484211040E-3	41.031968619087346E-3
937.000000000000110E+0	-228.107411020725150E-3	73.114913566006787E-3
938.000000000000110E+0	-293.172235711356250E-3	70.045994724959454E-3
939.000000000000110E+0	-209.619554561031180E-3	20.402942367322121E-3
940.000000000000110E+0	-235.190385444968760E-3	109.501722762228100E-3
941.000000000000110E+0	-252.262357394196390E-3	134.959096175595950E-3
942.000000000000110E+0	-216.359138220472090E-3	138.851901564488210E-3
943.000000000000110E+0	-226.905448417301730E-3	242.288724336127750E-3
944.000000000000110E+0	-260.204413222142220E-3	252.938172064342100E-3
945.000000000000110E+0	-269.909251969580430E-3	261.780290080617430E-3
946.000000000000110E+0	-263.767986779019080E-3	262.834267089926130E-3
947.000000000000110E+0	-274.729732578935570E-3	255.866117949232860E-3
948.000000000000110E+0	-140.940234308345740E-3	248.023948677576850E-3
949.000000000000110E+0	-142.358485727662800E-3	325.354280325535370E-3
950.000000000000110E+0	-133.826643067896430E-3	364.503086218011750E-3
951.000000000000110E+0	-83.144632302969534E-3	395.857073295788180E-3
952.000000000000110E+0	-258.114367833871820E-3	510.599435311674400E-3
953.000000000000110E+0	-83.248373138168838E-3	366.658371357794000E-3
954.000000000000110E+0	-49.791574207589590E-3	387.960197602601810E-3
955.000000000000110E+0	-35.079260204623132E-3	312.170247850626580E-3
956.000000000000110E+0	123.238872412232260E-3	285.626368963895040E-3
957.000000000000110E+0	162.689678498665970E-3	393.993986566265770E-3
958.000000000000110E+0	27.652485198085486E-3	285.137932256266160E-3
959.000000000000110E+0	60.832500679503097E-3	201.535190081494650E-3
960.000000000000110E+0	134.301994405632170E-3	88.752777926991766E-3
961.000000000000110E+0	370.354724899468250E-3	251.463113965318120E-3
962.000000000000110E+0	80.596640906868938E-3	270.093124803956530E-3
963.000000000000110E+0	14.605883704624449E-3	196.831401277086540E-3
964.000000000000110E+0	8.870880474933887E-3	141.387333707647140E-3
965.000000000000110E+0	741.604026280876220E-6	101.804151720706560E-3
966.000000000000110E+0	4.235520764715250E-3	90.959460905811876E-3
967.000000000000110E+0	101.254529305571940E-3	81.274257958022414E-3
968.000000000000110E+0	112.822185183786310E-3	192.914942171452720E-3
969.000000000000110E+0	80.585804796957997E-3	269.591130932277160E-3
970.000000000000110E+0	28.308103745110013E-3	420.586025994619140E-3
971.000000000000110E+0	48.459557632140819E-3	-167.710496424925390E-3
972.000000000000110E+0	83.587228746633879E-3	147.473465445651820E-3
973.000000000000110E+0	75.575167699455714E-3	222.033983685374550E-3
974.000000000000110E+0	-55.949906539726937E-3	165.012842680431790E-3
975.000000000000110E+0	83.372714325141387E-3	-19.370089234751812E-3
976.000000000000110E+0	442.936730659923340E-3	165.423372864728050E-3
977.000000000000110E+0	185.501713947143040E-3	238.861120686758020E-3
978.000000000000110E+0	169.258604241170730E-3	186.962952955910140E-3
979.000000000000110E+0	110.177804477534630E-3	258.885422228250170E-3
980.000000000000110E+0	-213.191596453544680E-3	-138.723544023058140E-3
981.000000000000110E+0	190.914141963491430E-3	-24.881469953501673E-3
982.000000000000110E+0	151.916258258562090E-3	690.953741817537420E-6
983.000000000000110E+0	151.906501393465540E-3	-37.645530950564138E-3
984.000000000000110E+0	329.209136201470800E-3	295.766730198552980E-3
985.000000000000110E+0	120.170236439881060E-3	130.836139357675550E-3
986.000000000000110E+0	-15.431941324806502E-3	86.405172109106226E-3
987.000000000000110E+0	31.390480225840685E-3	-25.128230253977639E-3
988.000000000000110E+0	83.504157023831238E-3	-3.245250038619858E-3
989.000000000000110E+0	106.549756817471970E-3	80.402257310480077E-3
990.000000000000110E+0	116.771284283275140E-3	-118.744055076830810E-3
991.000000000000110E+0	96.392745939954713E-3	-82.538587294487709E-3
992.000000000000110E+0	130.745860041957400E-3	-68.030493025711611E-3
993.000000000000110E+0	128.097340007951500E-3	-47.098847195561518E-3
994.000000000000110E+0	53.526646496934123E-3	134.689974279423920E-3
995.000000000000110E+0	-37.785878904815669E-3	-102.084429877736480E-3
996.000000000000110E+0	15.077677697750784E-3	-143.294087336131910E-3
997.000000000000110E+0	67.543257519902533E-3	-171.176275370879510E-3
998.000000000000110E+0	48.650938769870408E-3	-110.934086608477140E-3
999.000000000000110E+0	162.690520323969910E-3	-194.903820545652920E-3
1.000000000000000E+3	-37.991298991686746E-3	-184.655533447119930E-3
