Freq (Hz)	accelerometre /source
source
source_Mod	accelerometre /source
source
source_Phase(rad)
10.000000000000018E+0	132.204599476727830E-3	6.672193989636392E+0
11.000000000000020E+0	70.766100803915058E-3	8.696772894932803E+0
12.000000000000021E+0	38.967212496072851E-3	8.882292980456203E+0
13.000000000000023E+0	63.113392258444964E-3	10.097166019302517E+0
14.000000000000025E+0	28.304721688415729E-3	7.789251679225965E+0
15.000000000000027E+0	64.181351395836167E-3	8.834149080058300E+0
16.000000000000028E+0	50.880353941631047E-3	9.937420104841992E+0
17.000000000000028E+0	47.431399142806960E-3	8.533676118468989E+0
18.000000000000028E+0	66.402180761048243E-3	8.896961862317195E+0
19.000000000000028E+0	70.650142052433917E-3	9.462054820631815E+0
20.000000000000028E+0	93.956590445135574E-3	8.555181904753606E+0
21.000000000000028E+0	100.285623448424660E-3	8.927288692165988E+0
22.000000000000028E+0	74.537390227473549E-3	8.543263221659704E+0
23.000000000000028E+0	140.513334018175920E-3	8.748307025494412E+0
24.000000000000028E+0	137.845003783669710E-3	8.445902091851117E+0
25.000000000000028E+0	159.916402593475920E-3	8.214797839832906E+0
26.000000000000028E+0	154.694698079273880E-3	7.981434720302901E+0
27.000000000000028E+0	129.844324226035700E-3	7.738381043791504E+0
28.000000000000028E+0	119.966856002607410E-3	7.830758436544519E+0
29.000000000000028E+0	110.030507583038550E-3	7.511014119484458E+0
30.000000000000028E+0	71.054989746194688E-3	7.994938747068890E+0
31.000000000000028E+0	66.816694540780361E-3	7.861734892412221E+0
32.000000000000028E+0	85.211948084497044E-3	7.992027362200535E+0
33.000000000000028E+0	91.453722262576892E-3	8.380531508742715E+0
34.000000000000028E+0	133.711792270244180E-3	8.127430303217753E+0
35.000000000000028E+0	128.672030895440240E-3	8.068228983858564E+0
36.000000000000028E+0	101.460018758401850E-3	8.237696083969569E+0
37.000000000000028E+0	129.764979542023710E-3	8.398385588465286E+0
38.000000000000028E+0	182.764866668633010E-3	8.359759912345083E+0
39.000000000000028E+0	227.280360880936810E-3	8.206370116062928E+0
40.000000000000028E+0	257.260590549859110E-3	8.215777840104698E+0
41.000000000000028E+0	261.537138912821880E-3	7.945972338543534E+0
42.000000000000028E+0	246.956264835561410E-3	7.665696405946878E+0
43.000000000000028E+0	177.551064057227060E-3	7.225208702204807E+0
44.000000000000028E+0	134.351717836518700E-3	6.484257936021939E+0
45.000000000000028E+0	81.193821952892181E-3	7.060153467476328E+0
46.000000000000028E+0	92.669884235307767E-3	8.128648951514029E+0
47.000000000000028E+0	196.342539316862350E-3	8.007196864695064E+0
48.000000000000028E+0	230.879696077156970E-3	7.793986860267784E+0
49.000000000000028E+0	285.629516455688790E-3	8.168414584483072E+0
50.000000000000028E+0	265.637101108201550E-3	8.111101351421087E+0
51.000000000000028E+0	265.713270330917130E-3	7.954879932526034E+0
52.000000000000028E+0	266.250026918644190E-3	7.822104699225390E+0
53.000000000000028E+0	290.074538359126720E-3	7.597563309294989E+0
54.000000000000028E+0	293.351388694561950E-3	7.706058231781532E+0
55.000000000000028E+0	293.805340739641820E-3	7.636784278315221E+0
56.000000000000028E+0	292.123504281903700E-3	7.589375087515572E+0
57.000000000000028E+0	255.790464106806060E-3	7.619052894676933E+0
58.000000000000028E+0	236.518356175766800E-3	7.623468692659003E+0
59.000000000000028E+0	300.607133398975600E-3	7.700693324873193E+0
60.000000000000028E+0	315.169969782407130E-3	7.768127976040216E+0
61.000000000000028E+0	355.103309127135840E-3	7.849611428441436E+0
62.000000000000028E+0	419.566611831662050E-3	7.739218412027611E+0
63.000000000000028E+0	484.913773922778900E-3	7.644312513130277E+0
64.000000000000028E+0	535.037548447738210E-3	7.486704082028250E+0
65.000000000000028E+0	566.665123251735130E-3	7.330915370426665E+0
66.000000000000028E+0	537.660881768645350E-3	7.269803417358901E+0
67.000000000000028E+0	460.363360463687420E-3	7.131764822765695E+0
68.000000000000028E+0	525.471177785684860E-3	6.630032366579032E+0
69.000000000000028E+0	473.088500312223490E-3	6.761534422472658E+0
70.000000000000028E+0	426.864097926312300E-3	6.908009026528273E+0
71.000000000000028E+0	361.824573823096350E-3	7.157929776689537E+0
72.000000000000028E+0	271.847029658237480E-3	6.798130508758923E+0
73.000000000000028E+0	349.706358501170600E-3	6.831831027237192E+0
74.000000000000028E+0	350.409946398339000E-3	6.942716225151844E+0
75.000000000000028E+0	355.892969144260160E-3	6.965503447905913E+0
76.000000000000028E+0	414.719631708848120E-3	6.979945475119638E+0
77.000000000000028E+0	336.520637709778410E-3	7.279905128275979E+0
78.000000000000028E+0	341.285319702915260E-3	6.906898672544151E+0
79.000000000000028E+0	402.740022930639370E-3	6.859200838191184E+0
80.000000000000028E+0	457.157452324191970E-3	6.932143196105854E+0
81.000000000000028E+0	401.030441627276300E-3	7.116237288566798E+0
82.000000000000028E+0	410.697538079257520E-3	6.994516254377606E+0
83.000000000000028E+0	432.426433550664120E-3	6.899146985048190E+0
84.000000000000028E+0	473.874141586762390E-3	6.805846376931097E+0
85.000000000000028E+0	484.680305428439100E-3	6.866528035665195E+0
86.000000000000028E+0	552.782825956766530E-3	6.807336628909152E+0
87.000000000000028E+0	498.937387782231120E-3	7.088932672754400E+0
88.000000000000028E+0	433.294362550391780E-3	6.836503866882494E+0
89.000000000000028E+0	466.803380133431640E-3	6.663572452494450E+0
90.000000000000028E+0	541.252073599831960E-3	5.856777667712006E+0
91.000000000000028E+0	588.322007720102240E-3	6.734426698334378E+0
92.000000000000028E+0	596.692497403256920E-3	6.575563281343864E+0
93.000000000000028E+0	630.662324853290320E-3	6.491547575901397E+0
94.000000000000028E+0	623.970208235368200E-3	6.413430528842204E+0
95.000000000000028E+0	593.020430288091590E-3	6.185640581787033E+0
96.000000000000028E+0	686.947818208403670E-3	6.217341658531697E+0
97.000000000000028E+0	632.344025905542510E-3	6.244750054239878E+0
98.000000000000028E+0	662.429927427914840E-3	6.153167920452620E+0
99.000000000000028E+0	718.289876173544670E-3	5.958383912955643E+0
100.000000000000030E+0	898.515620014232570E-3	5.909366534006315E+0
101.000000000000030E+0	661.087618597292700E-3	5.886094973891005E+0
102.000000000000030E+0	532.665838501666600E-3	5.689701023653131E+0
103.000000000000030E+0	438.915181652570540E-3	5.157803082658130E+0
104.000000000000030E+0	546.042743654505450E-3	5.418541210504493E+0
105.000000000000030E+0	331.487126895470660E-3	5.293729404152463E+0
106.000000000000030E+0	400.821827012217250E-3	5.270128655794051E+0
107.000000000000030E+0	351.196222919839260E-3	5.367001756483453E+0
108.000000000000030E+0	296.397828302392470E-3	5.393419167318592E+0
109.000000000000030E+0	277.961812109204730E-3	6.173451132265039E+0
110.000000000000030E+0	210.060029749572580E-3	5.344299125773766E+0
111.000000000000030E+0	241.734994095928580E-3	5.302120295291685E+0
112.000000000000030E+0	282.508175381164350E-3	5.138528799400268E+0
113.000000000000030E+0	335.065079795817010E-3	5.047321329131703E+0
114.000000000000030E+0	427.354783113909790E-3	5.088383878546617E+0
115.000000000000030E+0	391.384456901887830E-3	5.157100175632481E+0
116.000000000000030E+0	361.428488689514600E-3	5.146856238209343E+0
117.000000000000030E+0	287.750622711736850E-3	5.209330356466328E+0
118.000000000000030E+0	251.170344821283480E-3	5.218518327452657E+0
119.000000000000030E+0	145.228598029467030E-3	2.879356088603804E+0
120.000000000000030E+0	115.237174329800320E-3	4.241727585271666E+0
121.000000000000030E+0	65.842478824577708E-3	3.831555536345626E+0
122.000000000000030E+0	239.161728668318920E-3	2.601846289135438E+0
123.000000000000030E+0	206.796573018508680E-3	3.302823641130375E+0
124.000000000000030E+0	234.895876400673110E-3	3.218015901631531E+0
125.000000000000030E+0	152.353471901953170E-3	2.993247751625594E+0
126.000000000000030E+0	204.021732024580350E-3	2.299195550322818E+0
127.000000000000030E+0	242.289369661355590E-3	2.108115838695894E+0
128.000000000000030E+0	464.543998237735400E-3	1.528460320131034E+0
129.000000000000030E+0	420.823433533029480E-3	2.012066282094466E+0
130.000000000000030E+0	398.307464129274260E-3	1.776200337612460E+0
131.000000000000030E+0	361.592644495097480E-3	1.579308305138373E+0
132.000000000000030E+0	425.565593811797430E-3	850.408393612818060E-3
133.000000000000030E+0	573.410962691015440E-3	1.136028606847052E+0
134.000000000000030E+0	574.629499453893300E-3	942.377853124480750E-3
135.000000000000030E+0	685.966384878633710E-3	1.047094057370570E+0
136.000000000000030E+0	652.786074597170860E-3	1.070905722518815E+0
137.000000000000030E+0	772.888646602533090E-3	1.135438800626378E+0
138.000000000000030E+0	345.568031728536840E-3	1.268779162607212E+0
139.000000000000030E+0	418.704000104752170E-3	979.884815733178200E-3
140.000000000000030E+0	382.296827353599040E-3	945.151635327251330E-3
141.000000000000030E+0	285.921250454534540E-3	405.150986028041500E-3
142.000000000000030E+0	530.145024182088860E-3	-131.055919604162100E-3
143.000000000000030E+0	746.045327904461540E-3	183.747786598148860E-3
144.000000000000030E+0	721.518162608536960E-3	253.136088376803960E-3
145.000000000000030E+0	753.484537098533360E-3	386.905018350053920E-3
146.000000000000030E+0	742.449480151221700E-3	674.154080660586240E-3
147.000000000000030E+0	728.636311575484920E-3	1.314699031747650E+0
148.000000000000030E+0	306.870214464184390E-3	793.952115154759050E-3
149.000000000000030E+0	415.997419505181260E-3	883.775806529771500E-3
150.000000000000030E+0	424.346429688224840E-3	1.164614961953220E+0
151.000000000000030E+0	267.151788166754780E-3	47.311119567067794E-3
152.000000000000030E+0	681.204178294918750E-3	296.550966492851120E-3
153.000000000000030E+0	873.186260965879150E-3	351.160592386044300E-3
154.000000000000030E+0	1.019178735173339E+0	573.665412112081440E-3
155.000000000000030E+0	986.998772356042940E-3	443.411567375606000E-3
156.000000000000030E+0	1.266557321583328E+0	606.979550850601960E-3
157.000000000000030E+0	907.913763269420300E-3	588.869498649065680E-3
158.000000000000030E+0	837.262807369021480E-3	428.509194782475680E-3
159.000000000000030E+0	850.607924631693770E-3	329.076423236722980E-3
160.000000000000030E+0	787.422551134786870E-3	216.049479381570930E-3
161.000000000000030E+0	1.047726491761577E+0	-18.815668226544270E-3
162.000000000000030E+0	1.076449333933682E+0	21.618171923941342E-3
163.000000000000030E+0	1.148323537941975E+0	-70.499846320908013E-3
164.000000000000030E+0	1.297196774931458E+0	-34.609387399773359E-3
165.000000000000030E+0	1.374094796277315E+0	-9.678291590452874E-3
166.000000000000030E+0	1.162198374593767E+0	190.572734405337700E-3
167.000000000000030E+0	1.099165334325020E+0	-182.435715348668510E-3
168.000000000000030E+0	1.183839694726188E+0	-264.920312341608570E-3
169.000000000000030E+0	1.120096006715909E+0	-230.042931939948070E-3
170.000000000000030E+0	1.207981172808184E+0	-569.620638559154900E-3
171.000000000000030E+0	1.320812715758629E+0	-564.149225950239530E-3
172.000000000000030E+0	1.330230876963304E+0	-630.696881495683930E-3
173.000000000000030E+0	1.415465911569715E+0	-675.323028510950270E-3
174.000000000000030E+0	1.510142485230549E+0	-528.749234000904340E-3
175.000000000000030E+0	1.109550653534950E+0	-386.965195324766860E-3
176.000000000000030E+0	901.067408256141180E-3	-763.905343331776290E-3
177.000000000000030E+0	854.230354634730520E-3	-947.386754745287000E-3
178.000000000000030E+0	903.611798372918830E-3	-1.064657005986048E+0
179.000000000000030E+0	863.749581414113730E-3	-1.229348996144046E+0
180.000000000000030E+0	996.026732578943140E-3	-1.058876082700254E+0
181.000000000000030E+0	927.283304885968990E-3	-1.088156503952769E+0
182.000000000000030E+0	920.542161192880240E-3	-1.068631071977556E+0
183.000000000000030E+0	944.411293296881670E-3	-1.028305576841831E+0
184.000000000000030E+0	1.033917220735147E+0	-1.037278936650336E+0
185.000000000000030E+0	920.372298308203330E-3	-960.304099867234970E-3
186.000000000000030E+0	883.978285496787470E-3	-1.078344464807557E+0
187.000000000000030E+0	921.331910302667810E-3	-1.165265214345439E+0
188.000000000000030E+0	944.685621925156480E-3	-1.222996398166300E+0
189.000000000000030E+0	1.014200840074069E+0	-1.299999942605946E+0
190.000000000000030E+0	960.801433596276010E-3	-1.263141362723103E+0
191.000000000000030E+0	909.251640080917860E-3	-1.371943317289581E+0
192.000000000000030E+0	1.001345555979110E+0	-1.476156575066296E+0
193.000000000000030E+0	983.513751547426710E-3	-1.455997409910652E+0
194.000000000000030E+0	944.518318816996440E-3	-1.535977549565592E+0
195.000000000000030E+0	952.796159961687540E-3	-1.561336496428875E+0
196.000000000000030E+0	914.480731752954190E-3	-1.634406369172188E+0
197.000000000000030E+0	901.681468275024490E-3	-1.748823720925313E+0
198.000000000000030E+0	1.157348414047497E+0	-1.776249526957148E+0
199.000000000000030E+0	841.213322282356680E-3	-1.740855902748086E+0
200.000000000000030E+0	736.697590193172600E-3	-1.897274148566796E+0
201.000000000000030E+0	808.480731502323140E-3	-2.077875830206006E+0
202.000000000000030E+0	762.921400944790440E-3	-2.010269207653364E+0
203.000000000000030E+0	753.081353276221390E-3	-2.255319854212094E+0
204.000000000000030E+0	745.721431534634440E-3	-2.247969433427677E+0
205.000000000000030E+0	812.678578222023160E-3	-2.388419193158367E+0
206.000000000000030E+0	815.775766462548350E-3	-2.294411232105134E+0
207.000000000000030E+0	796.967424309886210E-3	-2.370740437169125E+0
208.000000000000030E+0	524.436827194656560E-3	-2.344978836943436E+0
209.000000000000030E+0	424.579646056043650E-3	-2.761865883651456E+0
210.000000000000030E+0	391.821064119519560E-3	-3.233642374047748E+0
211.000000000000030E+0	656.380033548267350E-3	-3.728097240059182E+0
212.000000000000030E+0	482.491298322985480E-3	-3.036442809771988E+0
213.000000000000030E+0	199.395080411968320E-3	-2.657836621650774E+0
214.000000000000030E+0	138.429180668841860E-3	-3.180064200897236E+0
215.000000000000030E+0	191.090640050002560E-3	-3.016085898862058E+0
216.000000000000030E+0	225.442270500218060E-3	-2.832478812115811E+0
217.000000000000030E+0	248.728286273386830E-3	-1.904947714585970E+0
218.000000000000030E+0	114.657484600985680E-3	-1.196680641098932E+0
219.000000000000030E+0	101.738200433059270E-3	132.663587703102880E-3
220.000000000000030E+0	179.318266435184780E-3	1.234228914503438E+0
221.000000000000030E+0	323.639090337565830E-3	1.951208229469585E+0
222.000000000000030E+0	169.193307426749600E-3	2.833211662096390E+0
223.000000000000030E+0	59.091391826618184E-3	892.137401396098650E-3
224.000000000000030E+0	229.497873812530920E-3	498.927998065889440E-3
225.000000000000030E+0	287.526781460852250E-3	612.089218079028500E-3
226.000000000000030E+0	326.414124483213660E-3	620.129286568607550E-3
227.000000000000030E+0	255.966794961906220E-3	75.532679143073489E-3
228.000000000000030E+0	405.300627495928320E-3	-187.014305342037330E-3
229.000000000000030E+0	543.772600838797300E-3	-357.943283628052560E-3
230.000000000000030E+0	810.106253189536110E-3	-396.382325006825190E-3
231.000000000000030E+0	687.356266685230530E-3	-349.317798502481960E-3
232.000000000000030E+0	563.276783827202590E-3	-725.334727763612070E-3
233.000000000000030E+0	553.948456298847150E-3	-1.342516676560223E+0
234.000000000000030E+0	626.341419994900340E-3	-1.560606666210579E+0
235.000000000000030E+0	571.321890548075140E-3	-1.708064171668201E+0
236.000000000000030E+0	351.960621864862040E-3	-1.770877538664684E+0
237.000000000000030E+0	364.197613493918160E-3	-2.100050548557999E+0
238.000000000000030E+0	385.778964066818220E-3	-1.850603098729499E+0
239.000000000000030E+0	349.452771268702890E-3	-1.448665703561637E+0
240.000000000000030E+0	147.823461336744840E-3	-1.513442233909945E+0
241.000000000000030E+0	234.207401593657050E-3	-1.430601564668295E+0
242.000000000000030E+0	228.728385802157930E-3	-1.218097584584956E+0
243.000000000000030E+0	284.865481955221380E-3	-1.318208151391603E+0
244.000000000000030E+0	294.693091007459110E-3	-943.494513940185690E-3
245.000000000000030E+0	117.004088568715860E-3	-1.150910532777107E+0
246.000000000000030E+0	337.706838432924260E-3	-1.233691855276792E+0
247.000000000000030E+0	334.654174199480400E-3	-807.148074935602920E-3
248.000000000000030E+0	222.542413652140890E-3	-403.887553382284270E-3
249.000000000000030E+0	124.878411659441090E-3	-2.575737207604701E+0
250.000000000000030E+0	450.519036188880890E-3	-1.528387553723126E+0
251.000000000000030E+0	442.364254943361570E-3	-1.196090584291966E+0
252.000000000000030E+0	410.643095692748870E-3	-1.069561517898618E+0
253.000000000000030E+0	412.879567592253360E-3	-1.246465595935631E+0
254.000000000000030E+0	527.141282817989000E-3	-1.238573933519404E+0
255.000000000000030E+0	615.194144893889350E-3	-832.262666170400010E-3
256.000000000000060E+0	390.146916340901260E-3	-303.690888130281330E-3
257.000000000000060E+0	240.151955326965620E-3	-589.390351498281560E-3
258.000000000000060E+0	79.591804323168328E-3	188.974987355952670E-3
259.000000000000060E+0	509.891933306220180E-3	-1.666782919687279E+0
260.000000000000060E+0	388.543748521161640E-3	-1.266792287601754E+0
261.000000000000060E+0	275.087611112211420E-3	-1.757567849659472E+0
262.000000000000060E+0	567.305424081611110E-3	-1.555899305825078E+0
263.000000000000060E+0	642.434828498853690E-3	-1.142235344019462E+0
264.000000000000060E+0	548.324719257844210E-3	-596.637691720112490E-3
265.000000000000060E+0	302.561012470034420E-3	-57.412092365131749E-3
266.000000000000060E+0	49.070907530630571E-3	-3.182509241117841E+0
267.000000000000060E+0	307.157530044756650E-3	-1.533434177324035E+0
268.000000000000060E+0	245.769239786880810E-3	-303.462100051380690E-3
269.000000000000060E+0	250.023679650954730E-3	-1.678627908950707E+0
270.000000000000060E+0	283.481266078534740E-3	-1.484214046414279E+0
271.000000000000060E+0	554.078623362427640E-3	-2.019036841214155E+0
272.000000000000060E+0	769.001891374863970E-3	-864.767493326221710E-3
273.000000000000060E+0	546.823342346436150E-3	-469.597676166185030E-3
274.000000000000060E+0	355.715956652800700E-3	-477.504163624149600E-3
275.000000000000060E+0	251.249168985553110E-3	-1.350350468683498E+0
276.000000000000060E+0	586.432426226399790E-3	-1.357206961831638E+0
277.000000000000060E+0	749.448351106282830E-3	-790.784800033883960E-3
278.000000000000060E+0	500.721743939881110E-3	-1.475709775274111E+0
279.000000000000060E+0	767.172426020472970E-3	-1.352968894791569E+0
280.000000000000060E+0	865.079826280285790E-3	-1.218840429516882E+0
281.000000000000060E+0	946.285749289861090E-3	-1.133325566017992E+0
282.000000000000060E+0	612.587279028811490E-3	-1.048264659682891E+0
283.000000000000060E+0	674.899126910010080E-3	-1.396989316640993E+0
284.000000000000060E+0	647.105766185067770E-3	-1.351987116191042E+0
285.000000000000060E+0	675.749589403630390E-3	-1.779463195841864E+0
286.000000000000060E+0	752.942699608814770E-3	-1.803536193768621E+0
287.000000000000060E+0	929.328694503826490E-3	-1.989363857345900E+0
288.000000000000060E+0	900.934516462459370E-3	-1.867106999190386E+0
289.000000000000060E+0	895.344576189465390E-3	-1.995234170377580E+0
290.000000000000060E+0	945.439734067308860E-3	-2.061492746340319E+0
291.000000000000060E+0	732.375639818972470E-3	-2.206195508317175E+0
292.000000000000060E+0	781.198359588457070E-3	-2.521090589561554E+0
293.000000000000060E+0	808.915490096891340E-3	-2.692728697766299E+0
294.000000000000060E+0	784.584257510676730E-3	-2.809428300222866E+0
295.000000000000060E+0	624.296946179382250E-3	-2.958332525191201E+0
296.000000000000060E+0	576.967502500081890E-3	-3.237755532085821E+0
297.000000000000060E+0	489.951830713321660E-3	-3.450942937330397E+0
298.000000000000060E+0	395.139148267006800E-3	-3.588642598176673E+0
299.000000000000060E+0	308.155214031490880E-3	-3.761320907136663E+0
300.000000000000060E+0	256.275978981346020E-3	-3.810757738003749E+0
301.000000000000060E+0	166.519013402586850E-3	-3.762699887464447E+0
302.000000000000060E+0	94.397616646938839E-3	-3.696316580032555E+0
303.000000000000060E+0	62.553678292247630E-3	-3.361479341821027E+0
304.000000000000060E+0	47.058137574348499E-3	-2.668401492121548E+0
305.000000000000060E+0	77.613932268804295E-3	-1.999220487090761E+0
306.000000000000060E+0	109.150568415913380E-3	-1.495210356749820E+0
307.000000000000060E+0	137.723332724288740E-3	-1.431056393970227E+0
308.000000000000060E+0	145.121939419628090E-3	-1.321349850984783E+0
309.000000000000060E+0	98.734546308399868E-3	-1.529811026993887E+0
310.000000000000060E+0	210.680790467273090E-3	-2.348560902504239E+0
311.000000000000060E+0	244.823585411079820E-3	-2.122150631086297E+0
312.000000000000060E+0	216.125008477564550E-3	-2.028559061069150E+0
313.000000000000060E+0	160.063675286053420E-3	-2.161555981575297E+0
314.000000000000060E+0	175.091696743674280E-3	-2.186747675199059E+0
315.000000000000060E+0	126.217439252289730E-3	-1.963689009087478E+0
316.000000000000060E+0	75.265001901841932E-3	-2.174282225934135E+0
317.000000000000060E+0	81.994092378589678E-3	-2.480274263884176E+0
318.000000000000060E+0	77.959887968593738E-3	-2.573519461175502E+0
319.000000000000060E+0	162.361425970578980E-3	-2.441158465082012E+0
320.000000000000060E+0	143.508591954798260E-3	-2.147320091956648E+0
321.000000000000060E+0	164.149490036913730E-3	-2.092028558501035E+0
322.000000000000060E+0	179.143247439544850E-3	-1.608337037645982E+0
323.000000000000060E+0	112.067097551775880E-3	-1.228782375926825E+0
324.000000000000060E+0	72.891391783251339E-3	-701.985072793101850E-3
325.000000000000060E+0	31.275330677711058E-3	-2.824334439943565E+0
326.000000000000060E+0	48.914133750306364E-3	-2.653927622543667E+0
327.000000000000060E+0	77.766202404599707E-3	-3.102476949902652E+0
328.000000000000060E+0	159.597513401954550E-3	-3.030279442491429E+0
329.000000000000060E+0	255.079491596393430E-3	-2.086652204592378E+0
330.000000000000060E+0	142.466745074670110E-3	-2.056939676685265E+0
331.000000000000060E+0	130.187413510580020E-3	-2.266176118357634E+0
332.000000000000060E+0	151.524032612245150E-3	-1.583264222720087E+0
333.000000000000060E+0	79.837191292243079E-3	729.459213281445360E-3
334.000000000000060E+0	171.243386135637000E-3	2.082384890268119E+0
335.000000000000060E+0	254.692034516140310E-3	2.576942849031120E+0
336.000000000000060E+0	225.777263104443570E-3	2.580404669815929E+0
337.000000000000060E+0	286.980906121536930E-3	2.329158236581422E+0
338.000000000000060E+0	215.296191772175850E-3	2.829317497831998E+0
339.000000000000060E+0	108.583958243088110E-3	1.674131720762930E+0
340.000000000000060E+0	274.419754141951300E-3	988.323163119501630E-3
341.000000000000060E+0	394.514837893830570E-3	1.007159511606351E+0
342.000000000000060E+0	483.050478937046220E-3	819.257374149926500E-3
343.000000000000060E+0	580.067315633428610E-3	892.272122336717490E-3
344.000000000000060E+0	520.277019048789090E-3	878.560685923965630E-3
345.000000000000060E+0	361.390245125258020E-3	787.176224217101320E-3
346.000000000000060E+0	388.150697647831890E-3	181.532531082474360E-3
347.000000000000060E+0	422.958646494206060E-3	-224.503746720679080E-3
348.000000000000060E+0	631.715575732457510E-3	-61.420960719721071E-3
349.000000000000060E+0	533.239965679772390E-3	-103.373853948925790E-3
350.000000000000060E+0	556.795250517372550E-3	-326.660461666667460E-3
351.000000000000060E+0	638.227904483830150E-3	-176.635461059113150E-3
352.000000000000060E+0	486.786192754599390E-3	-221.139057903692980E-3
353.000000000000060E+0	434.818814190310820E-3	-412.100095280636790E-3
354.000000000000060E+0	425.464016445517620E-3	-647.655672831760510E-3
355.000000000000060E+0	540.570142206239560E-3	-641.537133621748470E-3
356.000000000000060E+0	573.148456499947500E-3	-477.601595956362260E-3
357.000000000000060E+0	570.463284134803290E-3	-306.082753962547750E-3
358.000000000000060E+0	555.952606573768100E-3	-348.101376783873980E-3
359.000000000000060E+0	593.915083854698380E-3	-409.604290626716830E-3
360.000000000000060E+0	592.609792072816390E-3	-432.047745021988340E-3
361.000000000000060E+0	705.021849432549750E-3	-754.830387161600340E-3
362.000000000000060E+0	803.374816608091730E-3	-685.881196873774250E-3
363.000000000000060E+0	914.946208433390580E-3	-728.421482376280020E-3
364.000000000000060E+0	987.349785971457840E-3	-675.294377616711740E-3
365.000000000000060E+0	1.046416448283041E+0	-691.130171764144480E-3
366.000000000000060E+0	1.028751892166500E+0	-537.242186085600590E-3
367.000000000000060E+0	730.552615915291640E-3	-728.060620452491980E-3
368.000000000000060E+0	705.506526932872860E-3	-1.060099351350361E+0
369.000000000000060E+0	675.470658549539250E-3	-1.326093711721589E+0
370.000000000000060E+0	792.411649571949210E-3	-1.702367805610357E+0
371.000000000000060E+0	1.038757566081843E+0	-1.499075668830647E+0
372.000000000000060E+0	940.932564699080710E-3	-1.334322853008368E+0
373.000000000000060E+0	949.898037643812310E-3	-1.275560054478855E+0
374.000000000000060E+0	950.997558628515650E-3	-1.043427436694969E+0
375.000000000000060E+0	895.839163337623480E-3	-1.027660779246176E+0
376.000000000000060E+0	732.954754252442830E-3	-1.005150753520476E+0
377.000000000000060E+0	666.336200395953540E-3	-1.310425119554140E+0
378.000000000000060E+0	703.159822569232820E-3	-1.442315776995505E+0
379.000000000000060E+0	689.709433734710390E-3	-1.793428911220776E+0
380.000000000000060E+0	1.081042472472726E+0	-1.477823788143504E+0
381.000000000000060E+0	921.602769527583350E-3	-1.451338833469596E+0
382.000000000000060E+0	933.691190392001210E-3	-1.439846361220729E+0
383.000000000000060E+0	860.797118248763150E-3	-1.439859359207181E+0
384.000000000000060E+0	894.920939011367040E-3	-1.448705228513013E+0
385.000000000000060E+0	861.907486818435870E-3	-1.549639028031617E+0
386.000000000000060E+0	990.043694530003740E-3	-1.704911925519754E+0
387.000000000000060E+0	1.255141546549797E+0	-1.780831015557580E+0
388.000000000000060E+0	1.348336866529538E+0	-1.831844174551944E+0
389.000000000000060E+0	1.547056824507735E+0	-1.866065805994432E+0
390.000000000000060E+0	1.286575114938467E+0	-1.865094360959719E+0
391.000000000000060E+0	1.129413336671831E+0	-2.097959374338131E+0
392.000000000000060E+0	1.071982692131391E+0	-2.294900478102406E+0
393.000000000000060E+0	967.162829180335580E-3	-2.469991358739119E+0
394.000000000000060E+0	902.630587376902380E-3	-2.633483030534916E+0
395.000000000000060E+0	994.251003463780700E-3	-2.673361115288522E+0
396.000000000000060E+0	915.153397318523520E-3	-2.512235213470712E+0
397.000000000000060E+0	815.512069751646140E-3	-2.481238499831793E+0
398.000000000000060E+0	773.681429005167450E-3	-2.472753098992034E+0
399.000000000000060E+0	591.909477952336280E-3	-2.373879513098810E+0
400.000000000000060E+0	479.180227609788180E-3	-2.524255916234845E+0
401.000000000000060E+0	442.492821202044640E-3	-2.825156552565120E+0
402.000000000000060E+0	557.906308883211910E-3	-2.978929985495614E+0
403.000000000000060E+0	745.729771920604080E-3	-2.892773951094294E+0
404.000000000000060E+0	653.382986510845700E-3	-2.641995197777252E+0
405.000000000000060E+0	624.733935264721980E-3	-2.637716412342893E+0
406.000000000000060E+0	542.107529273648140E-3	-2.444718870444238E+0
407.000000000000060E+0	468.169851066336960E-3	-2.477737586661548E+0
408.000000000000060E+0	346.569923953495950E-3	-2.588166211347858E+0
409.000000000000060E+0	358.415429900443670E-3	-2.771159228599630E+0
410.000000000000060E+0	344.132434564658080E-3	-2.954442337755197E+0
411.000000000000060E+0	397.412052562103380E-3	-3.002565176910402E+0
412.000000000000060E+0	442.246127500136980E-3	-2.854548728597366E+0
413.000000000000060E+0	383.995999659071770E-3	-2.599309414646561E+0
414.000000000000060E+0	291.498372597416620E-3	-2.494680382851828E+0
415.000000000000060E+0	257.650621621401120E-3	-2.657251079466973E+0
416.000000000000060E+0	280.075334901887680E-3	-2.592539515702766E+0
417.000000000000060E+0	221.945970584644710E-3	-2.513686235618864E+0
418.000000000000060E+0	256.478301145125040E-3	-2.700148193467177E+0
419.000000000000060E+0	288.410901964153870E-3	-2.622849057704567E+0
420.000000000000060E+0	313.335568327054950E-3	-2.374211476276432E+0
421.000000000000060E+0	257.123032179875370E-3	-1.839343710163183E+0
422.000000000000060E+0	234.526299731876000E-3	-2.374308985459531E+0
423.000000000000060E+0	285.366747849555400E-3	-2.257634839532247E+0
424.000000000000060E+0	272.915246744953650E-3	-2.100592610200097E+0
425.000000000000060E+0	289.698341935561380E-3	-2.292976283614450E+0
426.000000000000060E+0	245.343385076846800E-3	-1.991205160256657E+0
427.000000000000060E+0	395.053422715918700E-3	-2.736207876731874E+0
428.000000000000060E+0	460.452582557733690E-3	-2.371017060252833E+0
429.000000000000060E+0	411.123320951231720E-3	-2.175255504280492E+0
430.000000000000060E+0	368.924237333448260E-3	-2.522297864061292E+0
431.000000000000060E+0	354.307511284713270E-3	-2.511646746081708E+0
432.000000000000060E+0	323.330954523933680E-3	-2.755770620304204E+0
433.000000000000060E+0	310.717650081674290E-3	-2.914017439818023E+0
434.000000000000060E+0	273.710812317065230E-3	-3.091934676596394E+0
435.000000000000060E+0	280.295619993790050E-3	-3.302876129821277E+0
436.000000000000060E+0	349.505760983041540E-3	-3.359457631220074E+0
437.000000000000060E+0	297.041255180010950E-3	-3.185551737192519E+0
438.000000000000060E+0	249.984437602117970E-3	-3.483413529402144E+0
439.000000000000060E+0	243.138492115005130E-3	-3.566303879832909E+0
440.000000000000060E+0	100.347596235913620E-3	-3.927375639333237E+0
441.000000000000060E+0	198.447666928160650E-3	-4.212224552258162E+0
442.000000000000060E+0	145.132961448018270E-3	-4.388247190541586E+0
443.000000000000060E+0	126.014510466953060E-3	-5.061806934351061E+0
444.000000000000060E+0	158.461594132429550E-3	-5.314575056050104E+0
445.000000000000060E+0	206.025635577189840E-3	-5.862861957347796E+0
446.000000000000060E+0	208.660510837563820E-3	-5.869638544962687E+0
447.000000000000060E+0	237.689879666658360E-3	-6.160257141871405E+0
448.000000000000060E+0	260.616456804506120E-3	-6.246365678757132E+0
449.000000000000060E+0	303.361010142908060E-3	-6.420674182143724E+0
450.000000000000060E+0	339.961574631483740E-3	-6.523318692739883E+0
451.000000000000060E+0	365.647786447217520E-3	-6.668563657498044E+0
452.000000000000060E+0	440.383432965783640E-3	-6.890974355498108E+0
453.000000000000060E+0	558.838928850986850E-3	-6.755593384720039E+0
454.000000000000060E+0	508.751311818354090E-3	-6.790632696545549E+0
455.000000000000060E+0	521.508185194662130E-3	-6.909199788938757E+0
456.000000000000060E+0	572.061282460212820E-3	-6.932262955201156E+0
457.000000000000060E+0	564.229469811398100E-3	-6.993144167672917E+0
458.000000000000060E+0	603.978370100483940E-3	-7.260157282900111E+0
459.000000000000060E+0	934.370101940741440E-3	-7.063456466325694E+0
460.000000000000060E+0	808.462231413448420E-3	-7.114752802842852E+0
461.000000000000060E+0	862.727893789877800E-3	-7.181741610553027E+0
462.000000000000060E+0	925.895613577393140E-3	-7.246269075432100E+0
463.000000000000060E+0	922.435478611680510E-3	-7.322552329032669E+0
464.000000000000060E+0	1.146248143547124E+0	-7.479564165393522E+0
465.000000000000060E+0	1.294271068825816E+0	-7.523337919856941E+0
466.000000000000060E+0	1.419407677635116E+0	-7.625377194878333E+0
467.000000000000060E+0	1.534045635538609E+0	-7.723449748843506E+0
468.000000000000060E+0	1.633587856747092E+0	-7.792260786234783E+0
469.000000000000060E+0	1.597605976204335E+0	-7.972227052507454E+0
470.000000000000060E+0	1.679942347395243E+0	-8.179532452475659E+0
471.000000000000060E+0	1.811354213242318E+0	-8.415295176912540E+0
472.000000000000060E+0	2.108214483893887E+0	-8.416507137685038E+0
473.000000000000060E+0	1.789865449922619E+0	-8.560107440625853E+0
474.000000000000060E+0	1.661690452595094E+0	-8.677010182028997E+0
475.000000000000060E+0	1.531599057610291E+0	-8.758466877557446E+0
476.000000000000060E+0	1.474393560720467E+0	-8.801153400994345E+0
477.000000000000060E+0	1.324835857134605E+0	-8.798569040898006E+0
478.000000000000060E+0	1.374569120332921E+0	-8.972365234501360E+0
479.000000000000060E+0	1.296985016537588E+0	-8.997870291338277E+0
480.000000000000060E+0	1.216861262863199E+0	-9.110557482170698E+0
481.000000000000060E+0	1.162652135318524E+0	-9.260340875133743E+0
482.000000000000060E+0	1.379291792698993E+0	-9.207209569756815E+0
483.000000000000060E+0	1.139106427608497E+0	-9.174069508850444E+0
484.000000000000060E+0	1.077958915793422E+0	-9.252122424747835E+0
485.000000000000060E+0	1.027542783890056E+0	-9.231714819069325E+0
486.000000000000060E+0	916.978744438538770E-3	-9.317913634294568E+0
487.000000000000060E+0	926.975845835463220E-3	-9.479102382914014E+0
488.000000000000060E+0	910.390853186304970E-3	-9.436655220902526E+0
489.000000000000060E+0	883.530541675860430E-3	-9.476090043498303E+0
490.000000000000060E+0	889.006756748503820E-3	-9.474253137888986E+0
491.000000000000060E+0	851.901602058824480E-3	-9.380113527556688E+0
492.000000000000060E+0	746.063784409982780E-3	-9.433706089913491E+0
493.000000000000060E+0	739.377831724384320E-3	-9.493896597333022E+0
494.000000000000060E+0	723.681124309907160E-3	-9.532416430204682E+0
495.000000000000060E+0	726.239963418712890E-3	-9.583621203802624E+0
496.000000000000060E+0	730.630064311118320E-3	-9.580481253210536E+0
497.000000000000060E+0	709.214355089669900E-3	-9.585399948748142E+0
498.000000000000060E+0	689.989125121602380E-3	-9.573767779574023E+0
499.000000000000060E+0	668.548744981962040E-3	-9.575596454760833E+0
500.000000000000060E+0	626.063896315350420E-3	-9.540024593788710E+0
501.000000000000060E+0	589.223002360279250E-3	-9.645179917361562E+0
502.000000000000060E+0	585.208572353940300E-3	-9.667202301216843E+0
503.000000000000060E+0	551.917761107668880E-3	-9.658519100061822E+0
504.000000000000060E+0	512.336934361377500E-3	-9.795332500507913E+0
505.000000000000060E+0	554.544596361167040E-3	-9.918105541274912E+0
506.000000000000060E+0	672.587888188812880E-3	-9.725042374249981E+0
507.000000000000060E+0	580.933660506970590E-3	-9.707680495328715E+0
508.000000000000060E+0	558.444099359369120E-3	-9.696917921628057E+0
509.000000000000060E+0	535.585749211717310E-3	-9.732538514824322E+0
510.000000000000060E+0	450.443470883686190E-3	-9.545160668532855E+0
511.000000000000060E+0	417.775435274533310E-3	-9.892504482143908E+0
512.000000000000110E+0	427.348470019946020E-3	-9.953727337882171E+0
513.000000000000110E+0	418.646468939656900E-3	-9.977579410649902E+0
514.000000000000110E+0	410.518615096194580E-3	-10.213119237690442E+0
515.000000000000110E+0	485.113985818622030E-3	-10.130649826989702E+0
516.000000000000110E+0	421.355453154471200E-3	-10.154223319514680E+0
517.000000000000110E+0	445.287899979871890E-3	-10.087252223549049E+0
518.000000000000110E+0	441.148374252447960E-3	-10.001863735085941E+0
519.000000000000110E+0	446.212748812595540E-3	-9.421360551307018E+0
520.000000000000110E+0	221.203303881731960E-3	-9.910890383468161E+0
521.000000000000110E+0	275.551343051080590E-3	-10.220775396692392E+0
522.000000000000110E+0	327.012599432230490E-3	-10.369633615813322E+0
523.000000000000110E+0	403.050285931024380E-3	-10.232416260160205E+0
524.000000000000110E+0	331.458718456532800E-3	-10.025819968441997E+0
525.000000000000110E+0	200.901951457291370E-3	-9.910632548664779E+0
526.000000000000110E+0	119.942634123823220E-3	-10.025080488285646E+0
527.000000000000110E+0	51.679912470870920E-3	-10.497298527921419E+0
528.000000000000110E+0	63.271408077934008E-3	-11.947983890183419E+0
529.000000000000110E+0	145.014545389204020E-3	-10.596642237408611E+0
530.000000000000110E+0	83.372112098452578E-3	-9.197944111981252E+0
531.000000000000110E+0	132.308556705602710E-3	-8.870936465498055E+0
532.000000000000110E+0	220.429600031566700E-3	-8.821586654674412E+0
533.000000000000110E+0	238.209717686760750E-3	-8.635251903454424E+0
534.000000000000110E+0	220.566731739778500E-3	-8.755185019078597E+0
535.000000000000110E+0	251.714995233315970E-3	-8.980140740709000E+0
536.000000000000110E+0	286.284192943472460E-3	-8.976274239554176E+0
537.000000000000110E+0	270.299862192928900E-3	-9.019135884933052E+0
538.000000000000110E+0	308.938879133731910E-3	-9.438475396781740E+0
539.000000000000110E+0	337.087442592753970E-3	-9.284704063794672E+0
540.000000000000110E+0	340.362642542990810E-3	-9.456413596724996E+0
541.000000000000110E+0	403.881523910376410E-3	-9.504272568354537E+0
542.000000000000110E+0	456.487287268946050E-3	-9.210059263356936E+0
543.000000000000110E+0	276.819282074722230E-3	-9.335269498243491E+0
544.000000000000110E+0	247.462340622845920E-3	-9.504885892060178E+0
545.000000000000110E+0	262.968555154859340E-3	-9.832866276308955E+0
546.000000000000110E+0	285.641931502392640E-3	-9.707040822447329E+0
547.000000000000110E+0	211.530065574409370E-3	-9.770693919356409E+0
548.000000000000110E+0	270.187807556730050E-3	-9.837220462577898E+0
549.000000000000110E+0	238.696491362400560E-3	-9.704627903384173E+0
550.000000000000110E+0	252.318675646260760E-3	-9.636770934196729E+0
551.000000000000110E+0	243.054624625437620E-3	-9.214370612858911E+0
552.000000000000110E+0	137.543101298358760E-3	-9.367035626736307E+0
553.000000000000110E+0	160.285179983917390E-3	-9.883419781409156E+0
554.000000000000110E+0	208.567782811084870E-3	-9.911927210636788E+0
555.000000000000110E+0	275.855206126303540E-3	-9.723231422117774E+0
556.000000000000110E+0	251.544780761884410E-3	-9.449765294819766E+0
557.000000000000110E+0	161.300355133881130E-3	-9.075494443830095E+0
558.000000000000110E+0	121.394026641388190E-3	-9.391279338791794E+0
559.000000000000110E+0	128.271474425486340E-3	-9.453535384520594E+0
560.000000000000110E+0	113.131571934982360E-3	-8.965526680075012E+0
561.000000000000110E+0	110.233332736600230E-3	-11.001090027508592E+0
562.000000000000110E+0	126.282726876913550E-3	-9.986766430668414E+0
563.000000000000110E+0	147.288323817645340E-3	-10.112460446508756E+0
564.000000000000110E+0	226.330281418574970E-3	-9.712025376910123E+0
565.000000000000110E+0	188.009497795222970E-3	-9.301497560701769E+0
566.000000000000110E+0	172.554915493871500E-3	-8.822181249965862E+0
567.000000000000110E+0	73.508253607494092E-3	-8.634612533655007E+0
568.000000000000110E+0	42.548461736317184E-3	-8.534191554848814E+0
569.000000000000110E+0	13.566164096808360E-3	-9.064936961795254E+0
570.000000000000110E+0	48.940139296796102E-3	-10.727616572889129E+0
571.000000000000110E+0	91.329900956847676E-3	-9.099231696030907E+0
572.000000000000110E+0	81.208170318748898E-3	-8.480654162098038E+0
573.000000000000110E+0	100.343329990933080E-3	-8.396219763888540E+0
574.000000000000110E+0	240.854633506586290E-3	-8.236433793607985E+0
575.000000000000110E+0	306.406686224482970E-3	-7.801829904624927E+0
576.000000000000110E+0	389.436938257715470E-3	-7.469090125413635E+0
577.000000000000110E+0	312.335504666779120E-3	-7.396207235540373E+0
578.000000000000110E+0	309.030471278416040E-3	-7.555456618678388E+0
579.000000000000110E+0	224.794632333193660E-3	-7.898437613474107E+0
580.000000000000110E+0	505.387160011161800E-3	-8.265737496421851E+0
581.000000000000110E+0	471.413220488778820E-3	-8.183556671673438E+0
582.000000000000110E+0	476.739971182518870E-3	-8.390649019234445E+0
583.000000000000110E+0	557.808035844732150E-3	-8.566560378169642E+0
584.000000000000110E+0	704.280504253911980E-3	-8.603861557919046E+0
585.000000000000110E+0	684.363435699052110E-3	-8.406469984955699E+0
586.000000000000110E+0	659.911127214740540E-3	-8.500998649668707E+0
587.000000000000110E+0	658.161977395144480E-3	-8.481768810896771E+0
588.000000000000110E+0	604.694737188531620E-3	-8.682771243574711E+0
589.000000000000110E+0	666.720369550979570E-3	-8.914399315037402E+0
590.000000000000110E+0	855.701173867621460E-3	-8.996200390030950E+0
591.000000000000110E+0	941.719225298736530E-3	-9.041895538727131E+0
592.000000000000110E+0	992.474272579483840E-3	-9.013403596358394E+0
593.000000000000110E+0	776.666862887097850E-3	-9.189757609386163E+0
594.000000000000110E+0	901.302159792946700E-3	-9.394857827755624E+0
595.000000000000110E+0	924.745958261822820E-3	-9.450997536826868E+0
596.000000000000110E+0	895.505126470875430E-3	-9.565642165468414E+0
597.000000000000110E+0	849.822988917795950E-3	-9.732930609228637E+0
598.000000000000110E+0	893.002334113075830E-3	-10.064758744481722E+0
599.000000000000110E+0	1.029894248081711E+0	-10.047203627446502E+0
600.000000000000110E+0	942.492455304510200E-3	-10.189192635110391E+0
601.000000000000110E+0	880.143629715406380E-3	-10.336647492603458E+0
602.000000000000110E+0	697.608622615036980E-3	-10.409653654296463E+0
603.000000000000110E+0	526.928033787440570E-3	-10.705308255697798E+0
604.000000000000110E+0	286.574325275302240E-3	-10.688421662029993E+0
605.000000000000110E+0	178.012567479096770E-3	-10.701325324063887E+0
606.000000000000110E+0	194.608315640562250E-3	-10.218041562967315E+0
607.000000000000110E+0	205.748407655019090E-3	-10.022697825898348E+0
608.000000000000110E+0	304.160062485479220E-3	-10.018821018794055E+0
609.000000000000110E+0	259.519997591830810E-3	-9.732217346902358E+0
610.000000000000110E+0	273.270425794905070E-3	-9.671073783706918E+0
611.000000000000110E+0	219.229960352289060E-3	-9.492425697845047E+0
612.000000000000110E+0	240.051986857419960E-3	-10.011077499371712E+0
613.000000000000110E+0	305.132543626695620E-3	-9.880022302408745E+0
614.000000000000110E+0	332.795433915268500E-3	-9.881935393895827E+0
615.000000000000110E+0	364.495763330060620E-3	-9.836732488390631E+0
616.000000000000110E+0	362.080730098237660E-3	-9.771579244284322E+0
617.000000000000110E+0	373.451205182657120E-3	-9.743250358674839E+0
618.000000000000110E+0	348.623824588524260E-3	-9.688221226232251E+0
619.000000000000110E+0	336.115161425808160E-3	-9.711949643981182E+0
620.000000000000110E+0	333.098727408241760E-3	-9.713687911640760E+0
621.000000000000110E+0	277.166694266020030E-3	-9.685750350536850E+0
622.000000000000110E+0	339.253325633328830E-3	-9.959361461803203E+0
623.000000000000110E+0	373.430031398771790E-3	-9.944321766253397E+0
624.000000000000110E+0	422.549394219539130E-3	-9.864048201626282E+0
625.000000000000110E+0	395.839864271181950E-3	-9.746361161935209E+0
626.000000000000110E+0	364.466887362234090E-3	-9.737280872634907E+0
627.000000000000110E+0	356.121119904214630E-3	-9.952113812226198E+0
628.000000000000110E+0	399.768604476308630E-3	-9.937907217026780E+0
629.000000000000110E+0	426.335521063070490E-3	-9.902317829986396E+0
630.000000000000110E+0	398.924586219213840E-3	-9.813359405735397E+0
631.000000000000110E+0	380.615716668513130E-3	-10.105215223385972E+0
632.000000000000110E+0	464.353749186068250E-3	-10.054009235342260E+0
633.000000000000110E+0	480.658884741329670E-3	-10.062223991061366E+0
634.000000000000110E+0	523.087612587695090E-3	-10.029045375302129E+0
635.000000000000110E+0	464.232816894596110E-3	-10.023731598416933E+0
636.000000000000110E+0	413.695031485138980E-3	-10.160698990909662E+0
637.000000000000110E+0	484.866909929929150E-3	-10.295067548732877E+0
638.000000000000110E+0	492.377017036943360E-3	-10.306834954169391E+0
639.000000000000110E+0	496.852082468866090E-3	-10.378497291125164E+0
640.000000000000110E+0	539.153078915751930E-3	-10.407029229057528E+0
641.000000000000110E+0	530.670068070108190E-3	-10.475898447624534E+0
642.000000000000110E+0	576.123962212303330E-3	-10.546751705171962E+0
643.000000000000110E+0	622.038740264412750E-3	-10.554335859219805E+0
644.000000000000110E+0	659.637935273048700E-3	-10.559862235655295E+0
645.000000000000110E+0	538.664656295437580E-3	-10.608707416587730E+0
646.000000000000110E+0	639.809548208941310E-3	-10.941755621468584E+0
647.000000000000110E+0	752.928442758104890E-3	-11.008297887369425E+0
648.000000000000110E+0	791.792996613074670E-3	-11.094537116511614E+0
649.000000000000110E+0	843.632545747584840E-3	-11.148253970439429E+0
650.000000000000110E+0	623.827038179039280E-3	-11.425028871821674E+0
651.000000000000110E+0	763.060088489471600E-3	-11.662662854092671E+0
652.000000000000110E+0	821.351263593490640E-3	-11.832749432578227E+0
653.000000000000110E+0	855.145109773575270E-3	-11.850189968623106E+0
654.000000000000110E+0	679.355860970838780E-3	-12.080098617901211E+0
655.000000000000110E+0	678.724155209949330E-3	-12.369116007597581E+0
656.000000000000110E+0	707.301982454023200E-3	-12.512363193297514E+0
657.000000000000110E+0	692.710485712170530E-3	-12.645132980634250E+0
658.000000000000110E+0	668.892289240654580E-3	-12.716328539741426E+0
659.000000000000110E+0	674.609739842028430E-3	-12.986780385262628E+0
660.000000000000110E+0	667.029029015246190E-3	-13.004178511004998E+0
661.000000000000110E+0	690.825359037729900E-3	-13.130764697775202E+0
662.000000000000110E+0	712.339909299438240E-3	-13.241015643176688E+0
663.000000000000110E+0	663.351880586057210E-3	-13.299267288294141E+0
664.000000000000110E+0	683.801033172765860E-3	-13.626003649844716E+0
665.000000000000110E+0	719.747124406229340E-3	-13.821774472582986E+0
666.000000000000110E+0	807.172087904617140E-3	-14.119117205016511E+0
667.000000000000110E+0	948.753742633198890E-3	-14.337858516495583E+0
668.000000000000110E+0	1.330953064759332E+0	-14.400265902779372E+0
669.000000000000110E+0	833.843260199888300E-3	-14.373179319801261E+0
670.000000000000110E+0	852.044304842277560E-3	-14.792997555299316E+0
671.000000000000110E+0	945.636756654835820E-3	-15.064433441193589E+0
672.000000000000110E+0	877.882446547541990E-3	-15.146953744902785E+0
673.000000000000110E+0	864.543299744164330E-3	-15.463351616076725E+0
674.000000000000110E+0	924.858295965028890E-3	-15.578985114749974E+0
675.000000000000110E+0	853.715219028423400E-3	-15.604268688322168E+0
676.000000000000110E+0	821.965251508677160E-3	-15.690106150161222E+0
677.000000000000110E+0	749.251452413995040E-3	-15.694159278716938E+0
678.000000000000110E+0	661.406909789401980E-3	-15.707349883940051E+0
679.000000000000110E+0	568.912231087038590E-3	-15.913120397764210E+0
680.000000000000110E+0	578.656581830068520E-3	-16.061201435384064E+0
681.000000000000110E+0	562.142989188635810E-3	-16.098965056254119E+0
682.000000000000110E+0	509.766092936471680E-3	-16.324872712540419E+0
683.000000000000110E+0	529.531275250609280E-3	-16.410059199150798E+0
684.000000000000110E+0	537.546363662160130E-3	-16.489979216662554E+0
685.000000000000110E+0	533.741705269661470E-3	-16.389311286628203E+0
686.000000000000110E+0	385.029320377762050E-3	-16.421068218490166E+0
687.000000000000110E+0	382.821460052578550E-3	-16.621635669769947E+0
688.000000000000110E+0	316.740347586819400E-3	-16.633797998588914E+0
689.000000000000110E+0	308.989175798138730E-3	-16.662180025667794E+0
690.000000000000110E+0	299.126559182649300E-3	-16.622369751091455E+0
691.000000000000110E+0	319.053879663973030E-3	-16.550643332761641E+0
692.000000000000110E+0	272.914125148464860E-3	-16.280721503644280E+0
693.000000000000110E+0	241.651550573368710E-3	-16.276781708007427E+0
694.000000000000110E+0	221.317505026105560E-3	-16.268311335243499E+0
695.000000000000110E+0	203.572489910466730E-3	-16.359614268915706E+0
696.000000000000110E+0	206.168709991894320E-3	-16.484681513137165E+0
697.000000000000110E+0	270.894231778896270E-3	-16.609418685636840E+0
698.000000000000110E+0	289.780371689094980E-3	-16.443814250664406E+0
699.000000000000110E+0	282.540226436143350E-3	-16.439706706666531E+0
700.000000000000110E+0	363.522111043533160E-3	-16.576869786493759E+0
701.000000000000110E+0	301.243849880264650E-3	-15.953354475959586E+0
702.000000000000110E+0	262.517188129950400E-3	-16.147073399054289E+0
703.000000000000110E+0	249.756966735121430E-3	-16.245821196165220E+0
704.000000000000110E+0	272.353149747576350E-3	-16.394940401840355E+0
705.000000000000110E+0	278.858183659814740E-3	-16.330225017370481E+0
706.000000000000110E+0	312.078969462051270E-3	-16.537329054288740E+0
707.000000000000110E+0	339.140227199244860E-3	-16.468288793087222E+0
708.000000000000110E+0	379.122461906486630E-3	-16.512726553057846E+0
709.000000000000110E+0	414.653931002874790E-3	-16.436200700819150E+0
710.000000000000110E+0	411.994165078016560E-3	-16.260073214010237E+0
711.000000000000110E+0	384.838993492608860E-3	-16.576060078246076E+0
712.000000000000110E+0	425.939082103764690E-3	-16.644743273515221E+0
713.000000000000110E+0	454.522482694114770E-3	-16.797521976042802E+0
714.000000000000110E+0	560.371822269488560E-3	-16.803889777805150E+0
715.000000000000110E+0	577.346273304696230E-3	-16.916447821469585E+0
716.000000000000110E+0	603.767850317010970E-3	-16.958190041889267E+0
717.000000000000110E+0	570.272843239998160E-3	-17.158865870059124E+0
718.000000000000110E+0	547.001266898539340E-3	-17.421589550982230E+0
719.000000000000110E+0	494.885177715506550E-3	-17.767812463450184E+0
720.000000000000110E+0	552.564256521654750E-3	-17.863246193368980E+0
721.000000000000110E+0	457.946762314637320E-3	-17.996105138738759E+0
722.000000000000110E+0	428.055292807675400E-3	-18.098259681963331E+0
723.000000000000110E+0	433.224603130956230E-3	-18.337148193228941E+0
724.000000000000110E+0	598.883726411062470E-3	-17.974041330170234E+0
725.000000000000110E+0	380.029317090573140E-3	-17.827399976447190E+0
726.000000000000110E+0	313.582985237719940E-3	-18.137854559415718E+0
727.000000000000110E+0	296.086077103271230E-3	-18.339118048981032E+0
728.000000000000110E+0	308.327858301332190E-3	-18.635525490172796E+0
729.000000000000110E+0	328.862713513322580E-3	-18.438635089661453E+0
730.000000000000110E+0	270.112331392060920E-3	-18.670364394427217E+0
731.000000000000110E+0	248.477832575709380E-3	-18.786570217623282E+0
732.000000000000110E+0	233.354063772771510E-3	-18.899307185562073E+0
733.000000000000110E+0	201.102730921728950E-3	-18.865948442142081E+0
734.000000000000110E+0	177.941941279672920E-3	-19.004091119516460E+0
735.000000000000110E+0	161.126324599219360E-3	-19.085129711943967E+0
736.000000000000110E+0	149.849441852538960E-3	-19.224387253594621E+0
737.000000000000110E+0	173.130291133215570E-3	-19.295680478764343E+0
738.000000000000110E+0	190.192916736572630E-3	-19.012717534311196E+0
739.000000000000110E+0	105.426195854723610E-3	-19.090746939663067E+0
740.000000000000110E+0	106.735630704893820E-3	-19.266957236270979E+0
741.000000000000110E+0	107.049834966913000E-3	-19.331365025472156E+0
742.000000000000110E+0	79.646354705360689E-3	-18.944982123042990E+0
743.000000000000110E+0	105.016804146168140E-3	-19.721887533085816E+0
744.000000000000110E+0	98.958438757349623E-3	-19.609787846296864E+0
745.000000000000110E+0	110.352589751827430E-3	-19.805320408604327E+0
746.000000000000110E+0	136.623375979105590E-3	-19.549980149131233E+0
747.000000000000110E+0	140.131309125171690E-3	-19.301304659846316E+0
748.000000000000110E+0	60.312856033452697E-3	-19.234882145535810E+0
749.000000000000110E+0	76.960179830108444E-3	-19.455382839244557E+0
750.000000000000110E+0	76.784861585020792E-3	-19.468185828414754E+0
751.000000000000110E+0	48.427933512920650E-3	-19.347631637711054E+0
752.000000000000110E+0	112.827112194591920E-3	-20.475150720972309E+0
753.000000000000110E+0	128.723636644576340E-3	-19.843863391762650E+0
754.000000000000110E+0	111.976040194415140E-3	-19.692613266994584E+0
755.000000000000110E+0	100.443637771961360E-3	-19.749758641557971E+0
756.000000000000110E+0	117.805764484426700E-3	-19.835819523532891E+0
757.000000000000110E+0	121.768055893612910E-3	-19.456221148164335E+0
758.000000000000110E+0	84.454482296584338E-3	-20.045336372226874E+0
759.000000000000110E+0	101.055172153457220E-3	-20.031097168516133E+0
760.000000000000110E+0	110.518311725354010E-3	-20.318638202833284E+0
761.000000000000110E+0	188.909379556864850E-3	-20.034323760916255E+0
762.000000000000110E+0	163.664327681340290E-3	-19.994163525539143E+0
763.000000000000110E+0	163.701286308485710E-3	-19.886869619131836E+0
764.000000000000110E+0	154.689153363001210E-3	-19.885374631394448E+0
765.000000000000110E+0	147.010307805153670E-3	-19.842754105020742E+0
766.000000000000110E+0	132.096670699972360E-3	-20.214730972537616E+0
767.000000000000110E+0	175.114137805808120E-3	-20.066677100681481E+0
768.000000000000110E+0	178.221567255694240E-3	-20.116036089887171E+0
769.000000000000110E+0	199.978410812219370E-3	-20.049405568504074E+0
770.000000000000110E+0	143.800397146890940E-3	-19.979562681633890E+0
771.000000000000110E+0	329.217258737089070E-3	-20.306273976927681E+0
772.000000000000110E+0	299.178161717588210E-3	-20.116778936173649E+0
773.000000000000110E+0	309.652208406608510E-3	-19.981514437283717E+0
774.000000000000110E+0	218.174887608434680E-3	-20.061805072661784E+0
775.000000000000110E+0	343.348596345599670E-3	-20.233320765911827E+0
776.000000000000110E+0	375.733851838655210E-3	-19.900936224606951E+0
777.000000000000110E+0	301.536724715478820E-3	-20.071069230649446E+0
778.000000000000110E+0	348.849323520815050E-3	-20.138635239069046E+0
779.000000000000110E+0	354.429743355701990E-3	-20.118507638363766E+0
780.000000000000110E+0	418.638334188279450E-3	-20.411008880278981E+0
781.000000000000110E+0	464.320803884213540E-3	-20.270377240392165E+0
782.000000000000110E+0	480.907642818456050E-3	-20.258834382570974E+0
783.000000000000110E+0	498.533278874516430E-3	-20.324024895955816E+0
784.000000000000110E+0	571.423304715325430E-3	-20.496880408704143E+0
785.000000000000110E+0	675.268279408034690E-3	-20.282712137675887E+0
786.000000000000110E+0	608.433514533629370E-3	-20.323392313167982E+0
787.000000000000110E+0	633.632967422045110E-3	-20.464611355056501E+0
788.000000000000110E+0	705.353929077391690E-3	-20.551588488023675E+0
789.000000000000110E+0	821.970260841833440E-3	-20.686540943422465E+0
790.000000000000110E+0	646.038585095305870E-3	-20.627975923795585E+0
791.000000000000110E+0	816.195742565907430E-3	-20.893030874887227E+0
792.000000000000110E+0	1.000867432307812E+0	-20.818812329948695E+0
793.000000000000110E+0	676.175172381054510E-3	-20.855141745903339E+0
794.000000000000110E+0	902.302030594315460E-3	-21.243945035658676E+0
795.000000000000110E+0	893.899748153155320E-3	-21.187835018021804E+0
796.000000000000110E+0	867.605681341118930E-3	-21.229901408363204E+0
797.000000000000110E+0	763.689978653987470E-3	-21.450584001955796E+0
798.000000000000110E+0	1.009978109404160E+0	-21.567865473504455E+0
799.000000000000110E+0	937.824465122210740E-3	-21.266676006648286E+0
800.000000000000110E+0	707.906344760893760E-3	-21.488518495388497E+0
801.000000000000110E+0	765.015865241255870E-3	-21.736473409941780E+0
802.000000000000110E+0	873.878955032333700E-3	-21.829637216758211E+0
803.000000000000110E+0	968.334924575728120E-3	-21.745850300571682E+0
804.000000000000110E+0	916.377690217750840E-3	-21.809445556700247E+0
805.000000000000110E+0	965.540665100439010E-3	-21.855187330591018E+0
806.000000000000110E+0	931.276841217538510E-3	-21.823008364550525E+0
807.000000000000110E+0	895.720759256572800E-3	-21.881558809100586E+0
808.000000000000110E+0	719.113902628523700E-3	-21.724223001453048E+0
809.000000000000110E+0	797.851950482093560E-3	-22.135235816892550E+0
810.000000000000110E+0	792.991937027117900E-3	-22.204996841978684E+0
811.000000000000110E+0	784.373796726808850E-3	-22.290283435706016E+0
812.000000000000110E+0	793.743781760171800E-3	-22.465783975167685E+0
813.000000000000110E+0	958.005671166242130E-3	-22.360512398474139E+0
814.000000000000110E+0	821.463065475042890E-3	-22.352351185642881E+0
815.000000000000110E+0	758.065376626187890E-3	-22.395695589718805E+0
816.000000000000110E+0	684.389056522684670E-3	-22.542739077163581E+0
817.000000000000110E+0	737.620081693442060E-3	-22.619439989539970E+0
818.000000000000110E+0	640.675516512375090E-3	-22.499699459045214E+0
819.000000000000110E+0	574.075821856381620E-3	-22.669148235481128E+0
820.000000000000110E+0	555.272601956589120E-3	-22.772537606336517E+0
821.000000000000110E+0	582.393252000376500E-3	-22.860521869883435E+0
822.000000000000110E+0	529.424589157326490E-3	-22.671139413360233E+0
823.000000000000110E+0	486.190894669944970E-3	-22.757248841966614E+0
824.000000000000110E+0	477.618352804910380E-3	-22.736314111132202E+0
825.000000000000110E+0	430.209766880335800E-3	-22.731571136859337E+0
826.000000000000110E+0	460.681169135310870E-3	-22.896970525868028E+0
827.000000000000110E+0	546.979462525791550E-3	-22.645959510244189E+0
828.000000000000110E+0	436.539810653130580E-3	-22.532833442286492E+0
829.000000000000110E+0	407.872215356246400E-3	-22.612812338631223E+0
830.000000000000110E+0	409.840493973645640E-3	-22.621237005394455E+0
831.000000000000110E+0	455.142425010662320E-3	-22.742370913114684E+0
832.000000000000110E+0	428.956831173819890E-3	-22.577622474353042E+0
833.000000000000110E+0	418.226057884679150E-3	-22.595230211388362E+0
834.000000000000110E+0	407.614852613898850E-3	-22.667660086469006E+0
835.000000000000110E+0	458.063796484113330E-3	-22.627437136065087E+0
836.000000000000110E+0	463.326770531362730E-3	-22.588638185367721E+0
837.000000000000110E+0	430.208632879885530E-3	-22.587242452640151E+0
838.000000000000110E+0	427.737047363301310E-3	-22.598693009038204E+0
839.000000000000110E+0	416.555512450510370E-3	-22.617510985549401E+0
840.000000000000110E+0	417.079306488594930E-3	-22.716280805282167E+0
841.000000000000110E+0	450.746912274236800E-3	-22.714439729804255E+0
842.000000000000110E+0	477.504356050547750E-3	-22.714579616347674E+0
843.000000000000110E+0	490.934645722423730E-3	-22.653601317430965E+0
844.000000000000110E+0	456.182076529669800E-3	-22.606636607063194E+0
845.000000000000110E+0	423.086753401263730E-3	-22.782945624552081E+0
846.000000000000110E+0	512.291901040569870E-3	-22.759632663177737E+0
847.000000000000110E+0	504.475930041664800E-3	-22.696443845131188E+0
848.000000000000110E+0	472.557873761308920E-3	-22.725700910628664E+0
849.000000000000110E+0	468.336846026151280E-3	-22.787528064071239E+0
850.000000000000110E+0	632.381509728849880E-3	-22.872566929812216E+0
851.000000000000110E+0	521.759487867751840E-3	-22.801108498058678E+0
852.000000000000110E+0	513.623826105800930E-3	-22.842458952078996E+0
853.000000000000110E+0	488.471114318001000E-3	-22.928607174738616E+0
854.000000000000110E+0	559.368142728718150E-3	-22.995187097894302E+0
855.000000000000110E+0	566.529190340408490E-3	-22.934157813799619E+0
856.000000000000110E+0	489.187506063321400E-3	-23.055955666016800E+0
857.000000000000110E+0	522.160339472703130E-3	-23.152903735234403E+0
858.000000000000110E+0	527.611587602960900E-3	-23.140604803084248E+0
859.000000000000110E+0	499.469213629593400E-3	-23.127006189738438E+0
860.000000000000110E+0	459.053858010708910E-3	-23.155753706029309E+0
861.000000000000110E+0	443.110386171656600E-3	-23.170294897426878E+0
862.000000000000110E+0	438.202263343657970E-3	-23.186406754499451E+0
863.000000000000110E+0	483.277753391955330E-3	-23.142503140252337E+0
864.000000000000110E+0	466.732503508950900E-3	-23.057609881623797E+0
865.000000000000110E+0	443.370559698295860E-3	-23.047465144274611E+0
866.000000000000110E+0	476.234477228337230E-3	-23.151054910613304E+0
867.000000000000110E+0	512.886295056929510E-3	-23.085777396558601E+0
868.000000000000110E+0	509.186310192503600E-3	-23.095500867313692E+0
869.000000000000110E+0	588.732564283357410E-3	-23.248777937196099E+0
870.000000000000110E+0	621.557654183870320E-3	-23.228111197941971E+0
871.000000000000110E+0	634.892427826677540E-3	-23.255988913568345E+0
872.000000000000110E+0	694.752134517039770E-3	-23.372278676927799E+0
873.000000000000110E+0	696.524394916468340E-3	-23.253814685758918E+0
874.000000000000110E+0	695.644880080762200E-3	-23.491642872288160E+0
875.000000000000110E+0	722.651629481733670E-3	-23.551221085949692E+0
876.000000000000110E+0	701.303146531209060E-3	-23.658683761291709E+0
877.000000000000110E+0	687.793844930688620E-3	-23.824298002609964E+0
878.000000000000110E+0	775.791644195930500E-3	-24.008134895789947E+0
879.000000000000110E+0	692.918829701251510E-3	-24.000663059829371E+0
880.000000000000110E+0	664.448267897476910E-3	-24.138624941118014E+0
881.000000000000110E+0	637.123921037615500E-3	-24.256189826534214E+0
882.000000000000110E+0	615.936097263137580E-3	-24.144512532692030E+0
883.000000000000110E+0	478.654159923426640E-3	-24.400783544908116E+0
884.000000000000110E+0	474.199356119163250E-3	-24.510951065401070E+0
885.000000000000110E+0	438.690484082280060E-3	-24.613396790197164E+0
886.000000000000110E+0	429.918473855348810E-3	-24.677385253645710E+0
887.000000000000110E+0	446.579304306048810E-3	-24.770876192696850E+0
888.000000000000110E+0	386.818595247418740E-3	-24.584006397815227E+0
889.000000000000110E+0	359.221034823031360E-3	-24.685945503905710E+0
890.000000000000110E+0	312.472461900225260E-3	-24.616088903782028E+0
891.000000000000110E+0	261.600176353208200E-3	-24.698917105785931E+0
892.000000000000110E+0	254.509354821420730E-3	-25.149072783063673E+0
893.000000000000110E+0	255.915248398824730E-3	-25.058755724014969E+0
894.000000000000110E+0	251.901708065175590E-3	-25.190349673164494E+0
895.000000000000110E+0	275.138117792379510E-3	-25.028183885610122E+0
896.000000000000110E+0	205.373045320516010E-3	-25.160814738504623E+0
897.000000000000110E+0	247.342695471282650E-3	-25.080483902771547E+0
898.000000000000110E+0	170.936174228811800E-3	-25.224167296448396E+0
899.000000000000110E+0	174.768980004342570E-3	-25.321469560165699E+0
900.000000000000110E+0	168.766237046854980E-3	-25.272042242918324E+0
901.000000000000110E+0	42.513070567012833E-3	-25.832215510243728E+0
902.000000000000110E+0	124.635275194840950E-3	-26.044650956482947E+0
903.000000000000110E+0	128.838228400694060E-3	-25.882763706413435E+0
904.000000000000110E+0	123.519066565177210E-3	-26.028702887593429E+0
905.000000000000110E+0	125.704959844630450E-3	-25.742642054581854E+0
906.000000000000110E+0	67.392930269937118E-3	-25.947001955279955E+0
907.000000000000110E+0	32.697965293297784E-3	-26.141337456725726E+0
908.000000000000110E+0	87.008605021825919E-3	-27.544103443717237E+0
909.000000000000110E+0	110.113916153307210E-3	-27.375111212479837E+0
910.000000000000110E+0	158.061030156301930E-3	-28.090093692257607E+0
911.000000000000110E+0	185.024671739347000E-3	-26.843720178599519E+0
912.000000000000110E+0	164.923935306132200E-3	-27.229081984641660E+0
913.000000000000110E+0	208.773606727912540E-3	-27.281708972353709E+0
914.000000000000110E+0	140.068817650197820E-3	-26.999731872353724E+0
915.000000000000110E+0	149.092502068440600E-3	-27.458510376764817E+0
916.000000000000110E+0	85.214805090909881E-3	-28.049758302330112E+0
917.000000000000110E+0	129.495949847045210E-3	-28.090169476440597E+0
918.000000000000110E+0	112.888002912532090E-3	-28.374234209715365E+0
919.000000000000110E+0	157.057066956261290E-3	-28.397490039329696E+0
920.000000000000110E+0	102.210355131112370E-3	-28.916817536274564E+0
921.000000000000110E+0	134.879438296783750E-3	-28.662637915247302E+0
922.000000000000110E+0	145.756455260281410E-3	-28.802286718261666E+0
923.000000000000110E+0	187.478103643787250E-3	-28.723114281116757E+0
924.000000000000110E+0	148.016063318888310E-3	-28.325158470209292E+0
925.000000000000110E+0	147.450002884472710E-3	-28.441453356188770E+0
926.000000000000110E+0	133.199957849914450E-3	-28.348414630632796E+0
927.000000000000110E+0	113.781468603145110E-3	-28.462404188070021E+0
928.000000000000110E+0	124.274100704899930E-3	-28.471580378795437E+0
929.000000000000110E+0	60.433071038628751E-3	-28.538913827298355E+0
930.000000000000110E+0	142.097045350653510E-3	-28.795327346691128E+0
931.000000000000110E+0	135.541315990327650E-3	-28.748399112843384E+0
932.000000000000110E+0	136.296277771218060E-3	-28.880462271910126E+0
933.000000000000110E+0	162.347161950327000E-3	-28.862719747437204E+0
934.000000000000110E+0	187.816507027503940E-3	-28.791247435583109E+0
935.000000000000110E+0	205.302849933349160E-3	-28.549612877739882E+0
936.000000000000110E+0	202.912316270205390E-3	-28.477953276458955E+0
937.000000000000110E+0	239.538684868107860E-3	-28.584516111244728E+0
938.000000000000110E+0	301.423955864500050E-3	-28.508861576733310E+0
939.000000000000110E+0	210.610155765597860E-3	-28.371361449150850E+0
940.000000000000110E+0	259.432350900285440E-3	-28.710074565735606E+0
941.000000000000110E+0	286.094834973669220E-3	-28.765583989519772E+0
942.000000000000110E+0	257.081946584313210E-3	-28.844898785132713E+0
943.000000000000110E+0	331.948653351515910E-3	-29.092506892937596E+0
944.000000000000110E+0	362.882977759401200E-3	-29.045572715014913E+0
945.000000000000110E+0	376.005218811482300E-3	-29.044444311135066E+0
946.000000000000110E+0	372.364610034513650E-3	-29.057958945222765E+0
947.000000000000110E+0	375.424954254913900E-3	-29.024195255850799E+0
948.000000000000110E+0	285.271850634633560E-3	-29.328381623214263E+0
949.000000000000110E+0	355.135672926306050E-3	-29.432678522419092E+0
950.000000000000110E+0	388.293793740355160E-3	-29.493261036560558E+0
951.000000000000110E+0	404.494564066197330E-3	-29.638102577446475E+0
952.000000000000110E+0	572.131811930502660E-3	-29.377082376720370E+0
953.000000000000110E+0	375.990229815751700E-3	-29.621869063196168E+0
954.000000000000110E+0	391.142321650214340E-3	-29.717486028905171E+0
955.000000000000110E+0	314.135031697557240E-3	-29.733227442739530E+0
956.000000000000110E+0	311.079157644702340E-3	-30.252467221640281E+0
957.000000000000110E+0	426.261883048881240E-3	-30.236728307795534E+0
958.000000000000110E+0	286.475654024926470E-3	-29.941807211916487E+0
959.000000000000110E+0	210.516094349353530E-3	-30.138279309247988E+0
960.000000000000110E+0	160.978511892390070E-3	-30.831965275608162E+0
961.000000000000110E+0	447.656475369781040E-3	-30.819448315331076E+0
962.000000000000110E+0	281.861871475792950E-3	-30.135121366164139E+0
963.000000000000110E+0	197.372572480308090E-3	-29.919199505332553E+0
964.000000000000110E+0	141.665347397866260E-3	-29.907789766548127E+0
965.000000000000110E+0	101.806852834691030E-3	-29.852414695013220E+0
966.000000000000110E+0	91.058020868148973E-3	-29.891661525541970E+0
967.000000000000110E+0	129.838302174358770E-3	-30.739557952676520E+0
968.000000000000110E+0	223.483825774169890E-3	-30.374319608085315E+0
969.000000000000110E+0	281.377770643165100E-3	-30.135594603094539E+0
970.000000000000110E+0	421.537606862768980E-3	-29.912335183185746E+0
971.000000000000110E+0	174.571301584761310E-3	-32.705436405813089E+0
972.000000000000110E+0	169.514742191031740E-3	-30.360776381945350E+0
973.000000000000110E+0	234.543590583921160E-3	-30.173206234142476E+0
974.000000000000110E+0	174.240151203105630E-3	-29.518230995145942E+0
975.000000000000110E+0	85.593281575739838E-3	-31.644207942384249E+0
976.000000000000110E+0	472.819034787776200E-3	-31.058498321734341E+0
977.000000000000110E+0	302.432671603220900E-3	-30.505444773579295E+0
978.000000000000110E+0	252.197583032952810E-3	-30.580868848571288E+0
979.000000000000110E+0	281.355309958403350E-3	-30.247496422694244E+0
980.000000000000110E+0	254.351879223898010E-3	-27.697467478360583E+0
981.000000000000110E+0	192.528691754510100E-3	-25.262338828207049E+0
982.000000000000110E+0	151.917829567024380E-3	-25.128193005998149E+0
983.000000000000110E+0	156.501665058723340E-3	-25.375667460184104E+0
984.000000000000110E+0	442.556904873104620E-3	-24.400801996861148E+0
985.000000000000110E+0	177.648476177078460E-3	-24.304876055006300E+0
986.000000000000110E+0	87.772424942327634E-3	-23.385208608871693E+0
987.000000000000110E+0	40.209329819157792E-3	-25.807789903118660E+0
988.000000000000110E+0	83.567193850660235E-3	-25.171585015693303E+0
989.000000000000110E+0	133.481735299190140E-3	-24.486303745744152E+0
990.000000000000110E+0	166.540335802636390E-3	-25.926515596662124E+0
991.000000000000110E+0	126.902245300918230E-3	-25.840866326333909E+0
992.000000000000110E+0	147.385982710136000E-3	-25.612517234907479E+0
993.000000000000110E+0	136.481610205417740E-3	-25.485079090373496E+0
994.000000000000110E+0	144.936162004517090E-3	-23.940213346843073E+0
995.000000000000110E+0	108.853127966411190E-3	-27.058043609338000E+0
996.000000000000110E+0	144.085154787897050E-3	-26.598701411878785E+0
997.000000000000110E+0	184.020131741739170E-3	-26.327709664307019E+0
998.000000000000110E+0	121.133337338846510E-3	-26.290240131249551E+0
999.000000000000110E+0	253.881280654120190E-3	-26.007980257228649E+0
1.000000000000000E+3	188.523220935024770E-3	-26.906447605026347E+0
