Freq (Hz)	Gxyaccelerometre /source
source
source_Real	Gxyaccelerometre /source
source
source_Imag
10.000000000000018E+0	20.445398595671675E-3	8.380498759446948E-3
11.000000000000020E+0	-16.086418534651460E-3	14.338328267295666E-3
12.000000000000021E+0	-28.326235570089963E-3	17.075410080844889E-3
13.000000000000023E+0	-42.914067740414161E-3	-34.165971232066585E-3
14.000000000000025E+0	3.256758928652877E-3	50.242721462812369E-3
15.000000000000027E+0	-126.724910089201030E-3	84.964850067704073E-3
16.000000000000028E+0	-132.089141704284260E-3	-74.344085858923381E-3
17.000000000000028E+0	-121.288162060697510E-3	150.080098880809250E-3
18.000000000000028E+0	-255.084565779046260E-3	148.711017577092850E-3
19.000000000000028E+0	-330.430828365223030E-3	-12.323132140122737E-3
20.000000000000028E+0	-366.464966795171930E-3	434.024191347114010E-3
21.000000000000028E+0	-633.724834307452080E-3	344.142305623644230E-3
22.000000000000028E+0	-444.603435368717990E-3	539.482791501842200E-3
23.000000000000028E+0	-1.169075586286157E+0	938.581957194683960E-3
24.000000000000028E+0	-1.207587303718464E+0	1.796094471467619E+0
25.000000000000028E+0	-1.301923581331525E+0	3.450312424293254E+0
26.000000000000028E+0	-788.637270509071060E-3	6.154126019651224E+0
27.000000000000028E+0	437.218344550668380E-3	3.765283706127362E+0
28.000000000000028E+0	80.824695886219017E-3	3.479717449159722E+0
29.000000000000028E+0	635.439731261162820E-3	1.779548258276470E+0
30.000000000000028E+0	-131.007912743985160E-3	923.253158582775230E-3
31.000000000000028E+0	-11.072443733115098E-3	1.428073364913962E+0
32.000000000000028E+0	-366.865555149414660E-3	2.640662536996774E+0
33.000000000000028E+0	-1.340347209285890E+0	2.305807892745812E+0
34.000000000000028E+0	-678.357577011477360E-3	2.418606802047285E+0
35.000000000000028E+0	-400.564075568024420E-3	1.840939225556805E+0
36.000000000000028E+0	-1.215506507229588E+0	3.010720213707500E+0
37.000000000000028E+0	-3.715116130008712E+0	6.136307485460306E+0
38.000000000000028E+0	-3.371728310819931E+0	6.088030050170028E+0
39.000000000000028E+0	-1.457801028146446E+0	3.964242522681175E+0
40.000000000000028E+0	-3.126700170362933E+0	8.261750353339130E+0
41.000000000000028E+0	-1.796343201377029E+0	19.472329187987118E+0
42.000000000000028E+0	3.118671140040346E+0	16.367349151706527E+0
43.000000000000028E+0	2.955937179023528E+0	4.064613181474447E+0
44.000000000000028E+0	2.043128754304443E+0	416.444770721598250E-3
45.000000000000028E+0	2.559175367679711E+0	2.516387344695484E+0
46.000000000000028E+0	-1.731723211806131E+0	6.145450129274453E+0
47.000000000000028E+0	-1.786913442569460E+0	11.571362457585730E+0
48.000000000000028E+0	391.326043921109150E-3	6.514841170695343E+0
49.000000000000028E+0	-1.927253344600718E+0	5.925956899918465E+0
50.000000000000028E+0	-5.560989773896241E+0	21.149290300086598E+0
51.000000000000028E+0	-3.081635453805153E+0	30.438281892462953E+0
52.000000000000028E+0	549.849417098291940E-3	17.243287902903781E+0
53.000000000000028E+0	2.325689683901457E+0	8.870244390590980E+0
54.000000000000028E+0	3.166410569210085E+0	21.249387639463599E+0
55.000000000000028E+0	6.177495070481195E+0	27.993193995465777E+0
56.000000000000028E+0	7.474359936961726E+0	27.584718346665635E+0
57.000000000000028E+0	3.598025859937404E+0	15.032590444698465E+0
58.000000000000028E+0	957.352204796171560E-3	4.079316046135565E+0
59.000000000000028E+0	4.748839758153698E+0	30.736762704062095E+0
60.000000000000028E+0	5.250767600206649E+0	61.009169649249586E+0
61.000000000000028E+0	178.982507212061160E-3	40.954908507854086E+0
62.000000000000028E+0	1.974855969254724E+0	17.132477660953878E+0
63.000000000000028E+0	13.933292461856288E+0	65.477057531199065E+0
64.000000000000028E+0	36.207975236937585E+0	94.111601386810093E+0
65.000000000000028E+0	62.735412218321883E+0	108.794674225854190E+0
66.000000000000028E+0	66.263912390122940E+0	100.224235851130050E+0
67.000000000000028E+0	23.568844718333896E+0	26.752449448264819E+0
68.000000000000028E+0	35.160171140715640E+0	12.708979071260462E+0
69.000000000000028E+0	91.950629682225383E+0	47.677717383978489E+0
70.000000000000028E+0	80.522585483403617E+0	58.074211904713834E+0
71.000000000000028E+0	20.461862310969696E+0	24.488754861826610E+0
72.000000000000028E+0	21.156420403389752E+0	11.971767635415679E+0
73.000000000000028E+0	66.728210036505104E+0	40.787178443723448E+0
74.000000000000028E+0	71.678649564623484E+0	55.576295970720523E+0
75.000000000000028E+0	70.411630885436892E+0	57.209635471681018E+0
76.000000000000028E+0	59.168476020128423E+0	49.510115958825985E+0
77.000000000000028E+0	18.188028811921381E+0	28.122848144249154E+0
78.000000000000028E+0	113.728097468700680E+0	81.830763771648804E+0
79.000000000000028E+0	147.471111156478260E+0	95.780785048785248E+0
80.000000000000028E+0	43.226906260969159E+0	32.790260021837291E+0
81.000000000000028E+0	17.596624988142032E+0	19.359037692911922E+0
82.000000000000028E+0	45.266344982435172E+0	39.012598174574450E+0
83.000000000000028E+0	73.467684544034739E+0	52.002629792328413E+0
84.000000000000028E+0	54.702687087992992E+0	31.514254730026543E+0
85.000000000000028E+0	22.679819864948563E+0	14.967695288092665E+0
86.000000000000028E+0	18.899286146340025E+0	10.925436025324666E+0
87.000000000000028E+0	14.583329576817949E+0	15.189261695079015E+0
88.000000000000028E+0	76.353136270700304E+0	47.161846352893804E+0
89.000000000000028E+0	68.974949816784004E+0	27.580440533218923E+0
90.000000000000028E+0	2.319710419148426E+0	-1.053798520296646E+0
91.000000000000028E+0	29.709250696484180E+0	14.396718009054393E+0
92.000000000000028E+0	53.864926789621542E+0	16.213578014170878E+0
93.000000000000028E+0	34.802357534240343E+0	7.358294032333232E+0
94.000000000000028E+0	29.896315356043960E+0	3.916020858322325E+0
95.000000000000028E+0	14.527717058450801E+0	-1.421613906622063E+0
96.000000000000028E+0	17.356226546032069E+0	-1.144451640660618E+0
97.000000000000028E+0	64.783163742019042E+0	-2.491184121572109E+0
98.000000000000028E+0	66.551173702631274E+0	-8.701898847252094E+0
99.000000000000028E+0	28.320713642408055E+0	-9.536338086756130E+0
100.000000000000030E+0	7.205643579729883E+0	-2.826507086404985E+0
101.000000000000030E+0	72.596688613815445E+0	-30.444702091223519E+0
102.000000000000030E+0	73.327837295339194E+0	-49.467968820944606E+0
103.000000000000030E+0	5.495095765069583E+0	-11.510186135625903E+0
104.000000000000030E+0	21.671080869423292E+0	-25.409885750006701E+0
105.000000000000030E+0	4.608864844116556E+0	-7.014097612612924E+0
106.000000000000030E+0	14.895026913580285E+0	-23.877689377448785E+0
107.000000000000030E+0	35.621658310438008E+0	-46.412063264100901E+0
108.000000000000030E+0	15.953824511721541E+0	-19.687167998104464E+0
109.000000000000030E+0	1.247017920443759E+0	-137.392400098151620E-3
110.000000000000030E+0	9.062762804448020E+0	-12.380072453710845E+0
111.000000000000030E+0	19.327636917726331E+0	-28.883147425632139E+0
112.000000000000030E+0	9.888613317547334E+0	-21.783142485787415E+0
113.000000000000030E+0	5.012402447655217E+0	-14.401581992480988E+0
114.000000000000030E+0	3.835246835130851E+0	-9.714993050610929E+0
115.000000000000030E+0	12.419984632340851E+0	-26.062360636287160E+0
116.000000000000030E+0	15.300396918500542E+0	-32.972219821448782E+0
117.000000000000030E+0	21.210143631932645E+0	-39.108743228041277E+0
118.000000000000030E+0	10.737222591778210E+0	-19.371199468681517E+0
119.000000000000030E+0	-1.822931559452950E+0	489.307301438759170E-3
120.000000000000030E+0	-14.624992870607471E+0	-28.744189678642346E+0
121.000000000000030E+0	-16.043466842846314E+0	-13.240251345280171E+0
122.000000000000030E+0	-12.801456195018968E+0	7.669159165148639E+0
123.000000000000030E+0	-33.266661692639175E+0	-5.410581636783109E+0
124.000000000000030E+0	-23.787501207562627E+0	-1.821465584294105E+0
125.000000000000030E+0	-48.558316845886125E+0	7.256687741155561E+0
126.000000000000030E+0	-49.298373741391920E+0	55.264828233085552E+0
127.000000000000030E+0	-30.459382172023290E+0	51.124202554653884E+0
128.000000000000030E+0	1.005431315639789E+0	23.734655965374703E+0
129.000000000000030E+0	-61.185996679526887E+0	129.539991044890880E+0
130.000000000000030E+0	-48.830588551939279E+0	234.376704648333630E+0
131.000000000000030E+0	-1.068638672166245E+0	125.542244112010990E+0
132.000000000000030E+0	21.504813282555897E+0	24.499804541376356E+0
133.000000000000030E+0	51.637217914345044E+0	111.190237224486940E+0
134.000000000000030E+0	62.807014472048465E+0	86.428273034614193E+0
135.000000000000030E+0	49.383559097916340E+0	85.514393506190885E+0
136.000000000000030E+0	67.724651691136913E+0	124.001383135926260E+0
137.000000000000030E+0	18.208484369591719E+0	39.147806191448133E+0
138.000000000000030E+0	9.204263463201745E+0	29.543662192841644E+0
139.000000000000030E+0	75.535404639813379E+0	112.592099441972350E+0
140.000000000000030E+0	36.345417736109582E+0	50.307501214756407E+0
141.000000000000030E+0	19.899769065027311E+0	8.534578540416714E+0
142.000000000000030E+0	33.392408479784983E+0	-4.401501257303610E+0
143.000000000000030E+0	77.315738110596868E+0	14.368671930491653E+0
144.000000000000030E+0	82.715189397563236E+0	21.397192758998333E+0
145.000000000000030E+0	52.377300113071215E+0	21.340689483365569E+0
146.000000000000030E+0	42.078396079761703E+0	33.622237386845128E+0
147.000000000000030E+0	4.385231916561739E+0	16.747308545464907E+0
148.000000000000030E+0	27.892225927938092E+0	28.373532248097366E+0
149.000000000000030E+0	55.406901694233589E+0	67.541441924263552E+0
150.000000000000030E+0	11.879413882633163E+0	27.620203249880255E+0
151.000000000000030E+0	8.110839701643345E+0	384.019471987309790E-3
152.000000000000030E+0	72.648989603855369E+0	22.198712043027371E+0
153.000000000000030E+0	82.920135740090217E+0	30.377318196857505E+0
154.000000000000030E+0	58.415978403458340E+0	37.745605113950369E+0
155.000000000000030E+0	76.475056923647060E+0	36.322205745914381E+0
156.000000000000030E+0	22.281378661700419E+0	15.472911676074798E+0
157.000000000000030E+0	76.456423831315376E+0	51.066741949801141E+0
158.000000000000030E+0	115.685653045951010E+0	52.847275218426560E+0
159.000000000000030E+0	84.867993782439882E+0	28.981847846125003E+0
160.000000000000030E+0	32.768337934660984E+0	7.191830714223050E+0
161.000000000000030E+0	70.071763377639087E+0	-1.318602663459115E+0
162.000000000000030E+0	222.600923731022530E+0	4.812974836821643E+0
163.000000000000030E+0	107.983575072840010E+0	-7.625463066726775E+0
164.000000000000030E+0	71.195990987452475E+0	-2.465033925843810E+0
165.000000000000030E+0	103.117026497789010E+0	-998.027812112182940E-3
166.000000000000030E+0	42.411719470918328E+0	8.181806863977620E+0
167.000000000000030E+0	245.840873413055930E+0	-45.354449836672920E+0
168.000000000000030E+0	248.758473299345810E+0	-67.487427467239186E+0
169.000000000000030E+0	53.192874637812153E+0	-12.457167416435134E+0
170.000000000000030E+0	79.421993558205102E+0	-50.864502392076183E+0
171.000000000000030E+0	248.709039388184520E+0	-157.369348465075090E+0
172.000000000000030E+0	230.293319198579470E+0	-168.156179524448500E+0
173.000000000000030E+0	125.963359860780740E+0	-100.890991256727350E+0
174.000000000000030E+0	84.711428019018371E+0	-49.491642882915272E+0
175.000000000000030E+0	69.970962565608218E+0	-28.513988730262348E+0
176.000000000000030E+0	131.197669820316040E+0	-125.675882507097780E+0
177.000000000000030E+0	83.740725191432290E+0	-116.457164246244670E+0
178.000000000000030E+0	82.279036186331012E+0	-148.437467746997580E+0
179.000000000000030E+0	7.268984080826856E+0	-20.454914231279780E+0
180.000000000000030E+0	99.008651607915041E+0	-176.208823848813780E+0
181.000000000000030E+0	159.657854999212870E+0	-304.707555325464740E+0
182.000000000000030E+0	54.081215861778517E+0	-98.487548527907762E+0
183.000000000000030E+0	61.076217771850146E+0	-101.317435332414280E+0
184.000000000000030E+0	60.554154263131011E+0	-102.520918359610730E+0
185.000000000000030E+0	101.403059299520780E+0	-144.933609857246180E+0
186.000000000000030E+0	147.574788288014900E+0	-275.048123949619140E+0
187.000000000000030E+0	101.436617790664210E+0	-236.268134770059620E+0
188.000000000000030E+0	28.958849514131138E+0	-79.878268865762635E+0
189.000000000000030E+0	42.206923277239738E+0	-152.033627804395390E+0
190.000000000000030E+0	132.026650664103440E+0	-415.512932835090960E+0
191.000000000000030E+0	92.435197465449647E+0	-458.698614529912730E+0
192.000000000000030E+0	16.350270908891748E+0	-172.247144665595530E+0
193.000000000000030E+0	18.058516880745874E+0	-156.613997540761910E+0
194.000000000000030E+0	11.199133354412591E+0	-321.510636881214740E+0
195.000000000000030E+0	2.894385728405438E+0	-305.956796044969730E+0
196.000000000000030E+0	-21.207563110180516E+0	-332.949814016284960E+0
197.000000000000030E+0	-40.617508122179721E+0	-225.737683880845760E+0
198.000000000000030E+0	-10.056755463649717E+0	-48.258453467687069E+0
199.000000000000030E+0	-61.656300224580129E+0	-359.055223396847680E+0
200.000000000000030E+0	-95.940172990106518E+0	-283.348557631834750E+0
201.000000000000030E+0	-50.932696703417839E+0	-91.682957556446254E+0
202.000000000000030E+0	-40.275119774413710E+0	-85.666820596384525E+0
203.000000000000030E+0	-38.057976070293726E+0	-46.629933012523779E+0
204.000000000000030E+0	-123.684363295300310E+0	-153.836935996675090E+0
205.000000000000030E+0	-105.721878819112060E+0	-99.118667247542788E+0
206.000000000000030E+0	-93.528526420792005E+0	-105.863301851772690E+0
207.000000000000030E+0	-48.588112481974363E+0	-47.194761602356671E+0
208.000000000000030E+0	-36.581002966211749E+0	-37.410905351469594E+0
209.000000000000030E+0	-112.458139305814280E+0	-44.881586526812079E+0
210.000000000000030E+0	-79.715834027470763E+0	7.358615541563442E+0
211.000000000000030E+0	-24.658854632489060E+0	16.385932725043439E+0
212.000000000000030E+0	-67.286385634647928E+0	-7.101344231910971E+0
213.000000000000030E+0	-33.433002426387645E+0	-17.565507932053936E+0
214.000000000000030E+0	-17.041925582895267E+0	655.952894744933460E-3
215.000000000000030E+0	-30.742667460075648E+0	-3.878800059583074E+0
216.000000000000030E+0	-18.222274063440722E+0	-5.819295888546406E+0
217.000000000000030E+0	-5.184132035577679E+0	-14.932548632000552E+0
218.000000000000030E+0	9.694238596604961E+0	-24.692053834194393E+0
219.000000000000030E+0	18.872148211360592E+0	2.518438781719264E+0
220.000000000000030E+0	6.134071228967252E+0	17.531956801429409E+0
221.000000000000030E+0	-7.511293247956838E+0	18.783379118062836E+0
222.000000000000030E+0	-22.332098754962484E+0	7.113740306776603E+0
223.000000000000030E+0	7.629520873650593E+0	9.460674911195035E+0
224.000000000000030E+0	18.019271265630351E+0	9.818905736637154E+0
225.000000000000030E+0	37.476437550585466E+0	26.309702984154676E+0
226.000000000000030E+0	19.012671943464504E+0	13.577028968335810E+0
227.000000000000030E+0	31.370439706768572E+0	2.374009797221691E+0
228.000000000000030E+0	103.304790712183330E+0	-19.547898491042869E+0
229.000000000000030E+0	68.853861374662955E+0	-25.755238157978091E+0
230.000000000000030E+0	40.786500734720995E+0	-17.070592907731019E+0
231.000000000000030E+0	87.480651440912027E+0	-31.865315884249746E+0
232.000000000000030E+0	74.167116209690505E+0	-65.752917440081802E+0
233.000000000000030E+0	15.905882334672407E+0	-68.462624696217290E+0
234.000000000000030E+0	1.016925447847106E+0	-99.796283073034743E+0
235.000000000000030E+0	-6.271623524019119E+0	-45.401623506775799E+0
236.000000000000030E+0	-8.156653456954000E+0	-40.221258480327194E+0
237.000000000000030E+0	-28.301885836890552E+0	-48.386268997723434E+0
238.000000000000030E+0	-22.400479313903581E+0	-77.956703763121908E+0
239.000000000000030E+0	4.176684259520921E+0	-34.028298148831155E+0
240.000000000000030E+0	533.201839680012890E-3	-9.286469896816479E+0
241.000000000000030E+0	7.729679429559662E+0	-54.773599631577859E+0
242.000000000000030E+0	12.162272777500213E+0	-33.041586362314391E+0
243.000000000000030E+0	5.788168609602577E+0	-22.426011241127902E+0
244.000000000000030E+0	28.794307993315488E+0	-39.716820054646917E+0
245.000000000000030E+0	2.900010135062245E+0	-6.495920845071348E+0
246.000000000000030E+0	19.307140820829748E+0	-55.087340148903571E+0
247.000000000000030E+0	48.736063762552654E+0	-50.903558527895022E+0
248.000000000000030E+0	23.891959073504772E+0	-10.211023253892602E+0
249.000000000000030E+0	-6.345833678841093E+0	-4.030471895570336E+0
250.000000000000030E+0	2.857592998153783E+0	-67.341718588184264E+0
251.000000000000030E+0	37.443116610866198E+0	-95.205636055175176E+0
252.000000000000030E+0	21.622510298041725E+0	-39.463839669799498E+0
253.000000000000030E+0	13.880864614362107E+0	-41.287193241626909E+0
254.000000000000030E+0	21.561322495387550E+0	-62.494794512545752E+0
255.000000000000030E+0	52.724988748539033E+0	-57.913820814591155E+0
256.000000000000060E+0	52.833231016029387E+0	-16.557139762363761E+0
257.000000000000060E+0	45.492581512160363E+0	-30.419663186966670E+0
258.000000000000060E+0	5.378841793844114E+0	1.028741801033494E+0
259.000000000000060E+0	-5.184544014473871E+0	-53.847225942748004E+0
260.000000000000060E+0	33.293109840050462E+0	-106.120635856606100E+0
261.000000000000060E+0	-5.443875144345473E+0	-28.807532878699259E+0
262.000000000000060E+0	975.960844390768580E-3	-65.508979937771400E+0
263.000000000000060E+0	31.399003281470659E+0	-68.724764167221650E+0
264.000000000000060E+0	56.465569002989852E+0	-38.352097940871872E+0
265.000000000000060E+0	47.244886244769013E+0	-2.715411895480027E+0
266.000000000000060E+0	-6.897922370479496E+0	282.397055315049160E-3
267.000000000000060E+0	1.859136267875959E+0	-49.736729252690708E+0
268.000000000000060E+0	13.288454076159917E+0	-4.161063009288694E+0
269.000000000000060E+0	-4.614976069944657E+0	-42.631991370181808E+0
270.000000000000060E+0	7.441785758814085E+0	-85.735564659862575E+0
271.000000000000060E+0	-18.485450255741348E+0	-38.440331510938883E+0
272.000000000000060E+0	65.210432953449299E+0	-76.479980180694312E+0
273.000000000000060E+0	79.455743461667382E+0	-40.320600877663296E+0
274.000000000000060E+0	44.068825020451825E+0	-22.803089918865218E+0
275.000000000000060E+0	8.829401929567288E+0	-39.401560247010984E+0
276.000000000000060E+0	28.040510203023064E+0	-129.279850160737510E+0
277.000000000000060E+0	34.114440242093814E+0	-34.483958463732641E+0
278.000000000000060E+0	8.228539229847328E+0	-86.276395796328089E+0
279.000000000000060E+0	44.874197134126710E+0	-202.739385575896900E+0
280.000000000000060E+0	52.542900218660407E+0	-143.072532528669600E+0
281.000000000000060E+0	46.865953384426817E+0	-100.206362071757300E+0
282.000000000000060E+0	36.155795704159118E+0	-62.778289603822557E+0
283.000000000000060E+0	36.027972712190845E+0	-205.195703831820910E+0
284.000000000000060E+0	19.182131195995147E+0	-86.262451697451894E+0
285.000000000000060E+0	-27.738043446854466E+0	-130.994831066319930E+0
286.000000000000060E+0	-38.840396588866660E+0	-163.859123998628230E+0
287.000000000000060E+0	-24.467111815148666E+0	-55.000133222404102E+0
288.000000000000060E+0	-92.393303582430008E+0	-302.632696933233890E+0
289.000000000000060E+0	-115.081564968651290E+0	-254.658180361430910E+0
290.000000000000060E+0	-44.815191716776589E+0	-83.879122153264163E+0
291.000000000000060E+0	-62.176817365665670E+0	-84.317046935107413E+0
292.000000000000060E+0	-139.175010799848960E+0	-99.463819108234489E+0
293.000000000000060E+0	-126.865561701456460E+0	-61.105394350177924E+0
294.000000000000060E+0	-109.245413176237590E+0	-37.683653349462489E+0
295.000000000000060E+0	-93.931237293038180E+0	-17.409179920136445E+0
296.000000000000060E+0	-64.979528807494049E+0	6.267950994203762E+0
297.000000000000060E+0	-66.792275867026873E+0	21.347564155097839E+0
298.000000000000060E+0	-93.786929538022974E+0	44.963499025118409E+0
299.000000000000060E+0	-48.980165588752968E+0	34.947291321891804E+0
300.000000000000060E+0	-13.407357224577661E+0	10.603826653499627E+0
301.000000000000060E+0	-24.860998475936753E+0	17.790080105250457E+0
302.000000000000060E+0	-26.873588601523760E+0	16.651514611355147E+0
303.000000000000060E+0	-5.129939426181483E+0	1.146543752453788E+0
304.000000000000060E+0	-8.777873741293400E+0	-4.494157276622124E+0
305.000000000000060E+0	-4.019840154899270E+0	-8.801636037637220E+0
306.000000000000060E+0	917.548117631930230E-3	-12.116005928745006E+0
307.000000000000060E+0	4.772482087299544E+0	-33.930008366973020E+0
308.000000000000060E+0	6.657681108027975E+0	-26.133929841610374E+0
309.000000000000060E+0	404.850142066319470E-3	-9.872403770449342E+0
310.000000000000060E+0	-14.146234315182616E+0	-14.363872946365536E+0
311.000000000000060E+0	-30.413370047100432E+0	-49.455034801641958E+0
312.000000000000060E+0	-20.627685586869138E+0	-41.869563886172770E+0
313.000000000000060E+0	-7.569258206934346E+0	-11.286342768720543E+0
314.000000000000060E+0	-13.712447562202474E+0	-19.372940241505166E+0
315.000000000000060E+0	-6.732684649423294E+0	-16.245242224548328E+0
316.000000000000060E+0	-5.570363096334455E+0	-8.081580913906517E+0
317.000000000000060E+0	-16.116521618020329E+0	-12.542192762732046E+0
318.000000000000060E+0	-10.419258088615296E+0	-6.650127765240600E+0
319.000000000000060E+0	-5.608138309118154E+0	-4.727833748494303E+0
320.000000000000060E+0	-19.273496341355123E+0	-29.641895793881918E+0
321.000000000000060E+0	-21.495883701760015E+0	-37.436284424989580E+0
322.000000000000060E+0	-668.799029213470900E-3	-17.806930234857248E+0
323.000000000000060E+0	5.033205417030985E+0	-14.138040633233530E+0
324.000000000000060E+0	5.748309401045690E+0	-4.861273120948558E+0
325.000000000000060E+0	-5.834857754730200E+0	-1.915871304436545E+0
326.000000000000060E+0	-8.071984312490265E+0	-4.281320726937049E+0
327.000000000000060E+0	-12.925995747293035E+0	-505.867444683540950E-3
328.000000000000060E+0	-19.608998537557305E+0	-2.191800678084093E+0
329.000000000000060E+0	-11.408505027694911E+0	-20.118260238981357E+0
330.000000000000060E+0	-25.208755401248428E+0	-47.703703087449121E+0
331.000000000000060E+0	-16.616324752326964E+0	-19.913600214934355E+0
332.000000000000060E+0	-164.287217542911200E-3	-13.176136992997431E+0
333.000000000000060E+0	9.143462648321583E+0	8.173744576504932E+0
334.000000000000060E+0	-18.432365133483664E+0	32.830155682930219E+0
335.000000000000060E+0	-38.405342551990792E+0	24.327710758896409E+0
336.000000000000060E+0	-56.964675490939769E+0	35.808320215280204E+0
337.000000000000060E+0	-30.103185914071769E+0	31.776591006325418E+0
338.000000000000060E+0	-25.926693290037416E+0	8.370120456008717E+0
339.000000000000060E+0	-4.340582546871121E+0	41.855181427556417E+0
340.000000000000060E+0	51.788420817287943E+0	78.621097697988461E+0
341.000000000000060E+0	43.453158447354198E+0	68.752010510136259E+0
342.000000000000060E+0	42.164894806270631E+0	45.121472242637296E+0
343.000000000000060E+0	89.744852944384078E+0	111.315115893481020E+0
344.000000000000060E+0	116.155353100901380E+0	140.097856309425710E+0
345.000000000000060E+0	41.764731814570361E+0	41.913516987016465E+0
346.000000000000060E+0	88.729366480813340E+0	16.286563551082875E+0
347.000000000000060E+0	46.239834907962731E+0	-10.559013366861171E+0
348.000000000000060E+0	123.460219550242940E+0	-7.592595473503754E+0
349.000000000000060E+0	217.967105132485670E+0	-22.612704745722660E+0
350.000000000000060E+0	88.617037326138956E+0	-30.023254901613598E+0
351.000000000000060E+0	58.766471326199642E+0	-10.489562092164819E+0
352.000000000000060E+0	77.744346783523269E+0	-17.478153162963757E+0
353.000000000000060E+0	87.426602504382316E+0	-38.216817124367118E+0
354.000000000000060E+0	70.949299770257923E+0	-53.673984900840047E+0
355.000000000000060E+0	67.900701262871536E+0	-50.717464507440098E+0
356.000000000000060E+0	57.830066267474272E+0	-29.930886659486141E+0
357.000000000000060E+0	82.420956260011195E+0	-26.046151548049330E+0
358.000000000000060E+0	122.571527684626020E+0	-44.478556861136596E+0
359.000000000000060E+0	125.894910438071110E+0	-54.658638167223692E+0
360.000000000000060E+0	78.232723207932082E+0	-36.073250321733312E+0
361.000000000000060E+0	34.938280988725737E+0	-32.865038511678449E+0
362.000000000000060E+0	213.289785475242070E+0	-174.563842090121370E+0
363.000000000000060E+0	139.185469422297020E+0	-124.164409362587050E+0
364.000000000000060E+0	119.805511797008280E+0	-95.953197175560504E+0
365.000000000000060E+0	138.560188283152290E+0	-114.622239432913670E+0
366.000000000000060E+0	92.481126412939659E+0	-55.089810329257752E+0
367.000000000000060E+0	119.744778245301630E+0	-106.744206373053050E+0
368.000000000000060E+0	104.121587318689680E+0	-185.840437261910270E+0
369.000000000000060E+0	20.046218681234443E+0	-80.279051951108002E+0
370.000000000000060E+0	-11.645631448111576E+0	-88.000488300032174E+0
371.000000000000060E+0	13.492697323803990E+0	-187.805786401867410E+0
372.000000000000060E+0	75.180445948937404E+0	-311.975108543677890E+0
373.000000000000060E+0	60.293079144063334E+0	-198.251418339624730E+0
374.000000000000060E+0	58.052350063401874E+0	-99.679839352675628E+0
375.000000000000060E+0	82.220374919601298E+0	-136.194125568621420E+0
376.000000000000060E+0	81.788768445118450E+0	-128.833223777519810E+0
377.000000000000060E+0	43.350570896115400E+0	-162.715727925744800E+0
378.000000000000060E+0	26.172816817985534E+0	-202.588207835345200E+0
379.000000000000060E+0	-15.813407347129758E+0	-69.851745752523243E+0
380.000000000000060E+0	17.256328385020591E+0	-185.071628038096920E+0
381.000000000000060E+0	45.423097118315084E+0	-378.434421268062920E+0
382.000000000000060E+0	22.674682008738237E+0	-172.164428021271500E+0
383.000000000000060E+0	18.780359559414112E+0	-142.609917376365900E+0
384.000000000000060E+0	14.045304836951846E+0	-114.467377552808330E+0
385.000000000000060E+0	3.647403501203237E+0	-172.368849876289060E+0
386.000000000000060E+0	-41.744510818007477E+0	-309.389246926739080E+0
387.000000000000060E+0	-49.153943283205706E+0	-230.576230813436500E+0
388.000000000000060E+0	-63.644525708501646E+0	-238.240649058922200E+0
389.000000000000060E+0	-36.797093023320450E+0	-120.979154980650080E+0
390.000000000000060E+0	-97.353956422773308E+0	-321.194603703724340E+0
391.000000000000060E+0	-198.285253083134820E+0	-340.630495868547600E+0
392.000000000000060E+0	-101.334591978829930E+0	-114.585819188059100E+0
393.000000000000060E+0	-71.266089709402664E+0	-56.646839293346737E+0
394.000000000000060E+0	-161.723361785240370E+0	-90.060423560157659E+0
395.000000000000060E+0	-143.052296930891830E+0	-72.347714238773150E+0
396.000000000000060E+0	-192.369421910805780E+0	-140.070147225590120E+0
397.000000000000060E+0	-105.181273369718110E+0	-81.691407085789777E+0
398.000000000000060E+0	-39.350446106711573E+0	-31.101297598977688E+0
399.000000000000060E+0	-84.482447349768194E+0	-81.545925622042176E+0
400.000000000000060E+0	-115.817280643968840E+0	-82.218223099393910E+0
401.000000000000060E+0	-78.048915684901971E+0	-25.556241090013071E+0
402.000000000000060E+0	-65.675679216123171E+0	-10.778210051370742E+0
403.000000000000060E+0	-59.295556051332959E+0	-15.066051030027115E+0
404.000000000000060E+0	-178.468079791393900E+0	-97.404294789134226E+0
405.000000000000060E+0	-93.432977041383793E+0	-51.513925011101762E+0
406.000000000000060E+0	-74.856419690622900E+0	-62.651700844516043E+0
407.000000000000060E+0	-58.010140926929431E+0	-45.381368291283486E+0
408.000000000000060E+0	-21.695345975593668E+0	-13.404026744676788E+0
409.000000000000060E+0	-114.480644079102490E+0	-44.459917474893544E+0
410.000000000000060E+0	-91.156173953666467E+0	-17.261913127451084E+0
411.000000000000060E+0	-37.380189984394512E+0	-5.230617234634985E+0
412.000000000000060E+0	-45.238925933032846E+0	-13.354363574432821E+0
413.000000000000060E+0	-68.163688818651394E+0	-41.071180362684814E+0
414.000000000000060E+0	-53.630208549153835E+0	-40.509236524435799E+0
415.000000000000060E+0	-47.068437285070885E+0	-24.764666461484843E+0
416.000000000000060E+0	-25.893629980465818E+0	-15.841805243327363E+0
417.000000000000060E+0	-19.435029534654394E+0	-14.108141842192035E+0
418.000000000000060E+0	-51.569699241340530E+0	-24.369072184396128E+0
419.000000000000060E+0	-62.886721354951852E+0	-35.901698516501057E+0
420.000000000000060E+0	-52.395077036422393E+0	-50.540291239185983E+0
421.000000000000060E+0	-3.034257885065036E+0	-11.025851382924390E+0
422.000000000000060E+0	-32.840744898988461E+0	-31.672001226615350E+0
423.000000000000060E+0	-59.807897878993799E+0	-72.933357438746810E+0
424.000000000000060E+0	-21.639909323839323E+0	-36.950659022539497E+0
425.000000000000060E+0	-37.166623441720361E+0	-42.190107631705345E+0
426.000000000000060E+0	-11.830021493484800E+0	-26.461642870884496E+0
427.000000000000060E+0	-50.651978813252619E+0	-21.737554617340667E+0
428.000000000000060E+0	-131.817910878406620E+0	-127.966949550166500E+0
429.000000000000060E+0	-44.007868694987977E+0	-63.714591098605162E+0
430.000000000000060E+0	-40.968743872885526E+0	-29.204360534290725E+0
431.000000000000060E+0	-28.720522874861302E+0	-20.938176900905631E+0
432.000000000000060E+0	-95.010567700533755E+0	-38.591331420361222E+0
433.000000000000060E+0	-89.662532124902640E+0	-20.764684726453876E+0
434.000000000000060E+0	-40.147766402869152E+0	-1.995297207610609E+0
435.000000000000060E+0	-35.242711105434786E+0	5.733870558267656E+0
436.000000000000060E+0	-68.775402079604106E+0	15.225409266962970E+0
437.000000000000060E+0	-75.357292495415621E+0	3.314772952887739E+0
438.000000000000060E+0	-87.776500292304774E+0	31.229730894609482E+0
439.000000000000060E+0	-50.333989367254730E+0	22.762805481140056E+0
440.000000000000060E+0	-3.535773749993542E+0	3.538496087242891E+0
441.000000000000060E+0	-40.171432908543124E+0	73.504585709244765E+0
442.000000000000060E+0	-17.976743692552194E+0	53.503425772789811E+0
443.000000000000060E+0	9.937750926754056E+0	27.273862510741861E+0
444.000000000000060E+0	21.063764706894936E+0	30.644850410507313E+0
445.000000000000060E+0	23.821652344363859E+0	10.647336138099858E+0
446.000000000000060E+0	65.998589568663377E+0	28.963777593194969E+0
447.000000000000060E+0	78.593699628416289E+0	9.710340712923328E+0
448.000000000000060E+0	58.026296045437562E+0	2.137472659667889E+0
449.000000000000060E+0	39.582923849198565E+0	-5.476764677944178E+0
450.000000000000060E+0	39.387184745043591E+0	-9.644270466888731E+0
451.000000000000060E+0	148.557908704779580E+0	-60.264382871901020E+0
452.000000000000060E+0	90.644705848256450E+0	-63.055445077327420E+0
453.000000000000060E+0	45.999995970018162E+0	-23.505954031322794E+0
454.000000000000060E+0	66.821633147876511E+0	-37.153643896038304E+0
455.000000000000060E+0	82.220563231180662E+0	-59.447780186472094E+0
456.000000000000060E+0	118.870880115602930E+0	-90.193283783499311E+0
457.000000000000060E+0	106.843776082598540E+0	-91.827645663477469E+0
458.000000000000060E+0	46.106482151062245E+0	-68.294899662915156E+0
459.000000000000060E+0	55.921214512911078E+0	-55.350717843929317E+0
460.000000000000060E+0	211.031722339516680E+0	-231.476563262979510E+0
461.000000000000060E+0	131.284867853820570E+0	-164.950077810087440E+0
462.000000000000060E+0	102.424955860587400E+0	-147.263967903265950E+0
463.000000000000060E+0	42.208771245270405E+0	-71.803333032152494E+0
464.000000000000060E+0	91.655761845830028E+0	-233.248104880734440E+0
465.000000000000060E+0	132.558857383002870E+0	-386.193948929385330E+0
466.000000000000060E+0	63.808042318758453E+0	-274.240582226974370E+0
467.000000000000060E+0	46.274963308232444E+0	-352.495058642856860E+0
468.000000000000060E+0	10.059244855051986E+0	-162.772686009325380E+0
469.000000000000060E+0	-46.200737427042775E+0	-388.896340375806290E+0
470.000000000000060E+0	-268.759476494205960E+0	-796.179941717377230E+0
471.000000000000060E+0	-191.884563349164690E+0	-305.169200584089820E+0
472.000000000000060E+0	-110.694419251629260E+0	-175.573520220789360E+0
473.000000000000060E+0	-202.350488474037690E+0	-237.273719996828820E+0
474.000000000000060E+0	-319.967744292875240E+0	-296.749477597053210E+0
475.000000000000060E+0	-342.914908158667460E+0	-269.622784998732810E+0
476.000000000000060E+0	-229.596937878636080E+0	-165.170912416666820E+0
477.000000000000060E+0	-129.443745269042610E+0	-93.629800919712650E+0
478.000000000000060E+0	-159.996840307840950E+0	-77.763945993908862E+0
479.000000000000060E+0	-398.208842658852860E+0	-181.138656602738990E+0
480.000000000000060E+0	-281.331959195697440E+0	-91.429334436590679E+0
481.000000000000060E+0	-147.233421589139200E+0	-24.431235976509523E+0
482.000000000000060E+0	-100.011820130781600E+0	-22.109373136914019E+0
483.000000000000060E+0	-370.502464429041370E+0	-94.884458672023044E+0
484.000000000000060E+0	-288.501837822200460E+0	-50.312371983864423E+0
485.000000000000060E+0	-157.633954049044920E+0	-30.817147612359339E+0
486.000000000000060E+0	-163.073677669421780E+0	-17.493400937871005E+0
487.000000000000060E+0	-53.904750192593802E+0	2.931228463828481E+0
488.000000000000060E+0	-284.641255907299980E+0	3.380917223750201E+0
489.000000000000060E+0	-280.833843666402690E+0	14.422829741280839E+0
490.000000000000060E+0	-135.999643800525800E+0	6.734101924937237E+0
491.000000000000060E+0	-69.769859367629877E+0	-3.118305080797581E+0
492.000000000000060E+0	-155.303101635279010E+0	1.386602990806850E+0
493.000000000000060E+0	-218.428870070397040E+0	15.121593921668929E+0
494.000000000000060E+0	-152.077551558162920E+0	16.432908069822425E+0
495.000000000000060E+0	-85.058119788931037E+0	13.625698283059288E+0
496.000000000000060E+0	-97.526688058656148E+0	15.309142659469199E+0
497.000000000000060E+0	-122.458906860429150E+0	19.840511842293321E+0
498.000000000000060E+0	-231.640983474508910E+0	34.769802658381671E+0
499.000000000000060E+0	-168.125281813877990E+0	25.550421363082528E+0
500.000000000000060E+0	-51.343385324622126E+0	5.943488999067207E+0
501.000000000000060E+0	-74.742337207657798E+0	16.745386550289691E+0
502.000000000000060E+0	-221.458794300717440E+0	54.764048785060666E+0
503.000000000000060E+0	-114.075301150088850E+0	27.160539892210238E+0
504.000000000000060E+0	-69.923461231343992E+0	27.165352964101167E+0
505.000000000000060E+0	-76.667004286975967E+0	41.221551968161094E+0
506.000000000000060E+0	-85.167942322016699E+0	26.370208307364361E+0
507.000000000000060E+0	-207.735612926920940E+0	60.388638292065636E+0
508.000000000000060E+0	-112.169401777497500E+0	31.302371941395808E+0
509.000000000000060E+0	-81.410508292845350E+0	25.877147109915690E+0
510.000000000000060E+0	-26.415787386424700E+0	3.195455121925894E+0
511.000000000000060E+0	-115.744944256729350E+0	58.463823299368506E+0
512.000000000000110E+0	-143.065195059985370E+0	83.622547867820657E+0
513.000000000000110E+0	-51.810986551319885E+0	31.965636015473628E+0
514.000000000000110E+0	-36.916533731380788E+0	37.134474885541707E+0
515.000000000000110E+0	-60.029544211172080E+0	51.167745662521121E+0
516.000000000000110E+0	-63.223101570562619E+0	56.516343352532985E+0
517.000000000000110E+0	-111.967595557883210E+0	87.343363522682850E+0
518.000000000000110E+0	-85.258339404544600E+0	55.504136394224929E+0
519.000000000000110E+0	-22.825995514400539E+0	-78.006076728525733E-3
520.000000000000110E+0	-51.171938034314714E+0	27.039500264687881E+0
521.000000000000110E+0	-72.373496064718864E+0	73.924203322000864E+0
522.000000000000110E+0	-45.920791985221882E+0	63.521637917106332E+0
523.000000000000110E+0	-30.615333027186274E+0	32.008321291523075E+0
524.000000000000110E+0	-32.429621119862965E+0	22.235940884890635E+0
525.000000000000110E+0	-46.105948229060218E+0	24.347401842497739E+0
526.000000000000110E+0	-29.056226901055044E+0	19.891341558217874E+0
527.000000000000110E+0	-5.085965124670328E+0	9.348070565845948E+0
528.000000000000110E+0	8.913798406199284E+0	6.341956296542394E+0
529.000000000000110E+0	-4.434333240499709E+0	10.519491649076240E+0
530.000000000000110E+0	-36.045776437207493E+0	-8.319584927593361E+0
531.000000000000110E+0	-37.284310970572761E+0	-23.056738075587603E+0
532.000000000000110E+0	-15.366372534145986E+0	-10.584849901141188E+0
533.000000000000110E+0	-22.979194486756906E+0	-23.169693281879965E+0
534.000000000000110E+0	-32.547526896324641E+0	-25.764356477007983E+0
535.000000000000110E+0	-69.175923468882402E+0	-32.959418652954923E+0
536.000000000000110E+0	-67.246553887893469E+0	-32.359779651483869E+0
537.000000000000110E+0	-38.965943818505103E+0	-16.734306915910523E+0
538.000000000000110E+0	-21.669202277702347E+0	296.831075660989980E-3
539.000000000000110E+0	-105.150038466955610E+0	-14.825867341849323E+0
540.000000000000110E+0	-110.065585043030070E+0	3.483156853957166E+0
541.000000000000110E+0	-88.880574412837717E+0	7.080447381147481E+0
542.000000000000110E+0	-24.453907888592035E+0	-5.332920800374405E+0
543.000000000000110E+0	-65.178577415354638E+0	-5.849664650358774E+0
544.000000000000110E+0	-86.029053024846874E+0	6.906389205551110E+0
545.000000000000110E+0	-48.274141806013077E+0	20.871821412512787E+0
546.000000000000110E+0	-60.726512161996382E+0	17.611046642409072E+0
547.000000000000110E+0	-20.268043094469636E+0	7.304747360610333E+0
548.000000000000110E+0	-35.684433548515308E+0	15.613302725479164E+0
549.000000000000110E+0	-111.630140782222800E+0	32.081594628355042E+0
550.000000000000110E+0	-60.513476382311168E+0	13.024124673459212E+0
551.000000000000110E+0	-21.575878721744598E+0	-4.607924494502653E+0
552.000000000000110E+0	-20.606173641599135E+0	-1.191172716195713E+0
553.000000000000110E+0	-41.117638652539803E+0	20.302176785495668E+0
554.000000000000110E+0	-67.141111775069547E+0	35.566788668931672E+0
555.000000000000110E+0	-37.147403754322511E+0	11.428121395616959E+0
556.000000000000110E+0	-39.327232259943081E+0	982.887259016442470E-3
557.000000000000110E+0	-17.762862800056016E+0	-6.469532258678001E+0
558.000000000000110E+0	-37.518340648664662E+0	-1.257283035738133E+0
559.000000000000110E+0	-49.336641415721665E+0	1.419185942477655E+0
560.000000000000110E+0	-17.636092453469715E+0	-8.721340612930085E+0
561.000000000000110E+0	32.274449416027487E-3	5.851276971326988E+0
562.000000000000110E+0	-41.530097867946282E+0	26.152460545606921E+0
563.000000000000110E+0	-38.552705858978420E+0	31.669019161396573E+0
564.000000000000110E+0	-38.936368190171876E+0	11.502486003815795E+0
565.000000000000110E+0	-35.642018947180745E+0	-4.416358412344176E+0
566.000000000000110E+0	-11.798226025264727E+0	-8.116656663998892E+0
567.000000000000110E+0	-16.283832350705421E+0	-16.439835888810709E+0
568.000000000000110E+0	-9.324423324671830E+0	-11.525740255520365E+0
569.000000000000110E+0	-2.919304621647382E+0	-1.098304680144417E+0
570.000000000000110E+0	-1.120065361868775E+0	4.079482324738811E+0
571.000000000000110E+0	-16.631658769606695E+0	-5.614118742542828E+0
572.000000000000110E+0	-21.450188227081032E+0	-29.626077137998426E+0
573.000000000000110E+0	-15.557123759576182E+0	-25.821979140846235E+0
574.000000000000110E+0	-8.666516102331519E+0	-21.544624064409643E+0
575.000000000000110E+0	2.940458236049667E+0	-56.331630167276685E+0
576.000000000000110E+0	22.485349607625885E+0	-55.506262628328898E+0
577.000000000000110E+0	52.167816407345889E+0	-105.885822674886910E+0
578.000000000000110E+0	32.633087670591273E+0	-106.047693856254610E+0
579.000000000000110E+0	-1.130212940340188E+0	-25.406442405982332E+0
580.000000000000110E+0	-23.431251204806628E+0	-53.652757464859903E+0
581.000000000000110E+0	-69.859194922459977E+0	-204.236723178364340E+0
582.000000000000110E+0	-81.083518409526505E+0	-136.295766448582640E+0
583.000000000000110E+0	-59.126484731438538E+0	-68.431647011611702E+0
584.000000000000110E+0	-58.456316930741494E+0	-62.763648126319552E+0
585.000000000000110E+0	-64.854478766281531E+0	-105.192026733702050E+0
586.000000000000110E+0	-142.731103341980140E+0	-188.920666169074390E+0
587.000000000000110E+0	-106.262171750764170E+0	-146.420879140245460E+0
588.000000000000110E+0	-114.529698260887660E+0	-104.998087316996590E+0
589.000000000000110E+0	-31.720156320135537E+0	-17.758717876813940E+0
590.000000000000110E+0	-260.671387599327430E+0	-119.100895482895480E+0
591.000000000000110E+0	-455.586218420372920E+0	-183.491376559826880E+0
592.000000000000110E+0	-179.709633073451810E+0	-78.401233332748205E+0
593.000000000000110E+0	-83.925639246909441E+0	-20.095593305383680E+0
594.000000000000110E+0	-160.650046726270740E+0	-4.808105614080644E+0
595.000000000000110E+0	-231.804657148013890E+0	6.079212986843563E+0
596.000000000000110E+0	-302.899239206593730E+0	42.952132736074269E+0
597.000000000000110E+0	-214.457448380534230E+0	68.260047195229632E+0
598.000000000000110E+0	-63.511246967075522E+0	47.285009596449143E+0
599.000000000000110E+0	-161.782649751436570E+0	116.091559091914220E+0
600.000000000000110E+0	-281.885058514092970E+0	270.296658628204970E+0
601.000000000000110E+0	-210.709191067580430E+0	272.098151547109860E+0
602.000000000000110E+0	-37.631114068869493E+0	56.702096452867309E+0
603.000000000000110E+0	-19.011760042511018E+0	63.647803513913345E+0
604.000000000000110E+0	-24.765693457076132E+0	78.078217590813637E+0
605.000000000000110E+0	-14.607116852799823E+0	48.200985040695556E+0
606.000000000000110E+0	-29.214648694772098E+0	29.677873778625258E+0
607.000000000000110E+0	-35.305454776860394E+0	24.046100955112454E+0
608.000000000000110E+0	-13.026049876188356E+0	8.798147774066313E+0
609.000000000000110E+0	-118.621814842868430E+0	37.663191930861942E+0
610.000000000000110E+0	-113.595062721582960E+0	28.557792417782935E+0
611.000000000000110E+0	-35.160528457893136E+0	2.382165061190650E+0
612.000000000000110E+0	-17.587045627114325E+0	11.681482280078185E+0
613.000000000000110E+0	-59.081017329742693E+0	28.922498788253506E+0
614.000000000000110E+0	-103.873922245884070E+0	51.096975127091710E+0
615.000000000000110E+0	-79.448985154170458E+0	34.715784606753239E+0
616.000000000000110E+0	-60.727911573810545E+0	21.947539589569192E+0
617.000000000000110E+0	-36.743495781164157E+0	12.114143166611415E+0
618.000000000000110E+0	-70.060269299220337E+0	18.896086470061611E+0
619.000000000000110E+0	-141.586156896071460E+0	41.815375529184600E+0
620.000000000000110E+0	-113.624616834934980E+0	33.772196489261979E+0
621.000000000000110E+0	-15.192000913175397E+0	4.057221564433523E+0
622.000000000000110E+0	-63.189172919487532E+0	37.413718253999193E+0
623.000000000000110E+0	-129.578784461233540E+0	74.113394470061863E+0
624.000000000000110E+0	-91.034555812816592E+0	42.776166846559576E+0
625.000000000000110E+0	-79.182018250356222E+0	26.379283163983548E+0
626.000000000000110E+0	-46.136365953937400E+0	14.906173570474010E+0
627.000000000000110E+0	-40.241837566956214E+0	23.434585990927324E+0
628.000000000000110E+0	-155.019572747367560E+0	87.349541770300689E+0
629.000000000000110E+0	-133.916768280957110E+0	69.300310366965576E+0
630.000000000000110E+0	-59.873096871248073E+0	24.511904414805862E+0
631.000000000000110E+0	-27.488973897800225E+0	22.249158579752251E+0
632.000000000000110E+0	-133.181441728011950E+0	96.947832637058425E+0
633.000000000000110E+0	-188.282218001305810E+0	139.438345621613220E+0
634.000000000000110E+0	-61.140319279226006E+0	42.212495496289691E+0
635.000000000000110E+0	-70.144957443240443E+0	47.881074318039673E+0
636.000000000000110E+0	-32.330224866500551E+0	29.279464254418496E+0
637.000000000000110E+0	-90.910666724673234E+0	107.822010503691600E+0
638.000000000000110E+0	-132.926892431206280E+0	161.472109591231290E+0
639.000000000000110E+0	-81.945141953987303E+0	115.496145875931010E+0
640.000000000000110E+0	-11.312408862163664E+0	16.948685970868659E+0
641.000000000000110E+0	-90.237449936076075E+0	157.721525271721300E+0
642.000000000000110E+0	-106.541294944692570E+0	221.221904975939370E+0
643.000000000000110E+0	-72.825065241929423E+0	154.194244123630340E+0
644.000000000000110E+0	-46.799034719211534E+0	100.523593349463310E+0
645.000000000000110E+0	-24.479054833174622E+0	60.086474095950294E+0
646.000000000000110E+0	-9.647551078158049E+0	179.087209555464820E+0
647.000000000000110E+0	3.229484968842518E+0	253.804799164578920E+0
648.000000000000110E+0	24.567789787927705E+0	247.441740760170350E+0
649.000000000000110E+0	16.562329842054584E+0	107.633404718318050E+0
650.000000000000110E+0	18.445737042501058E+0	40.277960087397489E+0
651.000000000000110E+0	245.307583462913950E+0	311.491320686825020E+0
652.000000000000110E+0	248.943678162533900E+0	224.412784133921430E+0
653.000000000000110E+0	60.460722660009921E+0	52.620964704181837E+0
654.000000000000110E+0	106.781236349214650E+0	56.445522169283905E+0
655.000000000000110E+0	105.887697786828040E+0	21.162017788895504E+0
656.000000000000110E+0	216.357198631660680E+0	11.696268436028920E+0
657.000000000000110E+0	219.932408129275300E+0	-17.358305881607396E+0
658.000000000000110E+0	85.785014232143183E+0	-12.961445039158935E+0
659.000000000000110E+0	30.664666004977231E+0	-13.709072124045923E+0
660.000000000000110E+0	181.369841418351630E+0	-84.900190400057994E+0
661.000000000000110E+0	221.482703129218180E+0	-140.217982081236700E+0
662.000000000000110E+0	112.032880476165290E+0	-89.608683186511499E+0
663.000000000000110E+0	37.302441846293547E+0	-33.577705607028811E+0
664.000000000000110E+0	53.002222698387321E+0	-94.497153691995507E+0
665.000000000000110E+0	80.553924904477284E+0	-246.883126154829060E+0
666.000000000000110E+0	2.803399225331261E+0	-155.298379697363490E+0
667.000000000000110E+0	-58.824523415861378E+0	-289.163279338324630E+0
668.000000000000110E+0	-24.153453980027763E+0	-89.675594564219850E+0
669.000000000000110E+0	-38.944985374502366E+0	-161.937198269619420E+0
670.000000000000110E+0	-252.646837348157300E+0	-328.349164170131640E+0
671.000000000000110E+0	-176.343355145338360E+0	-132.265429375984380E+0
672.000000000000110E+0	-52.188411510910853E+0	-32.792941069423861E+0
673.000000000000110E+0	-107.030706342699180E+0	-26.715943846965480E+0
674.000000000000110E+0	-184.001142496372100E+0	-23.864606677763469E+0
675.000000000000110E+0	-284.101529914499110E+0	-29.565834283262944E+0
676.000000000000110E+0	-152.439069824250570E+0	-2.722411802647780E+0
677.000000000000110E+0	-99.094644070762129E+0	-1.367988290918545E+0
678.000000000000110E+0	-56.558431567874983E+0	-34.692041843841670E-3
679.000000000000110E+0	-183.589540006208890E+0	38.202182648929345E+0
680.000000000000110E+0	-238.270683991087480E+0	87.850994498756052E+0
681.000000000000110E+0	-74.471590576367731E+0	30.699159750512667E+0
682.000000000000110E+0	-24.766539183463763E+0	17.565756007220500E+0
683.000000000000110E+0	-118.661941562755740E+0	100.373479653651730E+0
684.000000000000110E+0	-109.019467739803720E+0	108.284496279297030E+0
685.000000000000110E+0	-69.173554791224191E+0	56.092375051413185E+0
686.000000000000110E+0	-58.193528668621454E+0	50.334026208329789E+0
687.000000000000110E+0	-7.676036156770778E+0	9.949409363655011E+0
688.000000000000110E+0	-53.010348749150900E+0	70.465824640116551E+0
689.000000000000110E+0	-72.789527643237363E+0	102.700135134007080E+0
690.000000000000110E+0	-38.234034141561935E+0	49.632908802106300E+0
691.000000000000110E+0	-17.874067111906434E+0	20.048736447340762E+0
692.000000000000110E+0	-31.658160377391731E+0	20.415299259832643E+0
693.000000000000110E+0	-91.223740252943131E+0	58.319594360872415E+0
694.000000000000110E+0	-42.764694141458492E+0	26.832045406699216E+0
695.000000000000110E+0	-23.429754126111398E+0	17.872516522811093E+0
696.000000000000110E+0	-18.909165921176051E+0	18.583722542765081E+0
697.000000000000110E+0	-19.499184043761886E+0	24.645638011637963E+0
698.000000000000110E+0	-70.061080767773618E+0	63.441010394152954E+0
699.000000000000110E+0	-81.414719211834296E+0	73.115478440195162E+0
700.000000000000110E+0	-16.277555901719818E+0	19.251440069174809E+0
701.000000000000110E+0	-28.205702906942669E+0	7.063790378509279E+0
702.000000000000110E+0	-73.807359210718431E+0	34.666865499718838E+0
703.000000000000110E+0	-64.465331534982482E+0	38.454962744053581E+0
704.000000000000110E+0	-34.072959333617703E+0	27.948915825066223E+0
705.000000000000110E+0	-28.151344366681890E+0	20.193776296950571E+0
706.000000000000110E+0	-21.870483934279996E+0	23.883474011049707E+0
707.000000000000110E+0	-82.116838801197844E+0	78.098963971082270E+0
708.000000000000110E+0	-72.459508619328076E+0	75.321666855352021E+0
709.000000000000110E+0	-67.040669780213363E+0	59.783407167690072E+0
710.000000000000110E+0	-11.005005686137981E+0	6.779216096582516E+0
711.000000000000110E+0	-69.937043674613704E+0	82.578723493617758E+0
712.000000000000110E+0	-124.895974237031920E+0	169.860802207949430E+0
713.000000000000110E+0	-28.618009980484963E+0	54.804359654679125E+0
714.000000000000110E+0	-29.005292907200165E+0	56.418730118553697E+0
715.000000000000110E+0	-20.004846808756177E+0	52.777046004673060E+0
716.000000000000110E+0	-31.144440374362329E+0	93.802445424892596E+0
717.000000000000110E+0	-23.646406196118242E+0	196.282130157914990E+0
718.000000000000110E+0	19.267757254224794E+0	133.981385424400120E+0
719.000000000000110E+0	15.665657417949552E+0	29.437197902876523E+0
720.000000000000110E+0	43.991111420377948E+0	66.492021590134669E+0
721.000000000000110E+0	115.493612364865750E+0	132.388745528585990E+0
722.000000000000110E+0	101.822062496706680E+0	95.103903721658796E+0
723.000000000000110E+0	39.151467487454184E+0	22.023641990092919E+0
724.000000000000110E+0	35.659603828280012E+0	42.744269327239273E+0
725.000000000000110E+0	50.529458361475108E+0	82.667663935335696E+0
726.000000000000110E+0	51.082604904699465E+0	44.058302883701074E+0
727.000000000000110E+0	72.562680304003734E+0	40.630292357089800E+0
728.000000000000110E+0	42.676829494781614E+0	9.276219555751467E+0
729.000000000000110E+0	8.147768925822760E+0	3.550198219293311E+0
730.000000000000110E+0	97.092349724247441E+0	17.586765282908672E+0
731.000000000000110E+0	104.131722221405620E+0	6.567496977474102E+0
732.000000000000110E+0	22.427563992476283E+0	-1.116721174713689E+0
733.000000000000110E+0	21.321551345681829E+0	-349.545279611802870E-3
734.000000000000110E+0	18.206859455139064E+0	-2.836213986399649E+0
735.000000000000110E+0	52.735998173885505E+0	-12.658246392413890E+0
736.000000000000110E+0	35.059496870184262E+0	-13.793520511391709E+0
737.000000000000110E+0	29.066440461190904E+0	-13.902019975354710E+0
738.000000000000110E+0	12.565691454788269E+0	-2.068627951262687E+0
739.000000000000110E+0	18.632250867256730E+0	-4.583150170232386E+0
740.000000000000110E+0	44.539194663544286E+0	-19.751316476870805E+0
741.000000000000110E+0	27.018170566009950E+0	-14.128137766284851E+0
742.000000000000110E+0	3.742070315887352E+0	-358.179429659327420E-3
743.000000000000110E+0	11.975634212166131E+0	-14.262356718185387E+0
744.000000000000110E+0	20.678553674425860E+0	-19.663091810601365E+0
745.000000000000110E+0	11.703120398137761E+0	-16.566445948468260E+0
746.000000000000110E+0	23.028302320806084E+0	-19.413177463710952E+0
747.000000000000110E+0	11.412014644951437E+0	-5.537265668044861E+0
748.000000000000110E+0	4.877161798330226E+0	-1.978185925305593E+0
749.000000000000110E+0	25.077337985942609E+0	-17.371706719656565E+0
750.000000000000110E+0	19.541924822018561E+0	-13.910775422810687E+0
751.000000000000110E+0	4.899464106687422E+0	-2.664360580540493E+0
752.000000000000110E+0	-319.819755980702060E-3	-5.830446552557087E+0
753.000000000000110E+0	17.809948498158079E+0	-27.393107926712407E+0
754.000000000000110E+0	28.772207321476571E+0	-32.297334544230736E+0
755.000000000000110E+0	10.195764088036173E+0	-12.853626363677071E+0
756.000000000000110E+0	10.375048528109811E+0	-15.680185940484119E+0
757.000000000000110E+0	8.564373823070643E+0	-5.943389533500577E+0
758.000000000000110E+0	6.996850228836863E+0	-17.774522203061487E+0
759.000000000000110E+0	19.306048912171967E+0	-47.066756180890046E+0
760.000000000000110E+0	1.966399040511543E+0	-19.265904330773495E+0
761.000000000000110E+0	2.040976771338340E+0	-5.021842687094745E+0
762.000000000000110E+0	14.846220955093974E+0	-32.699765095911808E+0
763.000000000000110E+0	29.724266598614928E+0	-50.328521147340822E+0
764.000000000000110E+0	13.281491599838379E+0	-22.411365104494372E+0
765.000000000000110E+0	12.237797398812058E+0	-18.777087128754914E+0
766.000000000000110E+0	1.276920948565742E+0	-6.122293981449822E+0
767.000000000000110E+0	12.092531759538945E+0	-32.753429082985164E+0
768.000000000000110E+0	14.613953203678562E+0	-46.530617092979405E+0
769.000000000000110E+0	22.079782621505640E+0	-56.767275269694174E+0
770.000000000000110E+0	6.389453111872416E+0	-13.544281434140398E+0
771.000000000000110E+0	2.844396940475359E+0	-24.825475821184881E+0
772.000000000000110E+0	39.717400835355789E+0	-126.789020664409610E+0
773.000000000000110E+0	46.930318742494464E+0	-99.987569133336620E+0
774.000000000000110E+0	7.775145698038580E+0	-20.747824969580034E+0
775.000000000000110E+0	9.391534100769677E+0	-49.626779588576966E+0
776.000000000000110E+0	19.697910630779436E+0	-34.449754898506072E+0
777.000000000000110E+0	33.177708323948345E+0	-91.093447317639615E+0
778.000000000000110E+0	39.696618413557253E+0	-137.161943868156950E+0
779.000000000000110E+0	12.161696269232683E+0	-39.060103743686604E+0
780.000000000000110E+0	182.406839424263610E-3	-19.522032138368367E+0
781.000000000000110E+0	20.364102048713328E+0	-134.763738409247710E+0
782.000000000000110E+0	28.040778865623007E+0	-172.095580741112740E+0
783.000000000000110E+0	8.800316933921213E+0	-91.075697662595331E+0
784.000000000000110E+0	-2.930778256895342E+0	-38.221937938253795E+0
785.000000000000110E+0	10.675489958175037E+0	-77.070481865374774E+0
786.000000000000110E+0	13.866356946675845E+0	-142.562761258283900E+0
787.000000000000110E+0	-6.814767732719221E+0	-153.873810637012500E+0
788.000000000000110E+0	-24.324960334201663E+0	-184.287134303166170E+0
789.000000000000110E+0	-16.300761371343420E+0	-59.784378886323921E+0
790.000000000000110E+0	-22.159984152564469E+0	-105.193418161785690E+0
791.000000000000110E+0	-212.813324552175120E+0	-416.187282307304940E+0
792.000000000000110E+0	-86.890817971267140E+0	-206.401682652454980E+0
793.000000000000110E+0	-30.412697613234155E+0	-65.483820242055870E+0
794.000000000000110E+0	-75.452875093570455E+0	-69.898531569654452E+0
795.000000000000110E+0	-147.000789217652140E+0	-152.364612117710690E+0
796.000000000000110E+0	-198.141815039899480E+0	-188.795085952321300E+0
797.000000000000110E+0	-185.411205079829670E+0	-111.283307705217870E+0
798.000000000000110E+0	-95.608121430043212E+0	-43.073005954341298E+0
799.000000000000110E+0	-57.521278176382353E+0	-50.907032923221799E+0
800.000000000000110E+0	-206.554572009696900E+0	-113.547681079508810E+0
801.000000000000110E+0	-354.448061028923350E+0	-92.272716988454050E+0
802.000000000000110E+0	-107.206588546899870E+0	-17.467229444196288E+0
803.000000000000110E+0	-63.188401895998467E+0	-15.818560158378176E+0
804.000000000000110E+0	-198.884465643050960E+0	-36.540940739734026E+0
805.000000000000110E+0	-214.979568403246790E+0	-29.410334582617999E+0
806.000000000000110E+0	-185.995981136762400E+0	-31.571486233431933E+0
807.000000000000110E+0	-172.228138791211960E+0	-18.950366352417291E+0
808.000000000000110E+0	-12.311981982880990E+0	-3.366724119743571E+0
809.000000000000110E+0	-206.712930760922660E+0	29.992543609196304E+0
810.000000000000110E+0	-321.581070741287420E+0	69.837394307191417E+0
811.000000000000110E+0	-137.368180416054090E+0	42.362778001218992E+0
812.000000000000110E+0	-44.916949024470909E+0	23.078830209775550E+0
813.000000000000110E+0	-83.528245762236295E+0	32.336411767659378E+0
814.000000000000110E+0	-282.368604243366350E+0	106.672214378223740E+0
815.000000000000110E+0	-182.692938631904180E+0	78.222428251279226E+0
816.000000000000110E+0	-100.253395704580160E+0	61.685485269431204E+0
817.000000000000110E+0	-77.529156177812339E+0	56.325017151578471E+0
818.000000000000110E+0	-52.701181488186208E+0	29.378681344845791E+0
819.000000000000110E+0	-190.514139593695940E+0	153.432140848131610E+0
820.000000000000110E+0	-158.371146393623520E+0	157.106348636808290E+0
821.000000000000110E+0	-32.288525881036847E+0	38.223762538848156E+0
822.000000000000110E+0	-42.322138718906771E+0	34.223637594779028E+0
823.000000000000110E+0	-124.073637481127290E+0	119.375007429231690E+0
824.000000000000110E+0	-81.226203942936223E+0	74.939841425130666E+0
825.000000000000110E+0	-71.757778213496948E+0	65.576900286412155E+0
826.000000000000110E+0	-23.750377855579480E+0	30.289734459397295E+0
827.000000000000110E+0	-34.438809880308057E+0	26.442929243609928E+0
828.000000000000110E+0	-101.541886424440990E+0	61.100008044958542E+0
829.000000000000110E+0	-103.561619893979970E+0	74.194001305797727E+0
830.000000000000110E+0	-56.679364434949889E+0	41.333436631608137E+0
831.000000000000110E+0	-5.898529699865384E+0	5.508532098192791E+0
832.000000000000110E+0	-72.652473311924794E+0	48.274719418227804E+0
833.000000000000110E+0	-143.886398965267550E+0	99.302570757086499E+0
834.000000000000110E+0	-36.206933843131296E+0	29.070831596706949E+0
835.000000000000110E+0	-45.465319143200460E+0	33.589361074458324E+0
836.000000000000110E+0	-28.216844154705523E+0	19.200370529642917E+0
837.000000000000110E+0	-46.781856128029609E+0	31.737639520930969E+0
838.000000000000110E+0	-143.144312624841180E+0	99.523951619474090E+0
839.000000000000110E+0	-81.445405839036624E+0	58.930481460728586E+0
840.000000000000110E+0	-17.059688842109615E+0	15.118112457107078E+0
841.000000000000110E+0	-38.987976006864379E+0	34.422782155006587E+0
842.000000000000110E+0	-131.054646568593510E+0	115.741777311575820E+0
843.000000000000110E+0	-118.304197973517990E+0	92.282307150385051E+0
844.000000000000110E+0	-48.700636689562351E+0	34.437158477273314E+0
845.000000000000110E+0	-27.254080317781852E+0	27.605122897886559E+0
846.000000000000110E+0	-75.720062460081294E+0	73.200960820271021E+0
847.000000000000110E+0	-96.773296895570567E+0	82.390947999581826E+0
848.000000000000110E+0	-129.953597005830350E+0	117.367502791346770E+0
849.000000000000110E+0	-62.149219342523430E+0	63.529392572621489E+0
850.000000000000110E+0	-10.322278039934455E+0	12.522615531128398E+0
851.000000000000110E+0	-165.495084940309540E+0	173.831212262458880E+0
852.000000000000110E+0	-131.835585607243390E+0	150.469962163415630E+0
853.000000000000110E+0	-38.547862984450717E+0	52.500407509445644E+0
854.000000000000110E+0	-37.060595562593981E+0	58.234403322709923E+0
855.000000000000110E+0	-34.420975380783467E+0	47.429394059516731E+0
856.000000000000110E+0	-67.413506571569471E+0	121.662012142237050E+0
857.000000000000110E+0	-62.641107614383415E+0	144.503585652521000E+0
858.000000000000110E+0	-30.742645729139532E+0	68.594285112760147E+0
859.000000000000110E+0	-11.306653340449991E+0	24.335682649779802E+0
860.000000000000110E+0	-25.828732794435108E+0	60.051407750774572E+0
861.000000000000110E+0	-80.366446598722604E+0	194.598936184001560E+0
862.000000000000110E+0	-36.929082782678527E+0	93.669620680157436E+0
863.000000000000110E+0	-7.295196551278808E+0	16.360495774112930E+0
864.000000000000110E+0	-23.241518334246344E+0	42.108419972322906E+0
865.000000000000110E+0	-47.773286291964226E+0	84.516355874193096E+0
866.000000000000110E+0	-31.395194353654027E+0	72.058605647883922E+0
867.000000000000110E+0	-61.247864260654651E+0	118.755112753032110E+0
868.000000000000110E+0	-20.085646051225829E+0	39.892013264503859E+0
869.000000000000110E+0	-12.082201316380878E+0	37.311129016427927E+0
870.000000000000110E+0	-87.933054905903461E+0	253.545280764059190E+0
871.000000000000110E+0	-53.279981917766563E+0	168.674642981958560E+0
872.000000000000110E+0	-16.531432730453425E+0	86.112990131917940E+0
873.000000000000110E+0	-9.225080912283628E+0	28.985343000218364E+0
874.000000000000110E+0	-10.128242454419354E+0	143.830144702076440E+0
875.000000000000110E+0	-2.652582193247059E+0	247.344836617704630E+0
876.000000000000110E+0	12.924583314266780E+0	133.185778551765390E+0
877.000000000000110E+0	33.059546768211256E+0	123.107203545419200E+0
878.000000000000110E+0	17.871562111913640E+0	37.359706047421746E+0
879.000000000000110E+0	63.922162299360309E+0	136.231983826968700E+0
880.000000000000110E+0	199.131781766436940E+0	306.152317606007390E+0
881.000000000000110E+0	98.732013565000344E+0	118.597338104934470E+0
882.000000000000110E+0	16.455228108529660E+0	24.975893718857755E+0
883.000000000000110E+0	80.455387251515987E+0	72.285083923137336E+0
884.000000000000110E+0	118.157659765500100E+0	84.673553324583764E+0
885.000000000000110E+0	99.041886684143350E+0	56.621423031705191E+0
886.000000000000110E+0	73.154686037760143E+0	35.822241381322129E+0
887.000000000000110E+0	33.129525044098948E+0	12.540639129402908E+0
888.000000000000110E+0	61.987305606953917E+0	37.896919794542285E+0
889.000000000000110E+0	134.516963559057960E+0	64.448313707757109E+0
890.000000000000110E+0	74.614367150889066E+0	42.390301075693380E+0
891.000000000000110E+0	23.403350406323710E+0	10.841780900865320E+0
892.000000000000110E+0	20.634689953143539E+0	-337.026524769100550E-3
893.000000000000110E+0	115.422455057832210E+0	8.555204273274612E+0
894.000000000000110E+0	60.386386274541564E+0	-3.482619259331197E+0
895.000000000000110E+0	32.151344642676733E+0	3.373963132638871E+0
896.000000000000110E+0	26.321685765380732E+0	-739.136289640593750E-3
897.000000000000110E+0	15.232901295344282E+0	796.756088154812360E-3
898.000000000000110E+0	54.560618769692418E+0	-5.002207961474107E+0
899.000000000000110E+0	62.065294048202112E+0	-11.854561506815930E+0
900.000000000000110E+0	17.226636292935428E+0	-2.415331138779466E+0
901.000000000000110E+0	829.286558896368380E-3	-697.753491474155000E-3
902.000000000000110E+0	16.933245589979933E+0	-21.868469053188917E+0
903.000000000000110E+0	27.802196969640182E+0	-25.901595587959338E+0
904.000000000000110E+0	11.229541653786757E+0	-14.034230360600370E+0
905.000000000000110E+0	6.029872400854254E+0	-4.213501493206365E+0
906.000000000000110E+0	3.585723215438014E+0	-3.798922215558263E+0
907.000000000000110E+0	2.213177835446886E+0	-3.512876667662549E+0
908.000000000000110E+0	-16.421176668733978E+0	-14.702414908592370E+0
909.000000000000110E+0	-14.875916827973867E+0	-18.716111793542865E+0
910.000000000000110E+0	-5.236306397947506E+0	-975.804197270551680E-3
911.000000000000110E+0	-3.272407962815481E+0	-23.190779358633559E+0
912.000000000000110E+0	-37.104628301163558E+0	-63.979299928848398E+0
913.000000000000110E+0	-20.910905190279603E+0	-32.044512017953444E+0
914.000000000000110E+0	-3.264081786859899E+0	-10.695900687400828E+0
915.000000000000110E+0	-9.573909144812909E+0	-10.174960744411626E+0
916.000000000000110E+0	-8.564350194811920E+0	-1.956343901641993E+0
917.000000000000110E+0	-39.979492940715886E+0	-7.447184770938486E+0
918.000000000000110E+0	-25.890713499284907E+0	2.595129701559270E+0
919.000000000000110E+0	-19.632428844207581E+0	2.430153331790924E+0
920.000000000000110E+0	-2.220802233070986E+0	1.662073793881194E+0
921.000000000000110E+0	-40.330521334890577E+0	16.498158259625207E+0
922.000000000000110E+0	-51.598912211233014E+0	30.090955714473420E+0
923.000000000000110E+0	-27.041143895466565E+0	13.021710567924455E+0
924.000000000000110E+0	-9.691425863983884E+0	492.987283679278130E-3
925.000000000000110E+0	-26.667242323940314E+0	4.498573793098357E+0
926.000000000000110E+0	-28.929529492547381E+0	2.147050271271083E+0
927.000000000000110E+0	-35.179815757545015E+0	6.695405287958740E+0
928.000000000000110E+0	-31.995962991153043E+0	6.394232543200525E+0
929.000000000000110E+0	-1.759966946626546E+0	476.830686105696340E-3
930.000000000000110E+0	-34.989679394332441E+0	20.079937755267331E+0
931.000000000000110E+0	-59.416904189979888E+0	30.486260213932816E+0
932.000000000000110E+0	-26.060002154297941E+0	18.064051864746396E+0
933.000000000000110E+0	-13.061746338523090E+0	8.715063724332255E+0
934.000000000000110E+0	-21.319222179451213E+0	12.119354849459251E+0
935.000000000000110E+0	-66.434725812041421E+0	18.764477994662165E+0
936.000000000000110E+0	-67.848578589907177E+0	14.009438190796597E+0
937.000000000000110E+0	-48.389049985375912E+0	15.510066908350012E+0
938.000000000000110E+0	-43.715321216504023E+0	10.444656029249417E+0
939.000000000000110E+0	-17.037001702386064E+0	1.658265921677387E+0
940.000000000000110E+0	-133.551208153052160E+0	62.179784016545014E+0
941.000000000000110E+0	-108.061312602237340E+0	57.812260342739520E+0
942.000000000000110E+0	-16.309691564600435E+0	10.467002717340190E+0
943.000000000000110E+0	-31.477231012863019E+0	33.611260553400818E+0
944.000000000000110E+0	-88.125786405001023E+0	85.664862670810422E+0
945.000000000000110E+0	-72.348800220953592E+0	70.169843273695577E+0
946.000000000000110E+0	-72.711253368716299E+0	72.453860765019243E+0
947.000000000000110E+0	-40.111699334645053E+0	37.357532061636689E+0
948.000000000000110E+0	-12.559997952213799E+0	22.102845952952155E+0
949.000000000000110E+0	-53.144941397040398E+0	121.460509170173690E+0
950.000000000000110E+0	-54.466430166098561E+0	148.349995454554720E+0
951.000000000000110E+0	-18.167259844148280E+0	86.495521268325874E+0
952.000000000000110E+0	-8.710559656168112E+0	17.231147878411289E+0
953.000000000000110E+0	-23.166472477998475E+0	102.034198972154500E+0
954.000000000000110E+0	-20.217158014733904E+0	157.525700747248780E+0
955.000000000000110E+0	-5.403793066608670E+0	48.088340834348799E+0
956.000000000000110E+0	19.947397288500809E+0	46.231376076995176E+0
957.000000000000110E+0	14.693885163805140E+0	35.584939667097345E+0
958.000000000000110E+0	5.188002112451488E+0	53.495958294120179E+0
959.000000000000110E+0	31.595624188233568E+0	104.674804675005400E+0
960.000000000000110E+0	26.295427899832656E+0	17.377197436400838E+0
961.000000000000110E+0	9.769559724645223E+0	6.633326768266028E+0
962.000000000000110E+0	13.633310527749098E+0	45.687554722254006E+0
963.000000000000110E+0	4.511229689090159E+0	60.794107302475162E+0
964.000000000000110E+0	2.369977501714819E+0	37.773567219331255E+0
965.000000000000110E+0	63.474123316079836E-3	8.713449565282714E+0
966.000000000000110E+0	312.842900335401910E-3	6.718423340000295E+0
967.000000000000110E+0	11.899760452148953E+0	9.551614206885716E+0
968.000000000000110E+0	26.269455637835534E+0	44.918209189028154E+0
969.000000000000110E+0	20.847309591437156E+0	69.742429002372020E+0
970.000000000000110E+0	2.601882031848758E+0	38.657312892994739E+0
971.000000000000110E+0	1.882844064255615E+0	-6.516211210677599E+0
972.000000000000110E+0	35.375100256551931E+0	62.412508508139396E+0
973.000000000000110E+0	19.350888867445043E+0	56.851411301899496E+0
974.000000000000110E+0	-3.593116206410632E+0	10.597163712506909E+0
975.000000000000110E+0	4.399331873777885E+0	-1.022102394747971E+0
976.000000000000110E+0	18.531718178697727E+0	6.921032088559062E+0
977.000000000000110E+0	34.885765574718100E+0	44.920625712208007E+0
978.000000000000110E+0	42.273761630802959E+0	46.695571799632511E+0
979.000000000000110E+0	9.623206123002809E+0	22.611702893853227E+0
980.000000000000110E+0	-2.762770951186270E+0	-1.797732105993347E+0
981.000000000000110E+0	23.656176646721253E+0	-3.083063634765627E+0
982.000000000000110E+0	45.822976417111604E+0	208.414539559892920E-3
983.000000000000110E+0	22.339159152244026E+0	-5.536099505689465E+0
984.000000000000110E+0	1.827264181109475E+0	1.641643237157740E+0
985.000000000000110E+0	8.229337073792284E+0	8.959745142439022E+0
986.000000000000110E+0	-1.411852843944643E+0	7.905122589966668E+0
987.000000000000110E+0	4.240315476217456E+0	-3.394392913689280E+0
988.000000000000110E+0	16.029639699588550E+0	-622.965259553558640E-3
989.000000000000110E+0	3.452485297298177E+0	2.605239275295077E+0
990.000000000000110E+0	6.103484127858207E+0	-6.206598307857803E+0
991.000000000000110E+0	27.294984805620498E+0	-23.371981616581401E+0
992.000000000000110E+0	16.317719207683826E+0	-8.490536391726774E+0
993.000000000000110E+0	3.165530479823423E+0	-1.163902672396173E+0
994.000000000000110E+0	644.609910521140470E-3	1.622042439616073E+0
995.000000000000110E+0	-3.077917272197555E+0	-8.315472315322559E+0
996.000000000000110E+0	2.344426692778531E+0	-22.280784216410204E+0
997.000000000000110E+0	4.058707444100316E+0	-10.286066272365305E+0
998.000000000000110E+0	2.927330611079197E+0	-6.674912257648321E+0
999.000000000000110E+0	176.535437574952770E-3	-211.490080531677450E-3
1.000000000000000E+3	-5.704085209179222E+0	-27.724529697162950E+0
