Freq (Hz)	accelerometre (V^2 )	source
source
source(V^2 )
10.000000000000020E+0	2.928173005115357E-3	167.535194129942250E-3
11.000000000000021E+0	1.534467556577791E-3	306.424953073692500E-3
12.000000000000023E+0	1.294395396430739E-3	852.464623620611260E-3
13.000000000000025E+0	3.469867020849120E-3	871.108044127588910E-3
14.000000000000027E+0	1.432500272067786E-3	1.788087123362311E+0
15.000000000000028E+0	9.800598859244157E-3	2.379223345462294E+0
16.000000000000032E+0	7.720112313526148E-3	2.982111222545554E+0
17.000000000000036E+0	9.160974818987467E-3	4.072022680817381E+0
18.000000000000039E+0	19.614681848158736E-3	4.448531396296857E+0
19.000000000000043E+0	23.368683671593941E-3	4.681749959759076E+0
20.000000000000046E+0	53.379292705666603E-3	6.046698681715180E+0
21.000000000000050E+0	72.327884084035815E-3	7.191647763007831E+0
22.000000000000053E+0	52.117796061847257E-3	9.380752830509257E+0
23.000000000000057E+0	210.672254646281640E-3	10.670192811097857E+0
24.000000000000060E+0	298.352248316987870E-3	15.701721010952207E+0
25.000000000000064E+0	589.746902131971890E-3	23.061080159335184E+0
26.000000000000067E+0	959.806092858187850E-3	40.108151265795996E+0
27.000000000000071E+0	492.201672473254690E-3	29.194238031112757E+0
28.000000000000075E+0	417.581899182395130E-3	29.014768599441982E+0
29.000000000000078E+0	207.924676574183930E-3	17.174329984183618E+0
30.000000000000082E+0	66.267125327523477E-3	13.125292053048238E+0
31.000000000000085E+0	95.433150675602915E-3	21.376140430608050E+0
32.000000000000085E+0	227.191576280807050E-3	31.288967940631505E+0
33.000000000000085E+0	243.925632573628090E-3	29.164508923977326E+0
34.000000000000085E+0	335.887523264667750E-3	18.786870958072328E+0
35.000000000000085E+0	242.437089769606370E-3	14.643023280523542E+0
36.000000000000085E+0	329.448175488059990E-3	32.003482018522128E+0
37.000000000000085E+0	930.888513178312340E-3	55.281862583582480E+0
38.000000000000085E+0	1.271954680725054E+0	38.079059218787464E+0
39.000000000000085E+0	960.015959416605450E-3	18.584660534705588E+0
40.000000000000085E+0	2.272577555679066E+0	34.337778025901244E+0
41.000000000000085E+0	5.114443962358746E+0	74.770741526269816E+0
42.000000000000085E+0	4.114853677731119E+0	67.470557864146173E+0
43.000000000000085E+0	892.465837384255560E-3	28.310337792443555E+0
44.000000000000085E+0	280.395079098027410E-3	15.534035552128620E+0
45.000000000000085E+0	291.648467803529650E-3	44.239887598542118E+0
46.000000000000085E+0	591.815502905712050E-3	68.914263700807268E+0
47.000000000000085E+0	2.298974375819040E+0	59.635563113439183E+0
48.000000000000085E+0	1.506902601317745E+0	28.269211748059668E+0
49.000000000000085E+0	1.780002202062205E+0	21.817971589772643E+0
50.000000000000085E+0	5.809177590436778E+0	82.326033126558599E+0
51.000000000000085E+0	8.129526651580104E+0	115.143326113430060E+0
52.000000000000085E+0	4.593531556997680E+0	64.798862795097207E+0
53.000000000000085E+0	2.660243669255581E+0	31.615656357365175E+0
54.000000000000085E+0	6.302873680057602E+0	73.242356552275368E+0
55.000000000000085E+0	8.422838544010879E+0	97.575122403656053E+0
56.000000000000085E+0	8.348927323604329E+0	97.835772244534638E+0
57.000000000000085E+0	3.953915547655738E+0	60.430848126518541E+0
58.000000000000085E+0	991.201120097853330E-3	17.718709615988352E+0
59.000000000000085E+0	9.349583800665915E+0	103.465060152572230E+0
60.000000000000085E+0	19.299814512383652E+0	194.295827931616460E+0
61.000000000000085E+0	14.543719197709308E+0	115.336307219307940E+0
62.000000000000085E+0	7.236214397827970E+0	41.106413419159900E+0
63.000000000000085E+0	32.462258588430885E+0	138.054221836445490E+0
64.000000000000085E+0	53.952436182026403E+0	188.470132952146680E+0
65.000000000000085E+0	71.167763422434547E+0	221.630920585998350E+0
66.000000000000085E+0	64.601139073313831E+0	223.472092774518390E+0
67.000000000000085E+0	16.415355474725786E+0	77.454881421878554E+0
68.000000000000085E+0	19.647585911350880E+0	71.155979497835645E+0
69.000000000000085E+0	49.002246927905134E+0	218.943074237783010E+0
70.000000000000085E+0	42.380152725819684E+0	232.585833619312780E+0
71.000000000000085E+0	11.547994924859777E+0	88.208507153345650E+0
72.000000000000085E+0	6.609768236260192E+0	89.441087253669849E+0
73.000000000000085E+0	27.349984008113363E+0	223.640275822676900E+0
74.000000000000085E+0	31.783098982815339E+0	258.847151686086930E+0
75.000000000000085E+0	32.288837866330901E+0	254.925686754658870E+0
76.000000000000085E+0	31.996448212721610E+0	186.034111194373650E+0
77.000000000000085E+0	11.271130217851434E+0	99.527721436863459E+0
78.000000000000085E+0	47.817846066506760E+0	410.539353944792420E+0
79.000000000000085E+0	70.820627847497462E+0	436.626601616407070E+0
80.000000000000085E+0	24.804086944362645E+0	118.683853138166300E+0
81.000000000000085E+0	10.491990987916598E+0	65.238389130156932E+0
82.000000000000085E+0	24.543179393567527E+0	145.507916826094340E+0
83.000000000000085E+0	38.923389218122317E+0	208.154680876186150E+0
84.000000000000085E+0	29.916672078330958E+0	133.225469608737820E+0
85.000000000000085E+0	13.170776070544363E+0	56.066135245421400E+0
86.000000000000085E+0	12.067444053626380E+0	39.491734682808570E+0
87.000000000000085E+0	10.506426740843835E+0	42.204906205180308E+0
88.000000000000085E+0	38.886528008825266E+0	207.125272018336630E+0
89.000000000000085E+0	34.678154060180248E+0	159.143164122151750E+0
90.000000000000085E+0	1.382024358830123E+0	4.717572672240266E+0
91.000000000000085E+0	19.423665716152463E+0	56.117847826656636E+0
92.000000000000085E+0	33.565901465601541E+0	94.275134585379661E+0
93.000000000000085E+0	22.434983871956284E+0	56.406868253638514E+0
94.000000000000085E+0	18.816144359799953E+0	48.328457523739850E+0
95.000000000000085E+0	8.659502037098685E+0	24.623719988985805E+0
96.000000000000085E+0	11.951560884381577E+0	25.326615426308571E+0
97.000000000000085E+0	40.998181762502689E+0	102.531605661815580E+0
98.000000000000085E+0	44.462292148493894E+0	101.323914253552930E+0
99.000000000000085E+0	21.465523779165757E+0	41.604662170715486E+0
100.000000000000090E+0	6.955502942280911E+0	8.615436424764415E+0
101.000000000000090E+0	52.043477277647568E+0	119.082586664286850E+0
102.000000000000090E+0	47.118252103679268E+0	166.065524777375880E+0
103.000000000000090E+0	5.599795678621999E+0	29.067722839586189E+0
104.000000000000090E+0	18.237446225960895E+0	61.166094041142784E+0
105.000000000000090E+0	2.784060611222597E+0	25.336438398179922E+0
106.000000000000090E+0	11.281520878277503E+0	70.220663892721916E+0
107.000000000000090E+0	20.547879125172919E+0	166.597058801392280E+0
108.000000000000090E+0	7.511818761915919E+0	85.505701934596260E+0
109.000000000000090E+0	349.902643522268020E-3	4.528787498341846E+0
110.000000000000090E+0	3.224349216033663E+0	73.072727005558690E+0
111.000000000000090E+0	8.402472162874831E+0	143.789788601134490E+0
112.000000000000090E+0	6.758868577365310E+0	84.686067103718187E+0
113.000000000000090E+0	5.110331666889961E+0	45.518795930359815E+0
114.000000000000090E+0	4.464202079744932E+0	24.443687125966765E+0
115.000000000000090E+0	11.300003341578947E+0	73.768580066039291E+0
116.000000000000090E+0	13.138449075713467E+0	100.577153490211260E+0
117.000000000000090E+0	12.802558598967659E+0	154.619487262070440E+0
118.000000000000090E+0	5.563349927771428E+0	88.186002536082824E+0
119.000000000000090E+0	275.991384407166700E-3	13.086142012716275E+0
120.000000000000090E+0	3.718564452949492E+0	280.020770460672620E+0
121.000000000000090E+0	1.371238804680860E+0	316.301579504170210E+0
122.000000000000090E+0	3.570519419929361E+0	62.423499474509093E+0
123.000000000000090E+0	6.971067728878159E+0	163.009397065924820E+0
124.000000000000090E+0	5.605192828899302E+0	101.587387944961140E+0
125.000000000000090E+0	7.481387687224014E+0	322.312731502871660E+0
126.000000000000090E+0	15.110730292722366E+0	363.021709261870230E+0
127.000000000000090E+0	14.420197648028514E+0	245.641928147320190E+0
128.000000000000090E+0	11.039960668113842E+0	51.158038506534268E+0
129.000000000000090E+0	60.291835001141692E+0	340.454181271389250E+0
130.000000000000090E+0	95.365745585359221E+0	601.112170397020010E+0
131.000000000000090E+0	45.406912342731104E+0	347.282434722203450E+0
132.000000000000090E+0	13.895945731129050E+0	76.728423796562282E+0
133.000000000000090E+0	70.306708289473548E+0	213.828105857739330E+0
134.000000000000090E+0	61.407207734046608E+0	185.970277434924750E+0
135.000000000000090E+0	67.752568812437587E+0	143.985949904250670E+0
136.000000000000090E+0	92.243382951338574E+0	216.467880778108280E+0
137.000000000000090E+0	33.373949964917834E+0	55.869368470441451E+0
138.000000000000090E+0	10.698776600598725E+0	89.591562856632606E+0
139.000000000000090E+0	56.776057325065878E+0	323.855306648770070E+0
140.000000000000090E+0	23.734326062330066E+0	162.396088076103040E+0
141.000000000000090E+0	6.197137247062246E+0	75.805143894548522E+0
142.000000000000090E+0	17.865309157322908E+0	63.565472028694842E+0
143.000000000000090E+0	58.677462493832721E+0	105.424343277280700E+0
144.000000000000090E+0	61.655341086853284E+0	118.433940955377920E+0
145.000000000000090E+0	42.632309387952361E+0	75.091406252594282E+0
146.000000000000090E+0	40.002114322778340E+0	72.568672067053143E+0
147.000000000000090E+0	12.620922875631857E+0	23.772213340355734E+0
148.000000000000090E+0	12.220372581542529E+0	129.770301724898700E+0
149.000000000000090E+0	36.350699639322556E+0	210.054276815688870E+0
150.000000000000090E+0	12.767646358954938E+0	70.903872794125675E+0
151.000000000000090E+0	2.191575069404972E+0	30.710449361981055E+0
152.000000000000090E+0	51.769687826208312E+0	111.563214505013430E+0
153.000000000000090E+0	77.130131246792217E+0	101.160347178944700E+0
154.000000000000090E+0	70.896937919436738E+0	68.253792261150522E+0
155.000000000000090E+0	83.575579646228064E+0	85.791879882602956E+0
156.000000000000090E+0	34.374968198258159E+0	21.428546491419404E+0
157.000000000000090E+0	83.497760028173644E+0	101.294451181540780E+0
158.000000000000090E+0	106.513607378330360E+0	151.943288343335150E+0
159.000000000000090E+0	76.314388884839388E+0	105.474544173280240E+0
160.000000000000090E+0	26.452960909358701E+0	42.663788048372695E+0
161.000000000000090E+0	73.459106512189095E+0	66.919064970221115E+0
162.000000000000090E+0	239.698042224757220E+0	206.860373398283910E+0
163.000000000000090E+0	124.340943959541660E+0	94.294346521726624E+0
164.000000000000090E+0	92.434564415896986E+0	54.931658037706349E+0
165.000000000000090E+0	141.722677916310430E+0	75.059552695338965E+0
166.000000000000090E+0	50.223406013657822E+0	37.183111751725768E+0
167.000000000000090E+0	274.802628891188130E+0	227.454660529075000E+0
168.000000000000090E+0	305.158892513366310E+0	217.741011815434750E+0
169.000000000000090E+0	61.231574580968093E+0	48.805088072791577E+0
170.000000000000090E+0	113.992651238126160E+0	78.118997058670658E+0
171.000000000000090E+0	388.806080087097260E+0	222.869469662250310E+0
172.000000000000090E+0	379.379967858253450E+0	214.397816697487310E+0
173.000000000000090E+0	228.503376089915630E+0	114.049615983562940E+0
174.000000000000090E+0	148.221715489934750E+0	64.994418301892296E+0
175.000000000000090E+0	83.909920201451058E+0	68.158399814345188E+0
176.000000000000090E+0	163.777798784445200E+0	201.716095262658140E+0
177.000000000000090E+0	122.592351609135750E+0	168.001627374758670E+0
178.000000000000090E+0	153.419630213358740E+0	187.895862745083780E+0
179.000000000000090E+0	18.798313051802285E+0	25.196836508618738E+0
180.000000000000090E+0	201.352245110079680E+0	202.961891120243960E+0
181.000000000000090E+0	319.023362699168440E+0	371.020249103913670E+0
182.000000000000090E+0	103.473366113651450E+0	122.107202307736200E+0
183.000000000000090E+0	111.762625516899970E+0	125.306701436593560E+0
184.000000000000090E+0	123.145933885672860E+0	115.198966245921160E+0
185.000000000000090E+0	162.858595526943930E+0	192.257665205314310E+0
186.000000000000090E+0	275.991385105237730E+0	353.193220798623660E+0
187.000000000000090E+0	236.948372204467350E+0	279.139647009847410E+0
188.000000000000090E+0	80.295944067139288E+0	89.974420679899722E+0
189.000000000000090E+0	160.056962677885420E+0	155.606114170467120E+0
190.000000000000090E+0	418.933636096232820E+0	453.814063401092770E+0
191.000000000000090E+0	425.524601326141350E+0	514.702761563399800E+0
192.000000000000090E+0	173.319840107195060E+0	172.854381516524480E+0
193.000000000000090E+0	155.095932504018380E+0	160.339147045310340E+0
194.000000000000090E+0	303.895873122988970E+0	340.646584431133250E+0
195.000000000000090E+0	291.555546904127820E+0	321.159901539709270E+0
196.000000000000090E+0	305.125821034744320E+0	364.863019134674290E+0
197.000000000000090E+0	206.846889687304100E+0	254.415003504842470E+0
198.000000000000090E+0	57.089197431434627E+0	42.621220634207702E+0
199.000000000000090E+0	306.512676788769230E+0	433.147855275416990E+0
200.000000000000090E+0	220.445389238177680E+0	406.183760153281300E+0
201.000000000000090E+0	84.831503352792168E+0	129.783027721339660E+0
202.000000000000090E+0	72.263252683592924E+0	124.153243250958600E+0
203.000000000000090E+0	45.406233545518653E+0	80.063210380533945E+0
204.000000000000090E+0	147.283213950728000E+0	264.850101607734980E+0
205.000000000000090E+0	117.875341792671250E+0	178.478402277241140E+0
206.000000000000090E+0	115.313695222564590E+0	173.276425718620260E+0
207.000000000000090E+0	54.030419835087549E+0	85.066297931186725E+0
208.000000000000090E+0	27.475585229981313E+0	99.899037741181559E+0
209.000000000000090E+0	51.439656208213975E+0	285.351306277539550E+0
210.000000000000080E+0	31.423044518032658E+0	204.679374352264660E+0
211.000000000000080E+0	19.536275222210790E+0	45.346444968990468E+0
212.000000000000080E+0	32.686812666433525E+0	140.408791788923510E+0
213.000000000000080E+0	7.548024891461241E+0	189.848341343519310E+0
214.000000000000080E+0	2.377108967860652E+0	124.055036542519970E+0
215.000000000000080E+0	5.926588722887958E+0	162.302914463365140E+0
216.000000000000080E+0	4.318576158947830E+0	84.971005043162165E+0
217.000000000000080E+0	3.936645335352462E+0	63.632157291082876E+0
218.000000000000080E+0	3.043841147262266E+0	231.535410214400540E+0
219.000000000000080E+0	1.940750408483987E+0	187.500822716962970E+0
220.000000000000080E+0	3.334685143895931E+0	103.706601410917230E+0
221.000000000000080E+0	6.551359548370945E+0	62.547459880127327E+0
222.000000000000080E+0	3.968200248884790E+0	138.620486771784560E+0
223.000000000000080E+0	719.977742650077300E-3	206.192728209100780E+0
224.000000000000080E+0	4.712293706338495E+0	89.469533390068861E+0
225.000000000000080E+0	13.168722203780234E+0	159.289464733920790E+0
226.000000000000080E+0	7.632690548979755E+0	71.637448717762510E+0
227.000000000000080E+0	8.074344082535436E+0	123.237566549803730E+0
228.000000000000080E+0	42.645589451251517E+0	259.609051988831540E+0
229.000000000000080E+0	40.016370014531425E+0	135.332942890724840E+0
230.000000000000080E+0	35.860442534848950E+0	54.642714671270980E+0
231.000000000000080E+0	64.028125711592409E+0	135.521159988579880E+0
232.000000000000080E+0	55.869012329806594E+0	176.087082755369640E+0
233.000000000000080E+0	38.995927807685135E+0	127.081289711857450E+0
234.000000000000080E+0	62.581301699955574E+0	159.522848338335310E+0
235.000000000000080E+0	26.240522661214936E+0	80.391972892161007E+0
236.000000000000080E+0	14.483978075038717E+0	116.923809512173900E+0
237.000000000000080E+0	20.449344093347921E+0	154.172316745470400E+0
238.000000000000080E+0	31.316353465409200E+0	210.423570880895850E+0
239.000000000000080E+0	11.994879786706409E+0	98.224436433813054E+0
240.000000000000080E+0	1.384825521841968E+0	63.376815701072800E+0
241.000000000000080E+0	12.961736089746983E+0	236.299087130953180E+0
242.000000000000080E+0	8.062918257544542E+0	154.117781664850610E+0
243.000000000000080E+0	6.612053304450987E+0	81.481446793114756E+0
244.000000000000080E+0	14.469237996378046E+0	166.611925582534160E+0
245.000000000000080E+0	843.321121315772080E-3	61.612147466197179E+0
246.000000000000080E+0	19.720541059205974E+0	172.917593050481830E+0
247.000000000000080E+0	23.589924906339135E+0	210.636725010023750E+0
248.000000000000080E+0	5.789950294014394E+0	116.909559890269520E+0
249.000000000000080E+0	954.523786552564420E-3	61.225746806260886E+0
250.000000000000080E+0	30.404703836955122E+0	149.801164436117090E+0
251.000000000000080E+0	45.289603080306605E+0	231.440152084250570E+0
252.000000000000080E+0	18.490966674405627E+0	109.655585872318330E+0
253.000000000000080E+0	17.995895740668363E+0	105.566681017969960E+0
254.000000000000080E+0	34.868365756074340E+0	125.480912099294780E+0
255.000000000000080E+0	48.199245503811987E+0	127.354973842205620E+0
256.000000000000110E+0	21.610895788021253E+0	141.976510891670330E+0
257.000000000000110E+0	13.150711862410713E+0	228.022223287181620E+0
258.000000000000110E+0	450.930801841324060E-3	71.267566871208643E+0
259.000000000000110E+0	27.603564382883054E+0	106.171784856404730E+0
260.000000000000110E+0	43.233724256900381E+0	286.380133135599860E+0
261.000000000000110E+0	8.092263373295140E+0	106.938222772565910E+0
262.000000000000110E+0	37.199873710203590E+0	115.586714313847810E+0
263.000000000000110E+0	48.566347958365533E+0	117.673158491848570E+0
264.000000000000110E+0	37.446172419058513E+0	124.546602863913450E+0
265.000000000000110E+0	14.340387260199876E+0	156.652022680466840E+0
266.000000000000110E+0	369.355292624885810E-3	154.650171956200720E+0
267.000000000000110E+0	15.321993879725522E+0	162.403408254993960E+0
268.000000000000110E+0	3.444076224786152E+0	57.021067599604692E+0
269.000000000000110E+0	10.737587536914363E+0	171.769257104901750E+0
270.000000000000110E+0	24.434120813988269E+0	304.052837290662860E+0
271.000000000000110E+0	23.699488310032830E+0	77.196843451611087E+0
272.000000000000110E+0	77.344663129354373E+0	130.790365998840510E+0
273.000000000000110E+0	48.765509092384605E+0	163.086875216338540E+0
274.000000000000110E+0	17.678789687796577E+0	139.716265821571970E+0
275.000000000000110E+0	10.179192627516823E+0	161.253430825212230E+0
276.000000000000110E+0	77.634794240237994E+0	225.746329298739230E+0
277.000000000000110E+0	36.394963794702356E+0	64.797528006895419E+0
278.000000000000110E+0	43.491092521379187E+0	173.464048629677930E+0
279.000000000000110E+0	159.430592269480510E+0	270.885637768342920E+0
280.000000000000110E+0	131.955157040732560E+0	176.325151995350520E+0
281.000000000000110E+0	104.776272606668870E+0	117.008845864393990E+0
282.000000000000110E+0	44.473823085820086E+0	118.514227474933790E+0
283.000000000000110E+0	140.728695377721350E+0	308.962141070997180E+0
284.000000000000110E+0	57.323327958660819E+0	136.893686728902570E+0
285.000000000000110E+0	90.626964979626379E+0	198.466386680762470E+0
286.000000000000110E+0	126.926080451782610E+0	223.886278964107840E+0
287.000000000000110E+0	56.121485971896575E+0	64.982274460716979E+0
288.000000000000110E+0	285.275417660277070E+0	351.461785620189910E+0
289.000000000000110E+0	250.447767795106760E+0	312.418793591475490E+0
290.000000000000110E+0	90.181921973945108E+0	100.891761716044660E+0
291.000000000000110E+0	77.062807900436283E+0	143.676393381084210E+0
292.000000000000110E+0	133.986990383979160E+0	219.554835982342180E+0
293.000000000000110E+0	114.209759682760890E+0	174.542013048258550E+0
294.000000000000110E+0	90.922333114661598E+0	147.704865577963460E+0
295.000000000000110E+0	59.849246092184821E+0	153.561245631349010E+0
296.000000000000110E+0	37.858475030275542E+0	113.729167467124630E+0
297.000000000000110E+0	34.519801530524958E+0	143.804148682145920E+0
298.000000000000110E+0	41.183100819584510E+0	263.767206115070510E+0
299.000000000000110E+0	18.589646648498267E+0	195.764985443013360E+0
300.000000000000110E+0	4.409486416597431E+0	67.141481021048321E+0
301.000000000000110E+0	5.102815197458823E+0	184.028333978950340E+0
302.000000000000110E+0	2.991047087062432E+0	335.662946732098480E+0
303.000000000000110E+0	331.649366262246280E-3	84.762892396101364E+0
304.000000000000110E+0	465.710646318843960E-3	210.306248250486450E+0
305.000000000000110E+0	753.424752895126340E-3	125.073418874639100E+0
306.000000000000110E+0	1.328579586049180E+0	111.515928585632040E+0
307.000000000000110E+0	4.722554911261147E+0	248.978715670283610E+0
308.000000000000110E+0	3.919348406120043E+0	186.100961004705570E+0
309.000000000000110E+0	983.518832066729190E-3	100.895841835581000E+0
310.000000000000110E+0	4.258292539117694E+0	95.937518386113368E+0
311.000000000000110E+0	14.222760883381977E+0	237.288976896028260E+0
312.000000000000110E+0	10.093641971565463E+0	216.091658439358350E+0
313.000000000000110E+0	2.179694212722807E+0	85.076940667431941E+0
314.000000000000110E+0	4.159300553113773E+0	135.671777344713460E+0
315.000000000000110E+0	2.222379613794467E+0	139.501931427191210E+0
316.000000000000110E+0	743.709193308483950E-3	131.291483342790290E+0
317.000000000000110E+0	1.683043009820012E+0	250.346478401390100E+0
318.000000000000110E+0	971.709827878237010E-3	159.891247861871590E+0
319.000000000000110E+0	1.199323484982779E+0	45.497984977622231E+0
320.000000000000110E+0	5.082525418581270E+0	246.788531443064410E+0
321.000000000000110E+0	7.092107678898482E+0	263.206465301401810E+0
322.000000000000110E+0	3.194429489017285E+0	99.538851445519725E+0
323.000000000000110E+0	1.684420472780956E+0	134.120542877624360E+0
324.000000000000110E+0	551.796973373090190E-3	103.858069379015590E+0
325.000000000000110E+0	195.461297448867170E-3	199.890501817048940E+0
326.000000000000110E+0	452.055142152167630E-3	188.964280000049650E+0
327.000000000000110E+0	1.012185797077159E+0	167.376703520709180E+0
328.000000000000110E+0	3.156999724392221E+0	123.943877892260890E+0
329.000000000000110E+0	5.905391399801884E+0	90.760743098052828E+0
330.000000000000110E+0	7.691251764766375E+0	378.939755975696130E+0
331.000000000000110E+0	3.381382202378663E+0	199.506559221276180E+0
332.000000000000110E+0	2.004383251323643E+0	87.302007200088184E+0
333.000000000000110E+0	986.312614617549040E-3	154.748820311653620E+0
334.000000000000110E+0	6.454816210141789E+0	220.118648701190980E+0
335.000000000000110E+0	11.586964523527074E+0	178.623734647799240E+0
336.000000000000110E+0	15.200070432533584E+0	298.184686434920140E+0
337.000000000000110E+0	12.573240263450577E+0	152.665738020657040E+0
338.000000000000110E+0	5.876090248442436E+0	126.770193027521860E+0
339.000000000000110E+0	4.593382585063196E+0	389.595087316006530E+0
340.000000000000110E+0	25.881774045519883E+0	343.688265906331930E+0
341.000000000000110E+0	32.138853157695351E+0	206.492758897543720E+0
342.000000000000110E+0	29.892615355339796E+0	128.109315710395780E+0
343.000000000000110E+0	83.008209638066006E+0	246.697377887528490E+0
344.000000000000110E+0	94.741895995025601E+0	350.003951730152720E+0
345.000000000000110E+0	21.459906080425771E+0	164.316259422559000E+0
346.000000000000110E+0	35.109213423383217E+0	233.036233630362570E+0
347.000000000000110E+0	20.166214449351280E+0	112.730262492837710E+0
348.000000000000110E+0	78.224257087959785E+0	196.019281515142750E+0
349.000000000000110E+0	116.914129370448150E+0	411.170300069245230E+0
350.000000000000110E+0	52.167973746469443E+0	168.272730986637160E+0
351.000000000000110E+0	38.174377342410651E+0	93.717798000101879E+0
352.000000000000110E+0	38.860052577412070E+0	163.994136061062280E+0
353.000000000000110E+0	41.556919118712322E+0	219.800099875986860E+0
354.000000000000110E+0	37.924478593274216E+0	209.505569889674630E+0
355.000000000000110E+0	45.889769251031026E+0	157.040964623758840E+0
356.000000000000110E+0	37.388780234195657E+0	113.817345973931720E+0
357.000000000000110E+0	49.372320802939164E+0	151.715111421068660E+0
358.000000000000110E+0	72.546678970707205E+0	234.715755454416860E+0
359.000000000000110E+0	81.571143373453623E+0	231.253361202448330E+0
360.000000000000110E+0	51.110475841080010E+0	145.536804091843320E+0
361.000000000000110E+0	33.884703860462579E+0	68.171092923188652E+0
362.000000000000110E+0	221.515903328711540E+0	343.216815872171250E+0
363.000000000000110E+0	170.823166202160280E+0	204.059146334614350E+0
364.000000000000110E+0	151.771434072864620E+0	155.685753919280070E+0
365.000000000000110E+0	188.400038137745750E+0	172.057063872115290E+0
366.000000000000110E+0	110.956978798946050E+0	104.841923844244250E+0
367.000000000000110E+0	117.408514683186200E+0	219.987536456388340E+0
368.000000000000110E+0	150.473897447769960E+0	302.315047384212160E+0
369.000000000000110E+0	56.041885911020742E+0	122.829567370123610E+0
370.000000000000110E+0	70.488335641098502E+0	112.258043669767030E+0
371.000000000000110E+0	195.738468786237770E+0	181.404495396779850E+0
372.000000000000110E+0	302.075760466337670E+0	341.192089348113430E+0
373.000000000000110E+0	196.975307389158930E+0	218.302156823995890E+0
374.000000000000110E+0	109.888549781261390E+0	121.505216790012720E+0
375.000000000000110E+0	142.736060361317980E+0	177.858505699791690E+0
376.000000000000110E+0	112.055429945160990E+0	208.583539409788440E+0
377.000000000000110E+0	112.358778241432290E+0	253.058543684390600E+0
378.000000000000110E+0	143.746652841974760E+0	290.730037235868960E+0
379.000000000000110E+0	49.504544859132729E+0	104.067426728099490E+0
380.000000000000110E+0	201.005491011385600E+0	171.997627457045720E+0
381.000000000000110E+0	351.342127841920730E+0	413.659214903074370E+0
382.000000000000110E+0	162.280295533331840E+0	186.148529100488470E+0
383.000000000000110E+0	124.022920414140600E+0	167.379217555374140E+0
384.000000000000110E+0	103.425330273713750E+0	129.139622181362990E+0
385.000000000000110E+0	148.757965914715730E+0	200.243957742713830E+0
386.000000000000110E+0	309.170863791425060E+0	315.420465968168400E+0
387.000000000000110E+0	296.042391257508030E+0	187.918086350599850E+0
388.000000000000110E+0	332.665676332507590E+0	182.983230914531840E+0
389.000000000000110E+0	195.828904446917530E+0	81.820988499317607E+0
390.000000000000110E+0	432.030271272378460E+0	261.002099573303330E+0
391.000000000000110E+0	445.344039323433320E+0	349.132200455457560E+0
392.000000000000110E+0	164.129247735118550E+0	142.827161985233890E+0
393.000000000000110E+0	88.256385704259145E+0	94.351625805935157E+0
394.000000000000110E+0	167.290366045310920E+0	205.329568657114270E+0
395.000000000000110E+0	159.512776336837330E+0	161.362895385121870E+0
396.000000000000110E+0	217.846380442263950E+0	260.113329178720160E+0
397.000000000000110E+0	108.699351582657390E+0	163.443053938081420E+0
398.000000000000110E+0	38.897716076707141E+0	64.983365205855222E+0
399.000000000000110E+0	69.604169863242973E+0	198.666951842431700E+0
400.000000000000110E+0	68.174645946715159E+0	296.911045001265560E+0
401.000000000000110E+0	36.471099001068282E+0	186.269612965666230E+0
402.000000000000110E+0	37.291458512237867E+0	119.810514368644960E+0
403.000000000000110E+0	45.812413076212934E+0	82.381112376555251E+0
404.000000000000110E+0	133.030926777633970E+0	311.614619718599160E+0
405.000000000000110E+0	66.820180616803867E+0	171.206451260766810E+0
406.000000000000110E+0	53.010869793353905E+0	180.382911256250420E+0
407.000000000000110E+0	34.528347041660197E+0	157.532329830641370E+0
408.000000000000110E+0	8.873888572370589E+0	73.882109868880576E+0
409.000000000000110E+0	44.052974034784782E+0	342.927349328981680E+0
410.000000000000110E+0	31.955220497851428E+0	269.830437179962470E+0
411.000000000000110E+0	15.022273155194407E+0	95.116210203132482E+0
412.000000000000110E+0	20.892279452197489E+0	106.821524951387800E+0
413.000000000000110E+0	30.584076704350242E+0	207.416008212365200E+0
414.000000000000110E+0	19.607186862290312E+0	230.750840984294600E+0
415.000000000000110E+0	13.721439592059340E+0	206.698843070123670E+0
416.000000000000110E+0	8.523016366507125E+0	108.654147380222180E+0
417.000000000000110E+0	5.351689920641540E+0	108.643428207001160E+0
418.000000000000110E+0	14.653502354131799E+0	222.762154635936270E+0
419.000000000000110E+0	20.911610610414343E+0	251.399758400589410E+0
420.000000000000110E+0	22.843296983143485E+0	232.669954493900660E+0
421.000000000000110E+0	2.969811571922533E+0	44.925240598711994E+0
422.000000000000110E+0	10.730670080764963E+0	195.095500330288810E+0
423.000000000000110E+0	26.938842914650117E+0	330.805350085504070E+0
424.000000000000110E+0	11.715231364026261E+0	157.288835603800690E+0
425.000000000000110E+0	16.330998876527879E+0	194.591414635944150E+0
426.000000000000110E+0	7.151989091007758E+0	118.820741690789030E+0
427.000000000000110E+0	21.828546920221832E+0	139.867169467301040E+0
428.000000000000110E+0	84.640554103556639E+0	399.216802722357560E+0
429.000000000000110E+0	31.885290490624435E+0	188.645832200803450E+0
430.000000000000110E+0	18.606787802064691E+0	136.709791237504480E+0
431.000000000000110E+0	12.631728504730214E+0	100.625064120690570E+0
432.000000000000110E+0	33.197777446841428E+0	317.552172787106770E+0
433.000000000000110E+0	28.639194349642658E+0	296.640122355935150E+0
434.000000000000110E+0	11.043303132763524E+0	147.408007818343830E+0
435.000000000000110E+0	10.053864446357700E+0	127.970367832187860E+0
436.000000000000110E+0	24.653700580976437E+0	201.824685353588020E+0
437.000000000000110E+0	22.437711845851489E+0	254.299730956994010E+0
438.000000000000110E+0	23.311789211992409E+0	373.035389250598090E+0
439.000000000000110E+0	13.450747704098513E+0	227.530640460352660E+0
440.000000000000110E+0	523.284563861696860E-3	52.060470143225451E+0
441.000000000000110E+0	16.642792552847890E+0	422.605179761851730E+0
442.000000000000110E+0	8.204367271017913E+0	389.505879771130880E+0
443.000000000000110E+0	3.665138421619132E+0	230.808047915761340E+0
444.000000000000110E+0	5.898115479754930E+0	234.890590656341540E+0
445.000000000000110E+0	5.382175332299607E+0	126.799028990050100E+0
446.000000000000110E+0	15.050148654322399E+0	345.669047193397150E+0
447.000000000000110E+0	18.834503667065611E+0	333.374948474764890E+0
448.000000000000110E+0	15.148444741746612E+0	223.030796459787040E+0
449.000000000000110E+0	12.140504439488600E+0	131.922291614488560E+0
450.000000000000110E+0	13.806759185513707E+0	119.462912873791910E+0
451.000000000000110E+0	58.644835075551498E+0	438.635679237742690E+0
452.000000000000110E+0	48.654889382602292E+0	250.879218542575840E+0
453.000000000000110E+0	28.899350139482511E+0	92.536969591463958E+0
454.000000000000110E+0	38.941047074433740E+0	150.451698541759750E+0
455.000000000000110E+0	52.963833691232750E+0	194.741074899988520E+0
456.000000000000110E+0	85.412653877155350E+0	260.998054370533280E+0
457.000000000000110E+0	79.561941371848803E+0	249.916076912651140E+0
458.000000000000110E+0	49.844855729518436E+0	136.640231337445730E+0
459.000000000000110E+0	73.604779401604873E+0	84.307992843427542E+0
460.000000000000110E+0	253.323600550679150E+0	387.575422930990100E+0
461.000000000000110E+0	181.985642193024400E+0	244.506042392741480E+0
462.000000000000110E+0	166.251461191414140E+0	193.928589153191500E+0
463.000000000000110E+0	77.061779913035224E+0	90.567210031589511E+0
464.000000000000110E+0	287.535972265420410E+0	218.844325955533520E+0
465.000000000000110E+0	528.735031731834850E+0	315.636858850215670E+0
466.000000000000110E+0	399.889888551520190E+0	198.484350525163360E+0
467.000000000000110E+0	545.577417534081520E+0	231.835469897452920E+0
468.000000000000110E+0	266.796313861040630E+0	99.975996511975452E+0
469.000000000000110E+0	626.396338116610650E+0	245.420275463625930E+0
470.000000000000110E+0	1.412486889426887E+3	500.490467056180760E+0
471.000000000000110E+0	653.729681336644150E+0	199.247110732959210E+0
472.000000000000110E+0	438.035330205690000E+0	98.555313246143768E+0
473.000000000000110E+0	558.456372703767210E+0	174.320559049366610E+0
474.000000000000110E+0	725.414794015922210E+0	262.715814426103750E+0
475.000000000000110E+0	668.464083562942730E+0	284.962699887952340E+0
476.000000000000110E+0	417.404519052406160E+0	192.013021380972900E+0
477.000000000000110E+0	212.005009151738530E+0	120.787831968321100E+0
478.000000000000110E+0	244.870943603719470E+0	129.599983289943570E+0
479.000000000000110E+0	567.724022158153960E+0	337.495121780715750E+0
480.000000000000110E+0	360.264539619478340E+0	243.298640390553320E+0
481.000000000000110E+0	173.700570457463980E+0	128.499701197747840E+0
482.000000000000110E+0	141.405474021495140E+0	74.328314137231302E+0
483.000000000000110E+0	435.795361426388810E+0	335.856717595785820E+0
484.000000000000110E+0	315.838012391492550E+0	271.806651163480980E+0
485.000000000000110E+0	165.210154367556190E+0	156.472261995690100E+0
486.000000000000110E+0	150.587318396838530E+0	179.089690857969150E+0
487.000000000000110E+0	50.242296671507937E+0	58.470874584178773E+0
488.000000000000110E+0	259.334390350320690E+0	312.899272698863280E+0
489.000000000000110E+0	248.625959496461890E+0	318.495683629155000E+0
490.000000000000110E+0	121.191488440202560E+0	153.342509554984330E+0
491.000000000000110E+0	59.573417537659928E+0	82.086997909780265E+0
492.000000000000110E+0	115.907728822869670E+0	208.238258342483730E+0
493.000000000000110E+0	161.925176543416110E+0	296.197611142775370E+0
494.000000000000110E+0	110.792384571271480E+0	211.551323504150250E+0
495.000000000000110E+0	62.668652208837656E+0	118.820499342331390E+0
496.000000000000110E+0	72.219225042571054E+0	135.287737396924710E+0
497.000000000000110E+0	88.045821549476372E+0	175.046706059205770E+0
498.000000000000110E+0	161.651273745695390E+0	339.542901259096940E+0
499.000000000000110E+0	113.730125557947670E+0	254.454078068013640E+0
500.000000000000110E+0	32.424758988636213E+0	82.725849684717332E+0
501.000000000000110E+0	45.202697434230899E+0	130.198518492149390E+0
502.000000000000110E+0	133.574780167820850E+0	390.034688814916190E+0
503.000000000000110E+0	64.779873743707398E+0	212.662897507582640E+0
504.000000000000110E+0	38.476138794526385E+0	146.582019472294090E+0
505.000000000000110E+0	48.312231903233339E+0	157.102994235566090E+0
506.000000000000110E+0	59.998827770168965E+0	132.630928999954590E+0
507.000000000000110E+0	125.711742518900710E+0	372.497016374449230E+0
508.000000000000110E+0	65.059669020213306E+0	208.618349827051900E+0
509.000000000000110E+0	45.773924951752186E+0	159.573300331722460E+0
510.000000000000110E+0	12.010735768193971E+0	59.195805721949888E+0
511.000000000000110E+0	54.224799173439031E+0	310.679455064656790E+0
512.000000000000110E+0	70.875844671296974E+0	388.091601195763250E+0
513.000000000000110E+0	25.520783910673948E+0	145.612926313014640E+0
514.000000000000110E+0	21.524936536390069E+0	127.725312877839020E+0
515.000000000000110E+0	38.285205274105778E+0	162.683502607717740E+0
516.000000000000110E+0	35.749294333193596E+0	201.358674482628260E+0
517.000000000000110E+0	63.259553704351859E+0	319.039466163577000E+0
518.000000000000110E+0	44.907101106374803E+0	230.752183103628740E+0
519.000000000000110E+0	10.216754235345340E+0	51.313677101897021E+0
520.000000000000110E+0	12.846031858111152E+0	262.537169161198960E+0
521.000000000000110E+0	28.544445116873185E+0	375.938925338764870E+0
522.000000000000110E+0	25.657382841515442E+0	239.929590830398780E+0
523.000000000000110E+0	17.872693885953105E+0	110.020122990716150E+0
524.000000000000110E+0	13.047528079908878E+0	118.759913373773680E+0
525.000000000000110E+0	10.489822756623770E+0	259.896667968225700E+0
526.000000000000110E+0	4.231652563783423E+0	294.147023425510890E+0
527.000000000000110E+0	556.685938609115970E-3	208.464097096205420E+0
528.000000000000110E+0	699.659158745475570E-3	174.792341128412860E+0
529.000000000000110E+0	1.658946665121058E+0	78.888047062991433E+0
530.000000000000110E+0	3.089899120816270E+0	444.533163037833220E+0
531.000000000000110E+0	5.809444123487049E+0	331.863772305449400E+0
532.000000000000110E+0	4.124130601107661E+0	84.878119031199418E+0
533.000000000000110E+0	7.783224847654355E+0	137.164374029821230E+0
534.000000000000110E+0	9.166308076359702E+0	188.414792084826760E+0
535.000000000000110E+0	19.299584799294198E+0	304.600031983507450E+0
536.000000000000110E+0	21.378902869144799E+0	260.850016589006770E+0
537.000000000000110E+0	11.478531368518015E+0	157.106989125614180E+0
538.000000000000110E+0	6.715916775440798E+0	70.366245038037633E+0
539.000000000000110E+0	35.819145261458182E+0	315.231974157186470E+0
540.000000000000110E+0	37.498738234666270E+0	323.692754810942570E+0
541.000000000000110E+0	36.024708320403008E+0	220.847539002433000E+0
542.000000000000110E+0	11.437405471447226E+0	54.887144025977683E+0
543.000000000000110E+0	18.131096614739466E+0	236.609256221544510E+0
544.000000000000110E+0	21.370668997244586E+0	348.979608839765090E+0
545.000000000000110E+0	13.843421545680874E+0	200.187148609511840E+0
546.000000000000110E+0	18.073510159607714E+0	221.512787536057830E+0
547.000000000000110E+0	4.569962200877251E+0	102.134338481355170E+0
548.000000000000110E+0	10.533720203520023E+0	144.294791486707310E+0
549.000000000000110E+0	27.730928726853289E+0	486.712353004468810E+0
550.000000000000110E+0	15.628549852090279E+0	245.482239000497430E+0
551.000000000000110E+0	5.372879052430063E+0	90.949633154143498E+0
552.000000000000110E+0	2.845409186122633E+0	150.407446936687360E+0
553.000000000000110E+0	7.358776526935671E+0	286.430640308855570E+0
554.000000000000110E+0	15.865322375271678E+0	364.716185744436470E+0
555.000000000000110E+0	10.739119315087569E+0	141.126152778982000E+0
556.000000000000110E+0	9.905207971314402E+0	156.542902652429520E+0
557.000000000000110E+0	3.054444421058302E+0	117.398575457744800E+0
558.000000000000110E+0	4.562976736731030E+0	309.638070534463050E+0
559.000000000000110E+0	6.337845559151489E+0	385.196179761212590E+0
560.000000000000110E+0	2.232374915748506E+0	174.422797206786160E+0
561.000000000000110E+0	649.764458674867210E-3	53.475347860065391E+0
562.000000000000110E+0	6.201841375182531E+0	388.895519109574990E+0
563.000000000000110E+0	7.351884110531787E+0	338.892613026104070E+0
564.000000000000110E+0	9.192998044065726E+0	179.461760606537040E+0
565.000000000000110E+0	6.757240565215321E+0	191.165728373892480E+0
566.000000000000110E+0	2.476092637094729E+0	83.159908681503538E+0
567.000000000000110E+0	1.705468421307306E+0	315.627296776913170E+0
568.000000000000110E+0	633.988970912928500E-3	350.207255219067920E+0
569.000000000000110E+0	44.893327130274940E-3	244.841252261834280E+0
570.000000000000110E+0	210.103792266205620E-3	87.740210450839456E+0
571.000000000000110E+0	1.608242627581916E+0	192.810170888172990E+0
572.000000000000110E+0	2.976526145485689E+0	451.348672452530420E+0
573.000000000000110E+0	3.033386654043592E+0	301.268765495450790E+0
574.000000000000110E+0	5.607089560563408E+0	96.656296888987953E+0
575.000000000000110E+0	17.302328099719045E+0	184.292881978212560E+0
576.000000000000110E+0	23.353381193535778E+0	153.984230240112940E+0
577.000000000000110E+0	36.914924206682699E+0	378.407710837916060E+0
578.000000000000110E+0	34.339012352141538E+0	359.572222076218740E+0
579.000000000000110E+0	5.770376416265451E+0	114.201103618736850E+0
580.000000000000110E+0	29.636744554936484E+0	116.033461155531630E+0
581.000000000000110E+0	101.788328754740600E+0	458.030618495634940E+0
582.000000000000110E+0	75.648834772316732E+0	332.842861105401820E+0
583.000000000000110E+0	50.499103430462341E+0	162.298538224508720E+0
584.000000000000110E+0	60.493274150288947E+0	121.959790077021080E+0
585.000000000000110E+0	84.706027707966143E+0	180.859701234011680E+0
586.000000000000110E+0	156.419260263735220E+0	359.186351062549080E+0
587.000000000000110E+0	119.237203442661510E+0	275.262491701951030E+0
588.000000000000110E+0	94.111669623164317E+0	257.378525733399670E+0
589.000000000000110E+0	24.360058730341997E+0	54.802709051951240E+0
590.000000000000110E+0	245.433616289822880E+0	335.189242004011300E+0
591.000000000000110E+0	462.757386767554520E+0	521.807835493493940E+0
592.000000000000110E+0	194.806366360536540E+0	197.772161390647170E+0
593.000000000000110E+0	67.229479534900193E+0	111.453637507582310E+0
594.000000000000110E+0	144.996685330147410E+0	178.491542491248620E+0
595.000000000000110E+0	214.547855653315760E+0	250.887726901892020E+0
596.000000000000110E+0	274.109782922989440E+0	341.812948314563640E+0
597.000000000000110E+0	191.422600715942480E+0	265.055350553282320E+0
598.000000000000110E+0	70.957869286990984E+0	88.981717787260351E+0
599.000000000000110E+0	205.316878071430380E+0	193.570858461562240E+0
600.000000000000110E+0	368.289527617202680E+0	414.604248224983450E+0
601.000000000000110E+0	303.091158159853880E+0	391.260806373091440E+0
602.000000000000110E+0	47.568670331116650E+0	97.746010935000157E+0
603.000000000000110E+0	35.028219315526279E+0	126.158261058475860E+0
604.000000000000110E+0	23.494222516105548E+0	286.079572693985430E+0
605.000000000000110E+0	8.981728204727574E+0	283.439233011122440E+0
606.000000000000110E+0	8.115799800948043E+0	214.293698092980380E+0
607.000000000000110E+0	8.797426391598801E+0	207.817966892364670E+0
608.000000000000110E+0	4.796084587661592E+0	51.842595442849074E+0
609.000000000000110E+0	32.324678110367103E+0	479.946492644760550E+0
610.000000000000110E+0	32.031030989088286E+0	428.929457710138360E+0
611.000000000000110E+0	7.739485919625189E+0	161.032540436262280E+0
612.000000000000110E+0	5.077303620434029E+0	88.109739366063465E+0
613.000000000000110E+0	20.082872076751435E+0	215.699379509683980E+0
614.000000000000110E+0	38.544485706971869E+0	348.022762651499420E+0
615.000000000000110E+0	31.622073890904439E+0	238.015666000039400E+0
616.000000000000110E+0	23.399937552754331E+0	178.486008794377450E+0
617.000000000000110E+0	14.464650201474521E+0	103.714804074490420E+0
618.000000000000110E+0	25.318216154686031E+0	208.314389141225920E+0
619.000000000000110E+0	49.657973761203422E+0	439.554798849897450E+0
620.000000000000110E+0	39.524590697744458E+0	356.222935756598870E+0
621.000000000000110E+0	4.387402126465276E+0	57.114283737944405E+0
622.000000000000110E+0	24.935509076621869E+0	216.655823610458750E+0
623.000000000000110E+0	55.762591833352687E+0	399.875241959891470E+0
624.000000000000110E+0	42.513392689318714E+0	238.106269516421970E+0
625.000000000000110E+0	33.058588401320250E+0	210.982013483032690E+0
626.000000000000110E+0	17.702727996475105E+0	133.267864169639150E+0
627.000000000000110E+0	16.618112155161977E+0	131.035230178860670E+0
628.000000000000110E+0	71.173722784799366E+0	445.351025394681700E+0
629.000000000000110E+0	64.325369485128434E+0	353.899071043784090E+0
630.000000000000110E+0	25.835256792608895E+0	162.342274540696390E+0
631.000000000000110E+0	13.472715518436411E+0	92.999811493560926E+0
632.000000000000110E+0	76.506759940784946E+0	354.814950257846190E+0
633.000000000000110E+0	112.633301965277880E+0	487.520495895029850E+0
634.000000000000110E+0	38.882971972553328E+0	142.105434548665950E+0
635.000000000000110E+0	39.453531720030881E+0	183.068831799077740E+0
636.000000000000110E+0	18.079750449950790E+0	105.641236087080760E+0
637.000000000000110E+0	68.417183703086763E+0	291.018242357895470E+0
638.000000000000110E+0	103.011363670658130E+0	424.902838153870280E+0
639.000000000000110E+0	70.395627114516600E+0	285.161938874038130E+0
640.000000000000110E+0	11.041331436730520E+0	37.984649359158340E+0
641.000000000000110E+0	96.503547932718931E+0	342.684418687960600E+0
642.000000000000110E+0	141.531742169053670E+0	426.404796278542680E+0
643.000000000000110E+0	106.135447247936670E+0	274.299952695629710E+0
644.000000000000110E+0	73.200592284730234E+0	168.230066896000070E+0
645.000000000000110E+0	34.988410398706932E+0	120.583474132402470E+0
646.000000000000110E+0	114.794247738885290E+0	280.426313930370100E+0
647.000000000000110E+0	191.183212961115630E+0	337.242584433832520E+0
648.000000000000110E+0	196.977001048673540E+0	314.189959092305460E+0
649.000000000000110E+0	91.967071216852545E+0	129.218939388047570E+0
650.000000000000110E+0	27.730584910284769E+0	71.258344118011792E+0
651.000000000000110E+0	302.639570929534330E+0	519.766492527819080E+0
652.000000000000110E+0	275.403245595092410E+0	408.235974771196080E+0
653.000000000000110E+0	68.722743653177062E+0	93.977495866080545E+0
654.000000000000110E+0	82.194451453895311E+0	178.093930833724640E+0
655.000000000000110E+0	73.393270212666636E+0	159.320072125017790E+0
656.000000000000110E+0	153.341606346746230E+0	306.514060837326100E+0
657.000000000000110E+0	152.922877498533980E+0	318.690503640617920E+0
658.000000000000110E+0	58.156047159211525E+0	129.982378160514260E+0
659.000000000000110E+0	22.780602138513995E+0	50.057864131240464E+0
660.000000000000110E+0	133.692013736106080E+0	300.480514506643320E+0
661.000000000000110E+0	181.212525840312710E+0	379.709853755252940E+0
662.000000000000110E+0	102.314318083195200E+0	201.633399478420130E+0
663.000000000000110E+0	33.450862023749998E+0	76.020225560722977E+0
664.000000000000110E+0	74.262102139379905E+0	158.821812630094430E+0
665.000000000000110E+0	187.051331876912230E+0	361.078114584025680E+0
666.000000000000110E+0	125.505774067778450E+0	192.633547702862810E+0
667.000000000000110E+0	280.092501482150060E+0	311.167742883110800E+0
668.000000000000110E+0	123.723959537833960E+0	69.843937415404667E+0
669.000000000000110E+0	139.030578502302260E+0	199.959477396444410E+0
670.000000000000110E+0	353.131130224174340E+0	486.420318263262630E+0
671.000000000000110E+0	208.543223205063670E+0	233.210166020307040E+0
672.000000000000110E+0	54.172644929189595E+0	70.292324600616880E+0
673.000000000000110E+0	95.440576092206612E+0	127.690850478170590E+0
674.000000000000110E+0	171.727103770110520E+0	200.765317281511840E+0
675.000000000000110E+0	244.007230900079320E+0	334.793352329809690E+0
676.000000000000110E+0	125.422508010470480E+0	185.638844879620250E+0
677.000000000000110E+0	74.331205478172734E+0	132.408681229719800E+0
678.000000000000110E+0	37.502350920053701E+0	85.728217188069806E+0
679.000000000000110E+0	106.765788655609610E+0	329.869246641736770E+0
680.000000000000110E+0	147.025638224463710E+0	439.087823681117980E+0
681.000000000000110E+0	45.356035003874943E+0	143.529995772606440E+0
682.000000000000110E+0	15.555505398231224E+0	59.862252930442160E+0
683.000000000000110E+0	82.383096253698724E+0	293.802388729352170E+0
684.000000000000110E+0	82.685629141834710E+0	286.153237696908150E+0
685.000000000000110E+0	47.599021363974067E+0	167.084652150879830E+0
686.000000000000110E+0	29.656355074995453E+0	200.046363786288850E+0
687.000000000000110E+0	4.828127481932098E+0	32.945181701307668E+0
688.000000000000110E+0	27.948636260799844E+0	278.582634052731070E+0
689.000000000000110E+0	38.908523877131785E+0	407.528768814597240E+0
690.000000000000110E+0	18.755171783531136E+0	209.609686666148630E+0
691.000000000000110E+0	8.585866366719511E+0	84.344665965673911E+0
692.000000000000110E+0	10.291255413237019E+0	138.170964974564470E+0
693.000000000000110E+0	26.171617067908642E+0	448.178913617357350E+0
694.000000000000110E+0	11.184156711926002E+0	228.334808173765080E+0
695.000000000000110E+0	6.009611396966259E+0	145.013885341433760E+0
696.000000000000110E+0	5.478651304068668E+0	128.893335911215360E+0
697.000000000000110E+0	8.526382424545641E+0	116.189350565789980E+0
698.000000000000110E+0	27.401028876780867E+0	326.308979178875920E+0
699.000000000000110E+0	30.933245623351940E+0	387.494038379056580E+0
700.000000000000110E+0	9.190190069916525E+0	69.545047599771550E+0
701.000000000000110E+0	8.781734568901285E+0	96.771350606182835E+0
702.000000000000110E+0	21.431046600672687E+0	310.977138242910480E+0
703.000000000000110E+0	18.771851378014727E+0	300.934934154641720E+0
704.000000000000110E+0	12.024704676712618E+0	162.110487018093690E+0
705.000000000000110E+0	9.681178468035931E+0	124.498269909114200E+0
706.000000000000110E+0	10.124207872352006E+0	103.952129380533510E+0
707.000000000000110E+0	38.454152586375294E+0	334.337246310616140E+0
708.000000000000110E+0	39.653852262093459E+0	275.884047480942910E+0
709.000000000000110E+0	37.283797939376726E+0	216.844800681580950E+0
710.000000000000110E+0	5.363945812214721E+0	31.602774951431371E+0
711.000000000000110E+0	41.676919559769935E+0	281.408831246504800E+0
712.000000000000110E+0	89.839410064929808E+0	495.190131150562930E+0
713.000000000000110E+0	28.137444059841208E+0	136.199218128392030E+0
714.000000000000110E+0	35.593893097109600E+0	113.350544375522450E+0
715.000000000000110E+0	32.657446585025283E+0	97.974165274043884E+0
716.000000000000110E+0	59.746019368188669E+0	163.896478823740180E+0
717.000000000000110E+0	112.785189805941430E+0	346.806119503647320E+0
718.000000000000110E+0	74.086281598094416E+0	247.606071278895800E+0
719.000000000000110E+0	16.546115789826636E+0	67.560087325005369E+0
720.000000000000110E+0	44.099750604567404E+0	144.434525186420250E+0
721.000000000000110E+0	80.495336239551392E+0	383.831703252414400E+0
722.000000000000110E+0	59.705047134936628E+0	325.845564250924440E+0
723.000000000000110E+0	19.559413881495054E+0	104.217527192342500E+0
724.000000000000110E+0	33.408554639693598E+0	93.148238194939864E+0
725.000000000000110E+0	36.858741312863302E+0	255.215341664503880E+0
726.000000000000110E+0	21.185951793713421E+0	215.448766675371420E+0
727.000000000000110E+0	24.657702007907332E+0	281.266146671024960E+0
728.000000000000110E+0	13.497029504055794E+0	141.976025684419310E+0
729.000000000000110E+0	2.941014666890634E+0	27.194730787367160E+0
730.000000000000110E+0	26.659504579043347E+0	365.395572639657530E+0
731.000000000000110E+0	25.930961576349876E+0	419.994243917901710E+0
732.000000000000110E+0	5.247847595460617E+0	96.372126004877373E+0
733.000000000000110E+0	4.295685357022676E+0	106.217917127427920E+0
734.000000000000110E+0	3.285683723808416E+0	103.769805207511330E+0
735.000000000000110E+0	8.744344074480733E+0	336.817331111449680E+0
736.000000000000110E+0	5.650543187997650E+0	251.640343236033740E+0
737.000000000000110E+0	5.583331708744886E+0	186.272040718970970E+0
738.000000000000110E+0	2.426161086192168E+0	67.070600081323491E+0
739.000000000000110E+0	2.026357092267971E+0	182.314071963382640E+0
740.000000000000110E+0	5.204158151248285E+0	456.806076038328230E+0
741.000000000000110E+0	3.267478502764946E+0	285.128920796423470E+0
742.000000000000110E+0	301.835600765922360E-3	47.584695123898953E+0
743.000000000000110E+0	1.958433097687171E+0	177.579140867707000E+0
744.000000000000110E+0	2.828069181318235E+0	288.792138705190950E+0
745.000000000000110E+0	2.243527865377879E+0	184.233570851504590E+0
746.000000000000110E+0	4.119627218670733E+0	220.703104260496870E+0
747.000000000000110E+0	1.781653131517794E+0	90.730891935422477E+0
748.000000000000110E+0	322.827028844739410E-3	88.771921464647519E+0
749.000000000000110E+0	2.353373033829452E+0	397.338897080887930E+0
750.000000000000110E+0	1.845628320983336E+0	313.036400822615460E+0
751.000000000000110E+0	275.704919835111470E-3	117.609037267024700E+0
752.000000000000110E+0	666.018216599716610E-3	52.325211222867530E+0
753.000000000000110E+0	4.213652259048035E+0	254.298366033905210E+0
754.000000000000110E+0	4.853447520816736E+0	387.081101358823730E+0
755.000000000000110E+0	1.655228849098814E+0	164.067186975187810E+0
756.000000000000110E+0	2.217996221193204E+0	159.819044640238220E+0
757.000000000000110E+0	1.276879383653528E+0	86.118860247772389E+0
758.000000000000110E+0	1.629292660725310E+0	228.452864160900250E+0
759.000000000000110E+0	5.158118876979078E+0	505.102030710151840E+0
760.000000000000110E+0	2.152588514255724E+0	176.240963280689410E+0
761.000000000000110E+0	1.037318420176954E+0	29.072219338575543E+0
762.000000000000110E+0	5.890773350856234E+0	219.920873769209270E+0
763.000000000000110E+0	9.581991581528211E+0	357.562914758392540E+0
764.000000000000110E+0	4.044735271644176E+0	169.034871126349200E+0
765.000000000000110E+0	3.311272669119197E+0	153.218088050874630E+0
766.000000000000110E+0	842.853076944894750E-3	48.322117671017374E+0
767.000000000000110E+0	6.140324812283008E+0	200.242828551036890E+0
768.000000000000110E+0	8.731425648148228E+0	274.899223014484160E+0
769.000000000000110E+0	12.211083725753808E+0	305.344909911676440E+0
770.000000000000110E+0	2.183229294481011E+0	105.599499649787460E+0
771.000000000000110E+0	8.252441846995891E+0	76.141533739232315E+0
772.000000000000110E+0	39.785430909859187E+0	444.492697619734030E+0
773.000000000000110E+0	34.235853449762857E+0	357.053435989140210E+0
774.000000000000110E+0	4.868892747038892E+0	102.292367666244530E+0
775.000000000000110E+0	17.393014764041791E+0	147.539434128284880E+0
776.000000000000110E+0	14.985849596792198E+0	106.152887516943410E+0
777.000000000000110E+0	29.299126833865994E+0	322.237784043982510E+0
778.000000000000110E+0	49.861396945931659E+0	409.721817221601380E+0
779.000000000000110E+0	14.547614358417428E+0	115.807376457765680E+0
780.000000000000110E+0	8.225043247510625E+0	46.932943631404079E+0
781.000000000000110E+0	63.354303618014150E+0	293.859931156966130E+0
782.000000000000110E+0	83.950322462241687E+0	362.994119470966550E+0
783.000000000000110E+0	45.755334767050350E+0	184.101571633345400E+0
784.000000000000110E+0	22.028307273266087E+0	67.465071754231502E+0
785.000000000000110E+0	52.613023779390360E+0	115.382886468784110E+0
786.000000000000110E+0	87.215482826984697E+0	235.595821211133170E+0
787.000000000000110E+0	97.675885493054068E+0	243.283202658786280E+0
788.000000000000110E+0	131.261151981863750E+0	263.829023698483130E+0
789.000000000000110E+0	51.104234131014635E+0	75.639643857758443E+0
790.000000000000110E+0	69.626638794411377E+0	166.825066709382300E+0
791.000000000000110E+0	381.706467323695620E+0	572.981985445102740E+0
792.000000000000110E+0	224.299746527107490E+0	223.911236385403440E+0
793.000000000000110E+0	49.039064862729120E+0	107.258671213777500E+0
794.000000000000110E+0	93.220331834736299E+0	114.502629066966800E+0
795.000000000000110E+0	189.625647030125090E+0	237.312776443542820E+0
796.000000000000110E+0	237.672573151698860E+0	315.743683628753050E+0
797.000000000000110E+0	165.247669386907460E+0	283.335722989397650E+0
798.000000000000110E+0	105.955345434915590E+0	103.872128931754520E+0
799.000000000000110E+0	72.161565444839113E+0	82.047268648126277E+0
800.000000000000110E+0	167.069460858662470E+0	333.385076290018450E+0
801.000000000000110E+0	280.429090373599360E+0	479.162122463867660E+0
802.000000000000110E+0	95.117924042244951E+0	124.555145136668530E+0
803.000000000000110E+0	63.183092151609763E+0	67.383093249580810E+0
804.000000000000110E+0	185.410495697501030E+0	220.793072892580710E+0
805.000000000000110E+0	209.617204682957610E+0	224.846385813248990E+0
806.000000000000110E+0	175.800980434875700E+0	202.704717210174890E+0
807.000000000000110E+0	155.322398866543380E+0	193.592747404154410E+0
808.000000000000110E+0	9.300920362065764E+0	17.989018785794784E+0
809.000000000000110E+0	166.750959802681560E+0	261.953297269713060E+0
810.000000000000110E+0	261.031132798103440E+0	415.101976852275240E+0
811.000000000000110E+0	112.830145353198690E+0	183.391492656038220E+0
812.000000000000110E+0	40.169855133731886E+0	63.759017231281447E+0
813.000000000000110E+0	85.943882588849163E+0	93.643988781754089E+0
814.000000000000110E+0	248.101753658513870E+0	367.666365906681050E+0
815.000000000000110E+0	150.770299998542730E+0	262.363089050145960E+0
816.000000000000110E+0	80.691956692793525E+0	172.276205981220470E+0
817.000000000000110E+0	70.892576336417761E+0	130.298379845722370E+0
818.000000000000110E+0	38.846062102647672E+0	94.641412621936723E+0
819.000000000000110E+0	140.545231075199670E+0	426.459607613847420E+0
820.000000000000110E+0	123.973579246493000E+0	402.084154174609240E+0
821.000000000000110E+0	29.296016522321047E+0	86.375037462795959E+0
822.000000000000110E+0	28.970021896548690E+0	103.360138215445700E+0
823.000000000000110E+0	83.818447274394685E+0	354.590169192331980E+0
824.000000000000110E+0	52.861567643083546E+0	231.728237010775730E+0
825.000000000000110E+0	41.898000570685262E+0	226.378029048247010E+0
826.000000000000110E+0	17.814647146533215E+0	83.943240896723580E+0
827.000000000000110E+0	23.819772583677285E+0	79.615817680939841E+0
828.000000000000110E+0	51.770534479152943E+0	271.665922427050820E+0
829.000000000000110E+0	51.990678935837330E+0	312.519689362802010E+0
830.000000000000110E+0	28.794738922005099E+0	171.429063357365350E+0
831.000000000000110E+0	3.715563316339105E+0	17.938554481594824E+0
832.000000000000110E+0	37.467869039821991E+0	203.625709145647480E+0
833.000000000000110E+0	73.191340754249168E+0	418.444607259328390E+0
834.000000000000110E+0	18.990010017172043E+0	114.295733371257060E+0
835.000000000000110E+0	25.946339439285442E+0	123.659074825714770E+0
836.000000000000110E+0	15.883447495921194E+0	73.990939187269490E+0
837.000000000000110E+0	24.419776613061952E+0	131.944320151278250E+0
838.000000000000110E+0	74.666610395729293E+0	408.106385324069440E+0
839.000000000000110E+0	41.954596307164785E+0	241.788311163642960E+0
840.000000000000110E+0	9.589912424620653E+0	55.132830481875672E+0
841.000000000000110E+0	23.533600544686593E+0	115.832205257957230E+0
842.000000000000110E+0	83.565710376077831E+0	366.499839597216920E+0
843.000000000000110E+0	73.732122450903972E+0	305.921353609202640E+0
844.000000000000110E+0	27.286595742267146E+0	131.122253676608980E+0
845.000000000000110E+0	16.503846516080333E+0	92.201883888001632E+0
846.000000000000110E+0	54.044744503516924E+0	205.930050809098760E+0
847.000000000000110E+0	64.206695463796521E+0	252.290137605993100E+0
848.000000000000110E+0	82.842693315287505E+0	370.975098639336350E+0
849.000000000000110E+0	41.706789673907195E+0	190.148050908656530E+0
850.000000000000110E+0	10.353019220114611E+0	25.890616339487394E+0
851.000000000000110E+0	125.310162771793700E+0	460.305079622444280E+0
852.000000000000110E+0	102.816877209906650E+0	389.739348410021700E+0
853.000000000000110E+0	31.872709067571371E+0	133.580362876243330E+0
854.000000000000110E+0	38.695846887222231E+0	123.671881905577880E+0
855.000000000000110E+0	33.319022881962439E+0	103.813350553851340E+0
856.000000000000110E+0	68.158851054936363E+0	284.821547079303740E+0
857.000000000000110E+0	82.348457806142292E+0	302.028887202166170E+0
858.000000000000110E+0	39.760395023088371E+0	142.831776968224800E+0
859.000000000000110E+0	13.502212767005881E+0	54.126681739842276E+0
860.000000000000110E+0	30.086068067951942E+0	142.771344075133040E+0
861.000000000000110E+0	93.344663339975753E+0	475.407214477065850E+0
862.000000000000110E+0	44.172323091991622E+0	230.039065449504280E+0
863.000000000000110E+0	8.713641732929750E+0	37.309946303653575E+0
864.000000000000110E+0	22.521371807265297E+0	103.386385790617540E+0
865.000000000000110E+0	43.125181955893254E+0	219.380879948453350E+0
866.000000000000110E+0	37.528327964287783E+0	165.470430880665670E+0
867.000000000000110E+0	68.633542940922354E+0	260.912684796963220E+0
868.000000000000110E+0	22.853315747583814E+0	88.146729486035497E+0
869.000000000000110E+0	23.218080783835489E+0	66.989034196634563E+0
870.000000000000110E+0	166.931757076924070E+0	432.092164720643890E+0
871.000000000000110E+0	112.459257033599070E+0	278.994554130773960E+0
872.000000000000110E+0	61.071862131411663E+0	126.527257346316400E+0
873.000000000000110E+0	21.377810528813761E+0	44.068253840572595E+0
874.000000000000110E+0	100.506887455962970E+0	207.693278314597880E+0
875.000000000000110E+0	178.979021355079170E+0	342.724255805673460E+0
876.000000000000110E+0	94.110678324902508E+0	191.351062931819540E+0
877.000000000000110E+0	87.888965437123872E+0	185.789187014473750E+0
878.000000000000110E+0	32.306595211684233E+0	53.680220346513614E+0
879.000000000000110E+0	104.416869277138830E+0	217.473714317661400E+0
880.000000000000110E+0	242.751403866356500E+0	549.843955676594530E+0
881.000000000000110E+0	98.378683233008402E+0	242.355760765066460E+0
882.000000000000110E+0	18.472041004153453E+0	48.690781160927294E+0
883.000000000000110E+0	51.819112473782908E+0	226.176083645890060E+0
884.000000000000110E+0	68.988656017729568E+0	306.800498138555440E+0
885.000000000000110E+0	50.108544249609523E+0	260.373030392644180E+0
886.000000000000110E+0	35.070533341456858E+0	189.745333205445060E+0
887.000000000000110E+0	15.873015395707830E+0	79.591599022770623E+0
888.000000000000110E+0	28.152481238876156E+0	188.149594986431480E+0
889.000000000000110E+0	53.636483277193747E+0	415.659050286415830E+0
890.000000000000110E+0	26.877848085001311E+0	275.279196514583590E+0
891.000000000000110E+0	6.809175825267348E+0	99.507297918353075E+0
892.000000000000110E+0	5.317162497029915E+0	82.099104201298971E+0
893.000000000000110E+0	29.688104633070441E+0	453.307058814475680E+0
894.000000000000110E+0	15.304378329853591E+0	241.191519946504460E+0
895.000000000000110E+0	8.957783709689862E+0	118.337104580328440E+0
896.000000000000110E+0	5.452837842904032E+0	129.290225215907720E+0
897.000000000000110E+0	3.798118050654964E+0	62.085429177515934E+0
898.000000000000110E+0	9.384854435430910E+0	321.189571979595260E+0
899.000000000000110E+0	11.058563053571513E+0	362.051906392981320E+0
900.000000000000110E+0	2.954241927388787E+0	103.727097596654670E+0
901.000000000000110E+0	60.090680080115325E-3	36.638141256876075E+0
902.000000000000110E+0	3.457643599434899E+0	222.588276776793180E+0
903.000000000000110E+0	4.911800573241431E+0	295.907510854862320E+0
904.000000000000110E+0	2.237177497289269E+0	146.641896185282660E+0
905.000000000000110E+0	945.843644266807670E-3	59.888238671903665E+0
906.000000000000110E+0	371.303013056106190E-3	81.997382324591797E+0
907.000000000000110E+0	150.753861258372150E-3	142.743877237178080E+0
908.000000000000110E+0	1.933315551419595E+0	255.391738237090580E+0
909.000000000000110E+0	2.648268801454606E+0	218.420328514526600E+0
910.000000000000110E+0	861.445998269728900E-3	34.499474494778013E+0
911.000000000000110E+0	4.349383055607823E+0	127.049892065558770E+0
912.000000000000110E+0	12.210868554634155E+0	448.931083581345150E+0
913.000000000000110E+0	8.004864706254981E+0	183.655795614625220E+0
914.000000000000110E+0	1.579005502678620E+0	80.487599510791341E+0
915.000000000000110E+0	2.099509425875195E+0	94.456878115156087E+0
916.000000000000110E+0	768.369985287056580E-3	105.887095610269700E+0
917.000000000000110E+0	5.285510673653963E+0	315.195784628271550E+0
918.000000000000110E+0	2.957468999309413E+0	232.083839749550350E+0
919.000000000000110E+0	3.130587218467866E+0	126.921732706815350E+0
920.000000000000110E+0	306.382608944439800E-3	29.519401960977667E+0
921.000000000000110E+0	5.897114901384124E+0	324.155223610164400E+0
922.000000000000110E+0	8.727309800119196E+0	410.797053269994310E+0
923.000000000000110E+0	5.649775833138563E+0	160.744954482057660E+0
924.000000000000110E+0	1.451464466987321E+0	66.257776373630250E+0
925.000000000000110E+0	3.994197975535009E+0	183.713550603600420E+0
926.000000000000110E+0	3.871538669300993E+0	218.211218934034290E+0
927.000000000000110E+0	4.082562453167336E+0	315.348958162335180E+0
928.000000000000110E+0	4.064311859717762E+0	263.164987724166110E+0
929.000000000000110E+0	124.580001374865500E-3	34.702754846820916E+0
930.000000000000110E+0	5.751045818766633E+0	284.827084389875210E+0
931.000000000000110E+0	9.069306905660371E+0	493.665017130528210E+0
932.000000000000110E+0	4.333650100029217E+0	233.286248532806750E+0
933.000000000000110E+0	2.557568868429005E+0	97.038168905641029E+0
934.000000000000110E+0	4.619299679176152E+0	130.952054038061760E+0
935.000000000000110E+0	14.199003017006845E+0	336.875458387311990E+0
936.000000000000110E+0	14.094693644361234E+0	342.327530037369970E+0
937.000000000000110E+0	12.234752453062649E+0	213.233501511356880E+0
938.000000000000110E+0	13.622070795848646E+0	149.934191333104280E+0
939.000000000000110E+0	3.660118033949743E+0	82.534884872073917E+0
940.000000000000110E+0	38.265564057186673E+0	568.539323929688410E+0
941.000000000000110E+0	35.102647724493593E+0	428.864819802814390E+0
942.000000000000110E+0	5.018033773957221E+0	75.929929394878300E+0
943.000000000000110E+0	15.332830562511578E+0	139.150442933198350E+0
944.000000000000110E+0	44.646484640240182E+0	339.042838961352690E+0
945.000000000000110E+0	37.951487757448433E+0	268.436747408258160E+0
946.000000000000110E+0	38.278522594663826E+0	276.070061207453880E+0
947.000000000000110E+0	20.634414550776420E+0	146.402703251362140E+0
948.000000000000110E+0	7.317116853640124E+0	89.920125373714313E+0
949.000000000000110E+0	47.163957503372544E+0	373.958074799776110E+0
950.000000000000110E+0	61.460759915109975E+0	407.641252881440950E+0
951.000000000000110E+0	35.862363321882974E+0	219.188512099863540E+0
952.000000000000110E+0	11.140037723785749E+0	34.034986749783187E+0
953.000000000000110E+0	39.396811067829866E+0	278.681954243369430E+0
954.000000000000110E+0	62.178144876244687E+0	406.413867158903880E+0
955.000000000000110E+0	15.269626227757479E+0	154.740656984895710E+0
956.000000000000110E+0	15.736098222844594E+0	162.616510578043800E+0
957.000000000000110E+0	16.478635519783769E+0	90.693397461602686E+0
958.000000000000110E+0	15.437503676182155E+0	188.106850622508260E+0
959.000000000000110E+0	23.050497895267394E+0	520.128420015552140E+0
960.000000000000110E+0	5.116107581981572E+0	197.439500942603270E+0
961.000000000000110E+0	5.315162576966807E+0	26.524048432487717E+0
962.000000000000110E+0	13.460803528642984E+0	169.433584442208710E+0
963.000000000000110E+0	12.055157389710292E+0	309.457404943606320E+0
964.000000000000110E+0	5.390329242375941E+0	268.596524724162800E+0
965.000000000000110E+0	917.619285547669030E-3	88.638502191629740E+0
966.000000000000110E+0	642.915924146276520E-3	77.731188174361719E+0
967.000000000000110E+0	2.002297970108370E+0	118.787920858882300E+0
968.000000000000110E+0	11.645694381025383E+0	233.170750601825060E+0
969.000000000000110E+0	20.506030729769087E+0	259.001712733096950E+0
970.000000000000110E+0	16.370922087240206E+0	92.130389852661111E+0
971.000000000000110E+0	1.229020610900774E+0	40.386810502394127E+0
972.000000000000110E+0	12.205013074978179E+0	424.745675639329420E+0
973.000000000000110E+0	14.130548776310809E+0	256.871755288577390E+0
974.000000000000110E+0	2.003945335252880E+0	66.058037902158006E+0
975.000000000000110E+0	461.359221225344560E-3	65.421559290143392E+0
976.000000000000110E+0	9.416330357455182E+0	42.122245813290377E+0
977.000000000000110E+0	17.231426415758836E+0	188.393173769874180E+0
978.000000000000110E+0	15.912006191458534E+0	250.175228037452290E+0
979.000000000000110E+0	6.938831828679136E+0	87.656007372689913E+0
980.000000000000110E+0	864.362884079967970E-3	13.373445189755980E+0
981.000000000000110E+0	4.622379520114222E+0	124.707461479791890E+0
982.000000000000110E+0	6.984118333964633E+0	302.620762182131500E+0
983.000000000000110E+0	3.617926763649371E+0	147.716998325243080E+0
984.000000000000110E+0	1.098647702871886E+0	5.610082599709679E+0
985.000000000000110E+0	2.176318898980061E+0	68.963750445724401E+0
986.000000000000110E+0	723.764867558606580E-3	94.014493172584352E+0
987.000000000000110E+0	232.735685237080270E-3	144.572056480585730E+0
988.000000000000110E+0	1.348236311680635E+0	193.067249765856670E+0
989.000000000000110E+0	585.232492005567480E-3	32.852327927015686E+0
990.000000000000110E+0	1.461721457075483E+0	52.705455745899698E+0
991.000000000000110E+0	4.572834259912932E+0	283.955457370047670E+0
992.000000000000110E+0	2.720068858782021E+0	125.219596352741550E+0
993.000000000000110E+0	467.161799156225740E-3	25.085060644002493E+0
994.000000000000110E+0	258.308663618907250E-3	12.302076796899820E+0
995.000000000000110E+0	971.929593125007150E-3	82.030282079390986E+0
996.000000000000110E+0	3.238319776617160E+0	155.986010361402290E+0
997.000000000000110E+0	2.058461052184905E+0	60.795349787067437E+0
998.000000000000110E+0	922.482361964247710E-3	62.994817614980675E+0
999.000000000000110E+0	114.645451664017450E-3	3.007289841159845E+0
1.000000000000000E+3	5.376187975381960E+0	151.275689079391580E+0
