Freq (Hz)	Coh_accelerometre /source
source
source
10.000000000000018E+0	991.229613943763520E-3
11.000000000000020E+0	993.240968019976630E-3
12.000000000000021E+0	993.384610172797670E-3
13.000000000000023E+0	998.270330793504690E-3
14.000000000000025E+0	885.863073066346820E-3
15.000000000000027E+0	998.584391317823280E-3
16.000000000000028E+0	999.060184148265140E-3
17.000000000000028E+0	998.971612063213170E-3
18.000000000000028E+0	999.579356053845400E-3
19.000000000000028E+0	999.468616082406780E-3
20.000000000000028E+0	999.695691242049380E-3
21.000000000000028E+0	999.882470031561500E-3
22.000000000000028E+0	999.724832074305400E-3
23.000000000000028E+0	999.886092154602560E-3
24.000000000000028E+0	999.924882106189020E-3
25.000000000000028E+0	999.965682701820730E-3
26.000000000000028E+0	999.975600839284270E-3
27.000000000000028E+0	999.919235238865720E-3
28.000000000000028E+0	999.941001740679240E-3
29.000000000000028E+0	999.830709733151800E-3
30.000000000000028E+0	999.550116242532320E-3
31.000000000000028E+0	999.758107076162190E-3
32.000000000000028E+0	999.938158644529400E-3
33.000000000000028E+0	999.926396894855740E-3
34.000000000000028E+0	999.858484449152040E-3
35.000000000000028E+0	999.527666494178010E-3
36.000000000000028E+0	999.780102207836200E-3
37.000000000000028E+0	999.909317830804280E-3
38.000000000000028E+0	999.806349129713780E-3
39.000000000000028E+0	999.383165757489750E-3
40.000000000000028E+0	999.829837486907350E-3
41.000000000000028E+0	999.915961187008320E-3
42.000000000000028E+0	999.918062307690540E-3
43.000000000000028E+0	999.852594001662260E-3
44.000000000000028E+0	999.871263738584480E-3
45.000000000000028E+0	999.894774351217980E-3
46.000000000000028E+0	999.822968647096190E-3
47.000000000000028E+0	998.708142494584280E-3
48.000000000000028E+0	992.869137756015150E-3
49.000000000000028E+0	997.011445914628310E-3
50.000000000000028E+0	999.557166483270200E-3
51.000000000000028E+0	999.848992131394550E-3
52.000000000000028E+0	999.828144108341530E-3
53.000000000000028E+0	999.865432601791060E-3
54.000000000000028E+0	999.945848509753540E-3
55.000000000000028E+0	999.919474216038000E-3
56.000000000000028E+0	999.959796200615810E-3
57.000000000000028E+0	999.884822986590090E-3
58.000000000000028E+0	999.066329306186220E-3
59.000000000000028E+0	999.809333453397060E-3
60.000000000000028E+0	999.916411119222690E-3
61.000000000000028E+0	999.934513809226150E-3
62.000000000000028E+0	999.887730118434130E-3
63.000000000000028E+0	999.973874162324860E-3
64.000000000000028E+0	999.975646885889360E-3
65.000000000000028E+0	999.984170758622230E-3
66.000000000000028E+0	999.987552000316970E-3
67.000000000000028E+0	999.983031726613070E-3
68.000000000000028E+0	999.967290234324620E-3
69.000000000000028E+0	999.976273622828700E-3
70.000000000000028E+0	999.988281865450410E-3
71.000000000000028E+0	999.960510111952420E-3
72.000000000000028E+0	999.955065577818990E-3
73.000000000000028E+0	999.952046689545630E-3
74.000000000000028E+0	999.957917158207250E-3
75.000000000000028E+0	999.966282591545190E-3
76.000000000000028E+0	999.956497012644770E-3
77.000000000000028E+0	999.943732272614130E-3
78.000000000000028E+0	999.964636745293680E-3
79.000000000000028E+0	999.968870242889610E-3
80.000000000000028E+0	999.872754535055860E-3
81.000000000000028E+0	999.892592826536970E-3
82.000000000000028E+0	999.942738525609110E-3
83.000000000000028E+0	999.954894413604740E-3
84.000000000000028E+0	999.948249503490820E-3
85.000000000000028E+0	999.866779641728100E-3
86.000000000000028E+0	999.792276151392880E-3
87.000000000000028E+0	999.795038331590780E-3
88.000000000000028E+0	999.953830551667870E-3
89.000000000000028E+0	999.966361465761010E-3
90.000000000000028E+0	996.734403617262730E-3
91.000000000000028E+0	999.920347761323440E-3
92.000000000000028E+0	999.950613325972010E-3
93.000000000000028E+0	999.904753395826960E-3
94.000000000000028E+0	999.874981547272830E-3
95.000000000000028E+0	999.704808723366310E-3
96.000000000000028E+0	999.340744897480480E-3
97.000000000000028E+0	999.758431458236620E-3
98.000000000000028E+0	999.787522323041800E-3
99.000000000000028E+0	999.622414128802040E-3
100.000000000000030E+0	997.136642404873430E-3
101.000000000000030E+0	999.920948554142370E-3
102.000000000000030E+0	999.946177543238560E-3
103.000000000000030E+0	999.800433833519690E-3
104.000000000000030E+0	999.802538171159940E-3
105.000000000000030E+0	998.935757204918780E-3
106.000000000000030E+0	999.737974796776060E-3
107.000000000000030E+0	999.937866252134880E-3
108.000000000000030E+0	999.896251218067470E-3
109.000000000000030E+0	997.774185561119190E-3
110.000000000000030E+0	999.875101106634910E-3
111.000000000000030E+0	999.880000869379890E-3
112.000000000000030E+0	999.764117895322930E-3
113.000000000000030E+0	999.705861049115180E-3
114.000000000000030E+0	999.788248640229860E-3
115.000000000000030E+0	999.875737858046840E-3
116.000000000000030E+0	999.906907844241740E-3
117.000000000000030E+0	999.925238024774400E-3
118.000000000000030E+0	999.778630474556170E-3
119.000000000000030E+0	996.127779901641360E-3
120.000000000000030E+0	999.820293517770800E-3
121.000000000000030E+0	999.876004552194500E-3
122.000000000000030E+0	999.568456567437540E-3
123.000000000000030E+0	999.889123123147040E-3
124.000000000000030E+0	999.580252875787890E-3
125.000000000000030E+0	999.884575272206640E-3
126.000000000000030E+0	999.900287618764040E-3
127.000000000000030E+0	999.900343088208630E-3
128.000000000000030E+0	998.771003418172820E-3
129.000000000000030E+0	999.816930810603190E-3
130.000000000000030E+0	999.936101680416800E-3
131.000000000000030E+0	999.955724767594980E-3
132.000000000000030E+0	999.636152823431320E-3
133.000000000000030E+0	999.677708632811130E-3
134.000000000000030E+0	999.781051047712750E-3
135.000000000000030E+0	999.654949272183680E-3
136.000000000000030E+0	999.734605662907950E-3
137.000000000000030E+0	998.915559974045690E-3
138.000000000000030E+0	999.812186944938010E-3
139.000000000000030E+0	999.925409036281020E-3
140.000000000000030E+0	999.893539289044900E-3
141.000000000000030E+0	999.788580098872390E-3
142.000000000000030E+0	999.421174754514310E-3
143.000000000000030E+0	999.528961157282400E-3
144.000000000000030E+0	999.590269236087740E-3
145.000000000000030E+0	999.116887023435710E-3
146.000000000000030E+0	998.831650333349310E-3
147.000000000000030E+0	998.632295953086000E-3
148.000000000000030E+0	999.865505328712430E-3
149.000000000000030E+0	999.832752419751560E-3
150.000000000000030E+0	998.923669434054200E-3
151.000000000000030E+0	998.654808873222550E-3
152.000000000000030E+0	999.419808333541600E-3
153.000000000000030E+0	998.312343138657690E-3
154.000000000000030E+0	998.387493779018810E-3
155.000000000000030E+0	998.329443755997080E-3
156.000000000000030E+0	951.641721005164640E-3
157.000000000000030E+0	999.045028238950360E-3
158.000000000000030E+0	999.610274760558300E-3
159.000000000000030E+0	999.606197421413660E-3
160.000000000000030E+0	999.278153961904560E-3
161.000000000000030E+0	997.421432331969120E-3
162.000000000000030E+0	999.665929692683090E-3
163.000000000000030E+0	999.553186104897520E-3
164.000000000000030E+0	998.978697443235420E-3
165.000000000000030E+0	999.342913713236910E-3
166.000000000000030E+0	997.401107490227030E-3
167.000000000000030E+0	999.561845393312390E-3
168.000000000000030E+0	999.510383569481960E-3
169.000000000000030E+0	999.119023542718200E-3
170.000000000000030E+0	999.171205363248330E-3
171.000000000000030E+0	999.483505705301090E-3
172.000000000000030E+0	999.422325208236820E-3
173.000000000000030E+0	998.963715521691940E-3
174.000000000000030E+0	998.487048797420560E-3
175.000000000000030E+0	998.795851935285420E-3
176.000000000000030E+0	999.362719162706470E-3
177.000000000000030E+0	999.339738764102980E-3
178.000000000000030E+0	999.325236034273700E-3
179.000000000000030E+0	999.113243779667370E-3
180.000000000000030E+0	999.584280206868400E-3
181.000000000000030E+0	999.663952182603400E-3
182.000000000000030E+0	999.206877869965310E-3
183.000000000000030E+0	999.142578631843750E-3
184.000000000000030E+0	999.568392466249400E-3
185.000000000000030E+0	999.805969696377030E-3
186.000000000000030E+0	999.867565763593150E-3
187.000000000000030E+0	999.866940657033190E-3
188.000000000000030E+0	999.795007680231110E-3
189.000000000000030E+0	999.763230320883210E-3
190.000000000000030E+0	999.732720460482560E-3
191.000000000000030E+0	999.676908054621170E-3
192.000000000000030E+0	999.238185558881440E-3
193.000000000000030E+0	999.379612206319100E-3
194.000000000000030E+0	999.646997318614730E-3
195.000000000000030E+0	999.596843413279810E-3
196.000000000000030E+0	999.391165426305130E-3
197.000000000000030E+0	998.767141620975020E-3
198.000000000000030E+0	997.226949214104710E-3
199.000000000000030E+0	999.560780851266650E-3
200.000000000000030E+0	999.702301332158980E-3
201.000000000000030E+0	999.418374226644480E-3
202.000000000000030E+0	999.009241150688450E-3
203.000000000000030E+0	998.223351610286860E-3
204.000000000000030E+0	999.193691880968630E-3
205.000000000000030E+0	998.878261149521500E-3
206.000000000000030E+0	999.150112109593920E-3
207.000000000000030E+0	997.838347154493930E-3
208.000000000000030E+0	999.069201661956670E-3
209.000000000000030E+0	999.444359432352770E-3
210.000000000000030E+0	998.204985426182080E-3
211.000000000000030E+0	993.461510342076410E-3
212.000000000000030E+0	998.457938835629050E-3
213.000000000000030E+0	993.575404385351630E-3
214.000000000000030E+0	975.603348975351840E-3
215.000000000000030E+0	989.091760525616310E-3
216.000000000000030E+0	996.038779891524450E-3
217.000000000000030E+0	998.737096176991250E-3
218.000000000000030E+0	999.633679304485430E-3
219.000000000000030E+0	997.946719196423410E-3
220.000000000000030E+0	991.866394627789140E-3
221.000000000000030E+0	992.068982860632610E-3
222.000000000000030E+0	998.890322822961530E-3
223.000000000000030E+0	999.239267711978240E-3
224.000000000000030E+0	998.857787713316010E-3
225.000000000000030E+0	997.828629114761670E-3
226.000000000000030E+0	997.546875960358740E-3
227.000000000000030E+0	999.049307925378050E-3
228.000000000000030E+0	999.014632637092890E-3
229.000000000000030E+0	997.050853440530900E-3
230.000000000000030E+0	991.388618736663730E-3
231.000000000000030E+0	996.991156041642350E-3
232.000000000000030E+0	997.559225229864620E-3
233.000000000000030E+0	996.529805381805910E-3
234.000000000000030E+0	997.622670658026340E-3
235.000000000000030E+0	994.870918093773810E-3
236.000000000000030E+0	995.936650757304750E-3
237.000000000000030E+0	997.241149793285150E-3
238.000000000000030E+0	997.775287405313850E-3
239.000000000000030E+0	995.489910982806260E-3
240.000000000000030E+0	995.208584785409410E-3
241.000000000000030E+0	998.586891776318320E-3
242.000000000000030E+0	998.321319666451320E-3
243.000000000000030E+0	997.610181232152060E-3
244.000000000000030E+0	998.378731045540420E-3
245.000000000000030E+0	995.014729551167430E-3
246.000000000000030E+0	998.500665949022430E-3
247.000000000000030E+0	998.889345765140660E-3
248.000000000000030E+0	997.998035159828540E-3
249.000000000000030E+0	993.411350010378280E-3
250.000000000000030E+0	995.909176235635020E-3
251.000000000000030E+0	998.249847999725830E-3
252.000000000000030E+0	996.966825444586480E-3
253.000000000000030E+0	996.496901744595040E-3
254.000000000000030E+0	997.511123989461620E-3
255.000000000000030E+0	998.592071333166520E-3
256.000000000000060E+0	998.516901325105840E-3
257.000000000000060E+0	999.014005659586310E-3
258.000000000000060E+0	997.284923270597810E-3
259.000000000000060E+0	998.176486379895420E-3
260.000000000000060E+0	998.976791558599860E-3
261.000000000000060E+0	998.089282889960350E-3
262.000000000000060E+0	997.478580465049780E-3
263.000000000000060E+0	994.179941653175030E-3
264.000000000000060E+0	993.468999831682690E-3
265.000000000000060E+0	997.746764568918980E-3
266.000000000000060E+0	998.420295024868290E-3
267.000000000000060E+0	998.007495529573570E-3
268.000000000000060E+0	992.327098499058200E-3
269.000000000000060E+0	998.420429831333170E-3
270.000000000000060E+0	998.823360249324720E-3
271.000000000000060E+0	996.237237384473450E-3
272.000000000000060E+0	995.776684581781370E-3
273.000000000000060E+0	997.371215975921600E-3
274.000000000000060E+0	998.271403480631260E-3
275.000000000000060E+0	998.984411138415960E-3
276.000000000000060E+0	999.052664481085430E-3
277.000000000000060E+0	995.674307480646890E-3
278.000000000000060E+0	998.265232179857300E-3
279.000000000000060E+0	998.567824219855680E-3
280.000000000000060E+0	997.637353111434090E-3
281.000000000000060E+0	996.713646193667870E-3
282.000000000000060E+0	996.709808217906780E-3
283.000000000000060E+0	998.808658675527820E-3
284.000000000000060E+0	997.569023615143430E-3
285.000000000000060E+0	997.731384713242740E-3
286.000000000000060E+0	997.873148954845580E-3
287.000000000000060E+0	991.196293469076670E-3
288.000000000000060E+0	998.347604157665440E-3
289.000000000000060E+0	997.576474093625490E-3
290.000000000000060E+0	994.121325822927780E-3
291.000000000000060E+0	997.058881404384030E-3
292.000000000000060E+0	998.042043145644490E-3
293.000000000000060E+0	996.580744796443650E-3
294.000000000000060E+0	993.069853515983420E-3
295.000000000000060E+0	990.280123544449830E-3
296.000000000000060E+0	986.725184536863970E-3
297.000000000000060E+0	992.226090016845920E-3
298.000000000000060E+0	995.602066149264500E-3
299.000000000000060E+0	994.378463238334790E-3
300.000000000000060E+0	985.453338797304900E-3
301.000000000000060E+0	993.207938141358990E-3
302.000000000000060E+0	994.977230914388940E-3
303.000000000000060E+0	980.312576746642290E-3
304.000000000000060E+0	996.352243171186090E-3
305.000000000000060E+0	985.032015643481530E-3
306.000000000000060E+0	995.505985658312390E-3
307.000000000000060E+0	997.307585291829950E-3
308.000000000000060E+0	995.908014476280630E-3
309.000000000000060E+0	985.195683705847200E-3
310.000000000000060E+0	966.461896141982630E-3
311.000000000000060E+0	990.697263147317210E-3
312.000000000000060E+0	993.986636252716550E-3
313.000000000000060E+0	993.889540633142050E-3
314.000000000000060E+0	983.520288604751710E-3
315.000000000000060E+0	991.479717651389420E-3
316.000000000000060E+0	963.543316634675960E-3
317.000000000000060E+0	995.286053502782540E-3
318.000000000000060E+0	996.099960783639160E-3
319.000000000000060E+0	994.135267391662910E-3
320.000000000000060E+0	998.968948064608230E-3
321.000000000000060E+0	999.216458135137600E-3
322.000000000000060E+0	997.486936952136190E-3
323.000000000000060E+0	995.470632111904450E-3
324.000000000000060E+0	991.454170583839220E-3
325.000000000000060E+0	997.569859109858850E-3
326.000000000000060E+0	998.176072406128820E-3
327.000000000000060E+0	998.920661988720540E-3
328.000000000000060E+0	999.035556739799600E-3
329.000000000000060E+0	997.679979371423830E-3
330.000000000000060E+0	999.064390862269170E-3
331.000000000000060E+0	998.102069269181880E-3
332.000000000000060E+0	991.768647755699170E-3
333.000000000000060E+0	997.142615431897190E-3
334.000000000000060E+0	998.417125644807000E-3
335.000000000000060E+0	998.375524088141560E-3
336.000000000000060E+0	998.844060503896400E-3
337.000000000000060E+0	998.140925347367090E-3
338.000000000000060E+0	994.262836439576250E-3
339.000000000000060E+0	998.154964530977630E-3
340.000000000000060E+0	997.814980369078230E-3
341.000000000000060E+0	995.945323751152080E-3
342.000000000000060E+0	988.460871464099890E-3
343.000000000000060E+0	997.749886352628840E-3
344.000000000000060E+0	998.564816280143150E-3
345.000000000000060E+0	996.281515025660540E-3
346.000000000000060E+0	996.201555633959290E-3
347.000000000000060E+0	990.145668578182870E-3
348.000000000000060E+0	995.724098885094500E-3
349.000000000000060E+0	996.496677441335630E-3
350.000000000000060E+0	993.295254572661660E-3
351.000000000000060E+0	997.317506017699860E-3
352.000000000000060E+0	999.087094877083470E-3
353.000000000000060E+0	999.293855418449730E-3
354.000000000000060E+0	998.564668675771650E-3
355.000000000000060E+0	997.814406611427400E-3
356.000000000000060E+0	997.727635892177610E-3
357.000000000000060E+0	997.963283409144530E-3
358.000000000000060E+0	998.901760694479450E-3
359.000000000000060E+0	998.869931943776270E-3
360.000000000000060E+0	998.637890799281110E-3
361.000000000000060E+0	998.389011373949860E-3
362.000000000000060E+0	999.340818763800880E-3
363.000000000000060E+0	998.547186768540930E-3
364.000000000000060E+0	997.513919464764750E-3
365.000000000000060E+0	997.222567380036120E-3
366.000000000000060E+0	996.579312942141750E-3
367.000000000000060E+0	998.712305253982020E-3
368.000000000000060E+0	999.108700704729460E-3
369.000000000000060E+0	998.799363446587260E-3
370.000000000000060E+0	998.418222988065260E-3
371.000000000000060E+0	998.571296538968370E-3
372.000000000000060E+0	999.104713467344310E-3
373.000000000000060E+0	996.830187828884770E-3
374.000000000000060E+0	992.007801604795070E-3
375.000000000000060E+0	996.306431744849230E-3
376.000000000000060E+0	998.318183217490550E-3
377.000000000000060E+0	998.880200669008400E-3
378.000000000000060E+0	999.180811120177870E-3
379.000000000000060E+0	998.836690415739860E-3
380.000000000000060E+0	996.004736637923330E-3
381.000000000000060E+0	998.939201282246000E-3
382.000000000000060E+0	998.033701059633960E-3
383.000000000000060E+0	998.747065759840180E-3
384.000000000000060E+0	998.281457415137070E-3
385.000000000000060E+0	998.932245632990100E-3
386.000000000000060E+0	999.089124927109000E-3
387.000000000000060E+0	998.654363577093700E-3
388.000000000000060E+0	998.590207177414200E-3
389.000000000000060E+0	996.581242836802380E-3
390.000000000000060E+0	997.674116706008470E-3
391.000000000000060E+0	998.073207596053220E-3
392.000000000000060E+0	995.610295399877220E-3
393.000000000000060E+0	996.341486638177680E-3
394.000000000000060E+0	999.196380695214330E-3
395.000000000000060E+0	998.558772328185130E-3
396.000000000000060E+0	998.130406512180660E-3
397.000000000000060E+0	997.158798776293990E-3
398.000000000000060E+0	996.743140417155500E-3
399.000000000000060E+0	998.550837624028410E-3
400.000000000000060E+0	998.797450376123660E-3
401.000000000000060E+0	998.720218298912550E-3
402.000000000000060E+0	998.251753653378810E-3
403.000000000000060E+0	996.228369517730420E-3
404.000000000000060E+0	998.849087678710940E-3
405.000000000000060E+0	998.177912435560310E-3
406.000000000000060E+0	997.997154692112590E-3
407.000000000000060E+0	997.892507163572470E-3
408.000000000000060E+0	996.799379308270890E-3
409.000000000000060E+0	998.759422568111450E-3
410.000000000000060E+0	998.483640913936490E-3
411.000000000000060E+0	996.610851916741700E-3
412.000000000000060E+0	997.047366125035310E-3
413.000000000000060E+0	998.294543814306930E-3
414.000000000000060E+0	998.160129363960810E-3
415.000000000000060E+0	998.328626713201660E-3
416.000000000000060E+0	997.458842321133580E-3
417.000000000000060E+0	995.694533510291470E-3
418.000000000000060E+0	996.419065153340780E-3
419.000000000000060E+0	996.038402950834340E-3
420.000000000000060E+0	995.182576348800700E-3
421.000000000000060E+0	984.996326920502650E-3
422.000000000000060E+0	998.111969588340140E-3
423.000000000000060E+0	998.574807772396820E-3
424.000000000000060E+0	990.540729405495090E-3
425.000000000000060E+0	993.783713508175400E-3
426.000000000000060E+0	990.235574608942290E-3
427.000000000000060E+0	997.937125769578380E-3
428.000000000000060E+0	999.511254122663950E-3
429.000000000000060E+0	998.606279461696440E-3
430.000000000000060E+0	995.239129828975890E-3
431.000000000000060E+0	994.635797806144190E-3
432.000000000000060E+0	998.900199652121400E-3
433.000000000000060E+0	998.956480524222030E-3
434.000000000000060E+0	997.448145612269580E-3
435.000000000000060E+0	997.522120507992160E-3
436.000000000000060E+0	998.052878505406580E-3
437.000000000000060E+0	998.300718449086850E-3
438.000000000000060E+0	999.087167811321010E-3
439.000000000000060E+0	997.972905098072460E-3
440.000000000000060E+0	986.727704923260120E-3
441.000000000000060E+0	999.115278872617080E-3
442.000000000000060E+0	999.067049345398920E-3
443.000000000000060E+0	998.466982322283040E-3
444.000000000000060E+0	998.387656598586970E-3
445.000000000000060E+0	996.372447633622320E-3
446.000000000000060E+0	998.476668924373260E-3
447.000000000000060E+0	998.143810710140910E-3
448.000000000000060E+0	998.224441845995120E-3
449.000000000000060E+0	997.413933210874570E-3
450.000000000000060E+0	996.749712107445340E-3
451.000000000000060E+0	998.791920392749000E-3
452.000000000000060E+0	995.887725638902270E-3
453.000000000000060E+0	993.381378026744750E-3
454.000000000000060E+0	997.068694155264330E-3
455.000000000000060E+0	998.167550513397780E-3
456.000000000000060E+0	997.529610735038760E-3
457.000000000000060E+0	997.282444252091340E-3
458.000000000000060E+0	995.227027981387730E-3
459.000000000000060E+0	996.920320120674660E-3
460.000000000000060E+0	998.959194014924170E-3
461.000000000000060E+0	998.402945390096000E-3
462.000000000000060E+0	997.833914881639190E-3
463.000000000000060E+0	997.058290229630880E-3
464.000000000000060E+0	998.743359405726670E-3
465.000000000000060E+0	999.148255086570120E-3
466.000000000000060E+0	998.634601153944640E-3
467.000000000000060E+0	998.122009624507140E-3
468.000000000000060E+0	995.204996037813540E-3
469.000000000000060E+0	998.032330941376220E-3
470.000000000000060E+0	999.036060654905910E-3
471.000000000000060E+0	998.449838804935980E-3
472.000000000000060E+0	997.593530584732210E-3
473.000000000000060E+0	998.671342175021630E-3
474.000000000000060E+0	998.813260912160720E-3
475.000000000000060E+0	998.872814185965740E-3
476.000000000000060E+0	998.607309497762220E-3
477.000000000000060E+0	997.143521763082410E-3
478.000000000000060E+0	998.333005391130010E-3
479.000000000000060E+0	999.386481918365650E-3
480.000000000000060E+0	999.206265959725280E-3
481.000000000000060E+0	998.829435785632320E-3
482.000000000000060E+0	997.728116961137170E-3
483.000000000000060E+0	999.230641893091520E-3
484.000000000000060E+0	998.957420571976450E-3
485.000000000000060E+0	998.279261166008850E-3
486.000000000000060E+0	998.280485210658820E-3
487.000000000000060E+0	995.589861505894240E-3
488.000000000000060E+0	999.203695982989300E-3
489.000000000000060E+0	999.288981797845980E-3
490.000000000000060E+0	998.453685943433090E-3
491.000000000000060E+0	996.245235245980300E-3
492.000000000000060E+0	998.215934692729290E-3
493.000000000000060E+0	998.932969271793650E-3
494.000000000000060E+0	998.289476698250520E-3
495.000000000000060E+0	996.629555467499760E-3
496.000000000000060E+0	997.671180238636550E-3
497.000000000000060E+0	998.784827408361160E-3
498.000000000000060E+0	999.157846777303240E-3
499.000000000000060E+0	998.627205037288190E-3
500.000000000000060E+0	996.276139552632940E-3
501.000000000000060E+0	998.064601838555160E-3
502.000000000000060E+0	999.428612736503850E-3
503.000000000000060E+0	999.074499981397630E-3
504.000000000000060E+0	998.767250514920770E-3
505.000000000000060E+0	998.694532606335010E-3
506.000000000000060E+0	999.084797037398050E-3
507.000000000000060E+0	999.403637178718940E-3
508.000000000000060E+0	998.870606667953580E-3
509.000000000000060E+0	997.464572214524780E-3
510.000000000000060E+0	990.520372398934090E-3
511.000000000000060E+0	998.659970308123480E-3
512.000000000000110E+0	998.648324441277600E-3
513.000000000000110E+0	994.961571603406810E-3
514.000000000000110E+0	992.679019679062800E-3
515.000000000000110E+0	994.865384087271880E-3
516.000000000000110E+0	997.486949058853160E-3
517.000000000000110E+0	999.209253411625470E-3
518.000000000000110E+0	999.020637920779440E-3
519.000000000000110E+0	996.838559606798680E-3
520.000000000000110E+0	998.819346921026470E-3
521.000000000000110E+0	998.687309947840160E-3
522.000000000000110E+0	998.046528497163240E-3
523.000000000000110E+0	997.453947828959910E-3
524.000000000000110E+0	997.767659914555960E-3
525.000000000000110E+0	998.921325478760890E-3
526.000000000000110E+0	999.148503044287260E-3
527.000000000000110E+0	998.912634089691330E-3
528.000000000000110E+0	998.382909324604610E-3
529.000000000000110E+0	996.799075316284420E-3
530.000000000000110E+0	999.348487410794960E-3
531.000000000000110E+0	998.831222814499430E-3
532.000000000000110E+0	994.324121473099340E-3
533.000000000000110E+0	996.584801126846330E-3
534.000000000000110E+0	998.403591760361310E-3
535.000000000000110E+0	998.784456724419840E-3
536.000000000000110E+0	998.112009560220720E-3
537.000000000000110E+0	996.469849846644550E-3
538.000000000000110E+0	994.916768811069720E-3
539.000000000000110E+0	998.985073233120020E-3
540.000000000000110E+0	999.289069712662740E-3
541.000000000000110E+0	999.180149442723820E-3
542.000000000000110E+0	995.867471692505780E-3
543.000000000000110E+0	998.762547867856340E-3
544.000000000000110E+0	999.133158803558680E-3
545.000000000000110E+0	998.896458446017600E-3
546.000000000000110E+0	998.881798079982120E-3
547.000000000000110E+0	997.901506273253580E-3
548.000000000000110E+0	996.627240741497000E-3
549.000000000000110E+0	998.916976190278530E-3
550.000000000000110E+0	998.527586168467930E-3
551.000000000000110E+0	994.314233715977820E-3
552.000000000000110E+0	996.905202541999210E-3
553.000000000000110E+0	998.849826152994670E-3
554.000000000000110E+0	999.274670869077510E-3
555.000000000000110E+0	998.205804145341660E-3
556.000000000000110E+0	997.922655677990320E-3
557.000000000000110E+0	995.943218574919410E-3
558.000000000000110E+0	998.439923341036260E-3
559.000000000000110E+0	999.297637927528010E-3
560.000000000000110E+0	998.330842666679150E-3
561.000000000000110E+0	995.391289898524210E-3
562.000000000000110E+0	998.777210431843980E-3
563.000000000000110E+0	998.312744379237560E-3
564.000000000000110E+0	996.941635768322950E-3
565.000000000000110E+0	996.906780247440730E-3
566.000000000000110E+0	991.271814665551140E-3
567.000000000000110E+0	994.005545907477030E-3
568.000000000000110E+0	994.753219858665160E-3
569.000000000000110E+0	995.933454576106710E-3
570.000000000000110E+0	997.522186966406150E-3
571.000000000000110E+0	998.792222695894520E-3
572.000000000000110E+0	998.563195537702340E-3
573.000000000000110E+0	996.344458886935350E-3
574.000000000000110E+0	980.778709468150930E-3
575.000000000000110E+0	984.327652507580920E-3
576.000000000000110E+0	990.334994664852530E-3
577.000000000000110E+0	996.410085719304560E-3
578.000000000000110E+0	995.670078095917680E-3
579.000000000000110E+0	912.119120705912390E-3
580.000000000000110E+0	990.712186270218060E-3
581.000000000000110E+0	998.058829559285490E-3
582.000000000000110E+0	998.347422816569850E-3
583.000000000000110E+0	998.108468482436390E-3
584.000000000000110E+0	997.305289690990750E-3
585.000000000000110E+0	996.590767150654750E-3
586.000000000000110E+0	999.583891531991010E-3
587.000000000000110E+0	999.440628269332440E-3
588.000000000000110E+0	999.116470704571990E-3
589.000000000000110E+0	993.062232772255690E-3
590.000000000000110E+0	998.551518448011490E-3
591.000000000000110E+0	998.974424739474730E-3
592.000000000000110E+0	998.353146574265440E-3
593.000000000000110E+0	998.286609330293670E-3
594.000000000000110E+0	998.648526608179380E-3
595.000000000000110E+0	998.664458655467930E-3
596.000000000000110E+0	999.082622800623760E-3
597.000000000000110E+0	998.432848305894400E-3
598.000000000000110E+0	995.900688229061750E-3
599.000000000000110E+0	998.388095062488600E-3
600.000000000000110E+0	999.316021541107100E-3
601.000000000000110E+0	999.365313491711980E-3
602.000000000000110E+0	997.215858853206290E-3
603.000000000000110E+0	997.808000997530640E-3
604.000000000000110E+0	999.357640033248560E-3
605.000000000000110E+0	999.327420874557060E-3
606.000000000000110E+0	998.754705700339640E-3
607.000000000000110E+0	998.126788441271230E-3
608.000000000000110E+0	992.631478787492800E-3
609.000000000000110E+0	999.305858278137230E-3
610.000000000000110E+0	998.877880347868950E-3
611.000000000000110E+0	953.935723081883460E-3
612.000000000000110E+0	989.894783166973100E-3
613.000000000000110E+0	997.334864543792050E-3
614.000000000000110E+0	996.707994411636710E-3
615.000000000000110E+0	993.670304718198620E-3
616.000000000000110E+0	993.225975496576760E-3
617.000000000000110E+0	994.255606518851030E-3
618.000000000000110E+0	997.087390512652830E-3
619.000000000000110E+0	998.128698526973610E-3
620.000000000000110E+0	998.006967193249770E-3
621.000000000000110E+0	981.373870741821140E-3
622.000000000000110E+0	998.030724090477660E-3
623.000000000000110E+0	998.807094208464360E-3
624.000000000000110E+0	997.098454163464650E-3
625.000000000000110E+0	996.389184260608300E-3
626.000000000000110E+0	994.392816931446770E-3
627.000000000000110E+0	993.575473876655790E-3
628.000000000000110E+0	998.422874668161150E-3
629.000000000000110E+0	998.731520761649620E-3
630.000000000000110E+0	997.540958436779590E-3
631.000000000000110E+0	993.216491264707120E-3
632.000000000000110E+0	998.885780009960980E-3
633.000000000000110E+0	999.158456350723090E-3
634.000000000000110E+0	997.082847789893090E-3
635.000000000000110E+0	997.716194021050490E-3
636.000000000000110E+0	996.086140009288520E-3
637.000000000000110E+0	998.414609695286610E-3
638.000000000000110E+0	999.111174286977930E-3
639.000000000000110E+0	998.623593328122780E-3
640.000000000000110E+0	986.381540478745270E-3
641.000000000000110E+0	998.299009751822730E-3
642.000000000000110E+0	998.839992871687900E-3
643.000000000000110E+0	998.469521090459940E-3
644.000000000000110E+0	997.199543180093850E-3
645.000000000000110E+0	995.919762109266470E-3
646.000000000000110E+0	998.384626903539240E-3
647.000000000000110E+0	998.986990956645560E-3
648.000000000000110E+0	998.978164348871320E-3
649.000000000000110E+0	997.567237331331120E-3
650.000000000000110E+0	993.538363170645700E-3
651.000000000000110E+0	999.188318135799340E-3
652.000000000000110E+0	998.983558154810990E-3
653.000000000000110E+0	995.450248895922150E-3
654.000000000000110E+0	997.985272912284340E-3
655.000000000000110E+0	998.256869300538580E-3
656.000000000000110E+0	999.297914175039330E-3
657.000000000000110E+0	999.141696594314950E-3
658.000000000000110E+0	996.772254980680560E-3
659.000000000000110E+0	987.370693930137650E-3
660.000000000000110E+0	998.000354461959340E-3
661.000000000000110E+0	999.142532210738560E-3
662.000000000000110E+0	998.412628742892270E-3
663.000000000000110E+0	996.583494083655650E-3
664.000000000000110E+0	998.714676527729380E-3
665.000000000000110E+0	999.239695605934400E-3
666.000000000000110E+0	998.623681579491770E-3
667.000000000000110E+0	999.036592333270800E-3
668.000000000000110E+0	993.977949384406640E-3
669.000000000000110E+0	995.628095211302130E-3
670.000000000000110E+0	997.927899678891730E-3
671.000000000000110E+0	995.335921654741160E-3
672.000000000000110E+0	982.080721097484340E-3
673.000000000000110E+0	995.663985946471650E-3
674.000000000000110E+0	997.558750292245170E-3
675.000000000000110E+0	998.563935377386970E-3
676.000000000000110E+0	998.456989753105150E-3
677.000000000000110E+0	998.753285750824670E-3
678.000000000000110E+0	995.841957524993490E-3
679.000000000000110E+0	999.104469866501250E-3
680.000000000000110E+0	999.603565132047620E-3
681.000000000000110E+0	998.955064729054260E-3
682.000000000000110E+0	997.407614476695460E-3
683.000000000000110E+0	999.053703249989880E-3
684.000000000000110E+0	999.210216468857880E-3
685.000000000000110E+0	998.618730435771430E-3
686.000000000000110E+0	998.334180915934070E-3
687.000000000000110E+0	988.208920787243320E-3
688.000000000000110E+0	998.540727522631230E-3
689.000000000000110E+0	998.275515402411440E-3
690.000000000000110E+0	996.724886556212270E-3
691.000000000000110E+0	994.053117230263020E-3
692.000000000000110E+0	995.876682395710700E-3
693.000000000000110E+0	998.823646946191520E-3
694.000000000000110E+0	997.800544456630910E-3
695.000000000000110E+0	995.098281566720090E-3
696.000000000000110E+0	994.432648504075870E-3
697.000000000000110E+0	996.487300601083150E-3
698.000000000000110E+0	998.475476829966730E-3
699.000000000000110E+0	998.167030512972060E-3
700.000000000000110E+0	993.525971117637190E-3
701.000000000000110E+0	996.077196078774210E-3
702.000000000000110E+0	998.545326052721730E-3
703.000000000000110E+0	998.435014258702180E-3
704.000000000000110E+0	995.736495100287390E-3
705.000000000000110E+0	993.206424011419790E-3
706.000000000000110E+0	996.419635235115670E-3
707.000000000000110E+0	999.133570449169060E-3
708.000000000000110E+0	998.516371160947710E-3
709.000000000000110E+0	998.032416050048220E-3
710.000000000000110E+0	990.891755703059540E-3
711.000000000000110E+0	998.868948753263040E-3
712.000000000000110E+0	999.087078656887170E-3
713.000000000000110E+0	996.434449470475320E-3
714.000000000000110E+0	996.520159718123800E-3
715.000000000000110E+0	996.171084500286350E-3
716.000000000000110E+0	997.739573858604680E-3
717.000000000000110E+0	998.256089393367630E-3
718.000000000000110E+0	998.141277407790910E-3
719.000000000000110E+0	995.847967017000960E-3
720.000000000000110E+0	998.406315315616080E-3
721.000000000000110E+0	999.247703166894370E-3
722.000000000000110E+0	998.973743029015760E-3
723.000000000000110E+0	997.332827887568720E-3
724.000000000000110E+0	994.242338086187230E-3
725.000000000000110E+0	997.592208254809320E-3
726.000000000000110E+0	997.122327265533960E-3
727.000000000000110E+0	997.834178627263870E-3
728.000000000000110E+0	996.460412206082950E-3
729.000000000000110E+0	993.908908874516660E-3
730.000000000000110E+0	998.802269973049440E-3
731.000000000000110E+0	999.074690260823290E-3
732.000000000000110E+0	998.100780623837890E-3
733.000000000000110E+0	997.622242191513630E-3
734.000000000000110E+0	993.576662859890880E-3
735.000000000000110E+0	996.884066791679180E-3
736.000000000000110E+0	994.827639396929420E-3
737.000000000000110E+0	995.292821069404980E-3
738.000000000000110E+0	994.741079558824740E-3
739.000000000000110E+0	997.934484874387850E-3
740.000000000000110E+0	999.021905065767380E-3
741.000000000000110E+0	998.181042791373210E-3
742.000000000000110E+0	990.910567654734400E-3
743.000000000000110E+0	995.552091290749290E-3
744.000000000000110E+0	996.364260930517220E-3
745.000000000000110E+0	993.536846186153120E-3
746.000000000000110E+0	998.110140728687310E-3
747.000000000000110E+0	993.112370819791870E-3
748.000000000000110E+0	997.036771983632830E-3
749.000000000000110E+0	998.897259826981190E-3
750.000000000000110E+0	998.686814096499620E-3
751.000000000000110E+0	996.070677831013880E-3
752.000000000000110E+0	979.655538858406060E-3
753.000000000000110E+0	996.582301930207360E-3
754.000000000000110E+0	997.037938832935900E-3
755.000000000000110E+0	991.139564484177500E-3
756.000000000000110E+0	995.368375219750300E-3
757.000000000000110E+0	997.173823293106890E-3
758.000000000000110E+0	999.361204776329950E-3
759.000000000000110E+0	999.448170119203620E-3
760.000000000000110E+0	997.370828308086320E-3
761.000000000000110E+0	983.721426441077850E-3
762.000000000000110E+0	996.731073711058730E-3
763.000000000000110E+0	998.098274335725620E-3
764.000000000000110E+0	995.414252306370040E-3
765.000000000000110E+0	996.384227022678810E-3
766.000000000000110E+0	994.227796650601790E-3
767.000000000000110E+0	998.503810566894080E-3
768.000000000000110E+0	998.897020772050670E-3
769.000000000000110E+0	998.861020445577670E-3
770.000000000000110E+0	995.888140814287780E-3
771.000000000000110E+0	990.770597602191990E-3
772.000000000000110E+0	998.554448606027160E-3
773.000000000000110E+0	998.462498709437040E-3
774.000000000000110E+0	993.949167884890850E-3
775.000000000000110E+0	995.624710536384570E-3
776.000000000000110E+0	995.722524292889770E-3
777.000000000000110E+0	998.344352585466830E-3
778.000000000000110E+0	998.265974704499630E-3
779.000000000000110E+0	992.304248782964080E-3
780.000000000000110E+0	990.116005324383600E-3
781.000000000000110E+0	996.982773541844280E-3
782.000000000000110E+0	997.138228150385330E-3
783.000000000000110E+0	993.780509753292460E-3
784.000000000000110E+0	990.164907207647050E-3
785.000000000000110E+0	995.107268647396290E-3
786.000000000000110E+0	997.368147329745880E-3
787.000000000000110E+0	997.312903513760450E-3
788.000000000000110E+0	998.204734491229590E-3
789.000000000000110E+0	994.808281533520410E-3
790.000000000000110E+0	994.101776311074210E-3
791.000000000000110E+0	998.697430118830280E-3
792.000000000000110E+0	997.108424065539570E-3
793.000000000000110E+0	992.170871841586920E-3
794.000000000000110E+0	994.454177336661970E-3
795.000000000000110E+0	998.264705583396190E-3
796.000000000000110E+0	998.511943202310850E-3
797.000000000000110E+0	998.720981462349780E-3
798.000000000000110E+0	997.178492680654730E-3
799.000000000000110E+0	992.660654410952300E-3
800.000000000000110E+0	997.623015287238850E-3
801.000000000000110E+0	998.547452556236000E-3
802.000000000000110E+0	994.506302137584400E-3
803.000000000000110E+0	995.442994803365620E-3
804.000000000000110E+0	998.548776478206610E-3
805.000000000000110E+0	998.621534844027490E-3
806.000000000000110E+0	998.628717349115730E-3
807.000000000000110E+0	998.228887726336000E-3
808.000000000000110E+0	991.419958420962200E-3
809.000000000000110E+0	998.367202582186140E-3
810.000000000000110E+0	998.841661894991460E-3
811.000000000000110E+0	997.116518754036400E-3
812.000000000000110E+0	992.399261411183620E-3
813.000000000000110E+0	995.575801852479180E-3
814.000000000000110E+0	998.988734987806270E-3
815.000000000000110E+0	998.226333616861640E-3
816.000000000000110E+0	997.085083920924990E-3
817.000000000000110E+0	996.150972145345200E-3
818.000000000000110E+0	993.531128287012730E-3
819.000000000000110E+0	998.878756522682540E-3
820.000000000000110E+0	998.943775567530000E-3
821.000000000000110E+0	994.258972065748760E-3
822.000000000000110E+0	995.552006417468550E-3
823.000000000000110E+0	998.753049227144030E-3
824.000000000000110E+0	998.518432443546770E-3
825.000000000000110E+0	998.417953160906090E-3
826.000000000000110E+0	994.397002450113980E-3
827.000000000000110E+0	993.238213048458270E-3
828.000000000000110E+0	997.785795099952130E-3
829.000000000000110E+0	997.714271760117070E-3
830.000000000000110E+0	994.014550526323590E-3
831.000000000000110E+0	958.498091192191870E-3
832.000000000000110E+0	997.849550041255860E-3
833.000000000000110E+0	999.101384071085620E-3
834.000000000000110E+0	995.939925065495000E-3
835.000000000000110E+0	995.864752152783580E-3
836.000000000000110E+0	991.783185899196780E-3
837.000000000000110E+0	994.764237908776220E-3
838.000000000000110E+0	998.489312544653010E-3
839.000000000000110E+0	998.159931446811700E-3
840.000000000000110E+0	988.382310585165900E-3
841.000000000000110E+0	992.295926262954370E-3
842.000000000000110E+0	997.913903762626120E-3
843.000000000000110E+0	998.573669359557600E-3
844.000000000000110E+0	996.814315472842940E-3
845.000000000000110E+0	993.349555722096930E-3
846.000000000000110E+0	997.291397377819130E-3
847.000000000000110E+0	997.706742848240350E-3
848.000000000000110E+0	998.329939210681800E-3
849.000000000000110E+0	997.206481806108600E-3
850.000000000000110E+0	982.690673751119740E-3
851.000000000000110E+0	998.909110480192490E-3
852.000000000000110E+0	998.817624561940340E-3
853.000000000000110E+0	997.033989120625800E-3
854.000000000000110E+0	997.965122233032690E-3
855.000000000000110E+0	997.379509191173130E-3
856.000000000000110E+0	998.534909735374950E-3
857.000000000000110E+0	998.726860998696230E-3
858.000000000000110E+0	997.603718099128840E-3
859.000000000000110E+0	995.228490882979930E-3
860.000000000000110E+0	997.547248313389140E-3
861.000000000000110E+0	999.423801257231290E-3
862.000000000000110E+0	998.897418555912080E-3
863.000000000000110E+0	988.988400835062790E-3
864.000000000000110E+0	993.010488289895130E-3
865.000000000000110E+0	995.948206292677880E-3
866.000000000000110E+0	996.215845665662680E-3
867.000000000000110E+0	998.002310070006950E-3
868.000000000000110E+0	995.140840653192970E-3
869.000000000000110E+0	993.547481564577280E-3
870.000000000000110E+0	998.513522544888120E-3
871.000000000000110E+0	997.381112796848710E-3
872.000000000000110E+0	994.051687220186440E-3
873.000000000000110E+0	984.720388326255520E-3
874.000000000000110E+0	997.149079324578860E-3
875.000000000000110E+0	998.103454058398950E-3
876.000000000000110E+0	995.897587242967400E-3
877.000000000000110E+0	995.319530915733550E-3
878.000000000000110E+0	984.489397667108970E-3
879.000000000000110E+0	996.347151887146840E-3
880.000000000000110E+0	998.527036242669810E-3
881.000000000000110E+0	996.397321975185160E-3
882.000000000000110E+0	973.997917629614070E-3
883.000000000000110E+0	995.364787741112030E-3
884.000000000000110E+0	997.009098233561760E-3
885.000000000000110E+0	997.387293460507580E-3
886.000000000000110E+0	997.264590562912610E-3
887.000000000000110E+0	993.434599421771260E-3
888.000000000000110E+0	992.307108868098030E-3
889.000000000000110E+0	996.857772352920280E-3
890.000000000000110E+0	997.007853177317100E-3
891.000000000000110E+0	994.245638463682410E-3
892.000000000000110E+0	989.057648517750800E-3
893.000000000000110E+0	998.140393152939680E-3
894.000000000000110E+0	997.495298974202420E-3
895.000000000000110E+0	995.137148628991050E-3
896.000000000000110E+0	991.143710567012890E-3
897.000000000000110E+0	986.734639746730260E-3
898.000000000000110E+0	997.640655931338550E-3
899.000000000000110E+0	998.199947163100230E-3
900.000000000000110E+0	994.603871138225680E-3
901.000000000000110E+0	944.403568571917210E-3
902.000000000000110E+0	996.103389834295470E-3
903.000000000000110E+0	996.195644142704780E-3
904.000000000000110E+0	991.412938205091690E-3
905.000000000000110E+0	980.854312954460130E-3
906.000000000000110E+0	964.767199840989580E-3
907.000000000000110E+0	900.650119959197080E-3
908.000000000000110E+0	988.688737328448860E-3
909.000000000000110E+0	991.526424076221270E-3
910.000000000000110E+0	966.908518136116780E-3
911.000000000000110E+0	986.013214751681240E-3
912.000000000000110E+0	995.512606787382400E-3
913.000000000000110E+0	993.598420072314690E-3
914.000000000000110E+0	962.173836063371480E-3
915.000000000000110E+0	935.468686353977950E-3
916.000000000000110E+0	976.268502537123050E-3
917.000000000000110E+0	993.582736188656450E-3
918.000000000000110E+0	993.872348548178410E-3
919.000000000000110E+0	991.913199206471470E-3
920.000000000000110E+0	875.293742679917660E-3
921.000000000000110E+0	994.287536088843900E-3
922.000000000000110E+0	996.459931026660420E-3
923.000000000000110E+0	992.013186835219770E-3
924.000000000000110E+0	989.701572017684490E-3
925.000000000000110E+0	996.193914745453160E-3
926.000000000000110E+0	994.662152633214110E-3
927.000000000000110E+0	993.719632339094440E-3
928.000000000000110E+0	991.652358346556850E-3
929.000000000000110E+0	951.135115768393270E-3
930.000000000000110E+0	998.598394761642470E-3
931.000000000000110E+0	999.001414300138330E-3
932.000000000000110E+0	996.518262878399060E-3
933.000000000000110E+0	993.399208532980910E-3
934.000000000000110E+0	992.098173278970760E-3
935.000000000000110E+0	995.753548184463270E-3
936.000000000000110E+0	997.034695299324980E-3
937.000000000000110E+0	995.843069764174910E-3
938.000000000000110E+0	993.403006506308860E-3
939.000000000000110E+0	995.620978588751200E-3
940.000000000000110E+0	999.338730671161080E-3
941.000000000000110E+0	998.507726273813120E-3
942.000000000000110E+0	989.301227532825010E-3
943.000000000000110E+0	989.562351217971650E-3
944.000000000000110E+0	997.741463763692990E-3
945.000000000000110E+0	997.787415990610830E-3
946.000000000000110E+0	997.356891706230100E-3
947.000000000000110E+0	995.268481866074080E-3
948.000000000000110E+0	988.077247492278430E-3
949.000000000000110E+0	997.398255738563220E-3
950.000000000000110E+0	998.871548932114490E-3
951.000000000000110E+0	998.504605109427960E-3
952.000000000000110E+0	989.904699513848520E-3
953.000000000000110E+0	997.874929668493450E-3
954.000000000000110E+0	998.488599889441270E-3
955.000000000000110E+0	996.810425061654400E-3
956.000000000000110E+0	995.867436747818080E-3
957.000000000000110E+0	989.927869783881480E-3
958.000000000000110E+0	995.881028069093180E-3
959.000000000000110E+0	998.400268541053240E-3
960.000000000000110E+0	995.966202609856020E-3
961.000000000000110E+0	991.223212134814120E-3
962.000000000000110E+0	997.142236356767130E-3
963.000000000000110E+0	997.412771799258470E-3
964.000000000000110E+0	993.956510639265160E-3
965.000000000000110E+0	983.938754605405700E-3
966.000000000000110E+0	987.347499417341120E-3
967.000000000000110E+0	986.252271578381470E-3
968.000000000000110E+0	988.781053458677280E-3
969.000000000000110E+0	989.127684946656590E-3
970.000000000000110E+0	960.082994400667800E-3
971.000000000000110E+0	992.494238258375680E-3
972.000000000000110E+0	998.771584129632520E-3
973.000000000000110E+0	997.721954132643200E-3
974.000000000000110E+0	965.280645424290710E-3
975.000000000000110E+0	655.339471412173860E-3
976.000000000000110E+0	979.060283909241490E-3
977.000000000000110E+0	991.971874986562360E-3
978.000000000000110E+0	993.785580390991740E-3
979.000000000000110E+0	987.520531469029180E-3
980.000000000000110E+0	936.618230741996790E-3
981.000000000000110E+0	951.093201720244810E-3
982.000000000000110E+0	989.112055112795540E-3
983.000000000000110E+0	986.801263752849160E-3
984.000000000000110E+0	850.266457057806230E-3
985.000000000000110E+0	979.443235281972630E-3
986.000000000000110E+0	988.180911271935640E-3
987.000000000000110E+0	989.921939989095280E-3
988.000000000000110E+0	992.794535527054430E-3
989.000000000000110E+0	984.211580601359600E-3
990.000000000000110E+0	987.404558236048000E-3
991.000000000000110E+0	996.420009318855100E-3
992.000000000000110E+0	996.423572861375390E-3
993.000000000000110E+0	989.023727844477450E-3
994.000000000000110E+0	956.139215679564390E-3
995.000000000000110E+0	951.041660896735920E-3
996.000000000000110E+0	986.047272843242230E-3
997.000000000000110E+0	976.147265343636050E-3
998.000000000000110E+0	985.568168888310780E-3
999.000000000000110E+0	960.382141437966070E-3
1.000000000000000E+3	994.104367206190000E-3
