Freq (Hz)	accelerometre /source
source
source_Real	accelerometre /source
source
source_Imag
10.000000000000018E+0	80.452366910419126E-3	55.860773966958197E-3
11.000000000000020E+0	-40.740894035829658E-3	51.371310211818698E-3
12.000000000000021E+0	-37.078514030060607E-3	23.671152055597836E-3
13.000000000000023E+0	-68.125947569632944E-3	-18.933379603523360E-3
14.000000000000025E+0	6.533296139219583E-3	4.623434449611540E-3
15.000000000000027E+0	-37.283432169543447E-3	30.203414183500272E-3
16.000000000000028E+0	-64.863285805506904E-3	4.679774167571906E-3
17.000000000000028E+0	-29.672694478880587E-3	30.553925149576212E-3
18.000000000000028E+0	-71.383087577524928E-3	49.958517822985660E-3
19.000000000000028E+0	-63.790961026923040E-3	7.163115475754104E-3
20.000000000000028E+0	-46.810213623808210E-3	67.901079820982591E-3
21.000000000000028E+0	-102.224768900427840E-3	60.926586895748452E-3
22.000000000000028E+0	-61.888666801306710E-3	78.878367986463610E-3
23.000000000000028E+0	-73.605860382411903E-3	93.231286025129048E-3
24.000000000000028E+0	-95.672560543921675E-3	115.228909657456680E-3
25.000000000000028E+0	-84.694776721475448E-3	173.938401690744430E-3
26.000000000000028E+0	-23.156628653203257E-3	208.259131304209920E-3
27.000000000000028E+0	44.508673117538075E-3	185.766597940247830E-3
28.000000000000028E+0	49.458469327145697E-3	156.415785671107090E-3
29.000000000000028E+0	73.676041319877136E-3	101.225076209075750E-3
30.000000000000028E+0	-5.189802663433229E-3	82.022532095445091E-3
31.000000000000028E+0	-16.323323337985422E-3	128.788578797377570E-3
32.000000000000028E+0	53.032356298216406E-3	162.805370628196360E-3
33.000000000000028E+0	49.617309923573744E-3	96.043512991976554E-3
34.000000000000028E+0	49.936617168027324E-3	92.581687674203689E-3
35.000000000000028E+0	14.582406552462311E-3	66.658025108928876E-3
36.000000000000028E+0	-16.994079736682519E-3	97.111175451189011E-3
37.000000000000028E+0	34.250546011824499E-3	160.016456633505190E-3
38.000000000000028E+0	89.561708392931316E-3	87.552140736560008E-3
39.000000000000028E+0	64.276969507028728E-3	52.205111509685445E-3
40.000000000000028E+0	70.358856769383277E-3	90.789659971013167E-3
41.000000000000028E+0	46.091020948253208E-3	81.191012126181225E-3
42.000000000000028E+0	16.832810423012632E-3	87.231794758254155E-3
43.000000000000028E+0	-45.071064643465920E-3	110.785482693058800E-3
44.000000000000028E+0	-117.118811652233850E-3	222.175876734051760E-3
45.000000000000028E+0	-71.846998107355273E-3	251.317643985120580E-3
46.000000000000028E+0	36.858146480581305E-3	271.157654707047450E-3
47.000000000000028E+0	110.749172305687610E-3	92.214549617702118E-3
48.000000000000028E+0	-87.278351041317648E-3	-73.700704386754717E-3
49.000000000000028E+0	143.061549085282260E-3	-25.945501540270022E-3
50.000000000000028E+0	109.380196811723380E-3	107.893840138245680E-3
51.000000000000028E+0	91.284511691206008E-3	140.968939063671330E-3
52.000000000000028E+0	51.372430347716116E-3	170.446734582020950E-3
53.000000000000028E+0	61.772765123798604E-3	180.103733009226140E-3
54.000000000000028E+0	64.423474342733267E-3	152.132081680431410E-3
55.000000000000028E+0	66.335861383930508E-3	148.312637885241790E-3
56.000000000000028E+0	84.528133954747106E-3	124.243844749740180E-3
57.000000000000028E+0	75.788776872056193E-3	101.810688292094980E-3
58.000000000000028E+0	68.671894433278938E-3	72.240291625316200E-3
59.000000000000028E+0	61.904470057684957E-3	94.962191678713836E-3
60.000000000000028E+0	10.396372205787041E-3	128.405809164892890E-3
61.000000000000028E+0	-19.509277500928877E-3	168.013848228837830E-3
62.000000000000028E+0	-49.193212505574298E-3	166.754444543447460E-3
63.000000000000028E+0	-1.575633253033494E-3	185.890963643743190E-3
64.000000000000028E+0	-14.291356521179655E-3	219.432082565330950E-3
65.000000000000028E+0	-14.354521856481063E-3	246.127582111717760E-3
66.000000000000028E+0	14.619216157573200E-3	274.704792617243180E-3
67.000000000000028E+0	25.206294075676917E-3	319.337169293941130E-3
68.000000000000028E+0	8.868016839615148E-3	275.620455778425030E-3
69.000000000000028E+0	50.306032191229769E-3	273.479399215000420E-3
70.000000000000028E+0	75.137498296842964E-3	282.084924317273440E-3
71.000000000000028E+0	104.450187643021800E-3	310.481699767031550E-3
72.000000000000028E+0	54.018659786229370E-3	335.869444006623720E-3
73.000000000000028E+0	61.172515153154881E-3	326.863601565245240E-3
74.000000000000028E+0	70.750136444292760E-3	347.044530067328660E-3
75.000000000000028E+0	78.117495323709485E-3	366.655080954732760E-3
76.000000000000028E+0	131.717712325575750E-3	379.679902305631530E-3
77.000000000000028E+0	166.414564367600330E-3	502.732516453167630E-3
78.000000000000028E+0	141.342503367597100E-3	457.526563067756850E-3
79.000000000000028E+0	210.243087186630790E-3	442.809352625434190E-3
80.000000000000028E+0	302.786219954944920E-3	436.719919573178020E-3
81.000000000000028E+0	337.633367835233070E-3	505.667669273133670E-3
82.000000000000028E+0	385.553753787178770E-3	474.814135857535070E-3
83.000000000000028E+0	409.962569277657010E-3	408.210896651498070E-3
84.000000000000028E+0	429.591517525665430E-3	326.297716014017140E-3
85.000000000000028E+0	505.085767021351220E-3	280.201019451213670E-3
86.000000000000028E+0	494.728671414612130E-3	281.077853829957260E-3
87.000000000000028E+0	509.768504119606170E-3	295.397859680439690E-3
88.000000000000028E+0	472.082998811674090E-3	272.580168670942760E-3
89.000000000000028E+0	460.016960707949170E-3	228.944693449772640E-3
90.000000000000028E+0	506.394211230251300E-3	118.077885155893580E-3
91.000000000000028E+0	452.322216731107170E-3	223.298154860151140E-3
92.000000000000028E+0	465.678457242722170E-3	183.122645901593130E-3
93.000000000000028E+0	484.905111209536000E-3	146.673367776146650E-3
94.000000000000028E+0	474.666712560410040E-3	121.765978082942000E-3
95.000000000000028E+0	457.224657432859950E-3	121.236331048015160E-3
96.000000000000028E+0	339.967434023377420E-3	103.820025003931210E-3
97.000000000000028E+0	326.723494499117810E-3	78.714872605863448E-3
98.000000000000028E+0	306.763443831751530E-3	104.608776303358330E-3
99.000000000000028E+0	292.832762736276290E-3	144.915391736055050E-3
100.000000000000030E+0	229.292615512707690E-3	153.455065715713550E-3
101.000000000000030E+0	308.239241283842780E-3	176.689199314803870E-3
102.000000000000030E+0	383.246181013389700E-3	181.835869476005910E-3
103.000000000000030E+0	529.384216130399430E-3	270.100377514922330E-3
104.000000000000030E+0	353.243526236511400E-3	266.794594228579820E-3
105.000000000000030E+0	363.825659997501050E-3	184.073141940787250E-3
106.000000000000030E+0	410.832453960151720E-3	152.937563548186550E-3
107.000000000000030E+0	431.808148690741520E-3	113.785867694285960E-3
108.000000000000030E+0	412.599937263136870E-3	92.307528329180155E-3
109.000000000000030E+0	451.118703043509480E-3	-11.399148228086204E-3
110.000000000000030E+0	480.937513902891360E-3	156.857715165806680E-3
111.000000000000030E+0	449.450522675329310E-3	145.654191305757880E-3
112.000000000000030E+0	440.034096346011700E-3	143.406909282092270E-3
113.000000000000030E+0	504.668587847591390E-3	109.788422880751200E-3
114.000000000000030E+0	639.039175762010520E-3	327.392709820101210E-3
115.000000000000030E+0	414.687241331328060E-3	319.996315694268400E-3
116.000000000000030E+0	373.470842850564310E-3	235.974718110543410E-3
117.000000000000030E+0	372.927172173081690E-3	186.244134872277120E-3
118.000000000000030E+0	347.957303668427530E-3	221.456999565575020E-3
119.000000000000030E+0	340.416081752288660E-3	-132.361424627700840E-3
120.000000000000030E+0	398.343876759226060E-3	113.866086783476590E-3
121.000000000000030E+0	366.140914126240890E-3	128.591837572621130E-3
122.000000000000030E+0	386.297766207796540E-3	17.308670721053517E-3
123.000000000000030E+0	451.350222381011630E-3	147.199736762052090E-3
124.000000000000030E+0	390.977150238116740E-3	125.162364676511370E-3
125.000000000000030E+0	397.527528253446230E-3	120.173627226054710E-3
126.000000000000030E+0	380.102953722114440E-3	120.663765881049860E-3
127.000000000000030E+0	399.625937023784180E-3	154.797201883276170E-3
128.000000000000030E+0	326.786544103997210E-3	161.924829348627340E-3
129.000000000000030E+0	480.074182869351940E-3	181.350523026413330E-3
130.000000000000030E+0	534.291060354882720E-3	240.186120365110440E-3
131.000000000000030E+0	597.280306411786200E-3	316.603498720485320E-3
132.000000000000030E+0	443.409793515864630E-3	491.505688746379450E-3
133.000000000000030E+0	461.636261811138320E-3	215.681275143909920E-3
134.000000000000030E+0	518.039032369934200E-3	254.067659384219990E-3
135.000000000000030E+0	524.712707367961940E-3	221.885561090147120E-3
136.000000000000030E+0	607.148360462651750E-3	151.706302534743850E-3
137.000000000000030E+0	711.871008628834120E-3	-34.857172182200725E-3
138.000000000000030E+0	919.231315059321760E-3	353.733950070697970E-3
139.000000000000030E+0	876.012906647353980E-3	221.275591273435490E-3
140.000000000000030E+0	994.236897830610530E-3	105.735897024119730E-3
141.000000000000030E+0	1.174864952554313E+0	201.897797723250420E-3
142.000000000000030E+0	1.011656674060078E+0	244.318845888336690E-3
143.000000000000030E+0	920.696909401969020E-3	10.361137545623306E-3
144.000000000000030E+0	915.076715632943350E-3	-205.947452150770760E-3
145.000000000000030E+0	924.443585611217980E-3	-433.658521412476290E-3
146.000000000000030E+0	891.617153643859850E-3	-578.437112599247570E-3
147.000000000000030E+0	819.378081261663340E-3	-1.163961812887955E+0
148.000000000000030E+0	1.279580738762325E+0	-671.016146223936900E-3
149.000000000000030E+0	944.021888579187120E-3	-562.360783702798740E-3
150.000000000000030E+0	676.931274773154510E-3	-535.273022921805230E-3
151.000000000000030E+0	493.508405574088370E-3	-686.813545082109230E-3
152.000000000000030E+0	567.224514165841410E-3	-611.249754842028810E-3
153.000000000000030E+0	386.170193072038310E-3	-431.085390593624770E-3
154.000000000000030E+0	355.369532747760400E-3	-642.560372479629720E-3
155.000000000000030E+0	540.838127894195720E-3	-351.671801544352010E-3
156.000000000000030E+0	-151.173939456531350E-3	-267.740285027148470E-3
157.000000000000030E+0	283.776827394500500E-3	-596.115451546226360E-3
158.000000000000030E+0	395.175827528943920E-3	-491.566038435606030E-3
159.000000000000030E+0	392.047436207255740E-3	-433.024787489496800E-3
160.000000000000030E+0	537.814611667005280E-3	-346.745916923289880E-3
161.000000000000030E+0	176.158938238776070E-3	-302.527749118509490E-3
162.000000000000030E+0	326.442205643947100E-3	-411.376651746021060E-3
163.000000000000030E+0	444.453610488166010E-3	-334.038789385452780E-3
164.000000000000030E+0	361.232246280186690E-3	-211.977406707695910E-3
165.000000000000030E+0	355.115292932286830E-3	-277.179152998277000E-3
166.000000000000030E+0	320.328814120463050E-3	-147.180398125680570E-3
167.000000000000030E+0	279.428421766458820E-3	-341.714420338202710E-3
168.000000000000030E+0	364.844127268271150E-3	-401.859677239997270E-3
169.000000000000030E+0	519.919876389286160E-3	-507.945657176693380E-3
170.000000000000030E+0	543.540009464144380E-3	-184.300941919905590E-3
171.000000000000030E+0	467.224184044272520E-3	-341.516150377999040E-3
172.000000000000030E+0	534.875739375037520E-3	-434.116990287609470E-3
173.000000000000030E+0	560.590010488204670E-3	-474.241376136099460E-3
174.000000000000030E+0	567.457198827400530E-3	-502.425434009480140E-3
175.000000000000030E+0	538.671647077364040E-3	-511.664912677350260E-3
176.000000000000030E+0	432.864247005486980E-3	-586.674751710139720E-3
177.000000000000030E+0	467.784547031829760E-3	-694.666013517436400E-3
178.000000000000030E+0	435.443075725285010E-3	-649.828764094137260E-3
179.000000000000030E+0	409.422101721259700E-3	-1.042497391001008E+0
180.000000000000030E+0	536.720741519248200E-3	-466.045214979443120E-3
181.000000000000030E+0	414.956956968603570E-3	-619.864326339811370E-3
182.000000000000030E+0	459.225375988177750E-3	-745.142384026562080E-3
183.000000000000030E+0	445.744779102849650E-3	-654.309483435965730E-3
184.000000000000030E+0	360.818769761684810E-3	-769.388704018534210E-3
185.000000000000030E+0	419.683158157906020E-3	-734.999400186247430E-3
186.000000000000030E+0	357.833470469970720E-3	-708.969940456125600E-3
187.000000000000030E+0	248.964186002050640E-3	-738.652042994470630E-3
188.000000000000030E+0	268.361969071447830E-3	-863.830878003565620E-3
189.000000000000030E+0	319.107707632731610E-3	-746.004462550676210E-3
190.000000000000030E+0	188.988754666179260E-3	-695.070330462453030E-3
191.000000000000030E+0	64.556299859908614E-3	-734.876740918453120E-3
192.000000000000030E+0	-21.065886024170751E-3	-842.374272158268210E-3
193.000000000000030E+0	63.117852175568187E-3	-855.816724598685850E-3
194.000000000000030E+0	3.697480671400574E-3	-750.381404484979250E-3
195.000000000000030E+0	-41.249777522055900E-3	-746.647509737116350E-3
196.000000000000030E+0	-76.783695171185370E-3	-691.143620358300900E-3
197.000000000000030E+0	-161.683682261437670E-3	-654.685273874368920E-3
198.000000000000030E+0	-208.938122552720870E-3	-803.283627050362710E-3
199.000000000000030E+0	-180.327103646797910E-3	-665.575780003025420E-3
200.000000000000030E+0	-232.621132361614440E-3	-632.870522527636540E-3
201.000000000000030E+0	-233.358089107345620E-3	-639.473004313138800E-3
202.000000000000030E+0	-235.259758281759020E-3	-524.816287938828620E-3
203.000000000000030E+0	-373.480626908362980E-3	-454.842646100185490E-3
204.000000000000030E+0	-421.224964618961970E-3	-449.458380038238900E-3
205.000000000000030E+0	-551.868728998699430E-3	-431.756790561161730E-3
206.000000000000030E+0	-508.736353986551930E-3	-432.747987328680080E-3
207.000000000000030E+0	-581.433207702733660E-3	-210.435756517688280E-3
208.000000000000030E+0	-692.434559425184170E-3	-338.705851978854220E-3
209.000000000000030E+0	-555.701237446919130E-3	-159.133328909285170E-3
210.000000000000030E+0	-475.203850842335520E-3	57.429925431489448E-3
211.000000000000030E+0	-500.293023457811790E-3	360.017580717346740E-3
212.000000000000030E+0	-463.696240780524400E-3	123.040228905010110E-3
213.000000000000030E+0	-191.337453437739470E-3	84.308887333312654E-3
214.000000000000030E+0	-25.497771271908387E-3	144.857820559903700E-3
215.000000000000030E+0	58.449908547027640E-3	140.874725084580100E-3
216.000000000000030E+0	144.150884075266520E-3	196.872613065361000E-3
217.000000000000030E+0	-198.125195453590360E-3	339.088120614283510E-3
218.000000000000030E+0	-183.998642213095500E-3	46.569421823738535E-3
219.000000000000030E+0	-101.074572829023780E-3	-70.907404609755420E-3
220.000000000000030E+0	25.621722815420384E-3	-77.801779320282566E-3
221.000000000000030E+0	104.314354839246200E-3	-54.702212859074985E-3
222.000000000000030E+0	145.568439010308410E-3	72.988208244383942E-3
223.000000000000030E+0	138.931684266140610E-3	81.013369091220103E-3
224.000000000000030E+0	141.634113265714040E-3	125.892877906676330E-3
225.000000000000030E+0	121.088060361527750E-3	47.471777724842359E-3
226.000000000000030E+0	179.288168197658580E-3	-26.813575061357287E-3
227.000000000000030E+0	195.280424148615820E-3	30.818224935422030E-3
228.000000000000030E+0	179.665878901798690E-3	-14.438793894958991E-3
229.000000000000030E+0	179.208191206614520E-3	-42.992929644417116E-3
230.000000000000030E+0	177.923828047035050E-3	-88.103310655599537E-3
231.000000000000030E+0	210.999681339157280E-3	-117.439701249487480E-3
232.000000000000030E+0	212.286404533730320E-3	-129.354927621022960E-3
233.000000000000030E+0	186.211848039495280E-3	-149.502407419533860E-3
234.000000000000030E+0	178.201370716898320E-3	-155.049579220315540E-3
235.000000000000030E+0	150.492706487708180E-3	-146.956917742907560E-3
236.000000000000030E+0	86.481389462323421E-3	-179.734310549745650E-3
237.000000000000030E+0	82.534404450873539E-3	-210.503208893092180E-3
238.000000000000030E+0	76.465464564208996E-3	-173.774425987624910E-3
239.000000000000030E+0	58.525896439248597E-3	-144.339633853973640E-3
240.000000000000030E+0	91.731239086652858E-3	-154.373307319072510E-3
241.000000000000030E+0	105.701647923295410E-3	-111.103016256546100E-3
242.000000000000030E+0	109.573474760894420E-3	-100.806694669940470E-3
243.000000000000030E+0	154.789483469219340E-3	-92.565977842804667E-3
244.000000000000030E+0	169.367901362293990E-3	-65.424173774854974E-3
245.000000000000030E+0	208.086674061559090E-3	-61.964772110440769E-3
246.000000000000030E+0	232.501959266467110E-3	-10.708539200719866E-3
247.000000000000030E+0	244.387427778572530E-3	15.297814042631398E-3
248.000000000000030E+0	219.105150088634400E-3	32.451535756338232E-3
249.000000000000030E+0	209.425267714964340E-3	42.251980180562934E-3
250.000000000000030E+0	189.302521666654400E-3	-22.248447055898585E-3
251.000000000000030E+0	209.812162718880170E-3	-45.476588943815115E-3
252.000000000000030E+0	185.322240520716640E-3	-89.299326322098166E-3
253.000000000000030E+0	204.495610279809390E-3	-177.893810078622120E-3
254.000000000000030E+0	234.849938180498120E-3	-217.527417916346300E-3
255.000000000000030E+0	268.461814523947960E-3	-213.789097092354270E-3
256.000000000000060E+0	285.251531171770990E-3	-154.666411758666970E-3
257.000000000000060E+0	255.205057740331250E-3	-131.064065781296920E-3
258.000000000000060E+0	284.992228406217630E-3	-172.988210922022910E-3
259.000000000000060E+0	319.526671111130700E-3	-39.649406310396137E-3
260.000000000000060E+0	309.742517163604070E-3	-74.009283087147645E-3
261.000000000000060E+0	396.406634746930890E-3	-25.688136089799852E-3
262.000000000000060E+0	335.990513845204560E-3	75.105322797421839E-3
263.000000000000060E+0	242.880079584614740E-3	64.894987061855883E-3
264.000000000000060E+0	224.628673801847340E-3	-46.185217427611704E-3
265.000000000000060E+0	308.601743478363330E-3	-97.849927573182865E-3
266.000000000000060E+0	402.980131795120660E-3	-98.694317482379945E-3
267.000000000000060E+0	406.797744203183820E-3	-57.599172307960585E-3
268.000000000000060E+0	365.386942861941730E-3	-250.166828267416490E-3
269.000000000000060E+0	609.558587762906280E-3	-215.286081418106430E-3
270.000000000000060E+0	607.081895511981990E-3	-207.822548198207810E-3
271.000000000000060E+0	718.898324541948020E-3	-223.546845191817140E-3
272.000000000000060E+0	577.153063941948980E-3	-179.149602134424020E-3
273.000000000000060E+0	636.768846742650660E-3	-319.551283145306670E-3
274.000000000000060E+0	659.574965920241230E-3	-337.734956973300420E-3
275.000000000000060E+0	610.913560022537490E-3	-457.527992771176670E-3
276.000000000000060E+0	637.149988956695940E-3	-551.926100107859030E-3
277.000000000000060E+0	533.483554398361260E-3	-634.163245958783820E-3
278.000000000000060E+0	545.221090988420750E-3	-806.323342753827550E-3
279.000000000000060E+0	462.062468741242290E-3	-892.847263358280910E-3
280.000000000000060E+0	407.999488439643510E-3	-959.724906709176540E-3
281.000000000000060E+0	324.831617080782400E-3	-959.750483856544820E-3
282.000000000000060E+0	214.865841369645010E-3	-893.311184899299280E-3
283.000000000000060E+0	109.896384737977830E-3	-883.343874233372680E-3
284.000000000000060E+0	70.836058456553136E-3	-865.310552724369520E-3
285.000000000000060E+0	17.183783701129496E-3	-753.179962092103140E-3
286.000000000000060E+0	-42.031694236172777E-3	-696.964563164285900E-3
287.000000000000060E+0	-238.610885590294720E-3	-672.971965561231510E-3
288.000000000000060E+0	-168.657275509468460E-3	-753.676233168103730E-3
289.000000000000060E+0	-192.005936569749490E-3	-716.676430411595340E-3
290.000000000000060E+0	-256.914988139448020E-3	-733.929816295606380E-3
291.000000000000060E+0	-231.125024824582250E-3	-699.652602725761350E-3
292.000000000000060E+0	-292.332724642316690E-3	-669.044323602893230E-3
293.000000000000060E+0	-284.657702671424590E-3	-639.213009932891320E-3
294.000000000000060E+0	-312.861403383759890E-3	-513.847822053973060E-3
295.000000000000060E+0	-393.168293986938200E-3	-423.549101031987120E-3
296.000000000000060E+0	-492.197041907088070E-3	-367.179978394605920E-3
297.000000000000060E+0	-538.820387110325980E-3	-395.732767768210370E-3
298.000000000000060E+0	-486.910881242211320E-3	-346.142630295430460E-3
299.000000000000060E+0	-476.317228812188240E-3	-297.814880773081380E-3
300.000000000000060E+0	-465.761699068361010E-3	-277.785236172085840E-3
301.000000000000060E+0	-338.048794569666360E-3	-214.371130781932760E-3
302.000000000000060E+0	-277.905820954581610E-3	-103.529508762974050E-3
303.000000000000060E+0	-234.695138985729130E-3	74.689655256598542E-3
304.000000000000060E+0	-276.753675387090000E-3	-4.381527339672883E-3
305.000000000000060E+0	-157.150037231278740E-3	68.033074702669408E-3
306.000000000000060E+0	-309.212119109901430E-3	52.792691724002042E-3
307.000000000000060E+0	-225.551980368872280E-3	-38.684999255575628E-3
308.000000000000060E+0	-180.812416929640620E-3	-51.934136260340026E-3
309.000000000000060E+0	-109.423879095417900E-3	-65.026872986405762E-3
310.000000000000060E+0	-20.796122823148726E-3	93.130715758404037E-3
311.000000000000060E+0	-10.166510200059894E-3	93.763584368207406E-3
312.000000000000060E+0	51.206426546493884E-3	97.733156565641688E-3
313.000000000000060E+0	90.104317706866568E-3	171.553902873912340E-3
314.000000000000060E+0	43.111401448332150E-3	79.663711686523739E-3
315.000000000000060E+0	78.168167539061320E-3	84.461995526938935E-3
316.000000000000060E+0	45.750034770017094E-3	18.777315427305503E-3
317.000000000000060E+0	110.040732067267620E-3	-11.703042484124926E-3
318.000000000000060E+0	150.322704379734220E-3	-33.961495060040058E-3
319.000000000000060E+0	255.696152995465440E-3	-44.344641985293330E-3
320.000000000000060E+0	232.317570652768230E-3	7.369814027539383E-3
321.000000000000060E+0	245.391338322045070E-3	4.679966043792879E-3
322.000000000000060E+0	217.501430054830110E-3	47.404169559093712E-3
323.000000000000060E+0	168.680934480135690E-3	-11.184321828289091E-3
324.000000000000060E+0	147.899100374206730E-3	-89.863660239944812E-3
325.000000000000060E+0	244.226180081062420E-3	-171.945359720701740E-3
326.000000000000060E+0	301.236556943265570E-3	-194.816200778033240E-3
327.000000000000060E+0	352.406912522826190E-3	-205.233112197631630E-3
328.000000000000060E+0	409.187613510777260E-3	-237.366223925349090E-3
329.000000000000060E+0	398.616275965672840E-3	-108.739463572735170E-3
330.000000000000060E+0	360.222718750497610E-3	-198.248279126481850E-3
331.000000000000060E+0	362.296941510032060E-3	-194.453862725753380E-3
332.000000000000060E+0	209.026537408992380E-3	-256.948292076615400E-3
333.000000000000060E+0	217.052281061404230E-3	-408.790523870889600E-3
334.000000000000060E+0	195.482599133270350E-3	-465.396602049692350E-3
335.000000000000060E+0	161.843233446431030E-3	-545.729906929746430E-3
336.000000000000060E+0	130.953347051356330E-3	-548.886812206969440E-3
337.000000000000060E+0	96.742747269099483E-3	-557.462012436865880E-3
338.000000000000060E+0	18.846646312717822E-3	-371.103315551794380E-3
339.000000000000060E+0	-93.690256338002764E-3	-364.215318072092340E-3
340.000000000000060E+0	-187.445100772985320E-3	-323.062947859507070E-3
341.000000000000060E+0	-159.033444191598460E-3	-266.938393917319440E-3
342.000000000000060E+0	-205.022904860519580E-3	-47.898248298782337E-3
343.000000000000060E+0	-273.517417507891270E-3	-71.260843338306748E-3
344.000000000000060E+0	-137.030344189834310E-3	-112.590375658135070E-3
345.000000000000060E+0	116.442064411851230E-3	6.983392225645538E-3
346.000000000000060E+0	92.675271341979254E-3	145.051984332976530E-3
347.000000000000060E+0	157.511868556124840E-3	70.732380476510107E-3
348.000000000000060E+0	165.602423371870870E-3	112.045304966177110E-3
349.000000000000060E+0	165.655683860739450E-3	32.488357563007698E-3
350.000000000000060E+0	161.777700976864170E-3	-22.200858518310121E-3
351.000000000000060E+0	266.034043738031520E-3	-197.666669955581210E-3
352.000000000000060E+0	453.458631079299290E-3	-157.544788001793250E-3
353.000000000000060E+0	514.794768700026830E-3	-40.699640921893730E-3
354.000000000000060E+0	547.641822566912410E-3	-8.709416218394724E-3
355.000000000000060E+0	563.801297805455630E-3	64.994672621731794E-3
356.000000000000060E+0	574.104426715676960E-3	47.117453733578216E-3
357.000000000000060E+0	524.260400503891440E-3	-52.167799794309390E-3
358.000000000000060E+0	587.980066493731580E-3	-197.889817270661040E-3
359.000000000000060E+0	647.092741923164020E-3	-312.095317171392550E-3
360.000000000000060E+0	717.080577441130070E-3	-544.501661492526770E-3
361.000000000000060E+0	1.207273853395954E+0	-409.642716133209460E-3
362.000000000000060E+0	981.024207367339640E-3	-506.955955884420220E-3
363.000000000000060E+0	1.054093700955969E+0	-672.591908471891650E-3
364.000000000000060E+0	953.540717037989930E-3	-650.680013940601490E-3
365.000000000000060E+0	721.335935377902640E-3	-958.677410000924550E-3
366.000000000000060E+0	585.624623034102450E-3	-1.509733976732599E+0
367.000000000000060E+0	592.065754741233240E-3	-1.794391189774571E+0
368.000000000000060E+0	303.849725596353200E-3	-1.878987323961467E+0
369.000000000000060E+0	178.813307542185750E-3	-2.065022938886772E+0
370.000000000000060E+0	137.064291641676690E-3	-1.692651617105581E+0
371.000000000000060E+0	-69.899257149722324E-3	-1.157795101368775E+0
372.000000000000060E+0	-292.974876013210320E-3	-892.380857824515480E-3
373.000000000000060E+0	-294.936423108895400E-3	-722.781506411132480E-3
374.000000000000060E+0	-552.095673333511950E-3	-622.570608886378720E-3
375.000000000000060E+0	-706.367958300343050E-3	-689.493862824202660E-3
376.000000000000060E+0	-700.941094391183910E-3	-967.298812052547860E-3
377.000000000000060E+0	-464.188407591741510E-3	-1.023892101502778E+0
378.000000000000060E+0	-410.398243160955800E-3	-1.003439541467267E+0
379.000000000000060E+0	-196.566429334743800E-3	-1.188896587589026E+0
380.000000000000060E+0	-62.303498555958105E-3	-489.666192294278100E-3
381.000000000000060E+0	-328.715892273475920E-3	-526.028197723360180E-3
382.000000000000060E+0	-521.484747458815120E-3	-478.757495332825360E-3
383.000000000000060E+0	-691.503545783571980E-3	-632.629602305330050E-3
384.000000000000060E+0	-712.642401978229480E-3	-637.235548746282850E-3
385.000000000000060E+0	-660.132732635328460E-3	-628.160118619739750E-3
386.000000000000060E+0	-652.493988158313610E-3	-533.824930393362760E-3
387.000000000000060E+0	-580.833453820018720E-3	-509.413825063725680E-3
388.000000000000060E+0	-529.450027894718620E-3	-470.995003340067330E-3
389.000000000000060E+0	-361.862565713651880E-3	-526.531727077467870E-3
390.000000000000060E+0	-322.473397433197860E-3	-339.806381828710310E-3
391.000000000000060E+0	-373.437767300619280E-3	-291.933137122107170E-3
392.000000000000060E+0	-402.483778887013420E-3	-259.052448409672620E-3
393.000000000000060E+0	-497.296692828596290E-3	-256.465742058172460E-3
394.000000000000060E+0	-513.929844462233220E-3	-326.041333402277870E-3
395.000000000000060E+0	-431.419625797813680E-3	-397.902165796705400E-3
396.000000000000060E+0	-386.740312628927270E-3	-301.555081221511260E-3
397.000000000000060E+0	-418.883149772175330E-3	-267.818634546869330E-3
398.000000000000060E+0	-452.133326318385650E-3	-324.028064216738300E-3
399.000000000000060E+0	-345.050912941778640E-3	-254.243930007660270E-3
400.000000000000060E+0	-380.533097464158310E-3	-209.769860931419970E-3
401.000000000000060E+0	-388.284700422149350E-3	-220.374249703733290E-3
402.000000000000060E+0	-358.332722449283770E-3	-215.058754062808890E-3
403.000000000000060E+0	-378.251041595676350E-3	-166.636961056293860E-3
404.000000000000060E+0	-376.094172132028840E-3	-159.213864947522400E-3
405.000000000000060E+0	-418.540149384750540E-3	-130.301027673357490E-3
406.000000000000060E+0	-377.762750946718410E-3	-164.643764994835680E-3
407.000000000000060E+0	-380.797967205990300E-3	-126.044162246950560E-3
408.000000000000060E+0	-323.976428301646470E-3	-193.493890278926990E-3
409.000000000000060E+0	-272.149781807482010E-3	-78.108745955906347E-3
410.000000000000060E+0	-286.690457521811160E-3	-22.076571783433554E-3
411.000000000000060E+0	-276.751318069870690E-3	-39.042852033432669E-3
412.000000000000060E+0	-255.436870832598920E-3	-5.313603062241662E-3
413.000000000000060E+0	-229.627579472019730E-3	-30.379890419662200E-3
414.000000000000060E+0	-173.255012449395420E-3	-23.952876144954477E-3
415.000000000000060E+0	-142.615815438976580E-3	1.272377276852300E-3
416.000000000000060E+0	-157.825936064654370E-3	10.811754368011380E-3
417.000000000000060E+0	-93.322769957860791E-3	-53.393161797252398E-3
418.000000000000060E+0	-71.775363544195017E-3	-18.965104816608506E-3
419.000000000000060E+0	-84.304954223989564E-3	-36.817107403854618E-3
420.000000000000060E+0	-49.109775654803685E-3	-71.754002656433946E-3
421.000000000000060E+0	-96.390153056803832E-3	-45.874185710698796E-3
422.000000000000060E+0	-13.020677796233570E-3	-155.481106679385750E-3
423.000000000000060E+0	25.129107561004355E-3	-131.902597974839940E-3
424.000000000000060E+0	28.878696765289740E-3	-87.740303812224266E-3
425.000000000000060E+0	-23.266190460924239E-3	-146.421534092942230E-3
426.000000000000060E+0	-1.127886261671649E-3	-150.380459995243330E-3
427.000000000000060E+0	-19.955022060527211E-3	-259.743020349646750E-3
428.000000000000060E+0	46.236877423736812E-3	-273.101764025083790E-3
429.000000000000060E+0	83.957107944285334E-3	-261.746207672300610E-3
430.000000000000060E+0	52.088964662603265E-3	-226.653525073109350E-3
431.000000000000060E+0	-87.161820074982216E-3	-294.228915491619780E-3
432.000000000000060E+0	-29.013193814879931E-3	-407.773948046630970E-3
433.000000000000060E+0	2.107184553392408E-3	-446.805968592212050E-3
434.000000000000060E+0	48.317322689130374E-3	-417.154514455409740E-3
435.000000000000060E+0	-53.492714180616338E-3	-389.456351747893890E-3
436.000000000000060E+0	-106.381055080623480E-3	-443.624702043235120E-3
437.000000000000060E+0	-189.274912881580850E-3	-481.183979123565250E-3
438.000000000000060E+0	-242.993330482860010E-3	-561.248487869047570E-3
439.000000000000060E+0	-270.778157045506780E-3	-582.809903094006930E-3
440.000000000000060E+0	-385.071769314265010E-3	-405.328448264479000E-3
441.000000000000060E+0	-542.296702087382790E-3	-465.652286158231290E-3
442.000000000000060E+0	-633.034719556222040E-3	-389.956131482587180E-3
443.000000000000060E+0	-695.807307658821040E-3	-322.963328369398840E-3
444.000000000000060E+0	-686.427418828277740E-3	-197.199258800301920E-3
445.000000000000060E+0	-676.798129226111600E-3	-18.908699402529879E-3
446.000000000000060E+0	-603.854182768972400E-3	108.810637817583640E-3
447.000000000000060E+0	-493.766745292701480E-3	241.654939477554870E-3
448.000000000000060E+0	-426.879014501209800E-3	316.944975573946850E-3
449.000000000000060E+0	-301.877713907631790E-3	346.777310386453870E-3
450.000000000000060E+0	-158.327002697731150E-3	382.030480972332780E-3
451.000000000000060E+0	-75.678210961376002E-3	354.418125759741520E-3
452.000000000000060E+0	54.974416555900144E-3	252.377108439679200E-3
453.000000000000060E+0	224.557472848660340E-3	232.697644856670350E-3
454.000000000000060E+0	274.568666801449030E-3	169.278461883514280E-3
455.000000000000060E+0	316.544905757009220E-3	142.088838279456790E-3
456.000000000000060E+0	365.036945138261400E-3	75.311473139417759E-3
457.000000000000060E+0	413.235984792112320E-3	23.687863380941962E-3
458.000000000000060E+0	394.121626009303060E-3	-70.762449150323842E-3
459.000000000000060E+0	583.110870409236930E-3	-190.581528110063870E-3
460.000000000000060E+0	496.418216061920490E-3	-226.320005677045490E-3
461.000000000000060E+0	538.844654935042630E-3	-329.395944312207480E-3
462.000000000000060E+0	504.136667756953200E-3	-384.475967041627180E-3
463.000000000000060E+0	484.397778981181800E-3	-518.398084902430000E-3
464.000000000000060E+0	505.429090291433460E-3	-606.886029795356880E-3
465.000000000000060E+0	470.085026499588830E-3	-716.036713176765430E-3
466.000000000000060E+0	458.341080265727950E-3	-807.120545166946420E-3
467.000000000000060E+0	351.934460237136980E-3	-816.550453086914540E-3
468.000000000000060E+0	240.168211618545790E-3	-982.500789255510650E-3
469.000000000000060E+0	301.988507103082670E-3	-980.993815975302330E-3
470.000000000000060E+0	141.982760959539180E-3	-1.022426260396962E+0
471.000000000000060E+0	38.270775009721647E-3	-1.090381372445941E+0
472.000000000000060E+0	-63.712891918392481E-3	-1.175917515194767E+0
473.000000000000060E+0	-167.435788581839050E-3	-1.141468653348206E+0
474.000000000000060E+0	-317.524553039371050E-3	-1.116597868526293E+0
475.000000000000060E+0	-452.327994209940190E-3	-1.176217660988297E+0
476.000000000000060E+0	-452.597276092450040E-3	-1.212297147008589E+0
477.000000000000060E+0	-530.440116931819030E-3	-1.038700996878821E+0
478.000000000000060E+0	-734.606607249114530E-3	-1.018650421771541E+0
479.000000000000060E+0	-828.445183509286420E-3	-885.033205661627020E-3
480.000000000000060E+0	-996.790962947543210E-3	-766.218264665651460E-3
481.000000000000060E+0	-1.102407710521458E+0	-709.552351757077650E-3
482.000000000000060E+0	-1.037120354861010E+0	-767.217239186528290E-3
483.000000000000060E+0	-961.432546568059880E-3	-531.914981737540590E-3
484.000000000000060E+0	-1.001386408942615E+0	-412.256616843124310E-3
485.000000000000060E+0	-904.382367968976970E-3	-414.219638684005520E-3
486.000000000000060E+0	-858.369153464779820E-3	-224.355387185270790E-3
487.000000000000060E+0	-917.933899838133000E-3	-186.123304596076570E-3
488.000000000000060E+0	-812.358704358377980E-3	-155.042680874605650E-3
489.000000000000060E+0	-784.504683665086970E-3	-100.707523241435710E-3
490.000000000000060E+0	-786.891518178972960E-3	-75.300237139457882E-3
491.000000000000060E+0	-794.685916245851280E-3	-163.008574376596520E-3
492.000000000000060E+0	-689.336579099086410E-3	-146.373377289848840E-3
493.000000000000060E+0	-665.738865319888130E-3	-115.082593432674050E-3
494.000000000000060E+0	-659.580441731010940E-3	-84.243310480184005E-3
495.000000000000060E+0	-657.093002658660000E-3	-69.220188623189072E-3
496.000000000000060E+0	-670.246350190690900E-3	-43.149339435794423E-3
497.000000000000060E+0	-683.954368101046370E-3	-38.297109387281515E-3
498.000000000000060E+0	-679.989138484043740E-3	-53.844560002922544E-3
499.000000000000060E+0	-667.557523469761050E-3	-35.187811307085440E-3
500.000000000000060E+0	-642.973369055212410E-3	-51.248538559300172E-3
501.000000000000060E+0	-603.930688340946320E-3	11.837718732780399E-3
502.000000000000060E+0	-586.245420356830140E-3	58.010208371791272E-3
503.000000000000060E+0	-605.559660112444220E-3	94.492637282242387E-3
504.000000000000060E+0	-605.612525954818400E-3	76.617768829832261E-3
505.000000000000060E+0	-571.113349009290670E-3	116.796078824682210E-3
506.000000000000060E+0	-627.697426278183810E-3	37.506387215933454E-3
507.000000000000060E+0	-527.204838203146120E-3	68.501194426434042E-3
508.000000000000060E+0	-500.280649823206190E-3	78.840559597729884E-3
509.000000000000060E+0	-406.509059189913810E-3	98.447441720971196E-3
510.000000000000060E+0	-330.729462650006860E-3	194.532965342518040E-3
511.000000000000060E+0	-362.761657888854780E-3	194.825114824569850E-3
512.000000000000110E+0	-314.691862694222450E-3	177.204704730812100E-3
513.000000000000110E+0	-286.870625809717450E-3	169.682661273108020E-3
514.000000000000110E+0	-276.994844589786400E-3	142.555183652627070E-3
515.000000000000110E+0	-287.641841360413210E-3	86.549812182238769E-3
516.000000000000110E+0	-284.685435249801610E-3	71.213454648936345E-3
517.000000000000110E+0	-343.566723662054760E-3	41.455198575493186E-3
518.000000000000110E+0	-356.503877178477370E-3	12.390498851265131E-3
519.000000000000110E+0	-367.525777423737210E-3	-84.580996766932717E-3
520.000000000000110E+0	-258.791134966522120E-3	-27.454598310321595E-3
521.000000000000110E+0	-266.464269933480210E-3	15.740050724312525E-3
522.000000000000110E+0	-292.420087096866010E-3	25.490791638120895E-3
523.000000000000110E+0	-327.141538432257910E-3	-2.458711347342114E-3
524.000000000000110E+0	-312.431543108236680E-3	-37.758707828548087E-3
525.000000000000110E+0	-329.681211652327610E-3	-34.132527744734804E-3
526.000000000000110E+0	-369.006849864618570E-3	-45.869535935135888E-3
527.000000000000110E+0	-387.594639074631990E-3	-61.296817515159994E-3
528.000000000000110E+0	-382.694638452837300E-3	-17.017838547001632E-3
529.000000000000110E+0	-432.234360948540790E-3	684.710957402191970E-6
530.000000000000110E+0	-394.375304456307810E-3	22.729424268159808E-3
531.000000000000110E+0	-376.964141442009960E-3	45.968383983765300E-3
532.000000000000110E+0	-373.446796356132760E-3	54.421380242088653E-3
533.000000000000110E+0	-345.612557865235980E-3	81.930966092229038E-3
534.000000000000110E+0	-386.813263772721460E-3	93.122253768686880E-3
535.000000000000110E+0	-372.609041442028550E-3	64.920030531847195E-3
536.000000000000110E+0	-350.595724615608670E-3	51.738987745902784E-3
537.000000000000110E+0	-300.505647138306020E-3	68.864673711763205E-3
538.000000000000110E+0	-319.534153155694560E-3	127.724352663059560E-3
539.000000000000110E+0	-301.962900502677930E-3	109.003735258500350E-3
540.000000000000110E+0	-298.847649531255870E-3	141.241329041142670E-3
541.000000000000110E+0	-328.651578666559970E-3	109.554040436127390E-3
542.000000000000110E+0	-271.229208406414960E-3	13.049558999073875E-3
543.000000000000110E+0	-204.209659946986920E-3	92.419530429051253E-3
544.000000000000110E+0	-209.078788159895470E-3	111.322289584427120E-3
545.000000000000110E+0	-247.446013672055210E-3	117.799962194985900E-3
546.000000000000110E+0	-263.105457133258280E-3	81.593591725199477E-3
547.000000000000110E+0	-285.024793220180260E-3	54.208176972065959E-3
548.000000000000110E+0	-218.715932542175720E-3	26.958152818128803E-3
549.000000000000110E+0	-231.447396596928890E-3	60.881537288804161E-3
550.000000000000110E+0	-234.825496965654990E-3	58.863738797095028E-3
551.000000000000110E+0	-205.963579592590010E-3	47.365343182229680E-3
552.000000000000110E+0	-198.429302150801260E-3	95.097541184730613E-3
553.000000000000110E+0	-218.389045660510710E-3	88.178136356745207E-3
554.000000000000110E+0	-218.249219117179120E-3	85.492612601211437E-3
555.000000000000110E+0	-231.459348447618870E-3	72.242255473134134E-3
556.000000000000110E+0	-235.590410130364860E-3	55.101712704274171E-3
557.000000000000110E+0	-182.638421859345010E-3	-8.028736434409748E-3
558.000000000000110E+0	-137.853197449750500E-3	37.634761182365362E-3
559.000000000000110E+0	-142.736184301453660E-3	64.897075671873944E-3
560.000000000000110E+0	-137.942599137296400E-3	59.712381022457461E-3
561.000000000000110E+0	-165.653890006164840E-3	131.237412304104820E-3
562.000000000000110E+0	-169.194400489895310E-3	60.655485022211318E-3
563.000000000000110E+0	-159.338536435871040E-3	65.261294244273765E-3
564.000000000000110E+0	-172.384484496206940E-3	46.213101548019705E-3
565.000000000000110E+0	-171.262016428126800E-3	32.999372152493558E-3
566.000000000000110E+0	-138.966036112727200E-3	-48.514236027935302E-3
567.000000000000110E+0	-78.781553928394102E-3	13.857454417766481E-3
568.000000000000110E+0	-68.738634793989603E-3	29.082889718583641E-3
569.000000000000110E+0	-61.118712477155057E-3	60.515725332595909E-3
570.000000000000110E+0	-119.099932671306530E-3	144.646662213778810E-3
571.000000000000110E+0	-186.832673631203680E-3	-42.324090754684789E-3
572.000000000000110E+0	-104.408063361927750E-3	-65.855517532758673E-3
573.000000000000110E+0	-67.837275015087628E-3	-77.777991617743417E-3
574.000000000000110E+0	-13.317869951831316E-3	-84.548434648411941E-3
575.000000000000110E+0	-27.180481008537805E-3	-80.143907251371063E-3
576.000000000000110E+0	-23.001146030687786E-3	-140.632388153980240E-3
577.000000000000110E+0	29.631677580140174E-3	-168.607068251836270E-3
578.000000000000110E+0	69.844428885986243E-3	-167.291169828499340E-3
579.000000000000110E+0	55.895699077134132E-3	-54.432889115684682E-3
580.000000000000110E+0	-220.617427911519280E-3	-184.642486478089150E-3
581.000000000000110E+0	-177.158757053819920E-3	-311.782242923084320E-3
582.000000000000110E+0	-225.518029251226440E-3	-392.684735873225830E-3
583.000000000000110E+0	-189.123573615738730E-3	-585.587556999612070E-3
584.000000000000110E+0	-7.432330029386916E-3	-618.012796703382830E-3
585.000000000000110E+0	-66.405241577313187E-3	-397.488664188074710E-3
586.000000000000110E+0	-221.940905922012270E-3	-440.274683891158040E-3
587.000000000000110E+0	-354.818526875284590E-3	-473.320733791260380E-3
588.000000000000110E+0	-499.374902865917070E-3	-499.407320935084220E-3
589.000000000000110E+0	-627.195430639939880E-3	-476.212342205737380E-3
590.000000000000110E+0	-798.723624803096670E-3	-473.507707543712740E-3
591.000000000000110E+0	-926.265830629410920E-3	-384.676421472164690E-3
592.000000000000110E+0	-1.114206094446446E+0	-274.512440503011380E-3
593.000000000000110E+0	-1.085538958175855E+0	-367.348850199313790E-3
594.000000000000110E+0	-961.608440389854050E-3	-154.746807847763430E-3
595.000000000000110E+0	-891.049382149703080E-3	43.993088271491107E-3
596.000000000000110E+0	-849.427936165297330E-3	235.895556429034760E-3
597.000000000000110E+0	-840.254814525520980E-3	387.926618187877990E-3
598.000000000000110E+0	-866.358705657532810E-3	574.710592850304120E-3
599.000000000000110E+0	-924.163423120440090E-3	525.084686278397880E-3
600.000000000000110E+0	-773.366457396628460E-3	580.884619859210470E-3
601.000000000000110E+0	-651.552611156384190E-3	671.930105293648160E-3
602.000000000000110E+0	-579.546148463071620E-3	731.394451154090850E-3
603.000000000000110E+0	-269.086447363688860E-3	615.772707352308930E-3
604.000000000000110E+0	-68.733874413138996E-3	677.188281786435310E-3
605.000000000000110E+0	60.688314023857132E-3	594.927099448622760E-3
606.000000000000110E+0	86.955874723445029E-3	519.131770322389550E-3
607.000000000000110E+0	29.734949678294261E-3	353.597866056777180E-3
608.000000000000110E+0	-35.581910530364774E-3	198.041589355763660E-3
609.000000000000110E+0	-28.563709144987785E-3	145.334359944624210E-3
610.000000000000110E+0	-77.308477465548767E-3	90.540261763052979E-3
611.000000000000110E+0	-20.606375649039103E-3	28.327294397231365E-3
612.000000000000110E+0	30.937957801758204E-3	106.547747143533770E-3
613.000000000000110E+0	-78.950258033662152E-3	157.724078841272790E-3
614.000000000000110E+0	-135.953116449265550E-3	120.380234487249950E-3
615.000000000000110E+0	-149.748050615391870E-3	107.745199716558710E-3
616.000000000000110E+0	-165.404702005759930E-3	119.893213040095330E-3
617.000000000000110E+0	-248.841866129588310E-3	157.436891028559590E-3
618.000000000000110E+0	-281.014043565654290E-3	42.633983997791239E-3
619.000000000000110E+0	-227.778129497587110E-3	24.174439241821843E-3
620.000000000000110E+0	-212.624497165802780E-3	29.624353957034270E-3
621.000000000000110E+0	-147.233326207382360E-3	37.417133035750408E-3
622.000000000000110E+0	-212.155534621079250E-3	112.562974414177380E-3
623.000000000000110E+0	-224.449642218420680E-3	107.181285132494230E-3
624.000000000000110E+0	-235.431541645667320E-3	128.754267596386030E-3
625.000000000000110E+0	-275.213983772603870E-3	129.444090040794410E-3
626.000000000000110E+0	-302.695889421701060E-3	104.584195523922350E-3
627.000000000000110E+0	-242.787061038518300E-3	68.812412286178168E-3
628.000000000000110E+0	-249.239437214390620E-3	113.601895007315050E-3
629.000000000000110E+0	-278.136130301114500E-3	121.898327647440950E-3
630.000000000000110E+0	-279.926280804274060E-3	72.729550641796981E-3
631.000000000000110E+0	-165.577136454086030E-3	124.067521173991380E-3
632.000000000000110E+0	-249.907267800102810E-3	204.763780653673070E-3
633.000000000000110E+0	-278.922214184935010E-3	204.350615938279050E-3
634.000000000000110E+0	-313.328946464573320E-3	225.882323881234000E-3
635.000000000000110E+0	-343.267908370946950E-3	194.610146429074230E-3
636.000000000000110E+0	-331.237323676749740E-3	185.924319005482290E-3
637.000000000000110E+0	-323.038472991035330E-3	206.602677091233620E-3
638.000000000000110E+0	-317.128624805001700E-3	215.323246681145140E-3
639.000000000000110E+0	-288.930532769797580E-3	239.881616862191890E-3
640.000000000000110E+0	-263.578420608778290E-3	293.336552776956860E-3
641.000000000000110E+0	-269.633391921716650E-3	341.554400338635540E-3
642.000000000000110E+0	-250.378728973742580E-3	384.644777945249540E-3
643.000000000000110E+0	-221.844166362886760E-3	457.305421582201330E-3
644.000000000000110E+0	-229.227809697776170E-3	550.171270113165240E-3
645.000000000000110E+0	-288.174468353442680E-3	541.336409204132060E-3
646.000000000000110E+0	-173.090878015628950E-3	541.140480941580630E-3
647.000000000000110E+0	-96.398212270676201E-3	619.765432401413570E-3
648.000000000000110E+0	-47.897725298785852E-3	642.703741687748130E-3
649.000000000000110E+0	32.513831652400245E-3	618.243656702177960E-3
650.000000000000110E+0	252.373929953214000E-3	537.645480073537960E-3
651.000000000000110E+0	356.894221526857350E-3	567.996794825081030E-3
652.000000000000110E+0	460.412784967075050E-3	520.638643998982190E-3
653.000000000000110E+0	550.386981747710610E-3	465.463933747621070E-3
654.000000000000110E+0	551.984063200893330E-3	347.747050218727320E-3
655.000000000000110E+0	612.707214687968960E-3	227.547470864847470E-3
656.000000000000110E+0	599.232467817119810E-3	132.853438372421470E-3
657.000000000000110E+0	587.352297360096420E-3	5.479881352454088E-3
658.000000000000110E+0	615.732611221850410E-3	-90.272242050611948E-3
659.000000000000110E+0	569.501561239264540E-3	-88.752660837046540E-3
660.000000000000110E+0	488.576880069071630E-3	-210.244382649374260E-3
661.000000000000110E+0	478.329410465070380E-3	-295.485150330106140E-3
662.000000000000110E+0	420.917249703944950E-3	-342.880097784337810E-3
663.000000000000110E+0	365.070987923748540E-3	-373.642872108375160E-3
664.000000000000110E+0	215.506504456669410E-3	-521.363347978041510E-3
665.000000000000110E+0	198.499534237960990E-3	-598.525889888958050E-3
666.000000000000110E+0	128.068200611942430E-3	-726.740821392619530E-3
667.000000000000110E+0	109.291577677396350E-3	-729.633235017788870E-3
668.000000000000110E+0	141.779841062229380E-3	-773.342762687515780E-3
669.000000000000110E+0	-63.123025577782016E-3	-604.174154510140340E-3
670.000000000000110E+0	-182.171699748900070E-3	-583.730476955466870E-3
671.000000000000110E+0	-282.572558040184000E-3	-526.348263472380280E-3
672.000000000000110E+0	-391.305645047164810E-3	-334.491374507518260E-3
673.000000000000110E+0	-632.970345556673970E-3	-389.957649247082040E-3
674.000000000000110E+0	-695.788673241374280E-3	-361.842111783395650E-3
675.000000000000110E+0	-707.061372188031440E-3	-316.553959095395240E-3
676.000000000000110E+0	-792.445460125968390E-3	-272.083158808852640E-3
677.000000000000110E+0	-743.605482935730590E-3	-344.432668839345090E-3
678.000000000000110E+0	-483.365611491014650E-3	-274.862443212405720E-3
679.000000000000110E+0	-527.797554362488320E-3	33.701159461540224E-3
680.000000000000110E+0	-549.810103058487760E-3	123.977137885519310E-3
681.000000000000110E+0	-538.065458901463290E-3	197.457242966692930E-3
682.000000000000110E+0	-568.956296830695150E-3	241.262379234259390E-3
683.000000000000110E+0	-484.247100384896270E-3	256.603993865443190E-3
684.000000000000110E+0	-450.525823147310380E-3	311.631844453428400E-3
685.000000000000110E+0	-433.484764557850730E-3	274.140475927525610E-3
686.000000000000110E+0	-316.892213067136330E-3	222.410036634928090E-3
687.000000000000110E+0	-209.305320707250770E-3	245.837835787418720E-3
688.000000000000110E+0	-190.428754669105330E-3	193.351728944684890E-3
689.000000000000110E+0	-150.180940845450670E-3	163.206420183671240E-3
690.000000000000110E+0	-145.706560887302160E-3	170.333575786646480E-3
691.000000000000110E+0	-194.101804355477410E-3	161.384920489915650E-3
692.000000000000110E+0	-213.261402162743640E-3	108.377075940707900E-3
693.000000000000110E+0	-205.339329576829240E-3	96.164420267095263E-3
694.000000000000110E+0	-210.110970946745860E-3	90.961542374938045E-3
695.000000000000110E+0	-189.076328477780280E-3	74.300738209385278E-3
696.000000000000110E+0	-175.039144271353530E-3	89.826472523248380E-3
697.000000000000110E+0	-173.555511013609580E-3	156.482867261006850E-3
698.000000000000110E+0	-223.311387603280790E-3	144.762918730254570E-3
699.000000000000110E+0	-221.510818166430200E-3	133.549663451341370E-3
700.000000000000110E+0	-237.377734672932240E-3	181.501627624777840E-3
701.000000000000110E+0	-244.472508824413130E-3	93.384035185753292E-3
702.000000000000110E+0	-237.238999140835210E-3	124.188517653377540E-3
703.000000000000110E+0	-245.198958412939150E-3	122.117818097322320E-3
704.000000000000110E+0	-223.000539570289230E-3	117.019714434353880E-3
705.000000000000110E+0	-196.700658825745690E-3	146.452715943687420E-3
706.000000000000110E+0	-217.751768518194140E-3	214.689630922020040E-3
707.000000000000110E+0	-251.122474836451610E-3	202.843566226681040E-3
708.000000000000110E+0	-262.629348713296180E-3	197.865364861451040E-3
709.000000000000110E+0	-257.559283589006040E-3	191.936521564280900E-3
710.000000000000110E+0	-257.131589545936570E-3	145.689071067445440E-3
711.000000000000110E+0	-207.271770245032350E-3	209.883521949473850E-3
712.000000000000110E+0	-206.757824270045050E-3	219.534785092154380E-3
713.000000000000110E+0	-193.267846525254310E-3	233.818937774165260E-3
714.000000000000110E+0	-212.806465170213790E-3	273.841442102371320E-3
715.000000000000110E+0	-222.260906986793540E-3	299.804153098334080E-3
716.000000000000110E+0	-238.525741521942310E-3	315.214945322722590E-3
717.000000000000110E+0	-219.144589707652100E-3	334.300660493181970E-3
718.000000000000110E+0	-194.758547219937790E-3	370.565437928657540E-3
719.000000000000110E+0	-167.337735876627540E-3	350.700011401953560E-3
720.000000000000110E+0	-57.787546951285067E-3	456.588474507574450E-3
721.000000000000110E+0	-36.977366080679412E-3	466.069068822359990E-3
722.000000000000110E+0	2.915150269049691E-3	451.756492946388750E-3
723.000000000000110E+0	25.767623902411430E-3	488.396030660383010E-3
724.000000000000110E+0	7.451537560264858E-3	296.322151859505220E-3
725.000000000000110E+0	115.662300428931030E-3	284.073709716921640E-3
726.000000000000110E+0	159.987171273514750E-3	225.100692321099420E-3
727.000000000000110E+0	206.620529222985020E-3	179.501238347625490E-3
728.000000000000110E+0	270.462483026903730E-3	122.234930359679870E-3
729.000000000000110E+0	346.721028770746840E-3	336.088732430058160E-3
730.000000000000110E+0	196.588714164144060E-3	231.449434220295680E-3
731.000000000000110E+0	204.179651043312260E-3	204.539920719324720E-3
732.000000000000110E+0	197.166075469019650E-3	222.272504689748050E-3
733.000000000000110E+0	141.116912345188670E-3	194.381918861526500E-3
734.000000000000110E+0	90.510975038506095E-3	144.385147864524750E-3
735.000000000000110E+0	111.418451829843200E-3	77.894282117332958E-3
736.000000000000110E+0	109.352566626576440E-3	41.073856558615347E-3
737.000000000000110E+0	139.202962657569650E-3	-2.238490944066613E-3
738.000000000000110E+0	179.153791857339900E-3	-8.683258188862068E-3
739.000000000000110E+0	163.555524458628200E-3	38.004751742827247E-3
740.000000000000110E+0	146.959959111878480E-3	27.716474966426909E-3
741.000000000000110E+0	141.329307121577740E-3	23.810294891409154E-3
742.000000000000110E+0	139.377962811153110E-3	47.034853633113369E-3
743.000000000000110E+0	89.888890317446485E-3	22.821796951495010E-3
744.000000000000110E+0	78.800436784684499E-3	16.223240139854437E-3
745.000000000000110E+0	66.979821532271236E-3	-11.867260294061458E-3
746.000000000000110E+0	83.632977701278102E-3	-13.523327405697151E-3
747.000000000000110E+0	68.993461840137826E-3	-11.056184179944006E-3
748.000000000000110E+0	98.171015342192927E-3	-32.619806484944169E-3
749.000000000000110E+0	92.786277977724013E-3	-24.075985691860726E-3
750.000000000000110E+0	104.468213798758990E-3	-25.935660193056452E-3
751.000000000000110E+0	114.896769970183000E-3	-1.418938751159573E-3
752.000000000000110E+0	74.232639636479233E-3	8.499634342052352E-3
753.000000000000110E+0	75.631759256926875E-3	-15.098566418675836E-3
754.000000000000110E+0	72.675269937210074E-3	-18.098341421605706E-3
755.000000000000110E+0	59.425915078282300E-3	-28.893281399929714E-3
756.000000000000110E+0	63.513004282510332E-3	-58.675626899810353E-3
757.000000000000110E+0	83.005392920443566E-3	-89.601642219363481E-3
758.000000000000110E+0	116.897489145641270E-3	-48.048374808203710E-3
759.000000000000110E+0	101.869958452915510E-3	-48.267365226744290E-3
760.000000000000110E+0	104.602380068981180E-3	-54.904149223866917E-3
761.000000000000110E+0	118.434814979395880E-3	-20.568181827576668E-3
762.000000000000110E+0	73.898259250055096E-3	-44.937594620546660E-3
763.000000000000110E+0	72.039724644209019E-3	-59.343504769839968E-3
764.000000000000110E+0	60.597621750509499E-3	-85.246500085142757E-3
765.000000000000110E+0	84.218740915239662E-3	-116.923025051837950E-3
766.000000000000110E+0	131.688595431072720E-3	-119.617860317997660E-3
767.000000000000110E+0	111.918922779607260E-3	-92.600910318851329E-3
768.000000000000110E+0	114.708072702610510E-3	-110.749327178687740E-3
769.000000000000110E+0	128.290350043620550E-3	-109.019280904273570E-3
770.000000000000110E+0	141.880463459828270E-3	-95.401518482389841E-3
771.000000000000110E+0	57.074409519710226E-3	-157.971224317470210E-3
772.000000000000110E+0	111.398115999961730E-3	-168.524128064108690E-3
773.000000000000110E+0	121.943011478972050E-3	-180.647141886418640E-3
774.000000000000110E+0	149.256579410197930E-3	-185.925476186490910E-3
775.000000000000110E+0	134.641778127294580E-3	-185.843828042040280E-3
776.000000000000110E+0	144.157414779770730E-3	-221.415164757628710E-3
777.000000000000110E+0	159.864495502463150E-3	-205.271243735101550E-3
778.000000000000110E+0	142.676788067684580E-3	-202.897186974557940E-3
779.000000000000110E+0	81.155788575765234E-3	-209.802415276220510E-3
780.000000000000110E+0	102.447374755402480E-3	-392.449253776491540E-3
781.000000000000110E+0	170.341122823047110E-3	-323.008090561064940E-3
782.000000000000110E+0	148.769277366573030E-3	-332.734228157301690E-3
783.000000000000110E+0	119.895382079534980E-3	-363.039883966839170E-3
784.000000000000110E+0	150.006812227634730E-3	-466.123472553485630E-3
785.000000000000110E+0	169.816001601930860E-3	-434.459273684772770E-3
786.000000000000110E+0	106.679826912528070E-3	-472.390489576669850E-3
787.000000000000110E+0	55.698874408315044E-3	-552.495187797709340E-3
788.000000000000110E+0	31.517586146931106E-3	-670.743941710440940E-3
789.000000000000110E+0	154.290181494736140E-3	-826.835489974734220E-3
790.000000000000110E+0	-170.053856401049560E-3	-614.820224973232740E-3
791.000000000000110E+0	-209.546763416584570E-3	-744.580316566646140E-3
792.000000000000110E+0	-251.658971165474030E-3	-822.427823950596770E-3
793.000000000000110E+0	-278.365529314794800E-3	-718.824068630520170E-3
794.000000000000110E+0	-487.703973600678910E-3	-565.380039583200600E-3
795.000000000000110E+0	-664.687774426682590E-3	-665.002286181686550E-3
796.000000000000110E+0	-633.768375830844110E-3	-660.427617447288730E-3
797.000000000000110E+0	-632.117697637003650E-3	-593.419072688227130E-3
798.000000000000110E+0	-646.408118181317160E-3	-619.910553440657600E-3
799.000000000000110E+0	-537.343793197234130E-3	-536.658873443145220E-3
800.000000000000110E+0	-591.620840727265170E-3	-414.717341195593450E-3
801.000000000000110E+0	-642.013488296590990E-3	-341.250881361606750E-3
802.000000000000110E+0	-590.719641936812150E-3	-245.808178355525930E-3
803.000000000000110E+0	-913.378315415333430E-3	-56.224240601106000E-3
804.000000000000110E+0	-829.195202277553060E-3	-124.197347526767000E-3
805.000000000000110E+0	-780.059719389435300E-3	-110.981000159705720E-3
806.000000000000110E+0	-718.415327192227230E-3	-86.259132516366938E-3
807.000000000000110E+0	-712.884921964380140E-3	-69.862378915974396E-3
808.000000000000110E+0	-853.414955001549740E-3	-417.889734833976960E-3
809.000000000000110E+0	-480.832707021967900E-3	-118.362000713918890E-3
810.000000000000110E+0	-537.002535300049600E-3	-82.387668497679742E-3
811.000000000000110E+0	-568.496328415050270E-3	-45.712552447305953E-3
812.000000000000110E+0	-633.178854622776900E-3	-14.282671589106941E-3
813.000000000000110E+0	-626.413591119426070E-3	60.642825270910042E-3
814.000000000000110E+0	-683.458599193092150E-3	102.220844307332480E-3
815.000000000000110E+0	-711.441196565553710E-3	149.726912431165090E-3
816.000000000000110E+0	-730.901291749453950E-3	94.137254370907517E-3
817.000000000000110E+0	-708.919811622063740E-3	129.523945379447840E-3
818.000000000000110E+0	-571.771386437590510E-3	67.970567805268445E-3
819.000000000000110E+0	-553.077293473489990E-3	162.656461474243540E-3
820.000000000000110E+0	-535.222994483374850E-3	173.796782547294720E-3
821.000000000000110E+0	-480.150428659207540E-3	171.155319905527650E-3
822.000000000000110E+0	-515.035345733576450E-3	240.398611387855150E-3
823.000000000000110E+0	-493.799625076447980E-3	210.146057341890100E-3
824.000000000000110E+0	-495.942137431870430E-3	197.818342514745840E-3
825.000000000000110E+0	-466.310703400113270E-3	184.095111621653460E-3
826.000000000000110E+0	-449.463140233358200E-3	247.495919522245170E-3
827.000000000000110E+0	-559.213426269249300E-3	221.114741017870130E-3
828.000000000000110E+0	-514.170318002815870E-3	169.716829669865370E-3
829.000000000000110E+0	-493.413443091148650E-3	176.255819876323970E-3
830.000000000000110E+0	-469.131602522203040E-3	192.104286056157950E-3
831.000000000000110E+0	-466.216084326842140E-3	275.612794394981820E-3
832.000000000000110E+0	-482.244871579062870E-3	234.438800819814910E-3
833.000000000000110E+0	-461.740193393103290E-3	241.811311708235330E-3
834.000000000000110E+0	-407.834962363577690E-3	269.434859864898790E-3
835.000000000000110E+0	-477.342128305272340E-3	319.322905410447500E-3
836.000000000000110E+0	-477.265108132472860E-3	307.303909088715350E-3
837.000000000000110E+0	-479.587574841658310E-3	293.934013339659410E-3
838.000000000000110E+0	-464.167295270136390E-3	285.090644839836930E-3
839.000000000000110E+0	-457.572976533757890E-3	290.719345590597980E-3
840.000000000000110E+0	-457.396334796286550E-3	258.720791046095630E-3
841.000000000000110E+0	-393.993722373361610E-3	337.424581580737460E-3
842.000000000000110E+0	-426.571057615810320E-3	350.995716394871810E-3
843.000000000000110E+0	-445.612335825770200E-3	350.100858905411090E-3
844.000000000000110E+0	-423.247115654839410E-3	333.799678301055560E-3
845.000000000000110E+0	-405.851865008917620E-3	407.393813620449850E-3
846.000000000000110E+0	-481.119898724961360E-3	397.144581337539100E-3
847.000000000000110E+0	-465.038086319285280E-3	375.221265592356410E-3
848.000000000000110E+0	-440.432534811838800E-3	381.208578002297240E-3
849.000000000000110E+0	-416.431932723593630E-3	410.690706468958000E-3
850.000000000000110E+0	-457.947459291136230E-3	492.514054277837730E-3
851.000000000000110E+0	-431.007828903142990E-3	473.296520210521540E-3
852.000000000000110E+0	-424.350770349029680E-3	498.201592800532940E-3
853.000000000000110E+0	-378.609805983131930E-3	555.469782032469440E-3
854.000000000000110E+0	-459.742414436192900E-3	584.018328462910910E-3
855.000000000000110E+0	-425.967380250056150E-3	586.644800090590280E-3
856.000000000000110E+0	-346.600790201204880E-3	603.623442487696170E-3
857.000000000000110E+0	-295.770488839145360E-3	678.147568330330740E-3
858.000000000000110E+0	-294.678010890932320E-3	743.650211207833030E-3
859.000000000000110E+0	-274.215384242910420E-3	684.209912065210870E-3
860.000000000000110E+0	-127.366027453184480E-3	723.546456742939380E-3
861.000000000000110E+0	-77.880358881351530E-3	744.335709104939620E-3
862.000000000000110E+0	-32.605990730367740E-3	745.730120254165960E-3
863.000000000000110E+0	-1.828659154046794E-3	724.907464615123230E-3
864.000000000000110E+0	45.589235109902967E-3	700.807527886276200E-3
865.000000000000110E+0	72.206062992703310E-3	666.572222332596830E-3
866.000000000000110E+0	112.699742274329840E-3	633.512186553909510E-3
867.000000000000110E+0	146.752520722060940E-3	598.511385624360790E-3
868.000000000000110E+0	224.785870668177650E-3	575.198041280580720E-3
869.000000000000110E+0	113.295214491617570E-3	619.909518755786810E-3
870.000000000000110E+0	171.986546985994610E-3	545.383261631879450E-3
871.000000000000110E+0	194.814859079256390E-3	499.312226583967680E-3
872.000000000000110E+0	227.857556766037390E-3	449.630237500400150E-3
873.000000000000110E+0	297.466530340629920E-3	441.415086880244170E-3
874.000000000000110E+0	303.991070950236360E-3	422.280693549489440E-3
875.000000000000110E+0	318.889790303057030E-3	406.256533566363320E-3
876.000000000000110E+0	337.715756503285060E-3	400.855457172227090E-3
877.000000000000110E+0	327.617900280733560E-3	384.843361062196630E-3
878.000000000000110E+0	323.137279949787300E-3	352.931054507429900E-3
879.000000000000110E+0	322.127527147170970E-3	295.707074418600670E-3
880.000000000000110E+0	334.775192559061460E-3	263.595184716421350E-3
881.000000000000110E+0	330.968731048917160E-3	241.090402590769110E-3
882.000000000000110E+0	309.991234350811440E-3	144.029318898498540E-3
883.000000000000110E+0	355.061755637865460E-3	138.909557105874580E-3
884.000000000000110E+0	348.861299264144610E-3	135.897316551383540E-3
885.000000000000110E+0	328.342974071959730E-3	110.395622743539350E-3
886.000000000000110E+0	318.099062633985740E-3	99.049630890660073E-3
887.000000000000110E+0	302.811308442617220E-3	109.006091635956020E-3
888.000000000000110E+0	220.520957355545190E-3	46.603871304720525E-3
889.000000000000110E+0	224.627123656737430E-3	3.590420558537353E-3
890.000000000000110E+0	229.901864431619170E-3	-19.100739781984278E-3
891.000000000000110E+0	236.595325687386530E-3	-28.868958414653135E-3
892.000000000000110E+0	181.298228993363310E-3	-15.841972465455090E-3
893.000000000000110E+0	177.819324226452440E-3	-36.758203587890045E-3
894.000000000000110E+0	167.054057318910740E-3	-48.535101809268420E-3
895.000000000000110E+0	154.257958895573810E-3	-32.488120595564107E-3
896.000000000000110E+0	113.631673367800830E-3	-45.172197761038806E-3
897.000000000000110E+0	123.063865221527690E-3	-79.463797094694324E-3
898.000000000000110E+0	112.960049480094220E-3	-56.632465901311227E-3
899.000000000000110E+0	102.019829389993890E-3	-56.031114427835836E-3
900.000000000000110E+0	102.583594587711730E-3	-36.860306974156237E-3
901.000000000000110E+0	14.089630680653819E-3	-51.728923982237128E-3
902.000000000000110E+0	36.821158625527803E-3	-69.865688803811388E-3
903.000000000000110E+0	41.034820397358722E-3	-75.514635625137660E-3
904.000000000000110E+0	43.728310237109623E-3	-80.604750310402568E-3
905.000000000000110E+0	66.175606445570537E-3	-71.762882967839225E-3
906.000000000000110E+0	52.019248132867270E-3	-25.472316424591284E-3
907.000000000000110E+0	-111.467617817530430E-6	-29.020766389018012E-3
908.000000000000110E+0	-9.652380296152023E-3	-70.695972613449801E-3
909.000000000000110E+0	-1.523917256398127E-3	-79.246627897318761E-3
910.000000000000110E+0	7.095862761761776E-3	-94.129324288870400E-3
911.000000000000110E+0	-24.774336445139013E-3	-96.461304635451481E-3
912.000000000000110E+0	-25.927970253696694E-3	-116.362254817532170E-3
913.000000000000110E+0	-19.115332633520419E-3	-149.954291848189180E-3
914.000000000000110E+0	19.087069191669144E-3	-100.442770231885230E-3
915.000000000000110E+0	-30.350219035580391E-3	-77.221100713515775E-3
916.000000000000110E+0	-149.056881480363950E-3	-59.279045460602822E-3
917.000000000000110E+0	-167.393624055099080E-3	-82.993151183657785E-3
918.000000000000110E+0	-186.548953238457160E-3	-81.995447133464350E-3
919.000000000000110E+0	-209.145353158534910E-3	-64.217211186295170E-3
920.000000000000110E+0	-101.237430750884460E-3	-44.887022338202173E-3
921.000000000000110E+0	-169.863408211951480E-3	26.654706339537891E-3
922.000000000000110E+0	-176.030805903135940E-3	38.466009786774565E-3
923.000000000000110E+0	-164.181372155095760E-3	56.532222622145259E-3
924.000000000000110E+0	-190.152868414255190E-3	72.127005665848953E-3
925.000000000000110E+0	-189.300849827197940E-3	53.511282364835468E-3
926.000000000000110E+0	-157.598914212385230E-3	14.890685109266366E-3
927.000000000000110E+0	-107.245204813586820E-3	33.895711550286430E-3
928.000000000000110E+0	-90.837812172902765E-3	34.421955296762487E-3
929.000000000000110E+0	3.701380797078987E-3	92.269698125478541E-3
930.000000000000110E+0	-115.861166988377020E-3	102.461833546854830E-3
931.000000000000110E+0	-117.701420958894460E-3	82.531844005903687E-3
932.000000000000110E+0	-130.192412833052360E-3	75.024296470602186E-3
933.000000000000110E+0	-171.559680505571100E-3	60.588021241257436E-3
934.000000000000110E+0	-152.066196494884200E-3	11.330727662792389E-3
935.000000000000110E+0	-142.598009779283140E-3	25.317625734997715E-3
936.000000000000110E+0	-153.584592213171720E-3	18.461550942697871E-3
937.000000000000110E+0	-128.905553746171770E-3	15.705127454369992E-3
938.000000000000110E+0	-122.250908399912480E-3	41.689521446586296E-3
939.000000000000110E+0	-171.827847895103610E-3	116.837567406988920E-3
940.000000000000110E+0	-204.573597114050100E-3	77.965284180126659E-3
941.000000000000110E+0	-223.569850681056750E-3	72.553972074310732E-3
942.000000000000110E+0	-230.306438452820030E-3	21.505944609671954E-3
943.000000000000110E+0	-164.715826905755540E-3	87.673267960291040E-3
944.000000000000110E+0	-199.012520340905610E-3	132.938880637890080E-3
945.000000000000110E+0	-224.135880430581550E-3	148.958022119901610E-3
946.000000000000110E+0	-232.035012386251820E-3	159.739209972517140E-3
947.000000000000110E+0	-247.760951269793830E-3	169.814617507862170E-3
948.000000000000110E+0	-204.678868078798510E-3	154.031754851230330E-3
949.000000000000110E+0	-181.663700684993550E-3	193.366092445034580E-3
950.000000000000110E+0	-162.766750467195160E-3	233.019491914491730E-3
951.000000000000110E+0	-147.086870950706580E-3	274.703733036648860E-3
952.000000000000110E+0	-204.896374852528790E-3	242.835266504945160E-3
953.000000000000110E+0	-97.384558581983277E-3	263.517409502521120E-3
954.000000000000110E+0	-64.058750776214535E-3	288.726320969155790E-3
955.000000000000110E+0	-83.583411995831816E-3	329.157826503166720E-3
956.000000000000110E+0	-105.849946698770080E-3	241.479473861665040E-3
957.000000000000110E+0	-61.076365162680418E-3	180.632667900864990E-3
958.000000000000110E+0	23.117628763426296E-3	199.707447956264830E-3
959.000000000000110E+0	21.058177658687911E-3	194.385456507270380E-3
960.000000000000110E+0	67.715225542144569E-3	183.593517437308700E-3
961.000000000000110E+0	72.066980872310032E-3	369.730187197617520E-3
962.000000000000110E+0	-51.795970907277278E-3	196.713989628167940E-3
963.000000000000110E+0	-29.021100340445551E-3	146.177192642177990E-3
964.000000000000110E+0	-4.464210453488616E-3	111.405044729913710E-3
965.000000000000110E+0	67.367739978071328E-3	114.565225308513040E-3
966.000000000000110E+0	22.109828544004975E-3	190.406530405126310E-3
967.000000000000110E+0	-56.255783257421144E-3	140.393795878197840E-3
968.000000000000110E+0	-37.280849745931974E-3	113.167349322171070E-3
969.000000000000110E+0	-25.772039209199123E-3	114.031227767296020E-3
970.000000000000110E+0	-4.922770394002332E-3	92.840415159595818E-3
971.000000000000110E+0	-13.223448742361994E-3	251.170113640073740E-3
972.000000000000110E+0	2.640080029726287E-3	195.412721656377990E-3
973.000000000000110E+0	-15.419062484483360E-3	209.633681196167850E-3
974.000000000000110E+0	-81.513697697523146E-3	86.401134845614250E-3
975.000000000000110E+0	44.553104513971181E-3	7.310913155998036E-3
976.000000000000110E+0	187.405405039265620E-3	124.778759213863550E-3
977.000000000000110E+0	87.225692307365960E-3	136.320385061617530E-3
978.000000000000110E+0	66.720426842418884E-3	127.077754466266820E-3
979.000000000000110E+0	68.378920042524452E-3	132.882039187501770E-3
980.000000000000110E+0	-85.088550292013732E-3	132.712595655653580E-3
981.000000000000110E+0	38.434812882422238E-3	40.912354413425847E-3
982.000000000000110E+0	51.704164601735735E-3	51.393798590893970E-3
983.000000000000110E+0	70.014914637264877E-3	49.642249743296382E-3
984.000000000000110E+0	-49.918754081131368E-3	104.948651617009560E-3
985.000000000000110E+0	80.067907599136748E-3	29.129835675596211E-3
986.000000000000110E+0	70.664213560572467E-3	66.578956902872868E-3
987.000000000000110E+0	69.173489077536232E-3	42.461688095497926E-3
988.000000000000110E+0	75.627375239813999E-3	36.726098323311362E-3
989.000000000000110E+0	138.252190076294750E-3	66.131358681377775E-3
990.000000000000110E+0	57.592921641339112E-3	-108.771875006489780E-3
991.000000000000110E+0	63.234318005417511E-3	-69.498986037196564E-3
992.000000000000110E+0	97.239310830325679E-3	-97.501068035224639E-3
993.000000000000110E+0	187.372448628207980E-3	-35.789609027473190E-3
994.000000000000110E+0	66.875130515758302E-3	100.443136127225160E-3
995.000000000000110E+0	-21.689225805154737E-3	-44.325462337462193E-3
996.000000000000110E+0	-9.163683867432189E-3	-98.216144765772465E-3
997.000000000000110E+0	-16.749964961622343E-3	-158.584301940338850E-3
998.000000000000110E+0	15.802636478229701E-3	-214.881616992109640E-3
999.000000000000110E+0	-235.286122386527050E-3	-540.364403751090520E-3
1.000000000000000E+3	-125.305680279377550E-3	-210.611650625736170E-3
