Freq (Hz)	accelerometre /source
source
source_Mod	accelerometre /source
source
source_Phase(rad)
10.000000000000018E+0	97.943909507821350E-3	13.173283429913168E+0
11.000000000000020E+0	65.565478414464487E-3	14.807666162048093E+0
12.000000000000021E+0	43.990222121701485E-3	15.139781593282425E+0
13.000000000000023E+0	70.707974058598869E-3	15.979039644077639E+0
14.000000000000025E+0	8.003755652979186E-3	13.182227412958301E+0
15.000000000000027E+0	47.982294053963412E-3	15.027092346108802E+0
16.000000000000028E+0	65.031885500470815E-3	15.635939789870458E+0
17.000000000000028E+0	42.591209652731117E-3	14.907934235414190E+0
18.000000000000028E+0	87.128633038572170E-3	15.097327976940324E+0
19.000000000000028E+0	64.191875903866547E-3	15.596141245142284E+0
20.000000000000028E+0	82.472739377093623E-3	14.740735434401477E+0
21.000000000000028E+0	119.004001476887600E-3	15.170485626343233E+0
22.000000000000028E+0	100.259682897220110E-3	14.802452333786444E+0
23.000000000000028E+0	118.785080614252800E-3	14.805470986013928E+0
24.000000000000028E+0	149.769624630218890E-3	14.830102090604308E+0
25.000000000000028E+0	193.462587563154820E-3	14.590299109951211E+0
26.000000000000028E+0	209.542585700774690E-3	14.247903491688685E+0
27.000000000000028E+0	191.024215462274690E-3	13.902005319510131E+0
28.000000000000028E+0	164.048889649683140E-3	13.830915988658774E+0
29.000000000000028E+0	125.198542795439270E-3	13.507997261863114E+0
30.000000000000028E+0	82.186555001616285E-3	14.200355596754131E+0
31.000000000000028E+0	129.818908150718750E-3	14.263239832934310E+0
32.000000000000028E+0	171.225055175711240E-3	13.822265134092687E+0
33.000000000000028E+0	108.102885400399640E-3	13.660317576991286E+0
34.000000000000028E+0	105.190468326697360E-3	13.642514609452476E+0
35.000000000000028E+0	68.234440660738832E-3	13.921795446345556E+0
36.000000000000028E+0	98.586911624253343E-3	14.310408851131918E+0
37.000000000000028E+0	163.640967656789900E-3	13.926304820001315E+0
38.000000000000028E+0	125.246464851567260E-3	13.340423073068370E+0
39.000000000000028E+0	82.806415673824407E-3	13.248500408169328E+0
40.000000000000028E+0	114.861355918980780E-3	13.477878409816075E+0
41.000000000000028E+0	93.361462403531478E-3	13.620846511647674E+0
42.000000000000028E+0	88.841035132889240E-3	13.946543459415370E+0
43.000000000000028E+0	119.602776069912000E-3	14.523548948195739E+0
44.000000000000028E+0	251.155203500496860E-3	14.622293666527383E+0
45.000000000000028E+0	261.385824625724740E-3	14.415620941468395E+0
46.000000000000028E+0	273.651231804664720E-3	14.002066107205103E+0
47.000000000000028E+0	144.114198910414550E-3	13.260701483908120E+0
48.000000000000028E+0	114.233551934601410E-3	10.126031099876567E+0
49.000000000000028E+0	145.395240213896880E-3	12.386961624523140E+0
50.000000000000028E+0	153.639539814296040E-3	13.344927953566792E+0
51.000000000000028E+0	167.943752058357350E-3	13.562515593173375E+0
52.000000000000028E+0	178.020268310956210E-3	13.844427397224724E+0
53.000000000000028E+0	190.402807633970050E-3	13.806755747550383E+0
54.000000000000028E+0	165.210636227847820E-3	13.736592363979923E+0
55.000000000000028E+0	162.471797743568100E-3	13.716585221964312E+0
56.000000000000028E+0	150.271548831005300E-3	13.539757403735244E+0
57.000000000000028E+0	126.922633719413670E-3	13.497253785441664E+0
58.000000000000028E+0	99.671905867030230E-3	13.377086919514500E+0
59.000000000000028E+0	113.357757835745850E-3	13.559467421501424E+0
60.000000000000028E+0	128.825992650288350E-3	14.056378197987769E+0
61.000000000000028E+0	169.142735892710450E-3	14.252766327418943E+0
62.000000000000028E+0	173.859187078544360E-3	14.424033884090118E+0
63.000000000000028E+0	185.897641148422110E-3	14.145642853539650E+0
64.000000000000028E+0	219.896979811396410E-3	14.202203925562163E+0
65.000000000000028E+0	246.545815161986790E-3	14.195422418827686E+0
66.000000000000028E+0	275.093519676390120E-3	14.083999181793869E+0
67.000000000000028E+0	320.330430889256500E-3	14.058397093753680E+0
68.000000000000028E+0	275.763081949296550E-3	14.105003295623574E+0
69.000000000000028E+0	278.067759134033030E-3	13.955252398363433E+0
70.000000000000028E+0	291.920448371452700E-3	13.876846383569456E+0
71.000000000000028E+0	327.580108658763910E-3	13.812646940980789E+0
72.000000000000028E+0	340.185683153214070E-3	13.977700246172159E+0
73.000000000000028E+0	332.538555115593100E-3	13.952157149080953E+0
74.000000000000028E+0	354.182844949524680E-3	13.936058079874421E+0
75.000000000000028E+0	374.884370793944150E-3	13.927251116566479E+0
76.000000000000028E+0	401.878568668568140E-3	13.803240601045051E+0
77.000000000000028E+0	529.559996915356710E-3	13.817499745807654E+0
78.000000000000028E+0	478.861419589021900E-3	13.837540104529211E+0
79.000000000000028E+0	490.185963163289050E-3	13.693886947370441E+0
80.000000000000028E+0	531.416769726555940E-3	13.530938953916472E+0
81.000000000000028E+0	608.026383328787000E-3	13.548450572934819E+0
82.000000000000028E+0	611.637278678729860E-3	13.455145702244643E+0
83.000000000000028E+0	578.537331858332000E-3	13.349627825962489E+0
84.000000000000028E+0	539.461834985542120E-3	13.215957941588627E+0
85.000000000000028E+0	577.602149709509070E-3	13.072860442892544E+0
86.000000000000028E+0	569.000191769143510E-3	13.083038275551377E+0
87.000000000000028E+0	589.172150815129520E-3	13.091561113262298E+0
88.000000000000028E+0	545.125954362569940E-3	13.090005805818599E+0
89.000000000000028E+0	513.839738437763540E-3	13.028166516679638E+0
90.000000000000028E+0	519.978349674673270E-3	12.795451288570195E+0
91.000000000000028E+0	504.437759998684790E-3	13.024941849894445E+0
92.000000000000028E+0	500.390176744070490E-3	12.941034459634352E+0
93.000000000000028E+0	506.602451328385550E-3	12.860099702583616E+0
94.000000000000028E+0	490.036163391440350E-3	12.817485113341894E+0
95.000000000000028E+0	473.024983833391250E-3	12.825563062928454E+0
96.000000000000028E+0	355.466529772152210E-3	12.862757922703528E+0
97.000000000000028E+0	336.071827184416580E-3	12.802787182812283E+0
98.000000000000028E+0	324.109250949741080E-3	12.895012357578526E+0
99.000000000000028E+0	326.728477016887180E-3	13.025909215995625E+0
100.000000000000030E+0	275.904984954009780E-3	13.156162507948023E+0
101.000000000000030E+0	355.289322977408840E-3	13.086866884033332E+0
102.000000000000030E+0	424.195613708396260E-3	13.009380155000159E+0
103.000000000000030E+0	594.307885040827100E-3	13.038157702554271E+0
104.000000000000030E+0	442.674083652519090E-3	13.213236642190948E+0
105.000000000000030E+0	407.740153108043120E-3	13.034757145831737E+0
106.000000000000030E+0	438.375642082193930E-3	12.922739228115336E+0
107.000000000000030E+0	446.548430702277900E-3	12.824023823118358E+0
108.000000000000030E+0	422.799465486638100E-3	12.786467948111362E+0
109.000000000000030E+0	451.262700448401780E-3	12.541107367792288E+0
110.000000000000030E+0	505.870769155652210E-3	12.881642193893070E+0
111.000000000000030E+0	472.462607809402250E-3	12.879762661530073E+0
112.000000000000030E+0	462.812648462521350E-3	12.881415900733687E+0
113.000000000000030E+0	516.472536887223720E-3	12.780578611177347E+0
114.000000000000030E+0	718.023018156060730E-3	13.039825774169973E+0
115.000000000000030E+0	523.796859651614380E-3	13.223588745195734E+0
116.000000000000030E+0	441.774306684828980E-3	13.129875191440334E+0
117.000000000000030E+0	416.847158463787840E-3	13.029547347797068E+0
118.000000000000030E+0	412.453012878787660E-3	13.133160428004480E+0
119.000000000000030E+0	365.243282546107050E-3	12.195537013077738E+0
120.000000000000030E+0	414.298599890165820E-3	12.844794556073177E+0
121.000000000000030E+0	388.065754334884160E-3	12.904121730835797E+0
122.000000000000030E+0	386.685342700319180E-3	12.611147216888146E+0
123.000000000000030E+0	474.747075553084490E-3	12.881625999831023E+0
124.000000000000030E+0	410.522532316723090E-3	12.876188810051248E+0
125.000000000000030E+0	415.294878851113770E-3	12.859938595238305E+0
126.000000000000030E+0	398.795686818291310E-3	12.873758913501529E+0
127.000000000000030E+0	428.559287908953480E-3	12.935929038330672E+0
128.000000000000030E+0	364.704120852802790E-3	13.026416898762060E+0
129.000000000000030E+0	513.185379039221680E-3	12.927554619114705E+0
130.000000000000030E+0	585.795450299153700E-3	12.988843366172707E+0
131.000000000000030E+0	676.004097494541490E-3	13.053787928000331E+0
132.000000000000030E+0	661.959279001234750E-3	13.403167577806487E+0
133.000000000000030E+0	509.535524440313030E-3	13.003444199897736E+0
134.000000000000030E+0	576.987707497962020E-3	13.022341943937253E+0
135.000000000000030E+0	569.698716422729730E-3	12.966436232834363E+0
136.000000000000030E+0	625.814616193365420E-3	12.811224039973345E+0
137.000000000000030E+0	712.723898419839190E-3	12.517444118410593E+0
138.000000000000030E+0	984.943611593226740E-3	12.933718282405371E+0
139.000000000000030E+0	903.527254655970060E-3	12.813789181386527E+0
140.000000000000030E+0	999.843532222582930E-3	12.672321172033135E+0
141.000000000000030E+0	1.192086564585789E+0	12.736555987977859E+0
142.000000000000030E+0	1.040740565475617E+0	12.803336928125670E+0
143.000000000000030E+0	920.755207508258900E-3	12.577623720657478E+0
144.000000000000030E+0	937.965750196119160E-3	12.344998765855374E+0
145.000000000000030E+0	1.021105115143089E+0	12.127745338903020E+0
146.000000000000030E+0	1.062812609025755E+0	11.990874248186014E+0
147.000000000000030E+0	1.423442145615149E+0	11.608950457023413E+0
148.000000000000030E+0	1.444849312386853E+0	12.083391630635157E+0
149.000000000000030E+0	1.098829821748318E+0	12.029113447967983E+0
150.000000000000030E+0	862.990822566413800E-3	11.897304857678426E+0
151.000000000000030E+0	845.732458925713360E-3	11.618640322322623E+0
152.000000000000030E+0	833.888429146918410E-3	11.743631985993296E+0
153.000000000000030E+0	578.759044854206480E-3	11.726069114832196E+0
154.000000000000030E+0	734.282872663200580E-3	11.500757942927086E+0
155.000000000000030E+0	645.119319649898990E-3	11.989830311472549E+0
156.000000000000030E+0	307.471007083961860E-3	10.481568988202619E+0
157.000000000000030E+0	660.214298041362780E-3	11.439873601850744E+0
158.000000000000030E+0	630.714757086324520E-3	11.672696036021119E+0
159.000000000000030E+0	584.133254332439230E-3	11.731348056990242E+0
160.000000000000030E+0	639.904123619706610E-3	11.993708142266371E+0
161.000000000000030E+0	350.078577619546360E-3	11.522870073177527E+0
162.000000000000030E+0	525.162130420170460E-3	11.666361353752205E+0
163.000000000000030E+0	555.986442901322260E-3	11.921864327621876E+0
164.000000000000030E+0	418.835476896536770E-3	12.035700516145640E+0
165.000000000000030E+0	450.483245117092150E-3	11.903613111834694E+0
166.000000000000030E+0	352.523217318031430E-3	12.135672188995724E+0
167.000000000000030E+0	441.417022732435940E-3	11.681030094018137E+0
168.000000000000030E+0	542.772915125267820E-3	11.732731095236311E+0
169.000000000000030E+0	726.860006128631000E-3	11.792621520980621E+0
170.000000000000030E+0	573.936040932129130E-3	12.239461304627289E+0
171.000000000000030E+0	578.732856441419140E-3	11.935175303981017E+0
172.000000000000030E+0	688.875618546893720E-3	11.884583070453145E+0
173.000000000000030E+0	734.279267512454540E-3	11.864221823478793E+0
174.000000000000030E+0	757.917534591102120E-3	11.841681774601229E+0
175.000000000000030E+0	742.945574204571630E-3	11.806679244513353E+0
176.000000000000030E+0	729.080736701897320E-3	11.631238799374763E+0
177.000000000000030E+0	837.486270202670970E-3	11.588220441877475E+0
178.000000000000030E+0	782.232762572119710E-3	11.585942424982383E+0
179.000000000000030E+0	1.120012172979277E+0	11.369799501500061E+0
180.000000000000030E+0	710.821564657549640E-3	11.851336673510239E+0
181.000000000000030E+0	745.936364045453710E-3	11.585488844553476E+0
182.000000000000030E+0	875.285735302633430E-3	11.547887232971368E+0
183.000000000000030E+0	791.712895064674680E-3	11.593601495707105E+0
184.000000000000030E+0	849.793599930980470E-3	11.434089654803824E+0
185.000000000000030E+0	846.379389822045190E-3	11.514395726879307E+0
186.000000000000030E+0	794.155632769135260E-3	11.462993193577059E+0
187.000000000000030E+0	779.480600484430910E-3	11.320667945696140E+0
188.000000000000030E+0	904.556207339442090E-3	11.296786486451568E+0
189.000000000000030E+0	811.389171246535760E-3	11.399776773106979E+0
190.000000000000030E+0	720.305153167362100E-3	11.261055012056078E+0
191.000000000000030E+0	737.706811812477210E-3	11.083195790225226E+0
192.000000000000030E+0	842.637636204409900E-3	10.970571747815217E+0
193.000000000000030E+0	858.141089428818730E-3	11.069192602626424E+0
194.000000000000030E+0	750.390514039300350E-3	11.000501716102432E+0
195.000000000000030E+0	747.786097719298600E-3	10.940383737476125E+0
196.000000000000030E+0	695.395743304573770E-3	10.884931416513140E+0
197.000000000000030E+0	674.354818280091360E-3	10.753455087934828E+0
198.000000000000030E+0	830.011882169792820E-3	10.741107839578168E+0
199.000000000000030E+0	689.571593988817620E-3	10.730992126718849E+0
200.000000000000030E+0	674.268262270739990E-3	10.643337743245260E+0
201.000000000000030E+0	680.721470938814630E-3	10.645667820498213E+0
202.000000000000030E+0	575.134149527467330E-3	10.574159389289107E+0
203.000000000000030E+0	588.531742038849060E-3	10.308087002804266E+0
204.000000000000030E+0	615.989696508670300E-3	10.242591497775688E+0
205.000000000000030E+0	700.694669768733740E-3	10.088666244205807E+0
206.000000000000030E+0	667.894825855503750E-3	10.129639463593930E+0
207.000000000000030E+0	618.342771155822590E-3	9.772037463389742E+0
208.000000000000030E+0	770.835438502324170E-3	9.879709688356204E+0
209.000000000000030E+0	578.037439678251270E-3	9.703679027029088E+0
210.000000000000030E+0	478.661567488398940E-3	9.304507991257218E+0
211.000000000000030E+0	616.364963107191800E-3	8.801009542053814E+0
212.000000000000030E+0	479.742745273951330E-3	9.165408384870648E+0
213.000000000000030E+0	209.088520898255750E-3	9.009743983630401E+0
214.000000000000030E+0	147.084752837266630E-3	8.028216134437647E+0
215.000000000000030E+0	152.519113480284550E-3	7.460690817521292E+0
216.000000000000030E+0	244.004719533996470E-3	7.221967689147481E+0
217.000000000000030E+0	392.726809137408210E-3	8.382768242888412E+0
218.000000000000030E+0	189.800451488556870E-3	9.176887026357480E+0
219.000000000000030E+0	123.466308364108780E-3	10.036533742860074E+0
220.000000000000030E+0	81.912084245440747E-3	11.313708977312213E+0
221.000000000000030E+0	117.787167031080750E-3	12.083395852153821E+0
222.000000000000030E+0	162.841791253423130E-3	13.031138655110297E+0
223.000000000000030E+0	160.826549004002560E-3	13.094283327564886E+0
224.000000000000030E+0	189.497331770635820E-3	13.292996737951725E+0
225.000000000000030E+0	130.061093500223300E-3	12.939999111451042E+0
226.000000000000030E+0	181.282142152069000E-3	12.417915177002472E+0
227.000000000000030E+0	197.697261093404050E-3	12.722894916919271E+0
228.000000000000030E+0	180.245129783572520E-3	12.486178261519665E+0
229.000000000000030E+0	184.293157211428530E-3	12.330915522100529E+0
230.000000000000030E+0	198.542393295205290E-3	12.106590995971132E+0
231.000000000000030E+0	241.480742409813680E-3	12.058484197658546E+0
232.000000000000030E+0	248.592467403376260E-3	12.019110623091732E+0
233.000000000000030E+0	238.800800196566300E-3	11.889887015349647E+0
234.000000000000030E+0	236.211982214658890E-3	11.850333549929728E+0
235.000000000000030E+0	210.343505672248380E-3	11.792858908142602E+0
236.000000000000030E+0	199.457898094125310E-3	11.444038555156917E+0
237.000000000000030E+0	226.105127921392310E-3	11.369235749232006E+0
238.000000000000030E+0	189.853939644003240E-3	11.410103904156369E+0
239.000000000000030E+0	155.753685205573310E-3	11.380790274763918E+0
240.000000000000030E+0	179.570983839264730E-3	11.531730709882586E+0
241.000000000000030E+0	153.351617516746950E-3	11.756064078921417E+0
242.000000000000030E+0	148.890349121274380E-3	11.822619488984545E+0
243.000000000000030E+0	180.355882761451200E-3	12.027414116891439E+0
244.000000000000030E+0	181.564887921619260E-3	12.197743680590948E+0
245.000000000000030E+0	217.116781720576330E-3	12.276948571052291E+0
246.000000000000030E+0	232.748434741373240E-3	12.520345295862855E+0
247.000000000000030E+0	244.865754997937470E-3	12.628885615215857E+0
248.000000000000030E+0	221.495302361715800E-3	12.713411068923778E+0
249.000000000000030E+0	213.644968549842440E-3	12.765450282862391E+0
250.000000000000030E+0	190.605451406179040E-3	12.449378782295394E+0
251.000000000000030E+0	214.684102268282970E-3	12.352923275154968E+0
252.000000000000030E+0	205.715100352888340E-3	12.117340245333844E+0
253.000000000000030E+0	271.043653841960610E-3	11.850427851300839E+0
254.000000000000030E+0	320.113528312591880E-3	11.819245942877115E+0
255.000000000000030E+0	343.187301474070730E-3	11.893860316753702E+0
256.000000000000060E+0	324.484414051185720E-3	12.069527390947057E+0
257.000000000000060E+0	286.892681738956050E-3	12.091930980907982E+0
258.000000000000060E+0	333.384899732942330E-3	12.020825258846971E+0
259.000000000000060E+0	321.977280211085020E-3	12.442913748952121E+0
260.000000000000060E+0	318.461616088845320E-3	12.331829957778472E+0
261.000000000000060E+0	397.238090327645620E-3	12.501658608455337E+0
262.000000000000060E+0	344.282492884069760E-3	12.786289314128576E+0
263.000000000000060E+0	251.400263334761120E-3	12.827460988232312E+0
264.000000000000060E+0	229.327528663290900E-3	12.363589611505629E+0
265.000000000000060E+0	323.743176613751520E-3	12.259323132554330E+0
266.000000000000060E+0	414.889810582190150E-3	12.326187185541277E+0
267.000000000000060E+0	410.855290022364320E-3	12.425713941419742E+0
268.000000000000060E+0	442.821702245243310E-3	11.966012443391349E+0
269.000000000000060E+0	646.459409992516280E-3	12.226862467753497E+0
270.000000000000060E+0	641.668636757335540E-3	12.236544731285091E+0
271.000000000000060E+0	752.853234717387850E-3	12.264891604695494E+0
272.000000000000060E+0	604.317995067581880E-3	12.265398015003433E+0
273.000000000000060E+0	712.451813627965500E-3	12.101258104205412E+0
274.000000000000060E+0	741.015544256963920E-3	12.093130027263186E+0
275.000000000000060E+0	763.247824751982160E-3	11.923558327493847E+0
276.000000000000060E+0	842.960573459867190E-3	11.852522462042185E+0
277.000000000000060E+0	828.714501706402040E-3	11.694960745690420E+0
278.000000000000060E+0	973.356754293260300E-3	11.590135327702638E+0
279.000000000000060E+0	1.005324803586196E+0	11.473136058846856E+0
280.000000000000060E+0	1.042849691530351E+0	11.397547662523543E+0
281.000000000000060E+0	1.013230758868970E+0	11.321926552651760E+0
282.000000000000060E+0	918.788442925614680E-3	11.231617910927563E+0
283.000000000000060E+0	890.153703314265910E-3	11.119347841273948E+0
284.000000000000060E+0	868.205102400241620E-3	11.077254163217983E+0
285.000000000000060E+0	753.375960407119070E-3	11.018385307476363E+0
286.000000000000060E+0	698.230811141378190E-3	10.935340450417167E+0
287.000000000000060E+0	714.021303011004080E-3	10.654840329356531E+0
288.000000000000060E+0	772.316736206550610E-3	10.775421856979269E+0
289.000000000000060E+0	741.951066840349620E-3	10.733809964655844E+0
290.000000000000060E+0	777.597766443805630E-3	10.658851458912547E+0
291.000000000000060E+0	736.839562999365370E-3	10.676517849005542E+0
292.000000000000060E+0	730.122406752493400E-3	10.583633350519055E+0
293.000000000000060E+0	699.730862373269760E-3	10.576614668399671E+0
294.000000000000060E+0	601.599403221834360E-3	10.448665511994726E+0
295.000000000000060E+0	577.905830029083470E-3	10.247357658184255E+0
296.000000000000060E+0	614.067638453575480E-3	10.065715436414839E+0
297.000000000000060E+0	668.529605216709790E-3	10.058247904951095E+0
298.000000000000060E+0	597.408509129143450E-3	10.042778804250414E+0
299.000000000000060E+0	561.757782031728660E-3	9.983553308258845E+0
300.000000000000060E+0	542.308581671199440E-3	9.962554050914452E+0
301.000000000000060E+0	400.289856507417660E-3	9.989924709734973E+0
302.000000000000060E+0	296.563660122312830E-3	9.781385355212510E+0
303.000000000000060E+0	246.293225375527220E-3	9.116671286632190E+0
304.000000000000060E+0	276.788357092727260E-3	9.440608505078822E+0
305.000000000000060E+0	171.244367660052660E-3	9.016219884800924E+0
306.000000000000060E+0	313.686472299813060E-3	9.255675544714936E+0
307.000000000000060E+0	228.845417292381090E-3	9.594637831673502E+0
308.000000000000060E+0	188.123057132946250E-3	9.704475240497866E+0
309.000000000000060E+0	127.287389503747710E-3	9.960970495790184E+0
310.000000000000060E+0	95.424362414155708E-3	8.073677751634126E+0
311.000000000000060E+0	94.313136323747979E-3	7.961986765643566E+0
312.000000000000060E+0	110.335252806823730E-3	7.371365024862166E+0
313.000000000000060E+0	193.777010144887160E-3	7.370358634363784E+0
314.000000000000060E+0	90.580902482327003E-3	7.357944993610546E+0
315.000000000000060E+0	115.082974869471510E-3	7.107264417465867E+0
316.000000000000060E+0	49.453546446279244E-3	6.672653008574860E+0
317.000000000000060E+0	110.661302709146770E-3	6.177231666280952E+0
318.000000000000060E+0	154.111318853451170E-3	6.060991636001385E+0
319.000000000000060E+0	259.512947518007850E-3	6.111466209741084E+0
320.000000000000060E+0	232.434437622320660E-3	6.314897688188948E+0
321.000000000000060E+0	245.435961109319590E-3	6.302254434887225E+0
322.000000000000060E+0	222.607338979386450E-3	6.497778240141076E+0
323.000000000000060E+0	169.051313842426470E-3	6.216977617006838E+0
324.000000000000060E+0	173.059588937509940E-3	5.737195479650828E+0
325.000000000000060E+0	298.683166191985210E-3	5.669752091216088E+0
326.000000000000060E+0	358.743383666682070E-3	5.709118185318997E+0
327.000000000000060E+0	407.812778534705210E-3	5.755825893624164E+0
328.000000000000060E+0	473.050977497377340E-3	5.757533108391828E+0
329.000000000000060E+0	413.181807928214130E-3	6.016872703675324E+0
330.000000000000060E+0	411.172454428323230E-3	5.780074048675196E+0
331.000000000000060E+0	411.182901585765980E-3	5.790591050757070E+0
332.000000000000060E+0	331.231819338484670E-3	5.395305489929044E+0
333.000000000000060E+0	462.840561230965560E-3	5.200498384895624E+0
334.000000000000060E+0	504.784551827112240E-3	5.110046243674983E+0
335.000000000000060E+0	569.222595765440100E-3	5.000689479306401E+0
336.000000000000060E+0	564.292044706180440E-3	4.946590748224996E+0
337.000000000000060E+0	565.794180298218710E-3	4.884219055439823E+0
338.000000000000060E+0	371.581575015192790E-3	4.763130829634881E+0
339.000000000000060E+0	376.072681872847650E-3	4.460609160066403E+0
340.000000000000060E+0	373.504128602977050E-3	4.186646330845885E+0
341.000000000000060E+0	310.721326140643680E-3	4.175086803491705E+0
342.000000000000060E+0	210.543662235502750E-3	3.371100122145076E+0
343.000000000000060E+0	282.647988624495250E-3	3.396461712521043E+0
344.000000000000060E+0	177.352496231726140E-3	3.829393468696326E+0
345.000000000000060E+0	116.651284311279300E-3	6.343086664333603E+0
346.000000000000060E+0	172.130137039518880E-3	7.285441565720795E+0
347.000000000000060E+0	172.664583467240730E-3	6.705257786082552E+0
348.000000000000060E+0	199.945775128158170E-3	6.878027979741749E+0
349.000000000000060E+0	168.811430218783140E-3	6.476847124978462E+0
350.000000000000060E+0	163.293914927377800E-3	6.146806509674576E+0
351.000000000000060E+0	331.430573180775730E-3	5.644171096664397E+0
352.000000000000060E+0	480.046966792669170E-3	5.948802529521616E+0
353.000000000000060E+0	516.401117981056700E-3	6.204289477904155E+0
354.000000000000060E+0	547.711073245077620E-3	6.267283157807118E+0
355.000000000000060E+0	567.535206728465580E-3	6.397958073619151E+0
356.000000000000060E+0	576.034675363273570E-3	6.365073004922858E+0
357.000000000000060E+0	526.849548611251880E-3	6.184004381535061E+0
358.000000000000060E+0	620.387732287952850E-3	5.958534721016650E+0
359.000000000000060E+0	718.423624089541410E-3	5.833794580201371E+0
360.000000000000060E+0	900.381371370724600E-3	5.633738924045495E+0
361.000000000000060E+0	1.274879332319145E+0	5.956063481881613E+0
362.000000000000060E+0	1.104270273369433E+0	5.806218256573994E+0
363.000000000000060E+0	1.250397299156118E+0	5.715238223944921E+0
364.000000000000060E+0	1.154393511585657E+0	5.684380913228196E+0
365.000000000000060E+0	1.199744934606350E+0	5.357442338323532E+0
366.000000000000060E+0	1.619337172921274E+0	5.082420318000745E+0
367.000000000000060E+0	1.889545342106907E+0	5.031094657691541E+0
368.000000000000060E+0	1.903396443033572E+0	4.872710431264380E+0
369.000000000000060E+0	2.072750331584278E+0	4.798764964607122E+0
370.000000000000060E+0	1.698192014153103E+0	4.793188762704734E+0
371.000000000000060E+0	1.159903186866738E+0	4.652089435322045E+0
372.000000000000060E+0	939.243245057729490E-3	4.395168932928718E+0
373.000000000000060E+0	780.641146549562400E-3	4.324955829181611E+0
374.000000000000060E+0	832.108043202768430E-3	3.986914695746878E+0
375.000000000000060E+0	987.095476327206960E-3	3.914902748294528E+0
376.000000000000060E+0	1.194564945745764E+0	4.085318367796674E+0
377.000000000000060E+0	1.124200121536344E+0	4.286747077730954E+0
378.000000000000060E+0	1.084120671959371E+0	4.324155422754725E+0
379.000000000000060E+0	1.205036703641114E+0	4.548536084183617E+0
380.000000000000060E+0	493.613923839562320E-3	4.585832330078431E+0
381.000000000000060E+0	620.290095546619180E-3	4.153860386882551E+0
382.000000000000060E+0	707.923075743081330E-3	3.884299866641826E+0
383.000000000000060E+0	937.228556726827810E-3	3.882557827973546E+0
384.000000000000060E+0	955.995992503774320E-3	3.871186836704414E+0
385.000000000000060E+0	911.241109323405960E-3	3.902178095115613E+0
386.000000000000060E+0	843.040604533506490E-3	3.827291146010452E+0
387.000000000000060E+0	772.573586296184440E-3	3.861576546087666E+0
388.000000000000060E+0	708.627987881531810E-3	3.868628150569331E+0
389.000000000000060E+0	638.889799640006920E-3	4.110266724705125E+0
390.000000000000060E+0	468.462879194956550E-3	3.953156538953262E+0
391.000000000000060E+0	474.004981615622380E-3	3.805103008184411E+0
392.000000000000060E+0	478.645341870383600E-3	3.713479986879319E+0
393.000000000000060E+0	559.534339918211220E-3	3.617736856128545E+0
394.000000000000060E+0	608.627009025815900E-3	3.706928863475268E+0
395.000000000000060E+0	586.897799509620290E-3	3.886597294330011E+0
396.000000000000060E+0	490.411598988882650E-3	3.803854364917986E+0
397.000000000000060E+0	497.181972896854170E-3	3.710454231737891E+0
398.000000000000060E+0	556.254196539472830E-3	3.763415743728189E+0
399.000000000000060E+0	428.602506371223820E-3	3.776611666974499E+0
400.000000000000060E+0	434.521383617485380E-3	3.645397048045557E+0
401.000000000000060E+0	446.463681069806220E-3	3.657816402694447E+0
402.000000000000060E+0	417.914593759254990E-3	3.682133459723698E+0
403.000000000000060E+0	413.330046401529930E-3	3.556556826363728E+0
404.000000000000060E+0	408.406514521015010E-3	3.542052273218624E+0
405.000000000000060E+0	438.353983054497130E-3	3.443404557507557E+0
406.000000000000060E+0	412.082837976185390E-3	3.552608150874872E+0
407.000000000000060E+0	401.116220894580710E-3	3.461241823127651E+0
408.000000000000060E+0	377.360055743006960E-3	3.679985294766418E+0
409.000000000000060E+0	283.136857248688810E-3	3.421086557757057E+0
410.000000000000060E+0	287.539203337170200E-3	3.218445892256163E+0
411.000000000000060E+0	279.491746476197840E-3	3.281743340386777E+0
412.000000000000060E+0	255.492131695386810E-3	3.162391674508563E+0
413.000000000000060E+0	231.628502123744310E-3	3.273129456813626E+0
414.000000000000060E+0	174.902943412784480E-3	3.278973924222268E+0
415.000000000000060E+0	142.621491218044990E-3	3.132671177977632E+0
416.000000000000060E+0	158.195828412757390E-3	3.073195218454048E+0
417.000000000000060E+0	107.517296837836170E-3	3.661270650238238E+0
418.000000000000060E+0	74.238655783939858E-3	3.399917476419458E+0
419.000000000000060E+0	91.993612301593752E-3	3.553342718242338E+0
420.000000000000060E+0	86.950600699964561E-3	4.112197039763474E+0
421.000000000000060E+0	106.749719067235720E-3	3.585792916712557E+0
422.000000000000060E+0	156.025358786704480E-3	4.628839493599772E+0
423.000000000000060E+0	134.274969370038490E-3	4.900645625177761E+0
424.000000000000060E+0	92.370666555584471E-3	5.030359289188688E+0
425.000000000000060E+0	148.258494747163290E-3	4.554807719145115E+0
426.000000000000060E+0	150.384689632290180E-3	4.704888902825921E+0
427.000000000000060E+0	260.508425057219830E-3	4.635713577421832E+0
428.000000000000060E+0	276.988126726598560E-3	4.880101386060923E+0
429.000000000000060E+0	274.881562141223830E-3	5.022779079745998E+0
430.000000000000060E+0	232.561993171043620E-3	4.938284106789445E+0
431.000000000000060E+0	306.867785194468220E-3	4.424387017478042E+0
432.000000000000060E+0	408.804792194118360E-3	4.641358489556966E+0
433.000000000000060E+0	446.810937418016700E-3	4.717105051966750E+0
434.000000000000060E+0	419.943392140386230E-3	4.827701111195093E+0
435.000000000000060E+0	393.112859605467990E-3	4.575890809079151E+0
436.000000000000060E+0	456.201496208655350E-3	4.477033432132511E+0
437.000000000000060E+0	517.071575714153630E-3	4.337626324541848E+0
438.000000000000060E+0	611.592694359935020E-3	4.303802731213247E+0
439.000000000000060E+0	642.641574656827590E-3	4.277453645434969E+0
440.000000000000060E+0	559.080869369815710E-3	3.952613590476045E+0
441.000000000000060E+0	714.785117849580650E-3	3.851096891927158E+0
442.000000000000060E+0	743.504364912869530E-3	3.693701588615509E+0
443.000000000000060E+0	767.106981367564830E-3	3.576156378658649E+0
444.000000000000060E+0	714.191955282779900E-3	3.421342476558061E+0
445.000000000000060E+0	677.062217700160620E-3	3.169523850666157E+0
446.000000000000060E+0	613.579358314678690E-3	2.963312231559826E+0
447.000000000000060E+0	549.729668592525810E-3	2.686451969836498E+0
448.000000000000060E+0	531.676415278215850E-3	2.502928017118047E+0
449.000000000000060E+0	459.765872105532600E-3	2.287085194106094E+0
450.000000000000060E+0	413.539270414792990E-3	1.963684850018980E+0
451.000000000000060E+0	362.407780657869550E-3	1.781165145848702E+0
452.000000000000060E+0	258.295163214558140E-3	1.356320145327491E+0
453.000000000000060E+0	323.379425031986080E-3	803.198537691428680E-3
454.000000000000060E+0	322.557204921504640E-3	552.481745935570640E-3
455.000000000000060E+0	346.972499377572410E-3	421.917307562986510E-3
456.000000000000060E+0	372.724817126929840E-3	203.457281763159970E-3
457.000000000000060E+0	413.914355874087870E-3	57.260185215716006E-3
458.000000000000060E+0	400.423750916412470E-3	-177.651892123238810E-3
459.000000000000060E+0	613.465244366936390E-3	-315.891451777853220E-3
460.000000000000060E+0	545.574733842905780E-3	-427.754427767288110E-3
461.000000000000060E+0	631.549879488070290E-3	-548.687198297283740E-3
462.000000000000060E+0	634.015417012614100E-3	-651.543228596427880E-3
463.000000000000060E+0	709.491213978304950E-3	-819.290690672945350E-3
464.000000000000060E+0	789.790616855883360E-3	-876.358872307631760E-3
465.000000000000060E+0	856.556190075178030E-3	-989.858491500824170E-3
466.000000000000060E+0	928.181081626717530E-3	-1.054335500748290E+0
467.000000000000060E+0	889.163936931120950E-3	-1.163853366943607E+0
468.000000000000060E+0	1.011428974649111E+0	-1.331051919411551E+0
469.000000000000060E+0	1.026423852706149E+0	-1.272163067767866E+0
470.000000000000060E+0	1.032237648198810E+0	-1.432810344778418E+0
471.000000000000060E+0	1.091052789555546E+0	-1.535712206462168E+0
472.000000000000060E+0	1.177642278087213E+0	-1.624924830633177E+0
473.000000000000060E+0	1.153683418392840E+0	-1.716442190760150E+0
474.000000000000060E+0	1.160867193859966E+0	-1.847850740418552E+0
475.000000000000060E+0	1.260193874118887E+0	-1.937923193990633E+0
476.000000000000060E+0	1.294028078123295E+0	-1.928109600667889E+0
477.000000000000060E+0	1.166304625116311E+0	-2.042948554292639E+0
478.000000000000060E+0	1.255904275488141E+0	-2.195580770528648E+0
479.000000000000060E+0	1.212272740435679E+0	-2.323181256360299E+0
480.000000000000060E+0	1.257252024425148E+0	-2.486239996747254E+0
481.000000000000060E+0	1.311017658195786E+0	-2.569702299966672E+0
482.000000000000060E+0	1.290054619995613E+0	-2.504679237212486E+0
483.000000000000060E+0	1.098765711786272E+0	-2.636255734458292E+0
484.000000000000060E+0	1.082926709498812E+0	-2.751053034254709E+0
485.000000000000060E+0	994.728795483815320E-3	-2.712094437648727E+0
486.000000000000060E+0	887.205130383551980E-3	-2.885938018583852E+0
487.000000000000060E+0	936.613329493984680E-3	-2.941541494167277E+0
488.000000000000060E+0	827.021703124898310E-3	-2.953005673793891E+0
489.000000000000060E+0	790.942225405801950E-3	-3.013920069163604E+0
490.000000000000060E+0	790.486171349801370E-3	-3.046189864929113E+0
491.000000000000060E+0	811.232088122627590E-3	-2.939275760330387E+0
492.000000000000060E+0	704.705672506804380E-3	-2.932360841262402E+0
493.000000000000060E+0	675.612492564045430E-3	-2.970419812480344E+0
494.000000000000060E+0	664.938564436396760E-3	-3.014557877107880E+0
495.000000000000060E+0	660.728876814085990E-3	-3.036636687518299E+0
496.000000000000060E+0	671.633855190227670E-3	-3.077303045121889E+0
497.000000000000060E+0	685.025726693474610E-3	-3.085657401016276E+0
498.000000000000060E+0	682.117632889064350E-3	-3.062573092583283E+0
499.000000000000060E+0	668.484277455845380E-3	-3.088930111769071E+0
500.000000000000060E+0	645.012531675683400E-3	-3.062055263745315E+0
501.000000000000060E+0	604.046693480533520E-3	-3.161191265281269E+0
502.000000000000060E+0	589.108544467566770E-3	-3.240223662070854E+0
503.000000000000060E+0	612.887722552877050E-3	-3.296386179805135E+0
504.000000000000060E+0	610.439852969837830E-3	-3.267436948653145E+0
505.000000000000060E+0	582.933771062741910E-3	-3.343317080911179E+0
506.000000000000060E+0	628.816974992125630E-3	-3.201274028969482E+0
507.000000000000060E+0	531.636487708145980E-3	-3.270801561985263E+0
508.000000000000060E+0	506.454896733374180E-3	-3.297899790266512E+0
509.000000000000060E+0	418.260103266941850E-3	-3.379195740000899E+0
510.000000000000060E+0	383.699168711264750E-3	-3.673285771586252E+0
511.000000000000060E+0	411.767951400636990E-3	-3.634447598096245E+0
512.000000000000110E+0	361.154365645347920E-3	-3.654441925608915E+0
513.000000000000110E+0	333.297106931913280E-3	-3.675735317452336E+0
514.000000000000110E+0	311.525479400247720E-3	-3.616890847985391E+0
515.000000000000110E+0	300.380922979456070E-3	-3.433869773802628E+0
516.000000000000110E+0	293.457242484156610E-3	-3.386710481658849E+0
517.000000000000110E+0	346.058704697356610E-3	-3.261673415338683E+0
518.000000000000110E+0	356.719131677949220E-3	-3.176334248902708E+0
519.000000000000110E+0	377.132791049797630E-3	-2.915394884139611E+0
520.000000000000110E+0	260.243360156684480E-3	-3.035900118443822E+0
521.000000000000110E+0	266.928747698681800E-3	-3.200594116999761E+0
522.000000000000110E+0	293.529023771205270E-3	-3.228544672304063E+0
523.000000000000110E+0	327.150777821655250E-3	-3.134077053259338E+0
524.000000000000110E+0	314.704923930140660E-3	-3.021321601079160E+0
525.000000000000110E+0	331.443405073614250E-3	-3.038428290539500E+0
526.000000000000110E+0	371.846836175748430E-3	-3.017921652978405E+0
527.000000000000110E+0	392.411651301131810E-3	-2.984744940735579E+0
528.000000000000110E+0	383.072830058932330E-3	-3.097153477134249E+0
529.000000000000110E+0	432.234903280251830E-3	-3.143176771944369E+0
530.000000000000110E+0	395.029755198981810E-3	-3.199162961480341E+0
531.000000000000110E+0	379.756575004555510E-3	-3.262937197284318E+0
532.000000000000110E+0	377.391304001712390E-3	-3.286301290704041E+0
533.000000000000110E+0	355.191108220570590E-3	-3.374356052154846E+0
534.000000000000110E+0	397.864619157653530E-3	-3.377839239034179E+0
535.000000000000110E+0	378.222299882758520E-3	-3.314092033529162E+0
536.000000000000110E+0	354.392839899051020E-3	-3.288109631328235E+0
537.000000000000110E+0	308.295292288804980E-3	-3.366865626903136E+0
538.000000000000110E+0	344.115656859905860E-3	-3.521858062435184E+0
539.000000000000110E+0	321.034900875738770E-3	-3.488018947260924E+0
540.000000000000110E+0	330.543538221010570E-3	-3.583097204482248E+0
541.000000000000110E+0	346.430293040176700E-3	-3.463352831498404E+0
542.000000000000110E+0	271.542951451222150E-3	-3.189668242039144E+0
543.000000000000110E+0	224.149402899919330E-3	-3.566583219138558E+0
544.000000000000110E+0	236.868300573819910E-3	-3.630855634770344E+0
545.000000000000110E+0	274.055397274585780E-3	-3.585908177785849E+0
546.000000000000110E+0	275.466868759056680E-3	-3.442305466733770E+0
547.000000000000110E+0	290.133864277924870E-3	-3.329535642608750E+0
548.000000000000110E+0	220.371053342219040E-3	-3.264230570575751E+0
549.000000000000110E+0	239.320828542239820E-3	-3.398812628872098E+0
550.000000000000110E+0	242.090796541998830E-3	-3.387201931575967E+0
551.000000000000110E+0	211.339707233079020E-3	-3.367632081916977E+0
552.000000000000110E+0	220.040292427172350E-3	-3.588504114369753E+0
553.000000000000110E+0	235.518914305958420E-3	-3.525341616195944E+0
554.000000000000110E+0	234.396477052534390E-3	-3.514940896722968E+0
555.000000000000110E+0	242.471386888518940E-3	-3.444127999676468E+0
556.000000000000110E+0	241.948424438635040E-3	-3.371350319697860E+0
557.000000000000110E+0	182.814807244941980E-3	-3.097661203633034E+0
558.000000000000110E+0	142.898143082314300E-3	-3.408104190486037E+0
559.000000000000110E+0	156.796839061568720E-3	-3.568318802116151E+0
560.000000000000110E+0	150.312105647296360E-3	-3.550117464307089E+0
561.000000000000110E+0	211.339702049690990E-3	-3.811583108512322E+0
562.000000000000110E+0	179.738234720425550E-3	-3.485815990524637E+0
563.000000000000110E+0	172.185381841674010E-3	-3.530327137395052E+0
564.000000000000110E+0	178.471457801270270E-3	-3.403515538057152E+0
565.000000000000110E+0	174.412261132888070E-3	-3.331943363091252E+0
566.000000000000110E+0	147.190999352059620E-3	-2.805712189753010E+0
567.000000000000110E+0	79.991013759752691E-3	-3.315708722880001E+0
568.000000000000110E+0	74.637888419520390E-3	-3.541847619254671E+0
569.000000000000110E+0	86.009592647537519E-3	-3.922033485692648E+0
570.000000000000110E+0	187.369823749441500E-3	-4.023550482107760E+0
571.000000000000110E+0	191.566637477392360E-3	-2.918817906608325E+0
572.000000000000110E+0	123.442265389516430E-3	-2.578868286668039E+0
573.000000000000110E+0	103.205192997069660E-3	-2.288033250263700E+0
574.000000000000110E+0	85.590907586908294E-3	-1.727030258898283E+0
575.000000000000110E+0	84.627562988495955E-3	-1.897769076052526E+0
576.000000000000110E+0	142.500951984949160E-3	-1.732916026767579E+0
577.000000000000110E+0	171.191062210305690E-3	-1.396828876988421E+0
578.000000000000110E+0	181.285906095861180E-3	-1.175293497633180E+0
579.000000000000110E+0	78.020949704563053E-3	-772.140273692073830E-3
580.000000000000110E+0	287.688889794350140E-3	-2.444732460047883E+0
581.000000000000110E+0	358.599208313408800E-3	-2.087515118399114E+0
582.000000000000110E+0	452.835161295125300E-3	-2.092102819038382E+0
583.000000000000110E+0	615.370224344631180E-3	-1.883185437764051E+0
584.000000000000110E+0	618.057486338287610E-3	-1.582821922041878E+0
585.000000000000110E+0	402.997387419523290E-3	-1.736329604589695E+0
586.000000000000110E+0	493.051278263166690E-3	-2.037715724371019E+0
587.000000000000110E+0	591.547719166124590E-3	-2.214064793704338E+0
588.000000000000110E+0	706.245683750281290E-3	-2.356162032597102E+0
589.000000000000110E+0	787.497494018040590E-3	-2.492183408601155E+0
590.000000000000110E+0	928.530547651449160E-3	-2.606461539503722E+0
591.000000000000110E+0	1.002967765298677E+0	-2.747968232857642E+0
592.000000000000110E+0	1.147524422786949E+0	-2.900028727197655E+0
593.000000000000110E+0	1.146010474411242E+0	-2.815287012444317E+0
594.000000000000110E+0	973.980167748851100E-3	-2.982035641541534E+0
595.000000000000110E+0	892.134739400406220E-3	-3.190924817723485E+0
596.000000000000110E+0	881.575029297563710E-3	-3.412477590398617E+0
597.000000000000110E+0	925.481071892883870E-3	-3.574114923455389E+0
598.000000000000110E+0	1.039648821671503E+0	-3.727304841256682E+0
599.000000000000110E+0	1.062916723171563E+0	-3.658281111190048E+0
600.000000000000110E+0	967.224182397850570E-3	-3.785804891736418E+0
601.000000000000110E+0	935.954524271684570E-3	-3.942386472599879E+0
602.000000000000110E+0	933.172857179940920E-3	-4.042308478278706E+0
603.000000000000110E+0	671.999660174619100E-3	-4.300406777271555E+0
604.000000000000110E+0	680.667550630045580E-3	-4.611236477043267E+0
605.000000000000110E+0	598.014485708673880E-3	-4.814047001589323E+0
606.000000000000110E+0	526.364055675325960E-3	-4.878350800703413E+0
607.000000000000110E+0	354.845907560277780E-3	-4.796284155128976E+0
608.000000000000110E+0	201.212682183673020E-3	-4.534616789169988E+0
609.000000000000110E+0	148.114690900778140E-3	-4.518324573379839E+0
610.000000000000110E+0	119.055195972974720E-3	-4.005659723376160E+0
611.000000000000110E+0	35.029392304987639E-3	-4.083484021860462E+0
612.000000000000110E+0	110.948545075209430E-3	-4.994984968948761E+0
613.000000000000110E+0	176.380351201345180E-3	-4.248294013566888E+0
614.000000000000110E+0	181.589236265459420E-3	-3.866312933657628E+0
615.000000000000110E+0	184.481724637079130E-3	-3.765292834665412E+0
616.000000000000110E+0	204.286803241648300E-3	-3.768800991763965E+0
617.000000000000110E+0	294.463323684961640E-3	-3.705694520012580E+0
618.000000000000110E+0	284.229747339442560E-3	-3.292159225016679E+0
619.000000000000110E+0	229.057372267465110E-3	-3.247328360868544E+0
620.000000000000110E+0	214.678315491765800E-3	-3.280028566622760E+0
621.000000000000110E+0	151.913443087517810E-3	-3.390459225973729E+0
622.000000000000110E+0	240.167429264092150E-3	-3.629394702145677E+0
623.000000000000110E+0	248.727702065190320E-3	-3.587102664627006E+0
624.000000000000110E+0	268.338726660795950E-3	-3.642042109243193E+0
625.000000000000110E+0	304.135675826556650E-3	-3.581231823606710E+0
626.000000000000110E+0	320.254048258848230E-3	-3.474261115573174E+0
627.000000000000110E+0	252.350361783699790E-3	-3.417776391959990E+0
628.000000000000110E+0	273.908173686363720E-3	-3.569254595898384E+0
629.000000000000110E+0	303.675664586613550E-3	-3.554648018626502E+0
630.000000000000110E+0	289.220176027660650E-3	-3.395789105064281E+0
631.000000000000110E+0	206.902242439742120E-3	-3.784647827456377E+0
632.000000000000110E+0	323.081798259972910E-3	-3.828026929167090E+0
633.000000000000110E+0	345.769830668004930E-3	-3.773892910260010E+0
634.000000000000110E+0	386.261379035732930E-3	-3.766215504578070E+0
635.000000000000110E+0	394.595952856222950E-3	-3.657343768039606E+0
636.000000000000110E+0	379.849992752649970E-3	-3.653071931536577E+0
637.000000000000110E+0	383.456022528848030E-3	-3.710594057331177E+0
638.000000000000110E+0	383.320577626639850E-3	-3.738069885019317E+0
639.000000000000110E+0	375.531680254886760E-3	-3.834502435875219E+0
640.000000000000110E+0	394.360136177183130E-3	-3.980373937206112E+0
641.000000000000110E+0	435.156953787820100E-3	-4.044126290018612E+0
642.000000000000110E+0	458.956548186271300E-3	-4.135356782807639E+0
643.000000000000110E+0	508.274613528670200E-3	-4.260722872745049E+0
644.000000000000110E+0	596.014945447489010E-3	-4.317613688139418E+0
645.000000000000110E+0	613.261471267201650E-3	-4.223206129381625E+0
646.000000000000110E+0	568.149163658547060E-3	-4.402810213904859E+0
647.000000000000110E+0	627.217511337728410E-3	-4.558085554937110E+0
648.000000000000110E+0	644.486067862005570E-3	-4.638001138181598E+0
649.000000000000110E+0	619.098028022381230E-3	-4.764931219391331E+0
650.000000000000110E+0	593.932035475049020E-3	-5.151263101663760E+0
651.000000000000110E+0	670.815805039525540E-3	-5.273385372406131E+0
652.000000000000110E+0	695.014050351672410E-3	-5.436474992630997E+0
653.000000000000110E+0	720.820715086050060E-3	-5.581191155728424E+0
654.000000000000110E+0	652.391306627850390E-3	-5.721002336760327E+0
655.000000000000110E+0	653.596192176543740E-3	-5.927591725718155E+0
656.000000000000110E+0	613.783012614042890E-3	-6.065008336725691E+0
657.000000000000110E+0	587.377859911164980E-3	-6.273855774655047E+0
658.000000000000110E+0	622.314812781218250E-3	-6.428757711387403E+0
659.000000000000110E+0	576.375800202971410E-3	-6.437784431079672E+0
660.000000000000110E+0	531.892910437471890E-3	-6.689553363917586E+0
661.000000000000110E+0	562.237048744981930E-3	-6.836549841875449E+0
662.000000000000110E+0	542.897865675423530E-3	-6.966766797947177E+0
663.000000000000110E+0	522.384745279776850E-3	-7.080186744794938E+0
664.000000000000110E+0	564.147847711931720E-3	-7.462018293734586E+0
665.000000000000110E+0	630.583306122241560E-3	-7.533749217814133E+0
666.000000000000110E+0	737.938808768315190E-3	-7.679549885719903E+0
667.000000000000110E+0	737.773208102421080E-3	-7.705297319108754E+0
668.000000000000110E+0	786.231869064584750E-3	-7.672661441013551E+0
669.000000000000110E+0	607.462694604480440E-3	-7.958082149583034E+0
670.000000000000110E+0	611.496359691585000E-3	-8.156485528637765E+0
671.000000000000110E+0	597.402498335722900E-3	-8.346676527064984E+0
672.000000000000110E+0	514.785962770651470E-3	-8.717498955102364E+0
673.000000000000110E+0	743.450352451625050E-3	-8.872621873452763E+0
674.000000000000110E+0	784.252250026009960E-3	-8.945222465572989E+0
675.000000000000110E+0	774.688449029279800E-3	-9.003835318979858E+0
676.000000000000110E+0	837.853837242308660E-3	-9.094043032449893E+0
677.000000000000110E+0	819.501664193475030E-3	-8.991007264333394E+0
678.000000000000110E+0	556.050067045023800E-3	-8.907734302591425E+0
679.000000000000110E+0	528.872410454616190E-3	-9.488543829945961E+0
680.000000000000110E+0	563.614655720972140E-3	-9.646559535471649E+0
681.000000000000110E+0	573.152510997596450E-3	-9.776495619398394E+0
682.000000000000110E+0	617.995795565854710E-3	-9.825838403255656E+0
683.000000000000110E+0	548.033633912076820E-3	-9.912060813472152E+0
684.000000000000110E+0	547.802814706174530E-3	-10.029916410533938E+0
685.000000000000110E+0	512.895741496793400E-3	-9.988688698125115E+0
686.000000000000110E+0	387.152294450823830E-3	-10.036742843715336E+0
687.000000000000110E+0	322.869879024053510E-3	-10.290270400662081E+0
688.000000000000110E+0	271.381653194767760E-3	-10.217792242974827E+0
689.000000000000110E+0	221.789653911975360E-3	-10.251715726926701E+0
690.000000000000110E+0	224.151575782706310E-3	-10.287942670085885E+0
691.000000000000110E+0	252.429402042607610E-3	-10.118400610082848E+0
692.000000000000110E+0	239.219598364927950E-3	-9.894955203087180E+0
693.000000000000110E+0	226.741782643535340E-3	-9.862761546669498E+0
694.000000000000110E+0	228.955502889561350E-3	-9.833338954267175E+0
695.000000000000110E+0	203.151317222156040E-3	-9.799206653567353E+0
696.000000000000110E+0	196.742209993731680E-3	-9.898913366263789E+0
697.000000000000110E+0	233.684409298996780E-3	-10.158492923206721E+0
698.000000000000110E+0	266.128312046285290E-3	-9.999926104872175E+0
699.000000000000110E+0	258.655282514639260E-3	-9.967329705645431E+0
700.000000000000110E+0	298.816046672357500E-3	-10.077564719382240E+0
701.000000000000110E+0	261.700946881123770E-3	-9.789655518096218E+0
702.000000000000110E+0	267.778136953502000E-3	-9.907028165778064E+0
703.000000000000110E+0	273.925702889745210E-3	-9.886852840501176E+0
704.000000000000110E+0	251.838944992504810E-3	-9.908029597260077E+0
705.000000000000110E+0	245.233658354159860E-3	-10.064779450880291E+0
706.000000000000110E+0	305.789912060935030E-3	-10.203095196156909E+0
707.000000000000110E+0	322.812654224617130E-3	-10.104225203353735E+0
708.000000000000110E+0	328.823474553331220E-3	-10.070452525167793E+0
709.000000000000110E+0	321.210854226748830E-3	-10.065208331326000E+0
710.000000000000110E+0	295.536731678001710E-3	-9.940271536082456E+0
711.000000000000110E+0	294.979117102253110E-3	-10.216436904333406E+0
712.000000000000110E+0	301.569759363138460E-3	-10.240139432455303E+0
713.000000000000110E+0	303.354176108304510E-3	-10.304840463222021E+0
714.000000000000110E+0	346.807910854045830E-3	-10.334943819276631E+0
715.000000000000110E+0	373.205628293038270E-3	-10.357629839185932E+0
716.000000000000110E+0	395.291020797841340E-3	-10.347793721110012E+0
717.000000000000110E+0	399.726510009422440E-3	-10.415320363482707E+0
718.000000000000110E+0	418.628278431448620E-3	-10.511679557210153E+0
719.000000000000110E+0	388.577425805522460E-3	-10.550370360132618E+0
720.000000000000110E+0	460.230850373810730E-3	-10.869679903781629E+0
721.000000000000110E+0	467.533637843531360E-3	-10.916401319915360E+0
722.000000000000110E+0	451.765898469895290E-3	-11.002027121896644E+0
723.000000000000110E+0	489.075304228698380E-3	-11.048285106955692E+0
724.000000000000110E+0	296.415828009672420E-3	-11.020715733883611E+0
725.000000000000110E+0	306.717525245699230E-3	-11.382234322465782E+0
726.000000000000110E+0	276.163387608747310E-3	-11.613469355073919E+0
727.000000000000110E+0	273.701913885740780E-3	-11.851092376404866E+0
728.000000000000110E+0	296.801841175411140E-3	-12.141898058403832E+0
729.000000000000110E+0	482.877943023170500E-3	-11.796542581529136E+0
730.000000000000110E+0	303.670813773083080E-3	-11.699708785945225E+0
731.000000000000110E+0	289.008493072498480E-3	-11.780090991869486E+0
732.000000000000110E+0	297.118709705244290E-3	-11.721186560490871E+0
733.000000000000110E+0	240.204732114354340E-3	-11.623522946550802E+0
734.000000000000110E+0	170.409235448909120E-3	-11.555518471773546E+0
735.000000000000110E+0	135.947013923564150E-3	-11.956239030513277E+0
736.000000000000110E+0	116.812009315898450E-3	-12.207065745644424E+0
737.000000000000110E+0	139.220959824127770E-3	-12.582449999308457E+0
738.000000000000110E+0	179.364099277524060E-3	-12.614800894285434E+0
739.000000000000110E+0	167.912985608531350E-3	-12.338056213224956E+0
740.000000000000110E+0	149.550769194710470E-3	-12.379961373811456E+0
741.000000000000110E+0	143.320979602712420E-3	-12.399464096824925E+0
742.000000000000110E+0	147.100285430299490E-3	-12.240908309789155E+0
743.000000000000110E+0	92.740751660729981E-3	-12.317735115319886E+0
744.000000000000110E+0	80.453106578257383E-3	-12.363330013562834E+0
745.000000000000110E+0	68.022998753229869E-3	-12.741727466795554E+0
746.000000000000110E+0	84.719273741600029E-3	-12.726681544269331E+0
747.000000000000110E+0	69.873721707859521E-3	-12.725269371292613E+0
748.000000000000110E+0	103.448538068124890E-3	-12.887168663402914E+0
749.000000000000110E+0	95.858992629769241E-3	-12.820249540976496E+0
750.000000000000110E+0	107.639519526765410E-3	-12.809714400382664E+0
751.000000000000110E+0	114.905531358419330E-3	-12.578719670140257E+0
752.000000000000110E+0	74.717659032841652E-3	-12.452367127878471E+0
753.000000000000110E+0	77.124118900619598E-3	-12.763412901337533E+0
754.000000000000110E+0	74.894891832883767E-3	-12.810436373661910E+0
755.000000000000110E+0	66.077689827556352E-3	-13.018922864679777E+0
756.000000000000110E+0	86.468091832050536E-3	-13.312200018645768E+0
757.000000000000110E+0	122.140695684460730E-3	-13.389965604502034E+0
758.000000000000110E+0	126.386982281661200E-3	-12.956349299200108E+0
759.000000000000110E+0	112.726336679281180E-3	-13.008850457607533E+0
760.000000000000110E+0	118.136038185188170E-3	-13.049726927332475E+0
761.000000000000110E+0	120.207551771492250E-3	-12.738322294001900E+0
762.000000000000110E+0	86.488959587157355E-3	-13.112725343638374E+0
763.000000000000110E+0	93.334738898126643E-3	-13.255432895164473E+0
764.000000000000110E+0	104.589853898856110E-3	-13.519195007280842E+0
765.000000000000110E+0	144.096461124557070E-3	-13.512951486860954E+0
766.000000000000110E+0	177.905364375739810E-3	-13.303773730268540E+0
767.000000000000110E+0	145.261054202520640E-3	-13.257592740759371E+0
768.000000000000110E+0	159.447030118718110E-3	-13.334211852313896E+0
769.000000000000110E+0	168.355628130453650E-3	-13.270740144573555E+0
770.000000000000110E+0	170.972265705059410E-3	-13.158337266602192E+0
771.000000000000110E+0	167.965460539910040E-3	-13.790464312867680E+0
772.000000000000110E+0	202.014657854594880E-3	-13.553082537073365E+0
773.000000000000110E+0	217.952948868081560E-3	-13.543393731939339E+0
774.000000000000110E+0	238.423591937555800E-3	-13.460735379867106E+0
775.000000000000110E+0	229.491474435542080E-3	-13.510193884331247E+0
776.000000000000110E+0	264.208318227558300E-3	-13.560037850485545E+0
777.000000000000110E+0	260.178670199562150E-3	-13.475489436291673E+0
778.000000000000110E+0	248.040186936511780E-3	-13.524298247361671E+0
779.000000000000110E+0	224.951807005611740E-3	-13.768073935921903E+0
780.000000000000110E+0	405.600642731244850E-3	-13.881819205250004E+0
781.000000000000110E+0	365.171637305694300E-3	-13.651872689996477E+0
782.000000000000110E+0	364.478208505814030E-3	-13.716717745011447E+0
783.000000000000110E+0	382.325594218662970E-3	-13.818190321763984E+0
784.000000000000110E+0	489.666351080015440E-3	-13.825815955438500E+0
785.000000000000110E+0	466.467935544092100E-3	-13.764558132749670E+0
786.000000000000110E+0	484.286444279181490E-3	-13.915062869781535E+0
787.000000000000110E+0	555.295684433058880E-3	-14.036693085916188E+0
788.000000000000110E+0	671.484023322810430E-3	-14.090212480167819E+0
789.000000000000110E+0	841.107833507355630E-3	-13.952685435541452E+0
790.000000000000110E+0	637.904556429098820E-3	-14.407011864195072E+0
791.000000000000110E+0	773.504811799417990E-3	-14.411500598659231E+0
792.000000000000110E+0	860.069627051309520E-3	-14.434114808488557E+0
793.000000000000110E+0	770.840716071252040E-3	-14.506634949211831E+0
794.000000000000110E+0	746.665758572731870E-3	-14.848937877830888E+0
795.000000000000110E+0	940.232885033897460E-3	-14.922328574431862E+0
796.000000000000110E+0	915.328898314899940E-3	-14.901968941362718E+0
797.000000000000110E+0	867.017289041032810E-3	-14.954131493624477E+0
798.000000000000110E+0	895.618529016575240E-3	-14.943486930175341E+0
799.000000000000110E+0	759.434723022892610E-3	-14.923202830771864E+0
800.000000000000110E+0	722.499614028394020E-3	-15.096576528622267E+0
801.000000000000110E+0	727.071855585698200E-3	-15.219409208746555E+0
802.000000000000110E+0	639.821346874592470E-3	-15.313641037498188E+0
803.000000000000110E+0	915.107158917535360E-3	-15.646484485293026E+0
804.000000000000110E+0	838.444789245419990E-3	-15.559287908083455E+0
805.000000000000110E+0	787.914937166679930E-3	-15.566639268317429E+0
806.000000000000110E+0	723.575303812388990E-3	-15.588466702627192E+0
807.000000000000110E+0	716.299981817645650E-3	-15.610275680257091E+0
808.000000000000110E+0	950.236242152396880E-3	-15.252615615325613E+0
809.000000000000110E+0	495.186485432584640E-3	-15.466601540660491E+0
810.000000000000110E+0	543.285791125779900E-3	-15.555728921293658E+0
811.000000000000110E+0	570.331230841026660E-3	-15.627726317620819E+0
812.000000000000110E+0	633.339921881712730E-3	-15.685410003927116E+0
813.000000000000110E+0	629.342148116565970E-3	-15.804472083119647E+0
814.000000000000110E+0	691.060603581109770E-3	-15.856426843089300E+0
815.000000000000110E+0	727.025944844334030E-3	-15.915391951846953E+0
816.000000000000110E+0	736.938614093136880E-3	-15.836054223002659E+0
817.000000000000110E+0	720.655085139153440E-3	-15.888676098972970E+0
818.000000000000110E+0	575.797287625198110E-3	-15.826285162635875E+0
819.000000000000110E+0	576.499451010391680E-3	-15.993992525713562E+0
820.000000000000110E+0	562.733485273039680E-3	-16.021940495938352E+0
821.000000000000110E+0	509.743639169322300E-3	-16.050383126160561E+0
822.000000000000110E+0	568.377427166239290E-3	-16.144668204734920E+0
823.000000000000110E+0	536.655788324305270E-3	-16.110316184331829E+0
824.000000000000110E+0	533.938854472844610E-3	-16.087498436699171E+0
825.000000000000110E+0	501.334900269767240E-3	-16.083970785940785E+0
826.000000000000110E+0	513.099741384258620E-3	-16.211303745583386E+0
827.000000000000110E+0	601.341321393427000E-3	-16.084500558381222E+0
828.000000000000110E+0	541.456293885579360E-3	-16.026782077714991E+0
829.000000000000110E+0	523.949367652388090E-3	-16.051053232040033E+0
830.000000000000110E+0	506.940348765213660E-3	-16.096623058905859E+0
831.000000000000110E+0	541.590112279816020E-3	-16.241864554562131E+0
832.000000000000110E+0	536.210469399973300E-3	-16.160461992254355E+0
833.000000000000110E+0	521.226166519638380E-3	-16.190387169998917E+0
834.000000000000110E+0	488.799038702531110E-3	-16.291786679272739E+0
835.000000000000110E+0	574.301859107888220E-3	-16.297552050551349E+0
836.000000000000110E+0	567.642207717067530E-3	-16.280027796376860E+0
837.000000000000110E+0	562.495729886425270E-3	-16.257806206695331E+0
838.000000000000110E+0	544.727412357399190E-3	-16.258757148422660E+0
839.000000000000110E+0	542.116930887228900E-3	-16.273971236256660E+0
840.000000000000110E+0	525.497721027022300E-3	-16.222733365610338E+0
841.000000000000110E+0	518.735386805790680E-3	-16.416173385014559E+0
842.000000000000110E+0	552.413667574418570E-3	-16.396471103949619E+0
843.000000000000110E+0	566.693007938518290E-3	-16.373900426080898E+0
844.000000000000110E+0	539.036497970248000E-3	-16.375753567988617E+0
845.000000000000110E+0	575.052567777442850E-3	-16.495257471871803E+0
846.000000000000110E+0	623.859099023879150E-3	-16.398036154741956E+0
847.000000000000110E+0	597.537797867409130E-3	-16.386873989426853E+0
848.000000000000110E+0	582.495319863872480E-3	-16.421405795644642E+0
849.000000000000110E+0	584.878116338677370E-3	-16.486420339686493E+0
850.000000000000110E+0	672.522095646232110E-3	-16.529713631586851E+0
851.000000000000110E+0	640.138535489927830E-3	-16.540091169374953E+0
852.000000000000110E+0	654.429830741847350E-3	-16.573241643646718E+0
853.000000000000110E+0	672.229175161108250E-3	-16.680487688691883E+0
854.000000000000110E+0	743.263409305363720E-3	-16.611869039772163E+0
855.000000000000110E+0	724.982986359283150E-3	-16.650725639198441E+0
856.000000000000110E+0	696.055578304489050E-3	-16.757526482958955E+0
857.000000000000110E+0	739.840730495751720E-3	-16.867487256228586E+0
858.000000000000110E+0	799.906723769772450E-3	-16.901482462861416E+0
859.000000000000110E+0	737.114157185825960E-3	-16.897583836133876E+0
860.000000000000110E+0	734.671069264652310E-3	-17.104514515869514E+0
861.000000000000110E+0	748.398956538717690E-3	-17.174508233802321E+0
862.000000000000110E+0	746.442605218781470E-3	-17.235063845486927E+0
863.000000000000110E+0	724.909771108810390E-3	-17.276236989633013E+0
864.000000000000110E+0	702.288807756452750E-3	-17.343720497168757E+0
865.000000000000110E+0	670.471657207314830E-3	-17.386663293809743E+0
866.000000000000110E+0	643.458563095570150E-3	-17.454814519437331E+0
867.000000000000110E+0	616.240359811227600E-3	-17.519211639109660E+0
868.000000000000110E+0	617.560907397049610E-3	-17.651307566369780E+0
869.000000000000110E+0	630.177448875102850E-3	-17.459525483055554E+0
870.000000000000110E+0	571.858614005588570E-3	-17.584238685882106E+0
871.000000000000110E+0	535.971574744696700E-3	-17.650760101326902E+0
872.000000000000110E+0	504.069852947043650E-3	-17.747805766048312E+0
873.000000000000110E+0	532.290912564160170E-3	-17.871748362344317E+0
874.000000000000110E+0	520.318705566222620E-3	-17.902703059377995E+0
875.000000000000110E+0	516.464005933506830E-3	-17.944254158421987E+0
876.000000000000110E+0	524.153631805925110E-3	-17.978876129944119E+0
877.000000000000110E+0	505.408647668403990E-3	-17.984009017422395E+0
878.000000000000110E+0	478.516489714903850E-3	-18.020117077541737E+0
879.000000000000110E+0	437.274304764365520E-3	-18.106894706701969E+0
880.000000000000110E+0	426.094884924286540E-3	-18.182557808091140E+0
881.000000000000110E+0	409.469025878038300E-3	-18.219997507229813E+0
882.000000000000110E+0	341.817217349719090E-3	-18.414607574776817E+0
883.000000000000110E+0	381.267249277975010E-3	-18.476635738645829E+0
884.000000000000110E+0	374.395895770952610E-3	-18.478094486766043E+0
885.000000000000110E+0	346.404824076330500E-3	-18.525209215921606E+0
886.000000000000110E+0	333.163387886779020E-3	-18.547691892422378E+0
887.000000000000110E+0	321.833833731750950E-3	-18.504017821858017E+0
888.000000000000110E+0	225.391688962998660E-3	-18.641285133465296E+0
889.000000000000110E+0	224.655816310387060E-3	-18.833573368852502E+0
890.000000000000110E+0	230.693965090883270E-3	-18.932447691147196E+0
891.000000000000110E+0	238.350088938660720E-3	-18.970974014834582E+0
892.000000000000110E+0	181.989054417363900E-3	-18.936715274238654E+0
893.000000000000110E+0	181.578846783872340E-3	-19.053401316443878E+0
894.000000000000110E+0	173.961818150840110E-3	-19.132307052769384E+0
895.000000000000110E+0	157.641986356619020E-3	-19.057131359774512E+0
896.000000000000110E+0	122.281170434899650E-3	-19.227932686004756E+0
897.000000000000110E+0	146.489624110273030E-3	-19.422910722087469E+0
898.000000000000110E+0	126.361422010867360E-3	-19.314282558805871E+0
899.000000000000110E+0	116.393863123399650E-3	-19.351798458244016E+0
900.000000000000110E+0	109.004936166969200E-3	-19.194509127687390E+0
901.000000000000110E+0	53.613424336422390E-3	-20.154428742786546E+0
902.000000000000110E+0	78.974756691979092E-3	-19.935316939909839E+0
903.000000000000110E+0	85.943683180561892E-3	-19.922588622190997E+0
904.000000000000110E+0	91.702185845241715E-3	-19.923283189280568E+0
905.000000000000110E+0	97.617223174472786E-3	-19.675437519744573E+0
906.000000000000110E+0	57.920989980691090E-3	-19.304906226240977E+0
907.000000000000110E+0	29.020980459587845E-3	-20.424193189960366E+0
908.000000000000110E+0	71.351867453789797E-3	-20.556046883940162E+0
909.000000000000110E+0	79.261279051630551E-3	-20.439579936536511E+0
910.000000000000110E+0	94.396403318204258E-3	-20.345110371677748E+0
911.000000000000110E+0	99.591922555347406E-3	-20.671750491097416E+0
912.000000000000110E+0	119.215913315701550E-3	-20.639591855035629E+0
913.000000000000110E+0	151.167739896388040E-3	-20.547142823730049E+0
914.000000000000110E+0	102.240238175499460E-3	-20.232562024054843E+0
915.000000000000110E+0	82.971285339656226E-3	-20.794835711563586E+0
916.000000000000110E+0	160.411842291557390E-3	-21.612631603948262E+0
917.000000000000110E+0	186.838134538143270E-3	-21.530869521395349E+0
918.000000000000110E+0	203.773809173261570E-3	-21.577028411529000E+0
919.000000000000110E+0	218.782149546880360E-3	-21.693240305400792E+0
920.000000000000110E+0	110.742323252812370E-3	-21.573810405840106E+0
921.000000000000110E+0	171.941998416405150E-3	-22.146797790538638E+0
922.000000000000110E+0	180.184567973574680E-3	-22.206285455884853E+0
923.000000000000110E+0	173.641628526485100E-3	-22.322761364981666E+0
924.000000000000110E+0	203.372609543395640E-3	-22.353693067909258E+0
925.000000000000110E+0	196.718756313749850E-3	-22.266639329427921E+0
926.000000000000110E+0	158.300822057076160E-3	-22.085353598952643E+0
927.000000000000110E+0	112.474233569330920E-3	-22.297271660038419E+0
928.000000000000110E+0	97.141027001014749E-3	-22.353367803965597E+0
929.000000000000110E+0	92.343908364179189E-3	-23.602038208496236E+0
930.000000000000110E+0	154.668152344598630E-3	-22.715249727553740E+0
931.000000000000110E+0	143.753712198181870E-3	-22.602677219890865E+0
932.000000000000110E+0	150.262135683613740E-3	-22.513927052351669E+0
933.000000000000110E+0	181.944036157013660E-3	-22.330635784019023E+0
934.000000000000110E+0	152.487748707196470E-3	-22.065522946708814E+0
935.000000000000110E+0	144.828086246659850E-3	-22.166862967395772E+0
936.000000000000110E+0	154.690193058564880E-3	-22.110779040819935E+0
937.000000000000110E+0	129.858741773379220E-3	-22.112385440909701E+0
938.000000000000110E+0	129.163852540287640E-3	-22.319797561964432E+0
939.000000000000110E+0	207.787936295266040E-3	-22.588303865753186E+0
940.000000000000110E+0	218.926796380592930E-3	-22.355266194862121E+0
941.000000000000110E+0	235.047988711475420E-3	-22.304950656543131E+0
942.000000000000110E+0	231.308368301661020E-3	-22.084258263357619E+0
943.000000000000110E+0	186.595566796437630E-3	-22.480277561879877E+0
944.000000000000110E+0	239.329750005498800E-3	-22.580068535210820E+0
945.000000000000110E+0	269.119648577106020E-3	-22.577710738176087E+0
946.000000000000110E+0	281.703500467658300E-3	-22.594065247954447E+0
947.000000000000110E+0	300.370593256821140E-3	-22.592006500182528E+0
948.000000000000110E+0	256.162488550856550E-3	-22.636281785568265E+0
949.000000000000110E+0	265.315182102397960E-3	-22.807740515795263E+0
950.000000000000110E+0	284.237750254497430E-3	-22.952218757511865E+0
951.000000000000110E+0	311.603415498515110E-3	-23.070350275062765E+0
952.000000000000110E+0	317.728643792522640E-3	-22.861080586474202E+0
953.000000000000110E+0	280.936251418586300E-3	-23.207955178248408E+0
954.000000000000110E+0	295.747209574990120E-3	-23.343614790674209E+0
955.000000000000110E+0	339.604271924182020E-3	-23.313269807213551E+0
956.000000000000110E+0	263.659908807992730E-3	-23.148830204869295E+0
957.000000000000110E+0	190.679005384623460E-3	-23.235888341046536E+0
958.000000000000110E+0	201.041014543917930E-3	-23.677189446746155E+0
959.000000000000110E+0	195.522767338856900E-3	-23.669856135844444E+0
960.000000000000110E+0	195.683242550880900E-3	-23.915297369649345E+0
961.000000000000110E+0	376.688281019247010E-3	-23.754448953332510E+0
962.000000000000110E+0	203.418819969191840E-3	-23.304482692577135E+0
963.000000000000110E+0	149.030184572517460E-3	-23.365959633253702E+0
964.000000000000110E+0	111.494453522348420E-3	-23.521894442036647E+0
965.000000000000110E+0	132.904489163246040E-3	-24.093516115422826E+0
966.000000000000110E+0	191.685918468633450E-3	-23.677546247880670E+0
967.000000000000110E+0	151.245267929264570E-3	-23.180835288216198E+0
968.000000000000110E+0	119.149950526154430E-3	-23.243710416416949E+0
969.000000000000110E+0	116.907309057720760E-3	-23.339670658297997E+0
970.000000000000110E+0	92.970836047430352E-3	-23.508970509006744E+0
971.000000000000110E+0	251.517962743437960E-3	-23.509346081632252E+0
972.000000000000110E+0	195.430554949108240E-3	-23.575454357171761E+0
973.000000000000110E+0	210.199970931865130E-3	-23.488524701425291E+0
974.000000000000110E+0	118.784001510865110E-3	-22.805645166392043E+0
975.000000000000110E+0	45.148959821986870E-3	-24.970096375693629E+0
976.000000000000110E+0	225.145563111695670E-3	-24.545323187547311E+0
977.000000000000110E+0	161.838094346933530E-3	-24.131157366232806E+0
978.000000000000110E+0	143.528293511151900E-3	-24.045420315444780E+0
979.000000000000110E+0	149.443343929432700E-3	-24.037191218993776E+0
980.000000000000110E+0	157.647373706185010E-3	-22.991816998875603E+0
981.000000000000110E+0	56.134263912129244E-3	-24.316129136298560E+0
982.000000000000110E+0	72.901599233245615E-3	-24.350353455280810E+0
983.000000000000110E+0	85.827974642533056E-3	-24.515984577395059E+0
984.000000000000110E+0	116.215754032062760E-3	-23.117966917400153E+0
985.000000000000110E+0	85.202213315096087E-3	-24.783813233938005E+0
986.000000000000110E+0	97.088560502300150E-3	-24.377100835468863E+0
987.000000000000110E+0	81.166289474629644E-3	-24.582204909632921E+0
988.000000000000110E+0	84.073219182550424E-3	-24.680664380959346E+0
989.000000000000110E+0	153.254770437781050E-3	-24.686572423231762E+0
990.000000000000110E+0	123.078289781800530E-3	-26.216582232808410E+0
991.000000000000110E+0	93.961098513207650E-3	-25.965301802251563E+0
992.000000000000110E+0	137.702366859710130E-3	-25.919483525514245E+0
993.000000000000110E+0	190.759876859023540E-3	-25.321475731868567E+0
994.000000000000110E+0	120.669410691243500E-3	-24.149347889597763E+0
995.000000000000110E+0	49.347432835526200E-3	-27.158602726741357E+0
996.000000000000110E+0	98.642709789793448E-3	-26.796569425295452E+0
997.000000000000110E+0	159.466429533366480E-3	-26.808769227307728E+0
998.000000000000110E+0	215.461905312300580E-3	-26.630128576491447E+0
999.000000000000110E+0	589.366819755709810E-3	-27.114201845273378E+0
1.000000000000000E+3	245.068930894095070E-3	-27.240243537355710E+0
