Freq (Hz)	Gxyaccelerometre /source
source
source_Real	Gxyaccelerometre /source
source
source_Imag
10.000000000000018E+0	12.329685475647849E-3	8.560913741739212E-3
11.000000000000020E+0	-15.516094107950820E-3	19.564668438407824E-3
12.000000000000021E+0	-33.429876859512431E-3	21.341839581270214E-3
13.000000000000023E+0	-71.267656822060516E-3	-19.806514965337047E-3
14.000000000000025E+0	10.461733243336812E-3	7.403481619259260E-3
15.000000000000027E+0	-88.465348330348054E-3	71.666029681994398E-3
16.000000000000028E+0	-206.168417633948160E-3	14.874695646864857E-3
17.000000000000028E+0	-126.817700510732570E-3	130.583979550766890E-3
18.000000000000028E+0	-340.155943437420620E-3	238.063207119712320E-3
19.000000000000028E+0	-323.956936667934680E-3	36.377268960481580E-3
20.000000000000028E+0	-271.078872329491290E-3	393.216495351880970E-3
21.000000000000028E+0	-759.957385523937210E-3	452.939245392573130E-3
22.000000000000028E+0	-626.632102395150770E-3	798.655393943829670E-3
23.000000000000028E+0	-725.372227717600240E-3	918.777190914871530E-3
24.000000000000028E+0	-1.459685619996151E+0	1.758058752463391E+0
25.000000000000028E+0	-1.926430352546959E+0	3.956326818033768E+0
26.000000000000028E+0	-942.792803324902780E-3	8.479006731109143E+0
27.000000000000028E+0	1.506548800874113E+0	6.287908080977282E+0
28.000000000000028E+0	1.598168319374787E+0	5.054316413558663E+0
29.000000000000028E+0	1.360481139923748E+0	1.869193900794415E+0
30.000000000000028E+0	-70.429965401380579E-3	1.113114403813236E+0
31.000000000000028E+0	-366.014281799924620E-3	2.887797919364918E+0
32.000000000000028E+0	1.862838796641602E+0	5.718775892256916E+0
33.000000000000028E+0	1.436152308380058E+0	2.779939361904495E+0
34.000000000000028E+0	1.108756906427812E+0	2.055617529559844E+0
35.000000000000028E+0	234.295429257506930E-3	1.070994046844556E+0
36.000000000000028E+0	-523.706515402441730E-3	2.992674866200523E+0
37.000000000000028E+0	1.850863867839222E+0	8.647122814928808E+0
38.000000000000028E+0	3.495800737956404E+0	3.417362661883812E+0
39.000000000000028E+0	1.088130476780703E+0	883.768685939868680E-3
40.000000000000028E+0	2.314922370095454E+0	2.987129474390697E+0
41.000000000000028E+0	3.314485582255259E+0	5.838587073240743E+0
42.000000000000028E+0	1.199790906927600E+0	6.217613786159227E+0
43.000000000000028E+0	-1.429873416392407E+0	3.514654421369894E+0
44.000000000000028E+0	-2.306435412451681E+0	4.375337340456552E+0
45.000000000000028E+0	-3.473319407622787E+0	12.149518745755232E+0
46.000000000000028E+0	2.616506628469472E+0	19.249090598601260E+0
47.000000000000028E+0	6.479574386809960E+0	5.395173809018107E+0
48.000000000000028E+0	-2.010468666196812E+0	-1.697705732044125E+0
49.000000000000028E+0	2.687230214917801E+0	-487.353423236367600E-3
50.000000000000028E+0	8.092178980218586E+0	7.982215160616695E+0
51.000000000000028E+0	9.500117226676043E+0	14.670850745801214E+0
52.000000000000028E+0	2.998919537964137E+0	9.950007018559033E+0
53.000000000000028E+0	1.773511771074893E+0	5.170823903806987E+0
54.000000000000028E+0	4.187351870191238E+0	9.888174508435144E+0
55.000000000000028E+0	6.286033121078568E+0	14.054210416072257E+0
56.000000000000028E+0	8.692130815093062E+0	12.776145657172705E+0
57.000000000000028E+0	4.858908767100868E+0	6.527204506310341E+0
58.000000000000028E+0	1.247900804041031E+0	1.312745465191417E+0
59.000000000000028E+0	5.647717818670938E+0	8.663666154385201E+0
60.000000000000028E+0	2.007877567913763E+0	24.799337567819023E+0
61.000000000000028E+0	-2.498857803634654E+0	21.520157050681679E+0
62.000000000000028E+0	-2.612770683042154E+0	8.856732499849006E+0
63.000000000000028E+0	-254.949335738082150E-3	30.078558959987181E+0
64.000000000000028E+0	-3.556472521935930E+0	54.606724765296100E+0
65.000000000000028E+0	-5.124335060603587E+0	87.863616148747866E+0
66.000000000000028E+0	5.186477272741562E+0	97.457356691757639E+0
67.000000000000028E+0	2.641819975700414E+0	33.469073648491211E+0
68.000000000000028E+0	1.279806079646869E+0	39.776732651714113E+0
69.000000000000028E+0	18.713484524231934E+0	101.732382419903390E+0
70.000000000000028E+0	24.489605235051304E+0	91.940091111332748E+0
71.000000000000028E+0	10.176047841374615E+0	30.248644851637106E+0
72.000000000000028E+0	5.298381970702859E+0	32.943516438153871E+0
73.000000000000028E+0	15.328931375016785E+0	81.907204646400146E+0
74.000000000000028E+0	17.287806158707156E+0	84.800381536614992E+0
75.000000000000028E+0	17.580579573453797E+0	82.516839537984907E+0
76.000000000000028E+0	22.205543285697200E+0	64.008084839171076E+0
77.000000000000028E+0	10.514771299035893E+0	31.764752413239044E+0
78.000000000000028E+0	44.078631305310054E+0	142.682803865441400E+0
79.000000000000028E+0	76.913628340918166E+0	161.993787427037720E+0
80.000000000000028E+0	30.093377222238949E+0	43.404806474142433E+0
81.000000000000028E+0	17.672515080679453E+0	26.467820903893909E+0
82.000000000000028E+0	45.373810286772553E+0	55.878399082504472E+0
83.000000000000028E+0	68.697054009851044E+0	68.403527824719447E+0
84.000000000000028E+0	48.097259101602461E+0	36.532438726399349E+0
85.000000000000028E+0	23.853729584085649E+0	13.233077991072815E+0
86.000000000000028E+0	19.209521995970618E+0	10.913802914005327E+0
87.000000000000028E+0	25.471603333036398E+0	14.760145137257641E+0
88.000000000000028E+0	98.770001355635557E+0	57.029682697572753E+0
89.000000000000028E+0	70.888902062139522E+0	35.280520802169271E+0
90.000000000000028E+0	1.193915551152576E+0	278.389879284638320E-3
91.000000000000028E+0	31.760912242874515E+0	15.679426829315236E+0
92.000000000000028E+0	48.360897351211847E+0	19.017361321727034E+0
93.000000000000028E+0	29.101081016767090E+0	8.802451159998784E+0
94.000000000000028E+0	24.666382669586390E+0	6.327652923730275E+0
95.000000000000028E+0	10.887302836002915E+0	2.886844857091870E+0
96.000000000000028E+0	8.080964377130137E+0	2.467783204293143E+0
97.000000000000028E+0	33.201675348172486E+0	7.999013506326496E+0
98.000000000000028E+0	29.847967377097127E+0	10.178394477058973E+0
99.000000000000028E+0	10.569764829090973E+0	5.230704366728104E+0
100.000000000000030E+0	1.513903851567316E+0	1.013186641488936E+0
101.000000000000030E+0	32.364336591256396E+0	18.551916669811924E+0
102.000000000000030E+0	55.337329232545095E+0	26.255477220602188E+0
103.000000000000030E+0	13.215729146604563E+0	6.742878466844175E+0
104.000000000000030E+0	18.965424024005753E+0	14.324034925044256E+0
105.000000000000030E+0	8.841835654807024E+0	4.473418586021627E+0
106.000000000000030E+0	26.255999846113912E+0	9.774127156409376E+0
107.000000000000030E+0	68.389697171595998E+0	18.021385324973963E+0
108.000000000000030E+0	35.130576852272910E+0	7.859469731192677E+0
109.000000000000030E+0	2.812461658801366E+0	-71.067032065380564E-3
110.000000000000030E+0	36.710080169172265E+0	11.972988449498725E+0
111.000000000000030E+0	65.275785655158998E+0	21.154034296936992E+0
112.000000000000030E+0	37.125088279745988E+0	12.099049167400850E+0
113.000000000000030E+0	22.040698164701634E+0	4.794856563222512E+0
114.000000000000030E+0	13.012113367332953E+0	6.666369163889920E+0
115.000000000000030E+0	27.257581037633610E+0	21.033503415196034E+0
116.000000000000030E+0	33.965682695988946E+0	21.460958875510361E+0
117.000000000000030E+0	53.752182534120457E+0	26.844460475295442E+0
118.000000000000030E+0	28.770287380404277E+0	18.310814150850586E+0
119.000000000000030E+0	4.055034622764511E+0	-1.576688612420860E+0
120.000000000000030E+0	106.830669908244910E+0	30.537410113779089E+0
121.000000000000030E+0	113.265664506568600E+0	39.779875372687300E+0
122.000000000000030E+0	22.240950943378145E+0	996.540311845756750E-3
123.000000000000030E+0	69.311910709444277E+0	22.604829919176048E+0
124.000000000000030E+0	40.880912236903711E+0	13.087086144516482E+0
125.000000000000030E+0	133.681565842813400E+0	40.412292278654981E+0
126.000000000000030E+0	144.639420169380600E+0	45.915815600970816E+0
127.000000000000030E+0	105.276188080582570E+0	40.779283399820443E+0
128.000000000000030E+0	16.692862612581628E+0	8.271420530161599E+0
129.000000000000030E+0	132.528956575376300E+0	50.063503618210632E+0
130.000000000000030E+0	242.513142399478230E+0	109.019774300159570E+0
131.000000000000030E+0	157.203885322781220E+0	83.329886439169456E+0
132.000000000000030E+0	25.841018823342655E+0	28.643949548265368E+0
133.000000000000030E+0	91.974708315722054E+0	42.971542774167489E+0
134.000000000000030E+0	106.535672390551400E+0	52.249477807422423E+0
135.000000000000030E+0	106.250795868655400E+0	44.930334498376524E+0
136.000000000000030E+0	174.488206264899110E+0	43.598834044773667E+0
137.000000000000030E+0	53.238150556820280E+0	-2.606836573096880E+0
138.000000000000030E+0	88.034105498757000E+0	33.876839669029593E+0
139.000000000000030E+0	298.479082680838300E+0	75.394021026156565E+0
140.000000000000030E+0	169.877508598079260E+0	18.066268507066372E+0
141.000000000000030E+0	76.817675266054039E+0	13.200938055660597E+0
142.000000000000030E+0	51.955342332735469E+0	12.547408228449596E+0
143.000000000000030E+0	101.430252998009890E+0	1.141453600927558E+0
144.000000000000030E+0	128.070969421370680E+0	-28.823692479779464E+0
145.000000000000030E+0	89.444461053549006E+0	-41.958593615393013E+0
146.000000000000030E+0	91.250815093028308E+0	-59.199015843320481E+0
147.000000000000030E+0	37.177737679119659E+0	-52.812575705502454E+0
148.000000000000030E+0	224.192436319068920E+0	-117.567215631025390E+0
149.000000000000030E+0	268.355956643778480E+0	-159.861617527367940E+0
150.000000000000030E+0	63.777622238107902E+0	-50.431176579331570E+0
151.000000000000030E+0	20.500960666860667E+0	-28.531099600656415E+0
152.000000000000030E+0	92.817640832558055E+0	-100.021700027105770E+0
153.000000000000030E+0	53.505066429461507E+0	-59.728205009803915E+0
154.000000000000030E+0	38.354857060727916E+0	-69.351221667157972E+0
155.000000000000030E+0	63.475361338774441E+0	-41.273892361472839E+0
156.000000000000030E+0	-3.935813108957921E+0	-6.970617603763546E+0
157.000000000000030E+0	40.349621600112812E+0	-84.760384139585213E+0
158.000000000000030E+0	77.383785415121864E+0	-96.259027465125968E+0
159.000000000000030E+0	50.177598605972847E+0	-55.422232021938520E+0
160.000000000000030E+0	25.372428010604462E+0	-16.358398645655370E+0
161.000000000000030E+0	12.326596469112411E+0	-21.169164172856526E+0
162.000000000000030E+0	79.754712988757049E+0	-100.505468419929260E+0
163.000000000000030E+0	48.056383749409591E+0	-36.117821682816420E+0
164.000000000000030E+0	21.739461569671164E+0	-12.757096671779795E+0
165.000000000000030E+0	30.280329579336460E+0	-23.634792058672449E+0
166.000000000000030E+0	12.944082228785636E+0	-5.947373735438542E+0
167.000000000000030E+0	60.495721242254568E+0	-73.980521331920954E+0
168.000000000000030E+0	75.028478901411006E+0	-82.640552668013470E+0
169.000000000000030E+0	24.806916046785577E+0	-24.235590609498018E+0
170.000000000000030E+0	28.834494534418020E+0	-9.777062240030324E+0
171.000000000000030E+0	78.938326295182833E+0	-57.699738657061232E+0
172.000000000000030E+0	90.704737893427975E+0	-73.617973148548316E+0
173.000000000000030E+0	49.547171732825276E+0	-41.915336460889563E+0
174.000000000000030E+0	29.766243672136618E+0	-26.354970783186832E+0
175.000000000000030E+0	34.964245295816752E+0	-33.211284858184072E+0
176.000000000000030E+0	79.578515374074257E+0	-107.855305841313250E+0
177.000000000000030E+0	76.816055774106601E+0	-114.072821723845390E+0
178.000000000000030E+0	79.833294501699996E+0	-119.138353533797120E+0
179.000000000000030E+0	13.475305817877503E+0	-34.311706913277625E+0
180.000000000000030E+0	93.185212865051000E+0	-80.914559850376875E+0
181.000000000000030E+0	145.870430934174610E+0	-217.901820623654370E+0
182.000000000000030E+0	56.753287285862463E+0	-92.088290414118163E+0
183.000000000000030E+0	52.833537082550649E+0	-77.554434683804146E+0
184.000000000000030E+0	40.272467277247628E+0	-85.874638468879027E+0
185.000000000000030E+0	81.267555305132419E+0	-142.325473974347520E+0
186.000000000000030E+0	124.952861067832970E+0	-247.567177980122270E+0
187.000000000000030E+0	70.048041239600337E+0	-207.825589697329260E+0
188.000000000000030E+0	26.236878415470223E+0	-84.453940311022237E+0
189.000000000000030E+0	46.164121113273453E+0	-107.921681415066630E+0
190.000000000000030E+0	79.517340327977664E+0	-292.452025078896040E+0
191.000000000000030E+0	31.736471592675144E+0	-361.272174255452970E+0
192.000000000000030E+0	-3.558990752165740E+0	-142.315506740791220E+0
193.000000000000030E+0	9.958686611978585E+0	-135.030110559866870E+0
194.000000000000030E+0	1.166265383087292E+0	-236.686526296770580E+0
195.000000000000030E+0	-11.790362892224866E+0	-213.413153262937380E+0
196.000000000000030E+0	-25.614896653319118E+0	-230.564215079900660E+0
197.000000000000030E+0	-38.062132350498871E+0	-154.120175849508510E+0
198.000000000000030E+0	-9.296451239801124E+0	-35.741141824034450E+0
199.000000000000030E+0	-82.018017168449916E+0	-302.723243745516300E+0
200.000000000000030E+0	-97.924588751151205E+0	-266.414254896265220E+0
201.000000000000030E+0	-29.449864664268215E+0	-80.701695430887611E+0
202.000000000000030E+0	-28.774453277981017E+0	-64.189905945296317E+0
203.000000000000030E+0	-36.502139226749605E+0	-44.454058384896655E+0
204.000000000000030E+0	-132.485982337281770E+0	-141.366110750238280E+0
205.000000000000030E+0	-109.966259824877330E+0	-86.032559768603534E+0
206.000000000000030E+0	-90.788408311477326E+0	-77.227626179443035E+0
207.000000000000030E+0	-45.576877895459447E+0	-16.495454082404009E+0
208.000000000000030E+0	-61.266696962256219E+0	-29.968736409918325E+0
209.000000000000030E+0	-157.632895419744160E+0	-45.140528225203397E+0
210.000000000000030E+0	-100.443688838223880E+0	12.138945317505046E+0
211.000000000000030E+0	-24.988816415860235E+0	17.982287997638963E+0
212.000000000000030E+0	-63.432601268614803E+0	16.831626167581401E+0
213.000000000000030E+0	-35.012527425952875E+0	15.427545297448557E+0
214.000000000000030E+0	-2.990434466385575E+0	16.989242499209649E+0
215.000000000000030E+0	9.752711781579396E+0	23.505778284558339E+0
216.000000000000030E+0	13.422780467483747E+0	18.332026766179421E+0
217.000000000000030E+0	-12.616419090668284E+0	21.592800595313424E+0
218.000000000000030E+0	-41.463685029246768E+0	10.494315693141557E+0
219.000000000000030E+0	-18.446375965453068E+0	-12.940788247293565E+0
220.000000000000030E+0	2.591596256610005E+0	-7.869525460742662E+0
221.000000000000030E+0	6.417975243644525E+0	-3.365571770473441E+0
222.000000000000030E+0	20.272164754831692E+0	10.164490275157355E+0
223.000000000000030E+0	29.276943080508381E+0	17.071871029076057E+0
224.000000000000030E+0	12.785321462832551E+0	11.364359029087272E+0
225.000000000000030E+0	19.237428464671122E+0	7.541907313948329E+0
226.000000000000030E+0	12.698446464288256E+0	-1.899125585674129E+0
227.000000000000030E+0	24.372411416997579E+0	3.846337698939310E+0
228.000000000000030E+0	46.321948438838362E+0	-3.722649344491691E+0
229.000000000000030E+0	23.965646248754627E+0	-5.749476829816173E+0
230.000000000000030E+0	9.259069986503688E+0	-4.584853689114778E+0
231.000000000000030E+0	27.367733519560865E+0	-15.232527499634418E+0
232.000000000000030E+0	34.513889594350317E+0	-21.030747118277137E+0
233.000000000000030E+0	22.063216648836033E+0	-17.713717140705882E+0
234.000000000000030E+0	27.959881856385977E+0	-24.327354494761412E+0
235.000000000000030E+0	12.215268790917349E+0	-11.928274085900416E+0
236.000000000000030E+0	10.396524200289452E+0	-21.607100913507558E+0
237.000000000000030E+0	13.185002267609125E+0	-33.628222134279213E+0
238.000000000000030E+0	16.344610350851276E+0	-37.144550129889794E+0
239.000000000000030E+0	5.750209829620689E+0	-14.181468920386632E+0
240.000000000000030E+0	5.810644263238030E+0	-9.778657538064012E+0
241.000000000000030E+0	25.330790880852028E+0	-26.625197679687528E+0
242.000000000000030E+0	17.583594872912521E+0	-16.176762518680523E+0
243.000000000000030E+0	13.400679732999702E+0	-8.013768089678013E+0
244.000000000000030E+0	30.199300201227039E+0	-11.665517777289711E+0
245.000000000000030E+0	13.539640600122809E+0	-4.031881176570117E+0
246.000000000000030E+0	39.883034256586008E+0	-1.836926609684282E+0
247.000000000000030E+0	50.901080955127256E+0	3.186232933905186E+0
248.000000000000030E+0	26.096782731299250E+0	3.865179241964690E+0
249.000000000000030E+0	12.924645854937893E+0	2.607573987905234E+0
250.000000000000030E+0	27.135524091568680E+0	-3.189198251402225E+0
251.000000000000030E+0	46.876279216910468E+0	-10.160389433758557E+0
252.000000000000030E+0	20.121491365824166E+0	-9.695736564134352E+0
253.000000000000030E+0	21.914699484769454E+0	-19.063927009188070E+0
254.000000000000030E+0	29.026920827752019E+0	-26.885896528830493E+0
255.000000000000030E+0	33.453944328303493E+0	-26.640990134140260E+0
256.000000000000060E+0	41.908629563161980E+0	-22.723304339966013E+0
257.000000000000060E+0	60.030703974037749E+0	-30.829593285554427E+0
258.000000000000060E+0	21.162017147942773E+0	-12.845190573778899E+0
259.000000000000060E+0	33.579750044339462E+0	-4.166842000010991E+0
260.000000000000060E+0	89.984113769731650E+0	-21.500631590117088E+0
261.000000000000060E+0	43.806082935298889E+0	-2.838743152524213E+0
262.000000000000060E+0	37.267185387504114E+0	8.330485156403496E+0
263.000000000000060E+0	26.938553999543512E+0	7.197696559780857E+0
264.000000000000060E+0	27.851302062039707E+0	-5.726421385152723E+0
265.000000000000060E+0	50.615672451733062E+0	-16.048969223718181E+0
266.000000000000060E+0	66.200581010722587E+0	-16.213258779497419E+0
267.000000000000060E+0	66.479111436501498E+0	-9.412888466261061E+0
268.000000000000060E+0	21.446922282084575E+0	-14.683908738999779E+0
269.000000000000060E+0	111.620248184774570E+0	-39.422438336581095E+0
270.000000000000060E+0	193.900615979443020E+0	-66.378062676478933E+0
271.000000000000060E+0	58.513428618465681E+0	-18.195191061752627E+0
272.000000000000060E+0	73.456418434036379E+0	-22.801036603352440E+0
273.000000000000060E+0	109.035366861880080E+0	-54.717487463727231E+0
274.000000000000060E+0	99.265055218349232E+0	-50.828610674067796E+0
275.000000000000060E+0	107.394533693610310E+0	-80.430372888795105E+0
276.000000000000060E+0	151.380246158043490E+0	-131.131931795505750E+0
277.000000000000060E+0	34.333300809368986E+0	-40.812724790182685E+0
278.000000000000060E+0	105.139095009520100E+0	-155.489411439494320E+0
279.000000000000060E+0	136.091572114340610E+0	-262.970909668192290E+0
280.000000000000060E+0	78.053591624585948E+0	-183.603112412489110E+0
281.000000000000060E+0	38.247053840175553E+0	-113.005097099482740E+0
282.000000000000060E+0	26.961128247432754E+0	-112.091699952911500E+0
283.000000000000060E+0	36.715055654233687E+0	-295.114526120501860E+0
284.000000000000060E+0	10.437672318272876E+0	-127.503254693655410E+0
285.000000000000060E+0	3.608253124989241E+0	-158.152825894770100E+0
286.000000000000060E+0	-9.675911074237735E+0	-160.444808557558590E+0
287.000000000000060E+0	-15.626724431957779E+0	-44.073209108805585E+0
288.000000000000060E+0	-62.830751025151734E+0	-280.770833139071330E+0
289.000000000000060E+0	-64.228447951906972E+0	-239.737456202704780E+0
290.000000000000060E+0	-27.118489907146046E+0	-77.469471360553683E+0
291.000000000000060E+0	-36.970019205936943E+0	-111.914190944433240E+0
292.000000000000060E+0	-74.649773638244582E+0	-170.846446876644990E+0
293.000000000000060E+0	-58.643679789191836E+0	-131.687295723239880E+0
294.000000000000060E+0	-53.037829556222150E+0	-87.110052276104014E+0
295.000000000000060E+0	-67.052723656677372E+0	-72.234005795684709E+0
296.000000000000060E+0	-60.769861995938662E+0	-45.334438679792100E+0
297.000000000000060E+0	-79.251043494711979E+0	-58.205360340717107E+0
298.000000000000060E+0	-129.746613159612930E+0	-92.236250371762551E+0
299.000000000000060E+0	-94.200362133383209E+0	-58.898288620578967E+0
300.000000000000060E+0	-30.769872191781225E+0	-18.351479374271868E+0
301.000000000000060E+0	-61.791583902253407E+0	-39.184673711956933E+0
302.000000000000060E+0	-93.473450667193830E+0	-34.822086117930674E+0
303.000000000000060E+0	-19.262526459945789E+0	6.130128927604000E+0
304.000000000000060E+0	-58.677179150673865E+0	-928.969287594692770E-3
305.000000000000060E+0	-20.234764098585455E+0	8.759992945365692E+0
306.000000000000060E+0	-35.731361863490875E+0	6.100520177437099E+0
307.000000000000060E+0	-58.634306926975945E+0	-10.056520524056976E+0
308.000000000000060E+0	-35.136438693998627E+0	-10.092119920875152E+0
309.000000000000060E+0	-11.363069610964656E+0	-6.752684061616563E+0
310.000000000000060E+0	-2.064180380013972E+0	9.243963304119831E+0
311.000000000000060E+0	-2.539123955192990E+0	23.417805963807680E+0
312.000000000000060E+0	11.672281426816724E+0	22.277846456040557E+0
313.000000000000060E+0	8.301176340440538E+0	15.805005086217184E+0
314.000000000000060E+0	6.344282040568729E+0	11.723326970559674E+0
315.000000000000060E+0	11.693148020279603E+0	12.634639481489250E+0
316.000000000000060E+0	6.163093444003916E+0	2.529535773858317E+0
317.000000000000060E+0	28.642719142406253E+0	-3.046208005773058E+0
318.000000000000060E+0	25.202375860627466E+0	-5.693819618424602E+0
319.000000000000060E+0	11.931724034776215E+0	-2.069284282892023E+0
320.000000000000060E+0	60.204076485870132E+0	1.909854885938792E+0
321.000000000000060E+0	67.813915251528826E+0	1.293308976771214E+0
322.000000000000060E+0	23.080399442365465E+0	5.030344712591959E+0
323.000000000000060E+0	24.618469357463052E+0	-1.632317754595822E+0
324.000000000000060E+0	16.742711404952715E+0	-10.172890337962537E+0
325.000000000000060E+0	52.104350326690245E+0	-36.683623585983099E+0
326.000000000000060E+0	61.042376038979185E+0	-39.477425671870584E+0
327.000000000000060E+0	63.407874278323810E+0	-36.927185346098000E+0
328.000000000000060E+0	54.436457497153547E+0	-31.578121950242700E+0
329.000000000000060E+0	40.873444047836230E+0	-11.149962126771422E+0
330.000000000000060E+0	153.953366304750260E+0	-84.728109436055590E+0
331.000000000000060E+0	82.019506819090310E+0	-44.021928127129250E+0
332.000000000000060E+0	21.813491680618249E+0	-26.814487294478777E+0
333.000000000000060E+0	40.379461852061482E+0	-76.049610183359675E+0
334.000000000000060E+0	50.465826847553949E+0	-120.146879766355710E+0
335.000000000000060E+0	32.534580459439873E+0	-109.705504444245280E+0
336.000000000000060E+0	42.073554279437332E+0	-176.349972006447250E+0
337.000000000000060E+0	15.024970946621369E+0	-86.578588857009976E+0
338.000000000000060E+0	2.317232590518137E+0	-45.627889597825444E+0
339.000000000000060E+0	-34.683142274064366E+0	-134.828659764954920E+0
340.000000000000060E+0	-59.144600603750973E+0	-101.936134592079670E+0
341.000000000000060E+0	-30.268933782201515E+0	-50.806549593908763E+0
342.000000000000060E+0	-25.558575285190997E+0	-5.971093746847711E+0
343.000000000000060E+0	-63.254991782016305E+0	-16.480135344997159E+0
344.000000000000060E+0	-43.463797936285225E+0	-35.711837156274655E+0
345.000000000000060E+0	17.470587529594187E+0	1.047765390865147E+0
346.000000000000060E+0	19.605067633381783E+0	30.685143102635841E+0
347.000000000000060E+0	15.713568026631862E+0	7.056344912238868E+0
348.000000000000060E+0	29.731644315865633E+0	20.116198100775634E+0
349.000000000000060E+0	63.382081956107712E+0	12.430480462167306E+0
350.000000000000060E+0	24.795007789915985E+0	-3.402634952656700E+0
351.000000000000060E+0	23.210878247199059E+0	-17.245977038886714E+0
352.000000000000060E+0	72.822006286310056E+0	-25.300494369100811E+0
353.000000000000060E+0	113.698433156947470E+0	-8.988990728392880E+0
354.000000000000060E+0	114.520247775248860E+0	-1.821271608938283E+0
355.000000000000060E+0	88.009607526190820E+0	10.145694327056450E+0
356.000000000000060E+0	65.151920709369733E+0	5.347097961322266E+0
357.000000000000060E+0	80.810894455975202E+0	-8.041283604724763E+0
358.000000000000060E+0	143.401484793206490E+0	-48.263019852513402E+0
359.000000000000060E+0	156.064701446061630E+0	-75.270605496685960E+0
360.000000000000060E+0	110.318342987083130E+0	-83.768160705064716E+0
361.000000000000060E+0	84.166741422458898E+0	-28.558800033143438E+0
362.000000000000060E+0	352.111027179465340E+0	-181.957571506052230E+0
363.000000000000060E+0	226.819303845751900E+0	-144.727957593831230E+0
364.000000000000060E+0	154.694184441767080E+0	-105.560687960731030E+0
365.000000000000060E+0	130.743864859617190E+0	-173.762575229893880E+0
366.000000000000060E+0	67.746087984563346E+0	-174.648685861447120E+0
367.000000000000060E+0	151.249973760630380E+0	-458.397767809301060E+0
368.000000000000060E+0	106.287064800369190E+0	-657.272429879600510E+0
369.000000000000060E+0	25.903502330066118E+0	-299.146228232894540E+0
370.000000000000060E+0	17.534449135037580E+0	-216.538628172155370E+0
371.000000000000060E+0	-13.065673908030481E+0	-216.416795594795250E+0
372.000000000000060E+0	-98.467385282495641E+0	-299.924727136563260E+0
373.000000000000060E+0	-60.961179748358276E+0	-149.393597666470500E+0
374.000000000000060E+0	-61.168539208207150E+0	-68.976694690630708E+0
375.000000000000060E+0	-112.306950427593310E+0	-109.624101946315520E+0
376.000000000000060E+0	-135.116379029648810E+0	-186.460622682910750E+0
377.000000000000060E+0	-113.312395859485790E+0	-249.940897328319350E+0
378.000000000000060E+0	-117.247048315403050E+0	-286.673557600627250E+0
379.000000000000060E+0	-21.850660442637274E+0	-132.159777866129470E+0
380.000000000000060E+0	-10.252773395311326E+0	-80.580330564086239E+0
381.000000000000060E+0	-130.982751062759720E+0	-209.605382927665060E+0
382.000000000000060E+0	-92.863540763112240E+0	-85.254873512856790E+0
383.000000000000060E+0	-108.456896443534790E+0	-99.222981115151725E+0
384.000000000000060E+0	-84.294598777075635E+0	-75.375131705534571E+0
385.000000000000060E+0	-125.939198770743470E+0	-119.839508219640560E+0
386.000000000000060E+0	-199.114125484896160E+0	-162.901246764468990E+0
387.000000000000060E+0	-107.238008600000900E+0	-94.051958945998962E+0
388.000000000000060E+0	-95.873656285173524E+0	-85.288527119010865E+0
389.000000000000060E+0	-30.797172775003787E+0	-44.811732703950597E+0
390.000000000000060E+0	-84.293910879371964E+0	-88.824718857762022E+0
391.000000000000060E+0	-132.450240047887860E+0	-103.542323448579470E+0
392.000000000000060E+0	-59.251890223218027E+0	-38.136561124702339E+0
393.000000000000060E+0	-46.570411246875821E+0	-24.017282339942916E+0
394.000000000000060E+0	-109.690912227607070E+0	-69.588819700135929E+0
395.000000000000060E+0	-75.398801613907508E+0	-69.540986702144508E+0
396.000000000000060E+0	-108.648167892149860E+0	-84.716813901740110E+0
397.000000000000060E+0	-73.075074159215759E+0	-46.721541774541912E+0
398.000000000000060E+0	-31.733631737799861E+0	-22.742378550802265E+0
399.000000000000060E+0	-72.273775440567462E+0	-53.253499745417230E+0
400.000000000000060E+0	-118.708472494978470E+0	-65.438354594105561E+0
401.000000000000060E+0	-76.809252462347672E+0	-43.593737696312601E+0
402.000000000000060E+0	-46.178228675861533E+0	-27.714556058339969E+0
403.000000000000060E+0	-32.724692033237737E+0	-14.416730245916611E+0
404.000000000000060E+0	-122.592799951958140E+0	-51.897835545927265E+0
405.000000000000060E+0	-74.328234613333066E+0	-23.140062833877788E+0
406.000000000000060E+0	-71.192790569739202E+0	-31.028599433150440E+0
407.000000000000060E+0	-62.785027437782034E+0	-20.781849869398545E+0
408.000000000000060E+0	-25.093387285513327E+0	-14.986945660222464E+0
409.000000000000060E+0	-97.251242135812873E+0	-27.911734910947132E+0
410.000000000000060E+0	-80.136316134398427E+0	-6.170889505334786E+0
411.000000000000060E+0	-27.139096751342333E+0	-3.828663748283078E+0
412.000000000000060E+0	-28.363645879701089E+0	-590.021147344413240E-3
413.000000000000060E+0	-49.445425582571644E+0	-6.541664613658166E+0
414.000000000000060E+0	-41.520017902325222E+0	-5.740231305810975E+0
415.000000000000060E+0	-30.827409541227876E+0	275.033279329823470E-3
416.000000000000060E+0	-17.865306200192762E+0	1.223850193206949E+0
417.000000000000060E+0	-10.454882871714732E+0	-5.981597556446808E+0
418.000000000000060E+0	-16.590271537370377E+0	-4.383624451424643E+0
419.000000000000060E+0	-21.926988445120589E+0	-9.575810770055130E+0
420.000000000000060E+0	-11.795900335411886E+0	-17.234920190872092E+0
421.000000000000060E+0	-4.415801389531096E+0	-2.101576629778081E+0
422.000000000000060E+0	-2.711785863412188E+0	-32.381683482161300E+0
423.000000000000060E+0	8.807505354639005E+0	-46.230564899049192E+0
424.000000000000060E+0	4.743099705841811E+0	-14.410657537095986E+0
425.000000000000060E+0	-4.704533657912196E+0	-29.607126123217533E+0
426.000000000000060E+0	-139.105310563836400E-3	-18.546835174113230E+0
427.000000000000060E+0	-2.938288790571739E+0	-38.246011595862427E+0
428.000000000000060E+0	19.499624711333880E+0	-115.176071638403680E+0
429.000000000000060E+0	16.663137087464655E+0	-51.949299438254535E+0
430.000000000000060E+0	7.558469200526204E+0	-32.888994810175845E+0
431.000000000000060E+0	-9.328150983964367E+0	-31.488692471001979E+0
432.000000000000060E+0	-9.926420166554566E+0	-139.513614637272500E+0
433.000000000000060E+0	675.684300522523930E-3	-143.271636018534680E+0
434.000000000000060E+0	7.608023317354591E+0	-65.684957201290871E+0
435.000000000000060E+0	-7.204712242843892E+0	-52.454263883811770E+0
436.000000000000060E+0	-22.162687955333233E+0	-92.421680093420221E+0
437.000000000000060E+0	-48.871387754418087E+0	-124.243242101896230E+0
438.000000000000060E+0	-91.255445701961690E+0	-210.775253823909620E+0
439.000000000000060E+0	-59.900790530575648E+0	-128.927585242823400E+0
440.000000000000060E+0	-19.766806478950031E+0	-20.806638231426078E+0
441.000000000000060E+0	-216.847603980956730E+0	-186.199883113795210E+0
442.000000000000060E+0	-228.584191205018300E+0	-140.810297076396550E+0
443.000000000000060E+0	-145.312574420106640E+0	-67.447743322143083E+0
444.000000000000060E+0	-144.657718222558460E+0	-41.557772942586730E+0
445.000000000000060E+0	-77.845082031059960E+0	-2.174871933782811E+0
446.000000000000060E+0	-200.554292251982670E+0	36.138592858503635E+0
447.000000000000060E+0	-164.406572899814160E+0	80.462406191946570E+0
448.000000000000060E+0	-97.861707015637904E+0	72.659407668324704E+0
449.000000000000060E+0	-41.541943855243218E+0	47.720659375187239E+0
450.000000000000060E+0	-20.138517506902254E+0	48.592643062407049E+0
451.000000000000060E+0	-35.324023301700677E+0	165.430365938113570E+0
452.000000000000060E+0	14.416939833605971E+0	66.185433438016147E+0
453.000000000000060E+0	21.721867957778187E+0	22.509282151875229E+0
454.000000000000060E+0	43.284703077064535E+0	26.686103863659923E+0
455.000000000000060E+0	64.418696137834601E+0	28.915890071939877E+0
456.000000000000060E+0	98.986169813228585E+0	20.422026779342108E+0
457.000000000000060E+0	106.670913192243690E+0	6.114680500753957E+0
458.000000000000060E+0	55.047834402080596E+0	-9.883546919652479E+0
459.000000000000060E+0	50.103090118139214E+0	-16.375485284727681E+0
460.000000000000060E+0	196.629453362626630E+0	-89.644532697311789E+0
461.000000000000060E+0	134.092339933280640E+0	-81.970698851380675E+0
462.000000000000060E+0	98.198264129491804E+0	-74.890153757269047E+0
463.000000000000060E+0	44.192753298792105E+0	-47.294681500902115E+0
464.000000000000060E+0	111.307087855589430E+0	-133.650234888165130E+0
465.000000000000060E+0	147.419360357348010E+0	-224.550173475880600E+0
466.000000000000060E+0	89.967245802868973E+0	-158.428767583916600E+0
467.000000000000060E+0	79.691702630091044E+0	-184.898903750494160E+0
468.000000000000060E+0	22.892434457202309E+0	-93.650341028081726E+0
469.000000000000060E+0	74.029698078489417E+0	-240.481588886186780E+0
470.000000000000060E+0	71.824428819960104E+0	-517.211960573625110E+0
471.000000000000060E+0	7.914020085957512E+0	-225.480149819257180E+0
472.000000000000060E+0	-6.346556199529621E+0	-117.135266842916740E+0
473.000000000000060E+0	-30.666265147923365E+0	-209.062713999818640E+0
474.000000000000060E+0	-88.317804433882742E+0	-310.575894808259820E+0
475.000000000000060E+0	-138.085776784732470E+0	-359.073352665646040E+0
476.000000000000060E+0	-95.441859219554473E+0	-255.644255387491280E+0
477.000000000000060E+0	-68.421978180343871E+0	-133.983035362084540E+0
478.000000000000060E+0	-101.146020407716040E+0	-140.255254080356000E+0
479.000000000000060E+0	-296.951340344992500E+0	-317.234986577841140E+0
480.000000000000060E+0	-257.102352721469510E+0	-197.630722856049460E+0
481.000000000000060E+0	-151.939267421107560E+0	-97.794004426818517E+0
482.000000000000060E+0	-83.157474485944789E+0	-61.516339635799454E+0
483.000000000000060E+0	-337.977439268006380E+0	-186.986870870629500E+0
484.000000000000060E+0	-283.008098554785480E+0	-116.510430147137480E+0
485.000000000000060E+0	-148.446975064573680E+0	-67.990768675722933E+0
486.000000000000060E+0	-160.156649820337320E+0	-41.860785695407621E+0
487.000000000000060E+0	-55.969927414365621E+0	-11.348647054217356E+0
488.000000000000060E+0	-267.441706671989440E+0	-51.042573874868708E+0
489.000000000000060E+0	-261.697891961097700E+0	-33.594377555250148E+0
490.000000000000060E+0	-125.379200987813280E+0	-11.997948063523014E+0
491.000000000000060E+0	-68.483984491920466E+0	-14.047658894464741E+0
492.000000000000060E+0	-149.972015898254710E+0	-31.844981293004992E+0
493.000000000000060E+0	-206.554466783303350E+0	-35.705927595354886E+0
494.000000000000060E+0	-146.618499236791650E+0	-18.726491830060759E+0
495.000000000000060E+0	-81.303407258715751E+0	-8.564749835084985E+0
496.000000000000060E+0	-94.294588099841064E+0	-6.070527930097447E+0
497.000000000000060E+0	-124.964079721318370E+0	-6.997196382933605E+0
498.000000000000060E+0	-240.305662144546940E+0	-19.028469591779675E+0
499.000000000000060E+0	-175.381850599057800E+0	-9.244601773777527E+0
500.000000000000060E+0	-54.555635026212840E+0	-4.348386262678771E+0
501.000000000000060E+0	-81.243907473021238E+0	1.592471692504411E+0
502.000000000000060E+0	-237.250758927809190E+0	23.476457954060848E+0
503.000000000000060E+0	-133.570391148795440E+0	20.842568212233207E+0
504.000000000000060E+0	-91.757368993611379E+0	11.608486589510571E+0
505.000000000000060E+0	-92.508239487750728E+0	18.918485533365004E+0
506.000000000000060E+0	-85.468746975096707E+0	5.106957245174288E+0
507.000000000000060E+0	-202.027230147909730E+0	26.249961246492454E+0
508.000000000000060E+0	-107.269570566806540E+0	16.904897229752713E+0
509.000000000000060E+0	-66.816456394295173E+0	16.181457825288238E+0
510.000000000000060E+0	-20.426838009025033E+0	12.014936131263406E+0
511.000000000000060E+0	-116.889066519943710E+0	62.776551245837922E+0
512.000000000000110E+0	-126.005432241234030E+0	70.954346336188820E+0
513.000000000000110E+0	-42.468751092603959E+0	25.120071760564873E+0
514.000000000000110E+0	-35.924812146118718E+0	18.488676931010723E+0
515.000000000000110E+0	-47.942324232904269E+0	14.425575703149160E+0
516.000000000000110E+0	-58.540109374026450E+0	14.643683546342976E+0
517.000000000000110E+0	-112.735587131883420E+0	13.602819566641287E+0
518.000000000000110E+0	-85.288394115307781E+0	2.964247563520658E+0
519.000000000000110E+0	-19.480130506890550E+0	-4.483083790672695E+0
520.000000000000110E+0	-69.946392303402860E+0	-7.420463240344446E+0
521.000000000000110E+0	-102.385810581345370E+0	6.047932251489263E+0
522.000000000000110E+0	-70.983133456804168E+0	6.187729039862253E+0
523.000000000000110E+0	-36.320784243575268E+0	-272.977637728311630E-3
524.000000000000110E+0	-38.024933748390403E+0	-4.595478258441948E+0
525.000000000000110E+0	-88.689889561998171E+0	-9.182234258908199E+0
526.000000000000110E+0	-112.269522596690080E+0	-13.955705437605769E+0
527.000000000000110E+0	-82.915624785568113E+0	-13.112833381211477E+0
528.000000000000110E+0	-67.684437495496724E+0	-3.009822228238352E+0
529.000000000000110E+0	-35.452188954689817E+0	56.160510210015335E-3
530.000000000000110E+0	-179.704225657498170E+0	10.357072417050734E+0
531.000000000000110E+0	-126.978224613688170E+0	15.484188401290533E+0
532.000000000000110E+0	-31.530082965482222E+0	4.594792754609028E+0
533.000000000000110E+0	-47.905838306537348E+0	11.356565392635916E+0
534.000000000000110E+0	-74.047235801986631E+0	17.826290174149584E+0
535.000000000000110E+0	-115.897499130326450E+0	20.192932390976747E+0
536.000000000000110E+0	-93.380827729502002E+0	13.780628691054693E+0
537.000000000000110E+0	-47.962483862421365E+0	10.991210424978163E+0
538.000000000000110E+0	-23.050184959509359E+0	9.213631543425700E+0
539.000000000000110E+0	-97.079205626361670E+0	35.044026970152885E+0
540.000000000000110E+0	-97.677866289557997E+0	46.164497777645344E+0
541.000000000000110E+0	-73.779114658608648E+0	24.593827126725760E+0
542.000000000000110E+0	-15.266480299823925E+0	734.510993676742550E-3
543.000000000000110E+0	-49.795755940560177E+0	22.536154178900855E+0
544.000000000000110E+0	-74.784270579008520E+0	39.818272810103444E+0
545.000000000000110E+0	-50.557724310638811E+0	24.068676330955036E+0
546.000000000000110E+0	-59.392574438438125E+0	18.418673345053413E+0
547.000000000000110E+0	-29.451964885409684E+0	5.601398063115309E+0
548.000000000000110E+0	-32.391395724236460E+0	3.992448953201268E+0
549.000000000000110E+0	-116.145513094099900E+0	30.551725749934643E+0
550.000000000000110E+0	-59.788097495167562E+0	14.987090412271225E+0
551.000000000000110E+0	-19.257318948785024E+0	4.428596175028180E+0
552.000000000000110E+0	-30.633207205763263E+0	14.681010578047312E+0
553.000000000000110E+0	-64.875378557534134E+0	26.194491391910105E+0
554.000000000000110E+0	-82.472380548340595E+0	32.306091673727209E+0
555.000000000000110E+0	-33.503838490234230E+0	10.457097005480772E+0
556.000000000000110E+0	-37.539368740995791E+0	8.779998771263900E+0
557.000000000000110E+0	-21.778006874260821E+0	-957.355388204462310E-3
558.000000000000110E+0	-43.599222871266470E+0	11.902852968607771E+0
559.000000000000110E+0	-56.299971524658396E+0	25.597598326179234E+0
560.000000000000110E+0	-24.538894807194477E+0	10.622359196949649E+0
561.000000000000110E+0	-9.077028204145540E+0	7.191172467360133E+0
562.000000000000110E+0	-68.092155300769733E+0	24.410752921002178E+0
563.000000000000110E+0	-55.382352034157826E+0	22.683300932011406E+0
564.000000000000110E+0	-31.478428002770062E+0	8.438786089800610E+0
565.000000000000110E+0	-33.155057461600435E+0	6.388433948935893E+0
566.000000000000110E+0	-11.609702953456047E+0	-4.053046953439010E+0
567.000000000000110E+0	-25.070002092938971E+0	4.409743067164877E+0
568.000000000000110E+0	-24.392866926709019E+0	10.320470589439090E+0
569.000000000000110E+0	-15.278805415936478E+0	15.128067239744144E+0
570.000000000000110E+0	-10.662429726773587E+0	12.949502459612557E+0
571.000000000000110E+0	-37.461546897430090E+0	-8.486341708235916E+0
572.000000000000110E+0	-48.646709916063756E+0	-30.683973580498087E+0
573.000000000000110E+0	-20.887429076726896E+0	-23.948224383785366E+0
574.000000000000110E+0	-1.290717823621098E+0	-8.194116022657422E+0
575.000000000000110E+0	-5.036921917975069E+0	-14.851782898904194E+0
576.000000000000110E+0	-3.532172386651022E+0	-21.596221224957087E+0
577.000000000000110E+0	11.412483078012443E+0	-64.938115908328797E+0
578.000000000000110E+0	25.557151439340242E+0	-61.214413661404990E+0
579.000000000000110E+0	6.228553532674346E+0	-6.065550111955981E+0
580.000000000000110E+0	-26.196458582792054E+0	-21.924737748220515E+0
581.000000000000110E+0	-83.533276446279842E+0	-147.010470846908670E+0
582.000000000000110E+0	-76.847282512082359E+0	-133.810830717287840E+0
583.000000000000110E+0	-31.580024019908148E+0	-97.781935706126674E+0
584.000000000000110E+0	-942.158424557396960E-3	-78.342318034334951E+0
585.000000000000110E+0	-12.412472432252576E+0	-74.298609103365976E+0
586.000000000000110E+0	-81.881344492197826E+0	-162.431900118282330E+0
587.000000000000110E+0	-99.001553094629713E+0	-132.066068166996330E+0
588.000000000000110E+0	-131.382552518144170E+0	-131.391081518401190E+0
589.000000000000110E+0	-35.143435511435499E+0	-26.683449719940047E+0
590.000000000000110E+0	-278.767348970979240E+0	-165.261780483614930E+0
591.000000000000110E+0	-498.090678507528990E+0	-206.856102687844040E+0
592.000000000000110E+0	-221.010120144728720E+0	-54.451351288771278E+0
593.000000000000110E+0	-123.108209277121700E+0	-41.660097767510031E+0
594.000000000000110E+0	-176.035249080133330E+0	-28.328466889072452E+0
595.000000000000110E+0	-227.875482703346280E+0	11.250719013228229E+0
596.000000000000110E+0	-292.659688920318270E+0	81.274840657903823E+0
597.000000000000110E+0	-223.668753742348910E+0	103.262798062707590E+0
598.000000000000110E+0	-77.156595142197830E+0	51.182855608092481E+0
599.000000000000110E+0	-183.201462010566080E+0	104.090120642034180E+0
600.000000000000110E+0	-331.660921986101810E+0	249.114409795570110E+0
601.000000000000110E+0	-264.312089799149360E+0	272.578525951912300E+0
602.000000000000110E+0	-57.941041446850860E+0	73.122315316389702E+0
603.000000000000110E+0	-35.346375572341870E+0	80.886026013250358E+0
604.000000000000110E+0	-20.517226333978645E+0	202.142325989329630E+0
605.000000000000110E+0	17.755132777704880E+0	174.053437035880110E+0
606.000000000000110E+0	19.143754243186727E+0	114.289357245724590E+0
607.000000000000110E+0	6.292506009897584E+0	74.828332360469218E+0
608.000000000000110E+0	-1.850004835315699E+0	10.296746083634561E+0
609.000000000000110E+0	-14.125087972887453E+0	71.869539396333337E+0
610.000000000000110E+0	-34.194413756259266E+0	40.046981570753630E+0
611.000000000000110E+0	-3.334922455465904E+0	4.584470932535170E+0
612.000000000000110E+0	2.784345738363332E+0	9.589054571483469E+0
613.000000000000110E+0	-17.547352512261117E+0	35.055490381290923E+0
614.000000000000110E+0	-48.527559278672143E+0	42.968922799504028E+0
615.000000000000110E+0	-36.453881249895531E+0	26.228927185179650E+0
616.000000000000110E+0	-29.974599725230405E+0	21.727018803392205E+0
617.000000000000110E+0	-25.993147714397100E+0	16.445304915329913E+0
618.000000000000110E+0	-59.230148979227522E+0	8.986089064183011E+0
619.000000000000110E+0	-101.912462188190630E+0	10.816124579594385E+0
620.000000000000110E+0	-77.598338246733846E+0	10.811551205721743E+0
621.000000000000110E+0	-8.581189406304620E+0	2.180780084859433E+0
622.000000000000110E+0	-47.357127063986105E+0	25.126184388982573E+0
623.000000000000110E+0	-92.548492564561187E+0	44.194618766608407E+0
624.000000000000110E+0	-57.445056705689254E+0	31.415910338409834E+0
625.000000000000110E+0	-59.107584439129468E+0	27.800649434130111E+0
626.000000000000110E+0	-40.676599167628147E+0	14.054136674016053E+0
627.000000000000110E+0	-32.521429549750181E+0	9.217451740388533E+0
628.000000000000110E+0	-113.597831432473000E+0	51.777235030224823E+0
629.000000000000110E+0	-100.192435795220580E+0	43.911196841412462E+0
630.000000000000110E+0	-45.633998346150690E+0	11.856479442259547E+0
631.000000000000110E+0	-15.435487634583755E+0	11.565864285046610E+0
632.000000000000110E+0	-90.911107114846729E+0	74.488838040265264E+0
633.000000000000110E+0	-139.546065283382800E+0	102.237552056414060E+0
634.000000000000110E+0	-45.365664186900425E+0	32.704612090831368E+0
635.000000000000110E+0	-64.674618082889225E+0	36.666220722719892E+0
636.000000000000110E+0	-35.969108283580070E+0	20.189548353510286E+0
637.000000000000110E+0	-97.811364891821014E+0	62.556294454619092E+0
638.000000000000110E+0	-137.937660180056870E+0	93.656587600167683E+0
639.000000000000110E+0	-83.644343587242332E+0	69.444859941717439E+0
640.000000000000110E+0	-10.065001562505804E+0	11.201345145103314E+0
641.000000000000110E+0	-94.990332100046828E+0	120.327700093685020E+0
642.000000000000110E+0	-110.216590615064520E+0	169.320437869384310E+0
643.000000000000110E+0	-62.703376714836189E+0	129.255569769189320E+0
644.000000000000110E+0	-39.436860233678772E+0	94.652684212464152E+0
645.000000000000110E+0	-35.612869239781105E+0	66.898857715855911E+0
646.000000000000110E+0	-50.138965905376423E+0	156.751322975547340E+0
647.000000000000110E+0	-33.238697335520257E+0	213.698938407334940E+0
648.000000000000110E+0	-15.240855802024763E+0	204.505641747731490E+0
649.000000000000110E+0	4.172069961804970E+0	79.331031075606944E+0
650.000000000000110E+0	18.978985279263888E+0	40.431932306439457E+0
651.000000000000110E+0	192.152994643323890E+0	305.811297830821440E+0
652.000000000000110E+0	192.927796857838590E+0	218.164372983168220E+0
653.000000000000110E+0	51.629310402632100E+0	43.663063832606859E+0
654.000000000000110E+0	98.815880565073812E+0	62.253483881407249E+0
655.000000000000110E+0	99.176974100034229E+0	36.832387612710121E+0
656.000000000000110E+0	189.226926302591750E+0	41.952746458351854E+0
657.000000000000110E+0	192.991468780076100E+0	1.800572425959687E+0
658.000000000000110E+0	82.799622438082480E+0	-12.139210141229267E+0
659.000000000000110E+0	28.788659429957772E+0	-4.486502408843831E+0
660.000000000000110E+0	150.743679571895680E+0	-64.868013904808095E+0
661.000000000000110E+0	186.094669436295560E+0	-114.958875977438310E+0
662.000000000000110E+0	86.139286836482768E+0	-70.169248502740828E+0
663.000000000000110E+0	27.346832178724476E+0	-27.988937100798996E+0
664.000000000000110E+0	34.487752147011712E+0	-83.434372289297556E+0
665.000000000000110E+0	72.726598703883056E+0	-219.288938762226790E+0
666.000000000000110E+0	25.201364349770277E+0	-143.008648050442360E+0
667.000000000000110E+0	34.952296296776183E+0	-233.342381547407060E+0
668.000000000000110E+0	10.077252235282023E+0	-54.966700664528219E+0
669.000000000000110E+0	-12.909781832850467E+0	-123.564364229685340E+0
670.000000000000110E+0	-91.540393881833268E+0	-293.321728100395770E+0
671.000000000000110E+0	-68.474772796178072E+0	-127.548046430640080E+0
672.000000000000110E+0	-28.286229262836095E+0	-24.179307979624017E+0
673.000000000000110E+0	-84.910437531681580E+0	-52.311257310601853E+0
674.000000000000110E+0	-147.014722285862660E+0	-76.454417297925573E+0
675.000000000000110E+0	-248.177937249362320E+0	-111.110169055483310E+0
676.000000000000110E+0	-153.549662940244050E+0	-52.720697422097771E+0
677.000000000000110E+0	-102.510181926678570E+0	-47.481973108668335E+0
678.000000000000110E+0	-43.007493894941128E+0	-24.455907841565356E+0
679.000000000000110E+0	-180.845149483779040E+0	11.547403299283053E+0
680.000000000000110E+0	-251.018137250687090E+0	56.602288754930484E+0
681.000000000000110E+0	-80.773793810415185E+0	29.642063741329174E+0
682.000000000000110E+0	-35.502833310705846E+0	15.054755667195044E+0
683.000000000000110E+0	-149.025686355348230E+0	78.969159086190302E+0
684.000000000000110E+0	-135.168568143446800E+0	93.497038434793893E+0
685.000000000000110E+0	-75.930164255276551E+0	48.019061033040693E+0
686.000000000000110E+0	-65.841404183376454E+0	46.210630973811448E+0
687.000000000000110E+0	-7.141337077940792E+0	8.387798484707101E+0
688.000000000000110E+0	-55.080848300917204E+0	55.926308341552556E+0
689.000000000000110E+0	-63.054765094271730E+0	68.523625092671935E+0
690.000000000000110E+0	-31.153940388571538E+0	36.419513534011813E+0
691.000000000000110E+0	-16.450395323444319E+0	13.677594343428487E+0
692.000000000000110E+0	-30.277564380229364E+0	15.386721933074886E+0
693.000000000000110E+0	-94.397138868260086E+0	44.208024604182043E+0
694.000000000000110E+0	-49.375314974831916E+0	21.375632053489628E+0
695.000000000000110E+0	-28.273297458117668E+0	11.110469986720465E+0
696.000000000000110E+0	-23.362026701501268E+0	11.988909442659098E+0
697.000000000000110E+0	-20.824676371718319E+0	18.776154380793397E+0
698.000000000000110E+0	-75.612644595363378E+0	49.016341002653817E+0
699.000000000000110E+0	-88.858099928684410E+0	53.572865824933750E+0
700.000000000000110E+0	-17.064885661360531E+0	13.047999329150437E+0
701.000000000000110E+0	-24.658946492296980E+0	9.419267376742830E+0
702.000000000000110E+0	-76.668825159271307E+0	40.134159144313259E+0
703.000000000000110E+0	-76.376502916793612E+0	38.038219862235891E+0
704.000000000000110E+0	-37.478957467379345E+0	19.667113400627613E+0
705.000000000000110E+0	-25.387035234728124E+0	18.901819048698474E+0
706.000000000000110E+0	-23.214970141949177E+0	22.888509267029658E+0
707.000000000000110E+0	-86.200547254193481E+0	69.628281686534564E+0
708.000000000000110E+0	-74.560833203931821E+0	56.174249140659171E+0
709.000000000000110E+0	-57.836614058779958E+0	43.100595586420773E+0
710.000000000000110E+0	-8.582816629678877E+0	4.862967572861175E+0
711.000000000000110E+0	-59.255918265527761E+0	60.002579257255093E+0
712.000000000000110E+0	-104.573578899827590E+0	111.035885829918670E+0
713.000000000000110E+0	-26.692710005787852E+0	32.293323551114362E+0
714.000000000000110E+0	-24.457846649904386E+0	31.472596436256747E+0
715.000000000000110E+0	-22.241358073519965E+0	30.001009225543459E+0
716.000000000000110E+0	-40.418544492936938E+0	53.413645047585476E+0
717.000000000000110E+0	-78.740430465851844E+0	120.116941729511350E+0
718.000000000000110E+0	-50.237398607116411E+0	95.586272751457656E+0
719.000000000000110E+0	-11.975437837600845E+0	25.097663501831775E+0
720.000000000000110E+0	-8.567293576786852E+0	67.691530636890349E+0
721.000000000000110E+0	-14.634572187449919E+0	184.456659707360780E+0
722.000000000000110E+0	981.580491970337810E-3	152.114066058649140E+0
723.000000000000110E+0	2.805073022086175E+0	53.166971657452940E+0
724.000000000000110E+0	730.024890457684480E-3	29.030591968690487E+0
725.000000000000110E+0	30.716277483981969E+0	75.441063001601165E+0
726.000000000000110E+0	35.884681091098784E+0	50.489464205343005E+0
727.000000000000110E+0	60.108542761513277E+0	52.219195747576180E+0
728.000000000000110E+0	39.550713483420019E+0	17.874858849981781E+0
729.000000000000110E+0	9.556687478505882E+0	9.263629011106124E+0
730.000000000000110E+0	74.503019815163768E+0	87.714505164957330E+0
731.000000000000110E+0	88.980897775965019E+0	89.137902252411351E+0
732.000000000000110E+0	19.909884994786637E+0	22.445139182026345E+0
733.000000000000110E+0	15.665844034205801E+0	21.578964373210674E+0
734.000000000000110E+0	9.659446887013290E+0	15.408967437126801E+0
735.000000000000110E+0	38.579840681025914E+0	26.971735333740014E+0
736.000000000000110E+0	28.141624259660215E+0	10.570259792025897E+0
737.000000000000110E+0	26.453538875220580E+0	-425.393296810521020E-3
738.000000000000110E+0	12.455971851735143E+0	-603.718282825635890E-3
739.000000000000110E+0	31.106845110508960E+0	7.228174834452109E+0
740.000000000000110E+0	69.869433585048483E+0	13.177292771319895E+0
741.000000000000110E+0	42.016758014378368E+0	7.078725701546899E+0
742.000000000000110E+0	6.883132528282511E+0	2.322799992734454E+0
743.000000000000110E+0	16.402662156285409E+0	4.164454849456094E+0
744.000000000000110E+0	23.312995111769130E+0	4.799622102488039E+0
745.000000000000110E+0	12.618351638443253E+0	-2.235677252487974E+0
746.000000000000110E+0	19.097521098174855E+0	-3.088040597696914E+0
747.000000000000110E+0	6.482733872917788E+0	-1.038856404315740E+0
748.000000000000110E+0	9.080357721722873E+0	-3.017178855329258E+0
749.000000000000110E+0	37.997136245192664E+0	-9.859415945001796E+0
750.000000000000110E+0	33.637663753128564E+0	-8.351009221522633E+0
751.000000000000110E+0	13.797313414839078E+0	-170.392454646806630E-3
752.000000000000110E+0	3.853087525503474E+0	441.178371334770500E-3
753.000000000000110E+0	19.862698114700251E+0	-3.965242507715995E+0
754.000000000000110E+0	29.198650303069051E+0	-7.271347498145955E+0
755.000000000000110E+0	10.205232260809465E+0	-4.961852873023219E+0
756.000000000000110E+0	10.648155250718043E+0	-9.837153693490720E+0
757.000000000000110E+0	7.553503049811686E+0	-8.153762712993624E+0
758.000000000000110E+0	27.490103824495833E+0	-11.299257338454652E+0
759.000000000000110E+0	53.158751696104581E+0	-25.187336110474860E+0
760.000000000000110E+0	18.994071624174651E+0	-9.969690385006349E+0
761.000000000000110E+0	3.620058707087681E+0	-628.683598879561040E-3
762.000000000000110E+0	17.126568967832316E+0	-10.414681229676043E+0
763.000000000000110E+0	26.977997766917035E+0	-22.223418357977696E+0
764.000000000000110E+0	10.706566541630071E+0	-15.061603066872511E+0
765.000000000000110E+0	13.398044468223222E+0	-18.600846699671234E+0
766.000000000000110E+0	6.455411002326708E+0	-5.863700262303660E+0
767.000000000000110E+0	22.758606615504117E+0	-18.830307135231962E+0
768.000000000000110E+0	32.251546142705095E+0	-31.138497506075730E+0
769.000000000000110E+0	40.250960184648910E+0	-34.204682842824454E+0
770.000000000000110E+0	15.413388885763283E+0	-10.364081627614297E+0
771.000000000000110E+0	4.444164594018750E+0	-12.300611217765592E+0
772.000000000000110E+0	50.886426000214129E+0	-76.981468627241611E+0
773.000000000000110E+0	44.561752505200104E+0	-66.014059599491645E+0
774.000000000000110E+0	15.435396267708160E+0	-19.227516887639084E+0
775.000000000000110E+0	20.460048443149148E+0	-28.240667774051083E+0
776.000000000000110E+0	15.879801002497308E+0	-24.390204004821641E+0
777.000000000000110E+0	53.458998923058324E+0	-68.643104044328339E+0
778.000000000000110E+0	61.030176145023915E+0	-86.789527771769059E+0
779.000000000000110E+0	9.869806834958471E+0	-25.515238636993441E+0
780.000000000000110E+0	4.938345906285681E+0	-18.917519072003415E+0
781.000000000000110E+0	51.369001388825197E+0	-97.408087827798141E+0
782.000000000000110E+0	55.387011098934309E+0	-123.877420890696950E+0
783.000000000000110E+0	22.628381243364906E+0	-68.518109358865942E+0
784.000000000000110E+0	10.691046915754416E+0	-33.220810705859620E+0
785.000000000000110E+0	20.410403666476260E+0	-52.218218948157570E+0
786.000000000000110E+0	25.863070097774539E+0	-114.524635997592480E+0
787.000000000000110E+0	13.877861798930672E+0	-137.659009132260220E+0
788.000000000000110E+0	8.450418654523514E+0	-179.838236691563620E+0
789.000000000000110E+0	11.528576937019666E+0	-61.781225921736848E+0
790.000000000000110E+0	-29.528109385203017E+0	-106.757231146995050E+0
791.000000000000110E+0	-123.734789761197930E+0	-439.665530636435050E+0
792.000000000000110E+0	-57.637677685477911E+0	-188.361374986566890E+0
793.000000000000110E+0	-30.494086215637047E+0	-78.744962340166722E+0
794.000000000000110E+0	-56.257930043667422E+0	-65.218067591552057E+0
795.000000000000110E+0	-158.532650084774160E+0	-158.607663322450550E+0
796.000000000000110E+0	-202.602799458215170E+0	-211.125214253437120E+0
797.000000000000110E+0	-181.435172963822310E+0	-170.327602748195550E+0
798.000000000000110E+0	-68.407505156184243E+0	-65.603344370390147E+0
799.000000000000110E+0	-45.257966856059610E+0	-45.200279252849064E+0
800.000000000000110E+0	-201.755480501755530E+0	-141.427567599667610E+0
801.000000000000110E+0	-315.684386727575030E+0	-167.796436004341960E+0
802.000000000000110E+0	-75.442153477223812E+0	-31.392723385077534E+0
803.000000000000110E+0	-62.345743849416991E+0	-3.837776793562902E+0
804.000000000000110E+0	-187.195677357146450E+0	-28.038279204191490E+0
805.000000000000110E+0	-179.981451501961770E+0	-25.606400383700969E+0
806.000000000000110E+0	-149.864727192742750E+0	-17.994050061502982E+0
807.000000000000110E+0	-142.413282046742180E+0	-13.956433032138372E+0
808.000000000000110E+0	-16.165340964554655E+0	-7.915645266804944E+0
809.000000000000110E+0	-130.382984095300630E+0	-32.095135441495238E+0
810.000000000000110E+0	-228.304472902810940E+0	-35.026786641788441E+0
811.000000000000110E+0	-106.484398431311800E+0	-8.562366025620767E+0
812.000000000000110E+0	-41.679761050052676E+0	-940.174067159923130E-3
813.000000000000110E+0	-60.367364479854260E+0	5.844138103190032E+0
814.000000000000110E+0	-257.840866726271260E+0	38.563727378382801E+0
815.000000000000110E+0	-190.069987031008450E+0	40.001327504461273E+0
816.000000000000110E+0	-126.786397022540570E+0	16.329596680167135E+0
817.000000000000110E+0	-92.310377958770758E+0	16.865665420367943E+0
818.000000000000110E+0	-53.705997272852720E+0	6.384417296444131E+0
819.000000000000110E+0	-239.696728555294840E+0	70.493260442674980E+0
820.000000000000110E+0	-219.979165019219100E+0	71.431294062176605E+0
821.000000000000110E+0	-42.617799326208498E+0	15.191620463019495E+0
822.000000000000110E+0	-52.719355362065883E+0	24.607359334245562E+0
823.000000000000110E+0	-178.274115106231360E+0	75.868025233694468E+0
824.000000000000110E+0	-116.896327926704520E+0	46.626886669208602E+0
825.000000000000110E+0	-108.065028587613280E+0	42.663064251312690E+0
826.000000000000110E+0	-38.695728342793018E+0	21.307720278931498E+0
827.000000000000110E+0	-45.488278951819737E+0	17.986208033098048E+0
828.000000000000110E+0	-144.536937962421750E+0	47.708609428204845E+0
829.000000000000110E+0	-162.196615623608980E+0	57.939437743740335E+0
830.000000000000110E+0	-85.580822538892050E+0	35.044415523370155E+0
831.000000000000110E+0	-8.811171555833607E+0	5.208897110238675E+0
832.000000000000110E+0	-102.863408911699140E+0	50.006077108781426E+0
833.000000000000110E+0	-203.586473533428350E+0	106.617342210147630E+0
834.000000000000110E+0	-49.496793850016004E+0	32.699898109402156E+0
835.000000000000110E+0	-62.351616509728352E+0	41.710752435811273E+0
836.000000000000110E+0	-37.104886882051076E+0	23.891285138707310E+0
837.000000000000110E+0	-66.590848516390707E+0	40.812807468121733E+0
838.000000000000110E+0	-197.387011330401380E+0	121.234716268500590E+0
839.000000000000110E+0	-113.637790631390660E+0	72.199858429100146E+0
840.000000000000110E+0	-25.243454204239363E+0	14.278659323681406E+0
841.000000000000110E+0	-47.825398625206198E+0	40.958685896903162E+0
842.000000000000110E+0	-161.430987842582370E+0	132.830355493013910E+0
843.000000000000110E+0	-139.070820647041900E+0	109.262715241003930E+0
844.000000000000110E+0	-55.967453792418745E+0	44.139504748506759E+0
845.000000000000110E+0	-37.776179272104628E+0	37.919701902403098E+0
846.000000000000110E+0	-100.572826864242220E+0	83.018709732822032E+0
847.000000000000110E+0	-118.645517549206190E+0	95.730484365334234E+0
848.000000000000110E+0	-165.665414673081220E+0	143.388764816537450E+0
849.000000000000110E+0	-79.962909878307272E+0	78.860484436079886E+0
850.000000000000110E+0	-11.456222749588381E+0	12.320956473573739E+0
851.000000000000110E+0	-202.612087694517300E+0	222.491541052619650E+0
852.000000000000110E+0	-169.260796656215400E+0	198.717675057960290E+0
853.000000000000110E+0	-51.588309985833995E+0	75.686754147438449E+0
854.000000000000110E+0	-57.137081645770728E+0	72.582171816655673E+0
855.000000000000110E+0	-44.197700315902516E+0	60.869334762360651E+0
856.000000000000110E+0	-100.712860131249060E+0	175.396724571561720E+0
857.000000000000110E+0	-92.124891360594901E+0	211.225505641504160E+0
858.000000000000110E+0	-43.464696486950530E+0	109.687623534857150E+0
859.000000000000110E+0	-15.386237392019899E+0	38.391048562333069E+0
860.000000000000110E+0	-18.601568467930530E+0	105.672597504695200E+0
861.000000000000110E+0	-38.650871527979760E+0	369.402815800217640E+0
862.000000000000110E+0	-7.937364583386669E+0	181.535101761446730E+0
863.000000000000110E+0	-73.005195219717267E-3	28.940336340613840E+0
864.000000000000110E+0	4.877355534800751E+0	74.975758350104087E+0
865.000000000000110E+0	16.502144499837772E+0	152.339993022775530E+0
866.000000000000110E+0	19.576518740606524E+0	110.044290627451430E+0
867.000000000000110E+0	40.218114486523369E+0	164.024435901289020E+0
868.000000000000110E+0	20.965394131034238E+0	53.647738636774896E+0
869.000000000000110E+0	7.949324442547689E+0	43.495763803668424E+0
870.000000000000110E+0	77.230062524428078E+0	244.902779512379770E+0
871.000000000000110E+0	56.075690955014046E+0	143.722497556470220E+0
872.000000000000110E+0	29.665826003850537E+0	58.539433938778259E+0
873.000000000000110E+0	13.846982469593334E+0	20.547746877087590E+0
874.000000000000110E+0	65.946038778051474E+0	91.607095251149033E+0
875.000000000000110E+0	111.985009849080820E+0	142.665721186767370E+0
876.000000000000110E+0	65.656498991271619E+0	77.931708582326820E+0
877.000000000000110E+0	61.379010057914421E+0	72.100164579277333E+0
878.000000000000110E+0	17.357402595739991E+0	18.957782904456085E+0
879.000000000000110E+0	72.672368110449369E+0	66.711881332620607E+0
880.000000000000110E+0	188.882768566745740E+0	148.722454281963080E+0
881.000000000000110E+0	80.546001489210965E+0	58.672817412592508E+0
882.000000000000110E+0	15.053619194860309E+0	6.994270415851259E+0
883.000000000000110E+0	81.869770167909138E+0	32.029621139999740E+0
884.000000000000110E+0	108.496232549907220E+0	42.264208986687869E+0
885.000000000000110E+0	85.649143436208874E+0	28.796993612596008E+0
886.000000000000110E+0	59.862272098212088E+0	18.639903891910045E+0
887.000000000000110E+0	23.465180680993775E+0	8.447001694625895E+0
888.000000000000110E+0	42.160806020617464E+0	8.910068237733123E+0
889.000000000000110E+0	94.191193649047221E+0	1.505543910304924E+0
890.000000000000110E+0	63.023143294584976E+0	-5.236097859791929E+0
891.000000000000110E+0	22.926013407625241E+0	-2.797393083551515E+0
892.000000000000110E+0	14.662317496942265E+0	-1.281204076598138E+0
893.000000000000110E+0	81.123460232463614E+0	-16.769564725043558E+0
894.000000000000110E+0	40.361463184448382E+0	-11.726430092557148E+0
895.000000000000110E+0	17.738570691153058E+0	-3.735903339660067E+0
896.000000000000110E+0	14.353604347101097E+0	-5.706013428599968E+0
897.000000000000110E+0	7.264603841083877E+0	-4.690840845621703E+0
898.000000000000110E+0	36.585630831023344E+0	-18.342188234266008E+0
899.000000000000110E+0	37.654516875296025E+0	-20.680533935214743E+0
900.000000000000110E+0	10.826584826840397E+0	-3.890205269204741E+0
901.000000000000110E+0	473.302288909480230E-3	-1.737690552615762E+0
902.000000000000110E+0	8.248230605745345E+0	-15.650466584817213E+0
903.000000000000110E+0	12.381963173975620E+0	-22.786000483307262E+0
904.000000000000110E+0	6.586771256640641E+0	-12.141449089031818E+0
905.000000000000110E+0	3.982045841976001E+0	-4.318254188804976E+0
906.000000000000110E+0	4.264548564996984E+0	-2.088225692501033E+0
907.000000000000110E+0	-15.524240491184050E-3	-4.041759979109566E+0
908.000000000000110E+0	-2.542190750423986E+0	-18.619515824691145E+0
909.000000000000110E+0	-350.543601815755830E-3	-18.228941406266046E+0
910.000000000000110E+0	263.850618896610710E-3	-3.500079032499757E+0
911.000000000000110E+0	-3.139019546397004E+0	-12.222079949231075E+0
912.000000000000110E+0	-12.045809687878661E+0	-54.060443708839443E+0
913.000000000000110E+0	-3.704931386441328E+0	-29.064122139611506E+0
914.000000000000110E+0	1.608288996975559E+0	-8.463373845796740E+0
915.000000000000110E+0	-2.975841016203854E+0	-7.571534114804605E+0
916.000000000000110E+0	-16.185286039622810E+0	-6.436793104799084E+0
917.000000000000110E+0	-55.039877463027096E+0	-27.288571456672855E+0
918.000000000000110E+0	-45.428026831914671E+0	-19.967366783948101E+0
919.000000000000110E+0	-28.003245756796879E+0	-8.598280188911589E+0
920.000000000000110E+0	-3.067106834564362E+0	-1.359905046736287E+0
921.000000000000110E+0	-58.086642653720673E+0	9.114867165815323E+0
922.000000000000110E+0	-75.974109256520805E+0	16.601757943498388E+0
923.000000000000110E+0	-27.861704287328859E+0	9.593561368921515E+0
924.000000000000110E+0	-13.302395552157654E+0	5.045740131932244E+0
925.000000000000110E+0	-36.583576828811388E+0	10.341391025920863E+0
926.000000000000110E+0	-36.226338345154119E+0	3.422834476083204E+0
927.000000000000110E+0	-35.554085628532377E+0	11.237155386048924E+0
928.000000000000110E+0	-25.019039065205199E+0	9.480680166880417E+0
929.000000000000110E+0	138.152955049736180E-3	3.443939480002093E+0
930.000000000000110E+0	-34.482413942035734E+0	30.494525900788204E+0
931.000000000000110E+0	-60.212362887517827E+0	42.220708132274723E+0
932.000000000000110E+0	-31.254087730661460E+0	18.010388568726722E+0
933.000000000000110E+0	-17.379939318404965E+0	6.137899822919583E+0
934.000000000000110E+0	-21.230770370190093E+0	1.581943145030250E+0
935.000000000000110E+0	-50.653978097316106E+0	8.993382596584699E+0
936.000000000000110E+0	-54.961834882500611E+0	6.606656956702267E+0
937.000000000000110E+0	-28.778120341009895E+0	3.506164278559487E+0
938.000000000000110E+0	-18.930261078620337E+0	6.455522789613765E+0
939.000000000000110E+0	-14.921629932783949E+0	10.146242093179756E+0
940.000000000000110E+0	-121.150952760401840E+0	46.171982083259323E+0
941.000000000000110E+0	-98.464568602192514E+0	31.954199275572762E+0
942.000000000000110E+0	-17.901405409092259E+0	1.671627748444764E+0
943.000000000000110E+0	-24.200069342670758E+0	12.880967202693620E+0
944.000000000000110E+0	-70.337992745924723E+0	46.985255027883298E+0
945.000000000000110E+0	-61.810534896120508E+0	41.078541314365260E+0
946.000000000000110E+0	-65.184110599767806E+0	44.874513647256094E+0
947.000000000000110E+0	-36.145030570705089E+0	24.773696216925142E+0
948.000000000000110E+0	-19.426602242363245E+0	14.619553363154512E+0
949.000000000000110E+0	-70.854449728573542E+0	75.418743671388682E+0
950.000000000000110E+0	-68.536441506802447E+0	98.117869477041196E+0
951.000000000000110E+0	-32.807605769337343E+0	61.272442051282667E+0
952.000000000000110E+0	-7.057954977830680E+0	8.364815528117502E+0
953.000000000000110E+0	-27.922058699251448E+0	75.555598172268532E+0
954.000000000000110E+0	-26.372941523881810E+0	118.868418241968210E+0
955.000000000000110E+0	-12.860230042141950E+0	50.644562933291944E+0
956.000000000000110E+0	-17.558578204661938E+0	40.057046402555528E+0
957.000000000000110E+0	-5.625976415427099E+0	16.638762420768522E+0
958.000000000000110E+0	4.538059208049889E+0	39.203165358718650E+0
959.000000000000110E+0	11.230000676899134E+0	103.662759595694610E+0
960.000000000000110E+0	13.488544543967194E+0	36.570938339347172E+0
961.000000000000110E+0	1.780245324976018E+0	9.133314997991926E+0
962.000000000000110E+0	-8.964552107648791E+0	34.046138713801632E+0
963.000000000000110E+0	-9.165823940996784E+0	46.167595171438052E+0
964.000000000000110E+0	-1.209677578230259E+0	30.187686292030179E+0
965.000000000000110E+0	6.025768729117165E+0	10.247390699658501E+0
966.000000000000110E+0	1.737920914393118E+0	14.966714498463364E+0
967.000000000000110E+0	-6.803693581067844E+0	16.979523037966697E+0
968.000000000000110E+0	-8.725817282870867E+0	26.487529637916502E+0
969.000000000000110E+0	-6.597342778645898E+0	29.190670204403840E+0
970.000000000000110E+0	-427.243373598397260E-3	8.057546666687511E+0
971.000000000000110E+0	-585.274231907979450E-3	11.116872625520221E+0
972.000000000000110E+0	1.155767379326883E+0	85.547273814779857E+0
973.000000000000110E+0	-3.992435799277588E+0	54.280149288205507E+0
974.000000000000110E+0	-5.264784691578149E+0	5.580453162094637E+0
975.000000000000110E+0	2.262772607864937E+0	371.308222139360540E-3
976.000000000000110E+0	7.840979841550826E+0	5.220701801234786E+0
977.000000000000110E+0	16.665032612748266E+0	26.044891163820687E+0
978.000000000000110E+0	16.791166916377243E+0	31.980967262710806E+0
979.000000000000110E+0	5.800588108380667E+0	11.272391781693015E+0
980.000000000000110E+0	-1.074179022312074E+0	1.675396816147986E+0
981.000000000000110E+0	4.827193146566903E+0	5.138358223274354E+0
982.000000000000110E+0	15.708690023292366E+0	15.614395037663382E+0
983.000000000000110E+0	10.070940770980300E+0	7.140537976702161E+0
984.000000000000110E+0	-243.705160142233030E-3	512.363107209487190E-3
985.000000000000110E+0	5.541854077145879E+0	2.016204787236539E+0
986.000000000000110E+0	6.803092498521798E+0	6.409790464547993E+0
987.000000000000110E+0	10.127786252464729E+0	6.216874509076679E+0
988.000000000000110E+0	14.629340515062992E+0	7.104287256535064E+0
989.000000000000110E+0	4.339940578042128E+0	2.075961088674148E+0
990.000000000000110E+0	3.242978221893383E+0	-6.124794709969392E+0
991.000000000000110E+0	18.101027795133369E+0	-19.894309256013535E+0
992.000000000000110E+0	11.796369512882137E+0	-11.828124002761598E+0
993.000000000000110E+0	4.367747158715593E+0	-834.274004987064170E-3
994.000000000000110E+0	837.614846101414340E-3	1.258056042063713E+0
995.000000000000110E+0	-1.791505393694737E+0	-3.661232796825034E+0
996.000000000000110E+0	-1.427954045736085E+0	-15.304777347604595E+0
997.000000000000110E+0	-973.423298559360380E-3	-9.216118042526727E+0
998.000000000000110E+0	939.445203775240540E-3	-12.774419302804850E+0
999.000000000000110E+0	-834.887761011258280E-3	-1.917425569353363E+0
1.000000000000000E+3	-20.018299952849780E+0	-33.646417196656479E+0
