Freq (Hz)	accelerometre (V^2 )	source
source
source(V^2 )
10.000000000000020E+0	1.476647029513621E-3	153.932474523679780E-3
11.000000000000021E+0	1.642753910551174E-3	382.143990675768540E-3
12.000000000000023E+0	1.750506228581560E-3	904.599063479565090E-3
13.000000000000025E+0	5.234708075213224E-3	1.047022476675063E+0
14.000000000000027E+0	108.787445747051630E-6	1.704452333332851E+0
15.000000000000028E+0	5.466719959320588E-3	2.374460936187194E+0
16.000000000000032E+0	13.448690859926208E-3	3.180002159636492E+0
17.000000000000036E+0	7.756864551663176E-3	4.276085430219579E+0
18.000000000000039E+0	36.182276404060021E-3	4.766220226094648E+0
19.000000000000043E+0	20.931660273461015E-3	5.079764436316217E+0
20.000000000000046E+0	39.395078694193016E-3	5.791901162876971E+0
21.000000000000050E+0	105.288697690921420E-3	7.434617439902065E+0
22.000000000000053E+0	101.792064405618570E-3	10.126544536257736E+0
23.000000000000057E+0	139.058345916493710E-3	9.855377567070875E+0
24.000000000000060E+0	342.243908335060630E-3	15.257670956755684E+0
25.000000000000064E+0	851.330359552359140E-3	22.745952976050415E+0
26.000000000000067E+0	1.787684287984972E+0	40.714230011702867E+0
27.000000000000071E+0	1.235187660296037E+0	33.849799113005659E+0
28.000000000000075E+0	869.643485386498270E-3	32.314292950705564E+0
29.000000000000078E+0	289.468661850894320E-3	18.467283164991780E+0
30.000000000000082E+0	91.686603691588098E-3	13.573890906686827E+0
31.000000000000085E+0	377.935669339211970E-3	22.425492227505959E+0
32.000000000000085E+0	1.029870003746615E+0	35.127543456043924E+0
33.000000000000085E+0	338.265605103780120E-3	28.945647539484668E+0
34.000000000000085E+0	245.697494276141790E-3	22.204855546640054E+0
35.000000000000085E+0	74.824610354159521E-3	16.070789643192807E+0
36.000000000000085E+0	299.555020025099320E-3	30.820386695598550E+0
37.000000000000085E+0	1.447140665914059E+0	54.041409879602313E+0
38.000000000000085E+0	612.346593739159780E-3	39.036094204519188E+0
39.000000000000085E+0	116.114784061396300E-3	16.934001250121582E+0
40.000000000000085E+0	434.112695592733800E-3	32.904448230421693E+0
41.000000000000085E+0	626.835157508953690E-3	71.914763406931669E+0
42.000000000000085E+0	562.592511329944260E-3	71.279841859577232E+0
43.000000000000085E+0	453.852054010512100E-3	31.727203011516771E+0
44.000000000000085E+0	1.242301348897744E+0	19.694392898653966E+0
45.000000000000085E+0	3.303109785577069E+0	48.345821808835140E+0
46.000000000000085E+0	5.316448435569329E+0	70.994841607412567E+0
47.000000000000085E+0	1.215906412052310E+0	58.544592334979981E+0
48.000000000000085E+0	301.668075042245240E-3	23.117855827343462E+0
49.000000000000085E+0	397.678187674370350E-3	18.811887155940667E+0
50.000000000000085E+0	1.746742734094540E+0	73.998509364400917E+0
51.000000000000085E+0	2.935569473888104E+0	104.079371792838320E+0
52.000000000000085E+0	1.850166971511348E+0	58.381066516671161E+0
53.000000000000085E+0	1.040909450126117E+0	28.712185896367210E+0
54.000000000000085E+0	1.774120363391654E+0	64.999059655268994E+0
55.000000000000085E+0	2.501507159889150E+0	94.764522600382662E+0
56.000000000000085E+0	2.322133734719611E+0	102.833283355259520E+0
57.000000000000085E+0	1.032849416057727E+0	64.114883722642958E+0
58.000000000000085E+0	180.613144113337040E-3	18.180420432266551E+0
59.000000000000085E+0	1.172451478230489E+0	91.241494055459981E+0
60.000000000000085E+0	3.205387617070495E+0	193.140593016723610E+0
61.000000000000085E+0	3.664555299784187E+0	128.089809026169800E+0
62.000000000000085E+0	1.605520217703794E+0	53.115404222520794E+0
63.000000000000085E+0	5.591807062060197E+0	161.809650638386470E+0
64.000000000000085E+0	12.033440679966530E+0	248.857819991436370E+0
65.000000000000085E+0	21.699388520340072E+0	356.986855406836180E+0
66.000000000000085E+0	26.847992293280306E+0	354.773436405505040E+0
67.000000000000085E+0	10.754600972506861E+0	104.808837892271030E+0
68.000000000000085E+0	10.974810016439744E+0	144.319416004353800E+0
69.000000000000085E+0	28.763453206061705E+0	371.997267841725320E+0
70.000000000000085E+0	27.775164051057299E+0	325.932447554037030E+0
71.000000000000085E+0	10.454747204079828E+0	97.426811807975966E+0
72.000000000000085E+0	11.351187072314776E+0	98.086495238613367E+0
73.000000000000085E+0	27.710857605362669E+0	250.591280917018310E+0
74.000000000000085E+0	30.653268192773631E+0	244.355287535508470E+0
75.000000000000085E+0	31.629102549230787E+0	225.056831333181350E+0
76.000000000000085E+0	27.228039011564039E+0	168.588004744239980E+0
77.000000000000085E+0	17.719483517907509E+0	63.185978804098639E+0
78.000000000000085E+0	71.512621414659023E+0	311.862388627473140E+0
79.000000000000085E+0	87.904291028642888E+0	365.837595702702800E+0
80.000000000000085E+0	28.069389378527894E+0	99.394523612281532E+0
81.000000000000085E+0	19.351791352624822E+0	52.345135119166500E+0
82.000000000000085E+0	44.027157183121069E+0	117.688153729787810E+0
83.000000000000085E+0	56.087551122080342E+0	167.572867716275170E+0
84.000000000000085E+0	32.583468948476707E+0	111.963345951440460E+0
85.000000000000085E+0	15.757150833513510E+0	47.230233466428430E+0
86.000000000000085E+0	12.572435393101177E+0	38.832432115731379E+0
87.000000000000085E+0	17.346514095963592E+0	49.972122666388074E+0
88.000000000000085E+0	62.174234236603866E+0	209.226516921339850E+0
89.000000000000085E+0	40.688069637861687E+0	154.103218917255590E+0
90.000000000000085E+0	638.506163705450210E-3	2.361542321516754E+0
91.000000000000085E+0	17.868064927036130E+0	70.220245839480327E+0
92.000000000000085E+0	26.003779712783349E+0	103.852971615822680E+0
93.000000000000085E+0	15.403081628684697E+0	60.016828788957767E+0
94.000000000000085E+0	12.479583708880028E+0	51.968937543164927E+0
95.000000000000085E+0	5.328720284209649E+0	23.815229672957571E+0
96.000000000000085E+0	3.004460390622666E+0	23.777659369266537E+0
97.000000000000085E+0	11.478795180009614E+0	101.632380641034870E+0
98.000000000000085E+0	10.222100639052801E+0	97.309962006969883E+0
99.000000000000085E+0	3.853910599831009E+0	36.101701807521373E+0
100.000000000000090E+0	503.326197858331660E-3	6.611976997840020E+0
101.000000000000090E+0	13.254405747656985E+0	105.001607781618650E+0
102.000000000000090E+0	25.982706851327219E+0	144.394963993843790E+0
103.000000000000090E+0	8.818332354690174E+0	24.966834509421961E+0
104.000000000000090E+0	10.522027193720016E+0	53.694676501382517E+0
105.000000000000090E+0	4.042473993956103E+0	24.315342676312561E+0
106.000000000000090E+0	12.283257302563239E+0	63.917639323296328E+0
107.000000000000090E+0	31.582788669956585E+0	158.384741383607040E+0
108.000000000000090E+0	15.221151618100004E+0	85.148823947189911E+0
109.000000000000090E+0	1.270978640815831E+0	6.241369801452664E+0
110.000000000000090E+0	19.534530224236207E+0	76.335016334676680E+0
111.000000000000090E+0	32.421355006335730E+0	145.243356833550930E+0
112.000000000000090E+0	18.073523529677523E+0	84.378615641639584E+0
113.000000000000090E+0	11.651381320509579E+0	43.680033121087277E+0
114.000000000000090E+0	10.498882442726030E+0	20.364152651438424E+0
115.000000000000090E+0	18.035135227133807E+0	65.734539368249855E+0
116.000000000000090E+0	17.750262070577055E+0	90.950242737106237E+0
117.000000000000090E+0	25.046208999943666E+0	144.141258682735270E+0
118.000000000000090E+0	14.067446636094520E+0	82.692537890646989E+0
119.000000000000090E+0	1.592174373390029E+0	11.935147464490120E+0
120.000000000000090E+0	46.036655140868135E+0	268.211153601068590E+0
121.000000000000090E+0	46.589449653971300E+0	309.369106867253210E+0
122.000000000000090E+0	8.610736409255628E+0	57.587058299026808E+0
123.000000000000090E+0	34.613290232773480E+0	153.574209654695380E+0
124.000000000000090E+0	17.625212280176175E+0	104.582826995240710E+0
125.000000000000090E+0	58.001941619350816E+0	336.301947188338600E+0
126.000000000000090E+0	60.521263414593804E+0	380.545930102785800E+0
127.000000000000090E+0	48.386025274018621E+0	263.449953067081820E+0
128.000000000000090E+0	6.798528926591638E+0	51.113282574592425E+0
129.000000000000090E+0	72.709428528219931E+0	276.084602151972490E+0
130.000000000000090E+0	155.762617119591080E+0	453.911564278564750E+0
131.000000000000090E+0	120.279981101394310E+0	263.205339115543550E+0
132.000000000000090E+0	25.541471567992367E+0	58.288567377771322E+0
133.000000000000090E+0	51.735354597555897E+0	199.268432814160120E+0
134.000000000000090E+0	68.472035108835172E+0	205.674343483712700E+0
135.000000000000090E+0	65.731875656151104E+0	202.528224799878610E+0
136.000000000000090E+0	112.569383900069580E+0	287.427880673896650E+0
137.000000000000090E+0	38.010172762064982E+0	74.826826826946927E+0
138.000000000000090E+0	92.915820281766372E+0	95.778257971079725E+0
139.000000000000090E+0	278.164759662469630E+0	340.737234768407570E+0
140.000000000000090E+0	170.817832960190800E+0	170.871300966323390E+0
141.000000000000090E+0	92.925457873662069E+0	65.391173010016999E+0
142.000000000000090E+0	55.642640803863934E+0	51.371565972691030E+0
143.000000000000090E+0	93.420349519550740E+0	110.192781157760120E+0
144.000000000000090E+0	123.156158527279830E+0	139.985222326933240E+0
145.000000000000090E+0	100.926624763208720E+0	96.797676069856592E+0
146.000000000000090E+0	115.671272060131740E+0	102.402901854214220E+0
147.000000000000090E+0	91.997357305571668E+0	45.404188153535955E+0
148.000000000000090E+0	365.786421407343310E+0	175.219513625930570E+0
149.000000000000090E+0	343.262506430817100E+0	284.292562054597170E+0
150.000000000000090E+0	70.205297514568343E+0	94.266559251831182E+0
151.000000000000090E+0	29.732940317000811E+0	41.569237451622982E+0
152.000000000000090E+0	113.819699468273800E+0	163.682246017288150E+0
153.000000000000090E+0	46.449213586511419E+0	138.670184316122340E+0
154.000000000000090E+0	58.239450196518611E+0	108.016662069941800E+0
155.000000000000090E+0	48.885592743476913E+0	117.463001151832300E+0
156.000000000000090E+0	2.522294425459481E+0	26.696489791799912E+0
157.000000000000090E+0	62.006869673613707E+0	142.255823922586360E+0
158.000000000000090E+0	77.913052574974372E+0	195.859324152719580E+0
159.000000000000090E+0	43.679799740886978E+0	128.013801129963350E+0
160.000000000000090E+0	19.324845236842279E+0	47.193942984043154E+0
161.000000000000090E+0	8.586770518447002E+0	70.064739035383269E+0
162.000000000000090E+0	67.392164359834993E+0	244.355778457208400E+0
163.000000000000090E+0	33.431055424643411E+0	108.148800109454060E+0
164.000000000000090E+0	10.562604612885986E+0	60.212161087089406E+0
165.000000000000090E+0	17.309766757947347E+0	85.297043292998069E+0
166.000000000000090E+0	5.028233263291403E+0	40.461381006841634E+0
167.000000000000090E+0	42.193678550917326E+0	216.545546472054500E+0
168.000000000000090E+0	60.598440723275019E+0	205.695665293580160E+0
169.000000000000090E+0	25.219080431918336E+0	47.733995108440524E+0
170.000000000000090E+0	17.481867651253403E+0	53.071444384559754E+0
171.000000000000090E+0	56.601904997563700E+0	168.995366943097020E+0
172.000000000000090E+0	80.497827462746585E+0	169.629963144208550E+0
173.000000000000090E+0	47.678340527905576E+0	88.429814872640833E+0
174.000000000000090E+0	30.155288627951183E+0	52.495228345286684E+0
175.000000000000090E+0	35.848880449187490E+0	64.947397786659735E+0
176.000000000000090E+0	97.753827230719935E+0	183.900354501466890E+0
177.000000000000090E+0	115.213911812554060E+0	164.266717121131310E+0
178.000000000000090E+0	112.220245425099390E+0	183.399969951197870E+0
179.000000000000090E+0	41.305266818317136E+0	32.927596530801111E+0
180.000000000000090E+0	87.742518138739825E+0	173.655652147060580E+0
181.000000000000090E+0	195.632386299457830E+0	351.590560040638250E+0
182.000000000000090E+0	94.718999819967664E+0	123.633871869621740E+0
183.000000000000090E+0	74.326740079796906E+0	118.579530933100700E+0
184.000000000000090E+0	80.619436876036445E+0	111.638211079461740E+0
185.000000000000090E+0	138.729221105045210E+0	193.659048354843260E+0
186.000000000000090E+0	220.244587314384890E+0	349.215896483890500E+0
187.000000000000090E+0	170.961624005399360E+0	281.376623914776640E+0
188.000000000000090E+0	80.003101774305520E+0	97.776776034697235E+0
189.000000000000090E+0	95.252659275734430E+0	144.683398223544170E+0
190.000000000000090E+0	218.331786648651870E+0	420.807946951968740E+0
191.000000000000090E+0	267.582534058742230E+0	491.688653434674050E+0
192.000000000000090E+0	120.003604940770370E+0	169.010096555803160E+0
193.000000000000090E+0	116.225650338372590E+0	157.828210404260180E+0
194.000000000000090E+0	177.640834114336340E+0	315.477322762989390E+0
195.000000000000090E+0	159.862974180633100E+0	285.886160857726340E+0
196.000000000000090E+0	161.368916239525530E+0	333.699738777717240E+0
197.000000000000090E+0	107.120267308309470E+0	235.556386327791930E+0
198.000000000000090E+0	30.695216805321394E+0	44.555664304539775E+0
199.000000000000090E+0	216.322837129995890E+0	454.929044863042800E+0
200.000000000000090E+0	191.413549205651150E+0	421.024384617230960E+0
201.000000000000090E+0	58.495931143471900E+0	126.237038370018890E+0
202.000000000000090E+0	40.477430770587240E+0	122.369936519971970E+0
203.000000000000090E+0	33.882542069484884E+0	97.822002105649503E+0
204.000000000000090E+0	119.392720012387910E+0	314.652380160510520E+0
205.000000000000090E+0	97.886983748062576E+0	199.373510436646430E+0
206.000000000000090E+0	79.641306715025607E+0	178.534559994972990E+0
207.000000000000090E+0	30.003572324511584E+0	78.472032041009427E+0
208.000000000000090E+0	52.598243895948407E+0	88.521342793767573E+0
209.000000000000090E+0	94.806496740125425E+0	283.743678720148120E+0
210.000000000000080E+0	48.471870309947825E+0	211.559733180467730E+0
211.000000000000080E+0	19.037909926577189E+0	50.112728888436777E+0
212.000000000000080E+0	31.508720074472318E+0	136.903385659513590E+0
213.000000000000080E+0	8.025667849648745E+0	183.579977211811720E+0
214.000000000000080E+0	2.568606756758832E+0	118.748612575655870E+0
215.000000000000080E+0	3.902700963810157E+0	167.775983203361080E+0
216.000000000000080E+0	5.554981936452331E+0	93.301345855276850E+0
217.000000000000080E+0	9.827698389860835E+0	63.719285159906633E+0
218.000000000000080E+0	8.119463124487734E+0	225.389067095558940E+0
219.000000000000080E+0	2.784916386850095E+0	182.690385999823920E+0
220.000000000000080E+0	681.435507942496850E-3	101.563123337137160E+0
221.000000000000080E+0	856.989569779053380E-3	61.771261028283447E+0
222.000000000000080E+0	3.694925398814804E+0	139.339441758689190E+0
223.000000000000080E+0	5.452618792680137E+0	210.809274148606990E+0
224.000000000000080E+0	3.243381847240072E+0	90.321683761170092E+0
225.000000000000080E+0	2.690371543980324E+0	159.044249719641070E+0
226.000000000000080E+0	2.330462008168548E+0	70.914106193794780E+0
227.000000000000080E+0	4.880311976378172E+0	124.866626427382270E+0
228.000000000000080E+0	8.380353008508127E+0	257.949886202712380E+0
229.000000000000080E+0	4.548734410391568E+0	133.928531487339480E+0
230.000000000000080E+0	2.060220637735764E+0	52.265528843323260E+0
231.000000000000080E+0	7.574882349930914E+0	129.900814168463540E+0
232.000000000000080E+0	10.059536831608451E+0	162.780621978428710E+0
233.000000000000080E+0	6.768419569341316E+0	118.690792328012120E+0
234.000000000000080E+0	8.764853821931217E+0	157.087433537568300E+0
235.000000000000080E+0	3.600484845313380E+0	81.377743404686910E+0
236.000000000000080E+0	4.792379800504309E+0	120.462134074159550E+0
237.000000000000080E+0	8.178346394796959E+0	159.972564103274150E+0
238.000000000000080E+0	7.713150872934844E+0	213.989832038677010E+0
239.000000000000080E+0	2.388871227415571E+0	98.473255542317133E+0
240.000000000000080E+0	2.047486482391796E+0	63.496710023950641E+0
241.000000000000080E+0	5.639630814287619E+0	239.813799314645790E+0
242.000000000000080E+0	3.560409944057866E+0	160.608015264898940E+0
243.000000000000080E+0	2.819455567348951E+0	86.677275413930232E+0
244.000000000000080E+0	5.882767734273723E+0	178.450699962242170E+0
245.000000000000080E+0	3.074918027739086E+0	65.230313950707341E+0
246.000000000000080E+0	9.299525954717451E+0	171.667276585816410E+0
247.000000000000080E+0	12.495265604521503E+0	208.396068480765900E+0
248.000000000000080E+0	5.849225471415083E+0	119.225666500945040E+0
249.000000000000080E+0	2.826233113133553E+0	61.919492200393961E+0
250.000000000000080E+0	5.218451728900178E+0	143.639161076920060E+0
251.000000000000080E+0	10.306292165426562E+0	223.616070839185970E+0
252.000000000000080E+0	4.601761578972230E+0	108.740862127334750E+0
253.000000000000080E+0	7.886628272833566E+0	107.353009022925680E+0
254.000000000000080E+0	12.681171143572712E+0	123.751930208608680E+0
255.000000000000080E+0	14.686998947207423E+0	124.701265151232450E+0
256.000000000000110E+0	15.480512261375949E+0	147.027267010806580E+0
257.000000000000110E+0	19.370340639396733E+0	235.341449273327550E+0
258.000000000000110E+0	8.264296059831716E+0	74.355794641688675E+0
259.000000000000110E+0	10.904781068302441E+0	105.188159802001520E+0
260.000000000000110E+0	29.478233422315888E+0	290.661411289261760E+0
261.000000000000110E+0	17.454619358181269E+0	110.613722691511310E+0
262.000000000000110E+0	13.163680124752020E+0	111.057561800361580E+0
263.000000000000110E+0	7.030391207941325E+0	111.237631923486080E+0
264.000000000000110E+0	6.542040095087112E+0	124.395732331734550E+0
265.000000000000110E+0	17.209864179966850E+0	164.201359245978980E+0
266.000000000000110E+0	28.300028217708189E+0	164.407491110247890E+0
267.000000000000110E+0	27.613236902670433E+0	163.583683968484420E+0
268.000000000000110E+0	11.554179282029935E+0	58.923393329006203E+0
269.000000000000110E+0	76.586670128411981E+0	183.261372907193900E+0
270.000000000000110E+0	131.585826176479680E+0	319.585919764634980E+0
271.000000000000110E+0	46.219640123516939E+0	81.546900973727958E+0
272.000000000000110E+0	46.578751981852157E+0	127.543620094012770E+0
273.000000000000110E+0	87.029759360835996E+0	171.457916594617610E+0
274.000000000000110E+0	82.710830878918131E+0	150.628819356843280E+0
275.000000000000110E+0	102.459952564663040E+0	175.882695215560320E+0
276.000000000000110E+0	168.907063713788460E+0	237.702300427197030E+0
277.000000000000110E+0	44.293982453651125E+0	64.496610604415380E+0
278.000000000000110E+0	182.857401649372180E+0	193.005096807278650E+0
279.000000000000110E+0	297.888979516930130E+0	294.741890166578970E+0
280.000000000000110E+0	208.300375502332310E+0	191.534594390202040E+0
281.000000000000110E+0	121.079504011402690E+0	117.938358578972410E+0
282.000000000000110E+0	106.100340040911600E+0	125.686000763549440E+0
283.000000000000110E+0	264.880242116918960E+0	334.287173405648560E+0
284.000000000000110E+0	111.204443047079880E+0	147.529243298801760E+0
285.000000000000110E+0	119.314882636764350E+0	210.218853028769130E+0
286.000000000000110E+0	112.350517251545100E+0	230.450444412633430E+0
287.000000000000110E+0	33.536362866524733E+0	65.781248396732096E+0
288.000000000000110E+0	222.390906094142880E+0	372.843373580968200E+0
289.000000000000110E+0	184.369840192768610E+0	334.919158412265350E+0
290.000000000000110E+0	64.012455581843042E+0	105.866426282258200E+0
291.000000000000110E+0	86.973651494828076E+0	160.192719113057880E+0
292.000000000000110E+0	136.259812629198050E+0	255.609417716983980E+0
293.000000000000110E+0	101.042352629168360E+0	206.368147000126640E+0
294.000000000000110E+0	61.568138537879960E+0	170.116516306109050E+0
295.000000000000110E+0	57.235815714765145E+0	171.381556722552860E+0
296.000000000000110E+0	46.867724724930881E+0	124.297055100118400E+0
297.000000000000110E+0	65.992355597290810E+0	147.658670895171670E+0
298.000000000000110E+0	95.311522950583964E+0	267.057457515858570E+0
299.000000000000110E+0	62.585956876426351E+0	198.327141404472340E+0
300.000000000000110E+0	19.571548325601952E+0	66.551146858650753E+0
301.000000000000110E+0	29.388437307721865E+0	183.413951071849030E+0
302.000000000000110E+0	29.656408160063723E+0	337.198347125401480E+0
303.000000000000110E+0	5.028174440212596E+0	82.898816291088039E+0
304.000000000000110E+0	16.272875041154936E+0	212.407625377490320E+0
305.000000000000110E+0	3.804334797775800E+0	129.739085153747910E+0
306.000000000000110E+0	11.396240435555571E+0	115.816977161151640E+0
307.000000000000110E+0	13.632472668883750E+0	260.310079577994090E+0
308.000000000000110E+0	6.891329544055186E+0	194.724585668020130E+0
309.000000000000110E+0	1.695044068315013E+0	104.624738811699420E+0
310.000000000000110E+0	919.238627956356470E-3	100.980164953001850E+0
311.000000000000110E+0	2.231932997469618E+0	250.926346083500080E+0
312.000000000000110E+0	2.783348721294172E+0	228.635141488010590E+0
313.000000000000110E+0	3.469983735110898E+0	92.411712101809698E+0
314.000000000000110E+0	1.217466377005148E+0	148.393086795578110E+0
315.000000000000110E+0	1.989655028186531E+0	150.232389116623040E+0
316.000000000000110E+0	335.576636047017820E-3	137.260814428565510E+0
317.000000000000110E+0	3.195046323246525E+0	260.908378853893570E+0
318.000000000000110E+0	3.989639798845265E+0	167.983362927675500E+0
319.000000000000110E+0	3.151900130723891E+0	46.801324489900494E+0
320.000000000000110E+0	14.007761432687591E+0	259.279335243369980E+0
321.000000000000110E+0	16.653524429319766E+0	276.458427869996970E+0
322.000000000000110E+0	5.265094956436849E+0	106.249755468784310E+0
323.000000000000110E+0	4.180390045997912E+0	146.278986186918790E+0
324.000000000000110E+0	3.404954194464226E+0	113.691484127212310E+0
325.000000000000110E+0	19.055979656926699E+0	213.604516082759120E+0
326.000000000000110E+0	26.102842118518417E+0	202.824473950691300E+0
327.000000000000110E+0	29.940212181874926E+0	180.025215914958490E+0
328.000000000000110E+0	29.784666507659729E+0	133.099662545107830E+0
329.000000000000110E+0	17.525590818875099E+0	102.657544079815620E+0
330.000000000000110E+0	72.288518959872604E+0	427.583952430658540E+0
331.000000000000110E+0	38.312007201587029E+0	226.602764439549760E+0
332.000000000000110E+0	11.496852670039877E+0	104.790589466045760E+0
333.000000000000110E+0	39.909833160748988E+0	186.302197766758550E+0
334.000000000000110E+0	65.833243466105088E+0	258.364841290857440E+0
335.000000000000110E+0	65.188024618284700E+0	201.188820719562330E+0
336.000000000000110E+0	102.365010602033340E+0	321.472498494325580E+0
337.000000000000110E+0	49.764088923351736E+0	155.453133750804800E+0
338.000000000000110E+0	17.025171270553741E+0	123.306718824684220E+0
339.000000000000110E+0	52.404479753732133E+0	370.531564191601030E+0
340.000000000000110E+0	44.066296616653517E+0	315.875730615523080E+0
341.000000000000110E+0	18.413321569284257E+0	190.718053862699490E+0
342.000000000000110E+0	5.558166478678663E+0	125.389690437365290E+0
343.000000000000110E+0	18.496539998253539E+0	231.525722605299820E+0
344.000000000000110E+0	9.983832668927795E+0	317.411681972380110E+0
345.000000000000110E+0	2.045431187687489E+0	150.316734003905740E+0
346.000000000000110E+0	6.279772542497220E+0	211.949139185572850E+0
347.000000000000110E+0	2.988912401361426E+0	100.257600100841020E+0
348.000000000000110E+0	7.192936042120271E+0	179.921775651803590E+0
349.000000000000110E+0	10.922580686550345E+0	383.285950322940270E+0
350.000000000000110E+0	4.100567403403165E+0	153.783190276982340E+0
351.000000000000110E+0	9.596710208913274E+0	87.365110028668297E+0
352.000000000000110E+0	37.024628291179383E+0	160.665761894765320E+0
353.000000000000110E+0	58.918009610103013E+0	220.939706861726420E+0
354.000000000000110E+0	62.776992316697168E+0	209.265524358648920E+0
355.000000000000110E+0	50.334352237656716E+0	156.271358616393340E+0
356.000000000000110E+0	37.698780406832050E+0	113.613674988007260E+0
357.000000000000110E+0	42.829063297642357E+0	154.299956234511600E+0
358.000000000000110E+0	93.919547813036047E+0	244.022415245836330E+0
359.000000000000110E+0	124.550314238079550E+0	241.314687927312210E+0
360.000000000000110E+0	124.804042142651610E+0	153.948638066169370E+0
361.000000000000110E+0	113.402555773713090E+0	69.772609099106106E+0
362.000000000000110E+0	437.818216713955280E+0	359.040229155882910E+0
363.000000000000110E+0	336.676216477306980E+0	215.335986166107030E+0
364.000000000000110E+0	216.462505078319370E+0	162.433498661621570E+0
365.000000000000110E+0	261.255313144352560E+0	181.504802780726440E+0
366.000000000000110E+0	303.866548459535920E+0	115.880296201495070E+0
367.000000000000110E+0	912.682474051828420E+0	255.626136128905130E+0
368.000000000000110E+0	1.267866884037275E+3	349.957445708726820E+0
369.000000000000110E+0	622.749562254983520E+0	144.950461042098880E+0
370.000000000000110E+0	369.219817701439180E+0	128.029982788688070E+0
371.000000000000110E+0	251.659359993224820E+0	187.055217491857550E+0
372.000000000000110E+0	296.628338957930790E+0	336.245566114907320E+0
373.000000000000110E+0	126.158551328775530E+0	207.021242352823550E+0
374.000000000000110E+0	77.021534345092789E+0	111.239676457559700E+0
375.000000000000110E+0	155.201801008750240E+0	159.286848603093260E+0
376.000000000000110E+0	275.303266229686300E+0	192.926612549095950E+0
377.000000000000110E+0	308.683643079907140E+0	244.245458743669670E+0
378.000000000000110E+0	335.915154813706350E+0	285.808025209438540E+0
379.000000000000110E+0	161.513360243358760E+0	111.226443194496670E+0
380.000000000000110E+0	40.176505153086893E+0	164.891812733770220E+0
381.000000000000110E+0	153.395814744378920E+0	398.679531734430040E+0
382.000000000000110E+0	89.331155689301880E+0	178.250696365109320E+0
383.000000000000110E+0	137.856085842897160E+0	156.940520438171060E+0
384.000000000000110E+0	108.196588983338370E+0	118.386381673835980E+0
385.000000000000110E+0	158.499606452494930E+0	190.880561551284640E+0
386.000000000000110E+0	216.980337541716660E+0	305.297666835348650E+0
387.000000000000110E+0	110.272984749708140E+0	184.752198414449820E+0
388.000000000000110E+0	90.994922103878665E+0	181.209420410524250E+0
389.000000000000110E+0	34.798626998695070E+0	85.253353952855193E+0
390.000000000000110E+0	57.432540849857901E+0	261.702729546025120E+0
391.000000000000110E+0	79.766203688849757E+0	355.020568491916490E+0
392.000000000000110E+0	33.801483480280744E+0	147.540139205959430E+0
393.000000000000110E+0	29.372651753729702E+0	93.819070116441892E+0
394.000000000000110E+0	79.094045776017197E+0	213.521405159191460E+0
395.000000000000110E+0	60.242443536620115E+0	174.895180797295270E+0
396.000000000000110E+0	67.628631138320244E+0	281.196240819733700E+0
397.000000000000110E+0	43.184164205722929E+0	174.700702286483420E+0
398.000000000000110E+0	21.752423666008234E+0	70.301114141056630E+0
399.000000000000110E+0	38.505411556303059E+0	209.610283428023110E+0
400.000000000000110E+0	58.934933367516635E+0	312.140877201003380E+0
401.000000000000110E+0	39.456042379115217E+0	197.943583401445320E+0
402.000000000000110E+0	22.527119772038187E+0	128.982540338738690E+0
403.000000000000110E+0	14.808434936318068E+0	86.679572002523173E+0
404.000000000000110E+0	54.400597746072833E+0	326.150834311769980E+0
405.000000000000110E+0	34.155641671221829E+0	177.751345023638410E+0
406.000000000000110E+0	32.034730150874843E+0	188.648106627715240E+0
407.000000000000110E+0	26.555824781255904E+0	165.051633867311010E+0
408.000000000000110E+0	11.047227398244413E+0	77.578710171088559E+0
409.000000000000110E+0	28.664835413066974E+0	357.566485142800840E+0
410.000000000000110E+0	23.128084462324189E+0	279.734340701846520E+0
411.000000000000110E+0	7.673265666182154E+0	98.229856840752262E+0
412.000000000000110E+0	7.258972631334460E+0	111.204163760180290E+0
413.000000000000110E+0	11.562628224529121E+0	215.512706403422270E+0
414.000000000000110E+0	7.337796566295738E+0	239.867715516028910E+0
415.000000000000110E+0	4.400503537719200E+0	216.337961051239800E+0
416.000000000000110E+0	2.836444568246933E+0	113.340454399624970E+0
417.000000000000110E+0	1.297848957909318E+0	112.271493556009390E+0
418.000000000000110E+0	1.276193651248006E+0	231.556927182233580E+0
419.000000000000110E+0	2.205476014371216E+0	260.608576825728280E+0
420.000000000000110E+0	1.820353234640812E+0	240.775907486126240E+0
421.000000000000110E+0	525.993807973389570E-3	46.160655008341415E+0
422.000000000000110E+0	5.074840000055103E+0	208.464621843707990E+0
423.000000000000110E+0	6.323762654121809E+0	350.740291308777670E+0
424.000000000000110E+0	1.408029474473303E+0	165.026389655394780E+0
425.000000000000110E+0	4.458434857348758E+0	202.837138109663610E+0
426.000000000000110E+0	2.802922965996998E+0	123.940820849329980E+0
427.000000000000110E+0	10.003085739771615E+0	147.397768168739650E+0
428.000000000000110E+0	32.364299054382130E+0	421.836276772783830E+0
429.000000000000110E+0	15.006978685544556E+0	198.610523638165740E+0
430.000000000000110E+0	7.866845961065179E+0	145.453989426381610E+0
431.000000000000110E+0	10.105045206521531E+0	107.309656348528510E+0
432.000000000000110E+0	57.209474098834960E+0	342.323040338672000E+0
433.000000000000110E+0	64.049464326292110E+0	320.824871542180290E+0
434.000000000000110E+0	27.803851436121466E+0	157.660959096571020E+0
435.000000000000110E+0	20.839865195863204E+0	134.853142726019310E+0
436.000000000000110E+0	43.400483428969856E+0	208.536254467794780E+0
437.000000000000110E+0	69.092689239486134E+0	258.422951109174680E+0
438.000000000000110E+0	140.535900011299020E+0	375.718683427521680E+0
439.000000000000110E+0	91.452790870022298E+0	221.441887329237890E+0
440.000000000000110E+0	16.152350916258097E+0	51.678019335485921E+0
441.000000000000110E+0	204.390556070354340E+0	400.045976521915010E+0
442.000000000000110E+0	199.704725422434900E+0	361.261258818680350E+0
443.000000000000110E+0	122.986969449698360E+0	209.000577037560560E+0
444.000000000000110E+0	107.578913230207410E+0	210.910172792737820E+0
445.000000000000110E+0	52.822337785925946E+0	115.229026604680070E+0
446.000000000000110E+0	125.133121173431210E+0	332.377064403873760E+0
447.000000000000110E+0	100.716110386709800E+0	333.273642021489710E+0
448.000000000000110E+0	64.861726120244057E+0	229.453165413012670E+0
449.000000000000110E+0	29.126690734087834E+0	137.790225414601000E+0
450.000000000000110E+0	21.787750146745871E+0	127.403107968213770E+0
451.000000000000110E+0	61.341832035141600E+0	467.048385220832760E+0
452.000000000000110E+0	17.532299981640172E+0	262.789609222937430E+0
453.000000000000110E+0	10.149251748624383E+0	97.054135154464490E+0
454.000000000000110E+0	16.426080765747621E+0	157.877919732773560E+0
455.000000000000110E+0	24.522503450507735E+0	203.692510357612630E+0
456.000000000000110E+0	37.718211292938854E+0	271.503312512378840E+0
457.000000000000110E+0	44.285277433108760E+0	258.487290946173290E+0
458.000000000000110E+0	22.448499018001986E+0	140.007123902748930E+0
459.000000000000110E+0	32.386391357000924E+0	86.056497550382900E+0
460.000000000000110E+0	117.960180443380450E+0	396.302714457790500E+0
461.000000000000110E+0	99.335078167119178E+0	249.050605549152290E+0
462.000000000000110E+0	78.383702831594078E+0	194.996424948979130E+0
463.000000000000110E+0	45.991991406375654E+0	91.366947011122392E+0
464.000000000000110E+0	137.454666147010930E+0	220.361499749669210E+0
465.000000000000110E+0	230.183831032696450E+0	313.735148767479700E+0
466.000000000000110E+0	169.222325876516780E+0	196.423044418660960E+0
467.000000000000110E+0	179.193802101086160E+0	226.652068957051140E+0
468.000000000000110E+0	97.743910235749084E+0	95.547963652874188E+0
469.000000000000110E+0	258.521411848822540E+0	245.382433113891860E+0
470.000000000000110E+0	539.268832612741900E+0	506.111297821228280E+0
471.000000000000110E+0	246.353174467040020E+0	206.950698302286670E+0
472.000000000000110E+0	138.312191405981930E+0	99.731951038207242E+0
473.000000000000110E+0	243.935218120768470E+0	183.274227084229180E+0
474.000000000000110E+0	375.053999157261440E+0	278.310042320820800E+0
475.000000000000110E+0	485.081870138904720E+0	305.450227575892480E+0
476.000000000000110E+0	353.359587233867900E+0	211.022950066193740E+0
477.000000000000110E+0	175.713034731962810E+0	129.175714434264930E+0
478.000000000000110E+0	217.354773230685030E+0	137.802280995940070E+0
479.000000000000110E+0	526.933046240285310E+0	358.554186429410380E+0
480.000000000000110E+0	407.867440392372830E+0	258.032505088973660E+0
481.000000000000110E+0	237.027713844621840E+0	137.905692714126700E+0
482.000000000000110E+0	133.592458929227940E+0	80.272411219208976E+0
483.000000000000110E+0	424.566950134807600E+0	351.670591368884170E+0
484.000000000000110E+0	331.605521820484850E+0	282.763755537666950E+0
485.000000000000110E+0	162.555796497298250E+0	164.283294007490010E+0
486.000000000000110E+0	146.991597823794420E+0	186.743177122811890E+0
487.000000000000110E+0	53.607148913041669E+0	61.108857282138231E+0
488.000000000000110E+0	225.262064359115190E+0	329.347457655365020E+0
489.000000000000110E+0	208.760644816366860E+0	333.702270479405000E+0
490.000000000000110E+0	99.640315758165954E+0	159.458179466821380E+0
491.000000000000110E+0	56.819819341340192E+0	86.339820911326114E+0
492.000000000000110E+0	108.138917306852360E+0	217.754344515496910E+0
493.000000000000110E+0	141.696064118904050E+0	310.429201662911850E+0
494.000000000000110E+0	98.368406884050927E+0	222.480992452877390E+0
495.000000000000110E+0	54.107937502163949E+0	123.941184280313980E+0
496.000000000000110E+0	63.536525344758900E+0	140.850661728528560E+0
497.000000000000110E+0	85.789825298576744E+0	182.819358120046840E+0
498.000000000000110E+0	164.499086465105080E+0	353.545256709940360E+0
499.000000000000110E+0	117.483411468008210E+0	262.902284186526170E+0
500.000000000000110E+0	35.366518885223130E+0	85.007554156323607E+0
501.000000000000110E+0	49.132085269424849E+0	134.655650313771790E+0
502.000000000000110E+0	140.489181979978300E+0	404.810972451901420E+0
503.000000000000110E+0	82.892668486372798E+0	220.675627702146870E+0
504.000000000000110E+0	56.493649611903308E+0	151.605179533100480E+0
505.000000000000110E+0	55.078246820063249E+0	162.084640159222030E+0
506.000000000000110E+0	53.864704588031564E+0	136.224699747886090E+0
507.000000000000110E+0	108.340191913044530E+0	383.318763818519580E+0
508.000000000000110E+0	55.028756582331518E+0	214.540006421781470E+0
509.000000000000110E+0	28.791016725353010E+0	164.575362686384470E+0
510.000000000000110E+0	9.136362971679057E+0	62.058529194790552E+0
511.000000000000110E+0	54.669950042771617E+0	322.436195983406660E+0
512.000000000000110E+0	52.261648569971967E+0	400.679908456091540E+0
513.000000000000110E+0	16.487012146082414E+0	148.416313568751550E+0
514.000000000000110E+0	12.632887051475990E+0	130.173124512900100E+0
515.000000000000110E+0	15.077457766464358E+0	167.103791159875470E+0
516.000000000000110E+0	17.730622789981322E+0	205.889886075922670E+0
517.000000000000110E+0	39.311646672585873E+0	328.262859230891540E+0
518.000000000000110E+0	30.457286041956657E+0	239.352794259705150E+0
519.000000000000110E+0	7.550569141603548E+0	53.087489365247549E+0
520.000000000000110E+0	18.316044535739270E+0	270.440996104431920E+0
521.000000000000110E+0	27.395335820925283E+0	384.490946398578610E+0
522.000000000000110E+0	20.935072213004386E+0	242.981259013781430E+0
523.000000000000110E+0	11.897854687103189E+0	111.166376934979890E+0
524.000000000000110E+0	12.067177070036827E+0	121.842598283158210E+0
525.000000000000110E+0	29.568750646685249E+0	269.162366069063240E+0
526.000000000000110E+0	42.086282772108518E+0	304.377444351729760E+0
527.000000000000110E+0	32.959346051946170E+0	214.039992573569260E+0
528.000000000000110E+0	25.974693722465549E+0	177.006012798784070E+0
529.000000000000110E+0	15.348256998112618E+0	82.152448439008111E+0
530.000000000000110E+0	71.129489877963721E+0	455.816582765664410E+0
531.000000000000110E+0	48.606425582081670E+0	337.041384317940920E+0
532.000000000000110E+0	12.059086390684042E+0	84.670894257990000E+0
533.000000000000110E+0	17.517226093316360E+0	138.848897504517990E+0
534.000000000000110E+0	30.326684155499542E+0	191.581939032167270E+0
535.000000000000110E+0	44.522441320909039E+0	311.232447877533900E+0
536.000000000000110E+0	33.483523027690609E+0	266.600927978074080E+0
537.000000000000110E+0	15.196726734657361E+0	159.888646409375410E+0
538.000000000000110E+0	8.563892578606055E+0	72.321123616914519E+0
539.000000000000110E+0	33.151071302486187E+0	321.657129591464470E+0
540.000000000000110E+0	35.723834350403969E+0	326.964633054404090E+0
541.000000000000110E+0	26.953024362715336E+0	224.582470280694680E+0
542.000000000000110E+0	4.158893784567117E+0	56.403054341107079E+0
543.000000000000110E+0	12.259140223919834E+0	243.997292090535750E+0
544.000000000000110E+0	20.077167820686306E+0	357.839800020370260E+0
545.000000000000110E+0	15.354068429135310E+0	204.431062167826610E+0
546.000000000000110E+0	17.138938557983742E+0	225.863114754035310E+0
547.000000000000110E+0	8.707317904888342E+0	103.439886470630630E+0
548.000000000000110E+0	7.204292543356284E+0	148.348610888760870E+0
549.000000000000110E+0	28.757185020564822E+0	502.094545760908770E+0
550.000000000000110E+0	14.932959630442923E+0	254.794217770634470E+0
551.000000000000110E+0	4.187974243068492E+0	93.765986923758561E+0
552.000000000000110E+0	7.486238131930162E+0	154.618072096435840E+0
553.000000000000110E+0	16.487335094612000E+0	297.234370452517110E+0
554.000000000000110E+0	20.768997012808068E+0	378.018819046964720E+0
555.000000000000110E+0	8.517862257397544E+0	144.880511255617310E+0
556.000000000000110E+0	9.337406752013553E+0	159.507515539363140E+0
557.000000000000110E+0	3.993287107323920E+0	119.483955755020180E+0
558.000000000000110E+0	6.463294925767580E+0	316.519934851689240E+0
559.000000000000110E+0	9.700659074808588E+0	394.572386666529210E+0
560.000000000000110E+0	4.022602467590682E+0	178.040785368638750E+0
561.000000000000110E+0	2.453048592675487E+0	54.921992745923660E+0
562.000000000000110E+0	13.009411338595672E+0	402.695581299294990E+0
563.000000000000110E+0	10.313585321456220E+0	347.870354101027200E+0
564.000000000000110E+0	5.825282981072809E+0	182.886017925882270E+0
565.000000000000110E+0	5.898138424155123E+0	193.892932008889000E+0
566.000000000000110E+0	1.817918440957246E+0	83.911257841140440E+0
567.000000000000110E+0	2.042282720422887E+0	319.181260967091020E+0
568.000000000000110E+0	1.982081251524487E+0	355.799857355139290E+0
569.000000000000110E+0	1.853074683291156E+0	250.496085741708670E+0
570.000000000000110E+0	3.146895680249288E+0	89.636258002875238E+0
571.000000000000110E+0	7.362663891014894E+0	200.629772769766900E+0
572.000000000000110E+0	7.104921923132617E+0	466.263874063135860E+0
573.000000000000110E+0	3.285596382346259E+0	308.469739846332120E+0
574.000000000000110E+0	716.878964589930280E-3	97.865917395441755E+0
575.000000000000110E+0	1.337668071120341E+0	186.789209190886790E+0
576.000000000000110E+0	3.133514897941500E+0	154.314406710736820E+0
577.000000000000110E+0	11.307492825043465E+0	385.838492239634260E+0
578.000000000000110E+0	12.051747079847241E+0	366.711027639910870E+0
579.000000000000110E+0	709.490076504748380E-3	116.799826605303590E+0
580.000000000000110E+0	9.873484950680547E+0	119.298158977542950E+0
581.000000000000110E+0	60.692813309263840E+0	471.975033518426410E+0
582.000000000000110E+0	69.933703844295081E+0	341.040962043655890E+0
583.000000000000110E+0	63.292271509549018E+0	167.139121384871540E+0
584.000000000000110E+0	48.488889255851568E+0	126.936138842619130E+0
585.000000000000110E+0	30.408943698850333E+0	187.239787437370350E+0
586.000000000000110E+0	89.706136994745620E+0	369.009881274697140E+0
587.000000000000110E+0	97.664508903816255E+0	279.098328937553670E+0
588.000000000000110E+0	131.284814407679450E+0	263.210352094928230E+0
589.000000000000110E+0	34.869749361202324E+0	56.228400204560259E+0
590.000000000000110E+0	301.128884084923070E+0	349.269168776399620E+0
591.000000000000110E+0	541.214569534757060E+0	538.016559591259460E+0
592.000000000000110E+0	261.413651114000800E+0	198.520190368742420E+0
593.000000000000110E+0	149.070254046874990E+0	113.504776215256330E+0
594.000000000000110E+0	173.778149416399540E+0	183.187206079757570E+0
595.000000000000110E+0	203.679272989599610E+0	255.909334920008040E+0
596.000000000000110E+0	267.888566750596450E+0	344.695576138574670E+0
597.000000000000110E+0	228.175928374368740E+0	266.400485184112430E+0
598.000000000000110E+0	96.458323561224873E+0	89.241777174494970E+0
599.000000000000110E+0	224.144868704648530E+0	198.394945611225300E+0
600.000000000000110E+0	401.339415286222500E+0	429.000276530074980E+0
601.000000000000110E+0	355.479759016000630E+0	405.793816493821280E+0
602.000000000000110E+0	87.182126759596983E+0	100.116142277509340E+0
603.000000000000110E+0	59.383722385208237E+0	131.501235505360970E+0
604.000000000000110E+0	138.343075897990390E+0	298.598332588143990E+0
605.000000000000110E+0	104.661832200152530E+0	292.661082249594980E+0
606.000000000000110E+0	61.033900836086616E+0	220.292061580634250E+0
607.000000000000110E+0	26.671226417609336E+0	211.818440461822770E+0
608.000000000000110E+0	2.112794752602782E+0	52.185824299333092E+0
609.000000000000110E+0	10.852344944889133E+0	494.683435996932530E+0
610.000000000000110E+0	6.272901732714695E+0	442.559749485632150E+0
611.000000000000110E+0	203.268019815918690E-3	165.746853323221360E+0
612.000000000000110E+0	1.113460010205975E+0	90.457087651142061E+0
613.000000000000110E+0	6.923689222185757E+0	222.555295841220410E+0
614.000000000000110E+0	11.789487449164076E+0	357.532808873579430E+0
615.000000000000110E+0	8.311242468574720E+0	244.210104870292920E+0
616.000000000000110E+0	7.588564389976680E+0	181.837735661817480E+0
617.000000000000110E+0	9.083370288254201E+0	104.758242226112460E+0
618.000000000000110E+0	17.052450006850183E+0	211.080760736296890E+0
619.000000000000110E+0	23.496888637360332E+0	447.839288411899930E+0
620.000000000000110E+0	16.836370589822629E+0	365.319244603077210E+0
621.000000000000110E+0	1.357679756985090E+0	58.836023070702005E+0
622.000000000000110E+0	12.888044718874166E+0	223.439132903946390E+0
623.000000000000110E+0	25.524536262882794E+0	412.581452096294360E+0
624.000000000000110E+0	17.594836899514043E+0	244.354000121866250E+0
625.000000000000110E+0	19.901794409460397E+0	215.158705396983800E+0
626.000000000000110E+0	13.821229022210414E+0	134.759949554279870E+0
627.000000000000110E+0	8.557546481002102E+0	134.383489343399790E+0
628.000000000000110E+0	34.222037814049301E+0	456.137893795540720E+0
629.000000000000110E+0	33.240920546279590E+0	360.456810872359650E+0
630.000000000000110E+0	13.653258822754882E+0	163.222418688533880E+0
631.000000000000110E+0	4.004293534472247E+0	93.540683901455281E+0
632.000000000000110E+0	37.993128837194938E+0	363.982255887923430E+0
633.000000000000110E+0	59.839983223313922E+0	500.515285949620360E+0
634.000000000000110E+0	21.633323394634740E+0	144.997861078202360E+0
635.000000000000110E+0	29.369877008208658E+0	188.624213606031050E+0
636.000000000000110E+0	15.698760566990382E+0	108.803481098435170E+0
637.000000000000110E+0	44.556451542198339E+0	303.025895640353890E+0
638.000000000000110E+0	63.938836237720658E+0	435.151560566657000E+0
639.000000000000110E+0	40.854065945900217E+0	289.695887943192190E+0
640.000000000000110E+0	5.979396269629417E+0	38.449591864509294E+0
641.000000000000110E+0	66.767806587480464E+0	352.594528043733930E+0
642.000000000000110E+0	92.777923622256864E+0	440.455111036085500E+0
643.000000000000110E+0	73.075571471057145E+0	282.862670635585000E+0
644.000000000000110E+0	61.200907835381294E+0	172.283790413878680E+0
645.000000000000110E+0	46.572520556995961E+0	123.834084244340490E+0
646.000000000000110E+0	93.578666164436370E+0	289.902787321122730E+0
647.000000000000110E+0	135.716106788848240E+0	344.980982266518310E+0
648.000000000000110E+0	132.234104233045170E+0	318.358554541036710E+0
649.000000000000110E+0	49.241453106952335E+0	128.473235958445400E+0
650.000000000000110E+0	26.613831212615288E+0	75.446389122584307E+0
651.000000000000110E+0	242.376496729840340E+0	538.621893962390460E+0
652.000000000000110E+0	202.514149495619510E+0	419.245409481893770E+0
653.000000000000110E+0	48.850811289518845E+0	94.019842740662511E+0
654.000000000000110E+0	76.270088355177933E+0	179.200146585757240E+0
655.000000000000110E+0	69.207883402300368E+0	162.008153115440140E+0
656.000000000000110E+0	119.006260946354790E+0	315.893096436410360E+0
657.000000000000110E+0	113.412520658502060E+0	328.719855891135640E+0
658.000000000000110E+0	52.162444984152692E+0	134.691068289993610E+0
659.000000000000110E+0	16.900093746248501E+0	50.873916860613868E+0
660.000000000000110E+0	87.375372078932202E+0	308.845352031495280E+0
661.000000000000110E+0	123.035943951558720E+0	389.218222687871960E+0
662.000000000000110E+0	60.365061376426055E+0	204.809289969235070E+0
663.000000000000110E+0	20.476380723618877E+0	75.036660107565368E+0
664.000000000000110E+0	50.964711655038862E+0	160.134120857313460E+0
665.000000000000110E+0	145.741707215096030E+0	366.521096362921180E+0
666.000000000000110E+0	107.231508085586140E+0	196.916413926531670E+0
667.000000000000110E+0	174.158241013220390E+0	319.961976313608030E+0
668.000000000000110E+0	44.069545885951967E+0	71.292074066159770E+0
669.000000000000110E+0	75.634633483049768E+0	204.966821545360910E+0
670.000000000000110E+0	188.091773907138700E+0	503.016831784944430E+0
671.000000000000110E+0	86.685939464846598E+0	242.894099137065100E+0
672.000000000000110E+0	19.329516648327207E+0	72.946271704760164E+0
673.000000000000110E+0	74.306059975957453E+0	134.438092134425370E+0
674.000000000000110E+0	130.114427280266140E+0	211.550743673319770E+0
675.000000000000110E+0	210.800758524469670E+0	351.251536388043290E+0
676.000000000000110E+0	136.129171543375520E+0	193.916576090514240E+0
677.000000000000110E+0	92.639223376902322E+0	137.941643112977570E+0
678.000000000000110E+0	27.567667932634766E+0	89.160833334079911E+0
679.000000000000110E+0	95.881720981008172E+0	342.794688437534200E+0
680.000000000000110E+0	145.058450782846590E+0	456.644779275600460E+0
681.000000000000110E+0	49.340407381997188E+0	150.197412434981800E+0
682.000000000000110E+0	23.862637316277876E+0	62.481022939873966E+0
683.000000000000110E+0	92.472811474639755E+0	307.892942024749170E+0
684.000000000000110E+0	90.069152531504258E+0	300.142589703047410E+0
685.000000000000110E+0	46.110383054582272E+0	175.283384824854070E+0
686.000000000000110E+0	31.168296782725765E+0	207.945581828043880E+0
687.000000000000110E+0	3.577851438741200E+0	34.322784728820224E+0
688.000000000000110E+0	21.317980130232886E+0	289.457840083333910E+0
689.000000000000110E+0	20.670942857317122E+0	420.221282036049900E+0
690.000000000000110E+0	10.760420279323986E+0	214.164167875309740E+0
691.000000000000110E+0	5.416514578859503E+0	85.004888502881684E+0
692.000000000000110E+0	8.141388530545548E+0	142.267867185954060E+0
693.000000000000110E+0	23.648593814169818E+0	459.983611687107720E+0
694.000000000000110E+0	12.332217913513876E+0	235.255369339373520E+0
695.000000000000110E+0	6.186489614297443E+0	149.902068070200810E+0
696.000000000000110E+0	5.180611750198659E+0	133.841051330982510E+0
697.000000000000110E+0	6.563912348509055E+0	120.200047784718980E+0
698.000000000000110E+0	23.999206847416584E+0	338.855846199059040E+0
699.000000000000110E+0	26.862287493624866E+0	401.513963532932340E+0
700.000000000000110E+0	6.439903075489350E+0	72.123381400150407E+0
701.000000000000110E+0	6.921619788696742E+0	101.064545846327310E+0
702.000000000000110E+0	23.189903952045690E+0	323.406652131855760E+0
703.000000000000110E+0	23.390886578288750E+0	311.731995751805020E+0
704.000000000000110E+0	10.682039194870137E+0	168.426477774737750E+0
705.000000000000110E+0	7.788324579689383E+0	129.505714979585750E+0
706.000000000000110E+0	9.986904792414842E+0	106.803626266354130E+0
707.000000000000110E+0	35.786046770476815E+0	343.409816443221760E+0
708.000000000000110E+0	30.719589600431419E+0	284.112290010953070E+0
709.000000000000110E+0	23.191751135051909E+0	224.777863268918280E+0
710.000000000000110E+0	2.928732315798199E+0	33.532492559248638E+0
711.000000000000110E+0	24.889707504307861E+0	286.046994633349300E+0
712.000000000000110E+0	46.018650686845056E+0	506.009175769765080E+0
713.000000000000110E+0	12.732332077350962E+0	138.359628210630030E+0
714.000000000000110E+0	13.847382425633437E+0	115.130665466218290E+0
715.000000000000110E+0	13.964546114530151E+0	100.261004863010310E+0
716.000000000000110E+0	26.507601737533975E+0	169.643449364344210E+0
717.000000000000110E+0	57.460815547289044E+0	359.621967623009540E+0
718.000000000000110E+0	45.247182771368401E+0	258.187252686510310E+0
719.000000000000110E+0	10.828172995842397E+0	71.713667189927491E+0
720.000000000000110E+0	31.427298192294835E+0	148.373338349173080E+0
721.000000000000110E+0	86.543244665546297E+0	395.920062856890070E+0
722.000000000000110E+0	68.756659465645015E+0	336.889901265600090E+0
723.000000000000110E+0	26.073589361593132E+0	109.005930971731540E+0
724.000000000000110E+0	8.632699372002595E+0	98.253370297245780E+0
725.000000000000110E+0	25.013651778398128E+0	265.889108402072110E+0
726.000000000000110E+0	17.130950602092717E+0	224.620899279297960E+0
727.000000000000110E+0	21.816694750299607E+0	291.228448862939220E+0
728.000000000000110E+0	12.904755057670860E+0	146.493363111118190E+0
729.000000000000110E+0	6.446539074707059E+0	27.647504419625484E+0
730.000000000000110E+0	34.968867091213163E+0	379.206359264296340E+0
731.000000000000110E+0	36.417196710607229E+0	435.998900451915520E+0
732.000000000000110E+0	8.922964525120056E+0	101.076351716209250E+0
733.000000000000110E+0	6.412900203064065E+0	111.145524344544950E+0
734.000000000000110E+0	3.109097388288640E+0	107.066246761076510E+0
735.000000000000110E+0	6.409435768681409E+0	346.801934704779630E+0
736.000000000000110E+0	3.520625147725683E+0	258.016641423631140E+0
737.000000000000110E+0	3.692052799825466E+0	190.485127601208550E+0
738.000000000000110E+0	2.242673851911106E+0	69.710483702583573E+0
739.000000000000110E+0	5.367945142382235E+0	190.388172682355500E+0
740.000000000000110E+0	10.638439910142527E+0	475.664507058425560E+0
741.000000000000110E+0	6.112304854564589E+0	297.567729216527030E+0
742.000000000000110E+0	1.073488246624024E+0	49.611152403505521E+0
743.000000000000110E+0	1.572955623978003E+0	182.884712997602150E+0
744.000000000000110E+0	1.918427069640360E+0	296.388328455255020E+0
745.000000000000110E+0	874.532423447126230E-3	189.003102519279850E+0
746.000000000000110E+0	1.640493290925777E+0	228.565353116179660E+0
747.000000000000110E+0	460.337356327642670E-3	94.287398660340358E+0
748.000000000000110E+0	991.316475980518420E-3	92.632751731743497E+0
749.000000000000110E+0	3.765063946859957E+0	409.738494597918530E+0
750.000000000000110E+0	3.733106717650033E+0	322.201154050505580E+0
751.000000000000110E+0	1.588629640921280E+0	120.321288367352580E+0
752.000000000000110E+0	292.752660163881790E-3	52.444530997969629E+0
753.000000000000110E+0	1.564794276562246E+0	263.074098305112270E+0
754.000000000000110E+0	2.256961751574271E+0	402.365521237479870E+0
755.000000000000110E+0	753.156122639316420E-3	172.497938354884350E+0
756.000000000000110E+0	1.256407093028119E+0	168.043210117891050E+0
757.000000000000110E+0	1.359493101795367E+0	91.129103812533529E+0
758.000000000000110E+0	3.757635244812308E+0	235.239352969573700E+0
759.000000000000110E+0	6.632836276449970E+0	521.973581768045730E+0
760.000000000000110E+0	2.537538279609455E+0	181.822887501020940E+0
761.000000000000110E+0	445.296255689124730E-3	30.818733360045293E+0
762.000000000000110E+0	1.736472557246423E+0	232.138803999220810E+0
763.000000000000110E+0	3.265408019026643E+0	374.844561835516400E+0
764.000000000000110E+0	1.937183133201502E+0	177.089927480558660E+0
765.000000000000110E+0	3.309216388087285E+0	159.374913059999640E+0
766.000000000000110E+0	1.555998055342897E+0	49.162572656785343E+0
767.000000000000110E+0	4.294034663322432E+0	203.501402219557720E+0
768.000000000000110E+0	7.152024615156297E+0	281.317185572301350E+0
769.000000000000110E+0	8.897846931630665E+0	313.927811556711900E+0
770.000000000000110E+0	3.182150160231836E+0	108.860714079341210E+0
771.000000000000110E+0	2.206975215106767E+0	78.228827378484439E+0
772.000000000000110E+0	18.655370512320331E+0	457.128545296353710E+0
773.000000000000110E+0	17.372600686220345E+0	365.712324071801840E+0
774.000000000000110E+0	5.896559226946672E+0	103.729960243825190E+0
775.000000000000110E+0	8.020677501430859E+0	152.293030745042560E+0
776.000000000000110E+0	7.706033283020133E+0	110.392584780725090E+0
777.000000000000110E+0	22.655405916033743E+0	334.679234267361150E+0
778.000000000000110E+0	26.339777471525991E+0	428.122771898538760E+0
779.000000000000110E+0	6.177922526573212E+0	122.087152772446160E+0
780.000000000000110E+0	7.969471925884802E+0	48.444333886273313E+0
781.000000000000110E+0	40.274612642761575E+0	302.021796156680860E+0
782.000000000000110E+0	49.529014011885259E+0	372.835655511987280E+0
783.000000000000110E+0	27.673903673276630E+0	189.324974349304260E+0
784.000000000000110E+0	17.173179421038533E+0	71.624366112169582E+0
785.000000000000110E+0	26.216838593126727E+0	120.486763827308860E+0
786.000000000000110E+0	56.934338103833639E+0	242.756241277165510E+0
787.000000000000110E+0	76.932283618464069E+0	249.494406500093020E+0
788.000000000000110E+0	121.000358431696810E+0	268.358675373014080E+0
789.000000000000110E+0	52.999234987725366E+0	74.915069572588251E+0
790.000000000000110E+0	70.866868064489680E+0	174.154872955560620E+0
791.000000000000110E+0	353.524770060073710E+0	590.872793519796910E+0
792.000000000000110E+0	169.663972543214560E+0	229.362978550684660E+0
793.000000000000110E+0	65.348085933743690E+0	109.979131724473090E+0
794.000000000000110E+0	64.489032032989826E+0	115.674264128253530E+0
795.000000000000110E+0	211.032274638128740E+0	238.714244049821670E+0
796.000000000000110E+0	268.035595478798430E+0	319.917771340662620E+0
797.000000000000110E+0	215.902103276510080E+0	287.211308449686560E+0
798.000000000000110E+0	85.007296548398955E+0	105.976831711823070E+0
799.000000000000110E+0	48.755133914498707E+0	84.536710586110928E+0
800.000000000000110E+0	178.227033269217000E+0	341.427858462222900E+0
801.000000000000110E+0	260.123236670803520E+0	492.067533277238110E+0
802.000000000000110E+0	52.425755668839216E+0	128.065026187023700E+0
803.000000000000110E+0	57.291565557294973E+0	68.414640508422138E+0
804.000000000000110E+0	158.819278594423340E+0	225.919910819389320E+0
805.000000000000110E+0	143.336896937993690E+0	230.887029977801010E+0
806.000000000000110E+0	109.292203420723350E+0	208.747803762145110E+0
807.000000000000110E+0	102.590160417526020E+0	199.947588132320730E+0
808.000000000000110E+0	17.177301614468981E+0	19.023911744910727E+0
809.000000000000110E+0	66.545575357990899E+0	271.382542776505320E+0
810.000000000000110E+0	125.558575696853690E+0	425.392503969252520E+0
811.000000000000110E+0	61.015365478742069E+0	187.579690394929910E+0
812.000000000000110E+0	26.504899968051166E+0	66.078284824440601E+0
813.000000000000110E+0	38.253964174810370E+0	96.583946062554389E+0
814.000000000000110E+0	180.256718015797300E+0	377.449887570792160E+0
815.000000000000110E+0	141.338237705365830E+0	267.399256359737930E+0
816.000000000000110E+0	94.343065816237797E+0	173.719385256788310E+0
817.000000000000110E+0	67.755559798475105E+0	130.464285921281030E+0
818.000000000000110E+0	31.242557036183921E+0	94.234930549612869E+0
819.000000000000110E+0	144.117797755549420E+0	433.630636120900650E+0
820.000000000000110E+0	130.221207917448960E+0	411.221983747645140E+0
821.000000000000110E+0	23.129474755560686E+0	89.015521276797685E+0
822.000000000000110E+0	33.141613271200001E+0	102.589321924993740E+0
823.000000000000110E+0	104.039923913234220E+0	361.250584936034440E+0
824.000000000000110E+0	67.247283864449002E+0	235.880443477740130E+0
825.000000000000110E+0	58.292051446978476E+0	231.928294200079560E+0
826.000000000000110E+0	22.729554216217387E+0	86.335767554542670E+0
827.000000000000110E+0	29.514457294980009E+0	81.620209413556083E+0
828.000000000000110E+0	82.504898670861920E+0	281.419026325219420E+0
829.000000000000110E+0	90.345406198418374E+0	329.100090933530620E+0
830.000000000000110E+0	47.021573473309679E+0	182.973144732302100E+0
831.000000000000110E+0	5.661020160593682E+0	19.308489898195255E+0
832.000000000000110E+0	61.394729318457891E+0	213.531039192582200E+0
833.000000000000110E+0	119.839181731032450E+0	441.109593110707120E+0
834.000000000000110E+0	29.056000290881276E+0	121.612143131197510E+0
835.000000000000110E+0	43.171514438759019E+0	130.893687833780940E+0
836.000000000000110E+0	25.154096433416694E+0	78.066867221162226E+0
837.000000000000110E+0	44.047727552449729E+0	139.215643768228940E+0
838.000000000000110E+0	126.278862555418680E+0	425.571413498996550E+0
839.000000000000110E+0	73.054690519511141E+0	248.577909671482590E+0
840.000000000000110E+0	15.329496128370209E+0	55.513809721363472E+0
841.000000000000110E+0	32.789681340625449E+0	121.857408890758620E+0
842.000000000000110E+0	115.605254844807560E+0	378.834234619048690E+0
843.000000000000110E+0	100.296171437167870E+0	312.312141318335590E+0
844.000000000000110E+0	38.483113403068700E+0	132.444815210001280E+0
845.000000000000110E+0	30.882475872341843E+0	93.390317282338643E+0
846.000000000000110E+0	81.468351690938988E+0	209.322879748063400E+0
847.000000000000110E+0	91.199369734213519E+0	255.423966512801060E+0
848.000000000000110E+0	127.732125859804940E+0	376.457161176672230E+0
849.000000000000110E+0	65.778253546386054E+0	192.288115744274880E+0
850.000000000000110E+0	11.413371209560818E+0	25.236779261071256E+0
851.000000000000110E+0	192.736995567500290E+0	470.345799986612120E+0
852.000000000000110E+0	170.928462490306940E+0	399.106097711462720E+0
853.000000000000110E+0	61.664994385869519E+0	136.459865818634340E+0
854.000000000000110E+0	68.727584647223537E+0	124.407346101004760E+0
855.000000000000110E+0	54.607005918507887E+0	103.894721409288650E+0
856.000000000000110E+0	140.883935432989150E+0	290.786253073262400E+0
857.000000000000110E+0	170.598484964492710E+0	311.672778361019370E+0
858.000000000000110E+0	94.490527683980900E+0	147.676096627177400E+0
859.000000000000110E+0	30.559586632545301E+0	56.244551019184925E+0
860.000000000000110E+0	78.925033133570835E+0	146.227667185450680E+0
861.000000000000110E+0	278.049956607404450E+0	496.428288145296390E+0
862.000000000000110E+0	135.709814464549990E+0	243.567057186172800E+0
863.000000000000110E+0	21.095346091102250E+0	40.145055160286112E+0
864.000000000000110E+0	52.950981521629387E+0	107.361324790387610E+0
865.000000000000110E+0	102.945719994829190E+0	229.007253218196920E+0
866.000000000000110E+0	72.057005204146918E+0	174.035000679612210E+0
867.000000000000110E+0	104.176658417851210E+0	274.328279751227970E+0
868.000000000000110E+0	35.657431126522269E+0	93.496000811890752E+0
869.000000000000110E+0	27.954246069284558E+0	70.392537048980472E+0
870.000000000000110E+0	146.957633054459560E+0	449.381359784519190E+0
871.000000000000110E+0	82.795193732977864E+0	288.218834947081570E+0
872.000000000000110E+0	33.179362831694540E+0	130.584147381624180E+0
873.000000000000110E+0	13.290637191451344E+0	46.910864882351504E+0
874.000000000000110E+0	58.814752767116808E+0	217.244246013416390E+0
875.000000000000110E+0	93.758666465127760E+0	351.505151299772360E+0
876.000000000000110E+0	53.522370325581008E+0	194.813915318759830E+0
877.000000000000110E+0	47.968389347993238E+0	187.789881916646660E+0
878.000000000000110E+0	12.395746923951698E+0	54.138399906849301E+0
879.000000000000110E+0	43.215876004732671E+0	226.014789666448680E+0
880.000000000000110E+0	102.511285730253550E+0	564.623922885281220E+0
881.000000000000110E+0	40.877294941184196E+0	243.804351224215140E+0
882.000000000000110E+0	5.748607887755021E+0	49.209638923544915E+0
883.000000000000110E+0	33.595906896059226E+0	231.115839246511260E+0
884.000000000000110E+0	43.659019158844750E+0	311.467538238913850E+0
885.000000000000110E+0	31.342300642490635E+0	261.194334410753010E+0
886.000000000000110E+0	20.917016544138210E+0	188.445605865138700E+0
887.000000000000110E+0	8.052731409353260E+0	77.747158872593474E+0
888.000000000000110E+0	9.750088163399328E+0	191.928390823076850E+0
889.000000000000110E+0	21.196604717671615E+0	419.983320216439270E+0
890.000000000000110E+0	14.611010632979907E+0	274.541981934708300E+0
891.000000000000110E+0	5.520829858983514E+0	97.180100212698477E+0
892.000000000000110E+0	2.693284427260509E+0	81.321396258144404E+0
893.000000000000110E+0	15.055736827337444E+0	456.637825985009730E+0
894.000000000000110E+0	7.320857942891116E+0	241.910537549485520E+0
895.000000000000110E+0	2.864653378579111E+0	115.273867193757070E+0
896.000000000000110E+0	1.897178227589044E+0	126.881279586459390E+0
897.000000000000110E+0	1.275220382031908E+0	59.427967662988294E+0
898.000000000000110E+0	5.177585871923815E+0	324.264128008186560E+0
899.000000000000110E+0	5.004765171605690E+0	369.422966834142580E+0
900.000000000000110E+0	1.257416740443627E+0	105.825440943545690E+0
901.000000000000110E+0	99.318391009611789E-3	34.581019248122729E+0
902.000000000000110E+0	1.399867404342570E+0	224.446048076868410E+0
903.000000000000110E+0	2.233015752140001E+0	302.318998741393270E+0
904.000000000000110E+0	1.272148859634133E+0	151.281782363105950E+0
905.000000000000110E+0	578.946835931795410E-3	60.761202344353215E+0
906.000000000000110E+0	279.962486756545280E-3	83.477141193906277E+0
907.000000000000110E+0	123.427980113294190E-3	146.952748273675840E+0
908.000000000000110E+0	1.348489532381817E+0	264.881081776007190E+0
909.000000000000110E+0	1.451265038271980E+0	231.010884334873940E+0
910.000000000000110E+0	336.906692927558200E-3	37.820014330034176E+0
911.000000000000110E+0	1.265575570471783E+0	127.603148865789620E+0
912.000000000000110E+0	6.617766782537160E+0	465.634546020041280E+0
913.000000000000110E+0	4.443333025224064E+0	194.444248942203780E+0
914.000000000000110E+0	897.761678152287020E-3	85.916936765905575E+0
915.000000000000110E+0	697.505084790142170E-3	101.431954668011090E+0
916.000000000000110E+0	2.827647367173723E+0	109.904385829275680E+0
917.000000000000110E+0	11.515036606424726E+0	329.866929564897420E+0
918.000000000000110E+0	10.142859976038832E+0	244.268690468500150E+0
919.000000000000110E+0	6.434925277541157E+0	134.439502418993640E+0
920.000000000000110E+0	396.255899035308500E-3	32.454376786939420E+0
921.000000000000110E+0	10.138707701304140E+0	342.943223532903400E+0
922.000000000000110E+0	14.037233451036297E+0	432.362184606856030E+0
923.000000000000110E+0	5.137233248590444E+0	170.383904249647910E+0
924.000000000000110E+0	2.908398765724421E+0	70.320291749309533E+0
925.000000000000110E+0	7.492942667946627E+0	193.625453667445500E+0
926.000000000000110E+0	5.775614614080956E+0	230.480918730974280E+0
927.000000000000110E+0	4.207107664263315E+0	332.569066067287960E+0
928.000000000000110E+0	2.609911623729913E+0	276.584634645058830E+0
929.000000000000110E+0	326.253789709223530E-3	38.283492005060552E+0
930.000000000000110E+0	7.124690758781950E+0	297.827254142421680E+0
931.000000000000110E+0	10.576914546352461E+0	511.824377735556030E+0
932.000000000000110E+0	5.429714242901210E+0	240.480120221384080E+0
933.000000000000110E+0	3.364684832986927E+0	101.642070481250610E+0
934.000000000000110E+0	3.259284215357622E+0	140.171319383069890E+0
935.000000000000110E+0	7.466701051871543E+0	355.979628799653770E+0
936.000000000000110E+0	8.575975321650702E+0	358.392503715629630E+0
937.000000000000110E+0	3.772565440876490E+0	223.715608087341020E+0
938.000000000000110E+0	2.591918704309626E+0	155.361766982786460E+0
939.000000000000110E+0	3.757641198559084E+0	87.031554436712525E+0
940.000000000000110E+0	28.393485774911664E+0	592.408002207857290E+0
941.000000000000110E+0	24.350281624410393E+0	440.748813601841330E+0
942.000000000000110E+0	4.181125311013771E+0	78.148933535078214E+0
943.000000000000110E+0	5.142287618151333E+0	147.694959546838760E+0
944.000000000000110E+0	20.267195519724229E+0	353.835039527411370E+0
945.000000000000110E+0	19.995057296606319E+0	276.078363316533000E+0
946.000000000000110E+0	22.322715946145923E+0	281.295837866870840E+0
947.000000000000110E+0	13.193475489470760E+0	146.233485690261600E+0
948.000000000000110E+0	6.265441068859718E+0	95.485230779947614E+0
949.000000000000110E+0	27.490871417017171E+0	390.539565554784190E+0
950.000000000000110E+0	34.038035094445327E+0	421.309358371934020E+0
951.000000000000110E+0	21.673541891657958E+0	223.216201808910600E+0
952.000000000000110E+0	3.495063454761978E+0	34.622107858302833E+0
953.000000000000110E+0	22.653462965923836E+0	287.024867768941020E+0
954.000000000000110E+0	36.037091999156260E+0	412.010871353106100E+0
955.000000000000110E+0	17.773300802704732E+0	154.107192966471360E+0
956.000000000000110E+0	11.555405779455180E+0	166.225966819164480E+0
957.000000000000110E+0	3.366069984175920E+0	92.582416437502843E+0
958.000000000000110E+0	7.950447107913122E+0	196.708926302645750E+0
959.000000000000110E+0	20.403336125507565E+0	533.711783818393310E+0
960.000000000000110E+0	7.642982162483648E+0	199.598534121028540E+0
961.000000000000110E+0	3.520608988851136E+0	24.812013715343632E+0
962.000000000000110E+0	7.171927294527594E+0	173.322325014172290E+0
963.000000000000110E+0	7.023737755693984E+0	316.242720946648720E+0
964.000000000000110E+0	3.378670275879165E+0	271.796133485695800E+0
965.000000000000110E+0	1.592727639978116E+0	90.175940405987021E+0
966.000000000000110E+0	2.906573021078148E+0	79.107638687879856E+0
967.000000000000110E+0	2.785715432561296E+0	121.785046116881940E+0
968.000000000000110E+0	3.341573871563095E+0	235.384116740274380E+0
969.000000000000110E+0	3.517798244932686E+0	257.395277580874680E+0
970.000000000000110E+0	765.446362094527210E-3	88.593415158053915E+0
971.000000000000110E+0	2.810513025048873E+0	44.427691946265455E+0
972.000000000000110E+0	16.730352840279622E+0	438.046620141520970E+0
973.000000000000110E+0	11.453552987743560E+0	259.224168930389620E+0
974.000000000000110E+0	927.409076226745400E-3	65.749280348257628E+0
975.000000000000110E+0	125.083885745087050E-3	64.143653051488314E+0
976.000000000000110E+0	2.143314898831520E+0	42.287091855352223E+0
977.000000000000110E+0	5.024236197456867E+0	191.829586401381390E+0
978.000000000000110E+0	5.200542505910581E+0	252.451425277248150E+0
979.000000000000110E+0	1.906431985921758E+0	85.366069318134350E+0
980.000000000000110E+0	324.014915285223860E-3	13.051395660850241E+0
981.000000000000110E+0	405.674724016691190E-3	128.823426874195150E+0
982.000000000000110E+0	1.623526200221752E+0	305.490847435568470E+0
983.000000000000110E+0	1.066627495431154E+0	144.801884203209510E+0
984.000000000000110E+0	71.273275204080361E-3	5.311904043214293E+0
985.000000000000110E+0	507.674446391276460E-3	69.940767232823575E+0
986.000000000000110E+0	912.887091047356100E-3	96.849256203633018E+0
987.000000000000110E+0	969.438326865266100E-3	147.156666074304270E+0
988.000000000000110E+0	1.372235172837441E+0	194.141719050127020E+0
989.000000000000110E+0	743.159070622443910E-3	31.643264178649325E+0
990.000000000000110E+0	858.383857193474100E-3	56.667764429000066E+0
991.000000000000110E+0	2.531772329699272E+0	286.767463201642330E+0
992.000000000000110E+0	2.304446407189946E+0	121.530475210821760E+0
993.000000000000110E+0	852.934843061897710E-3	23.439860083863369E+0
994.000000000000110E+0	186.468013096188600E-3	12.812337100834592E+0
995.000000000000110E+0	206.189550423949710E-3	84.724902040097490E+0
996.000000000000110E+0	1.526913853225560E+0	156.930002823788330E+0
997.000000000000110E+0	1.495674414994143E+0	58.824981859778838E+0
998.000000000000110E+0	2.779893060547591E+0	59.883895176967805E+0
999.000000000000110E+0	1.257454862890095E+0	3.621583046037338E+0
1.000000000000000E+3	9.623101292838559E+0	160.229449671365270E+0
