Freq (Hz)	Coh_accelerometre /source
source
source
10.000000000000018E+0	992.980099223154890E-3
11.000000000000020E+0	979.512290485285870E-3
12.000000000000021E+0	991.629008885190450E-3
13.000000000000023E+0	993.984965236398120E-3
14.000000000000025E+0	995.297530162990270E-3
15.000000000000027E+0	989.949854874033640E-3
16.000000000000028E+0	962.859899081977220E-3
17.000000000000028E+0	995.301627006250360E-3
18.000000000000028E+0	997.991843072812520E-3
19.000000000000028E+0	997.203107403203060E-3
20.000000000000028E+0	996.057443038268930E-3
21.000000000000028E+0	994.841317251330400E-3
22.000000000000028E+0	994.529483102305040E-3
23.000000000000028E+0	996.263073896239030E-3
24.000000000000028E+0	997.910163011900940E-3
25.000000000000028E+0	998.835282770313530E-3
26.000000000000028E+0	999.035256428022600E-3
27.000000000000028E+0	999.433406299393370E-3
28.000000000000028E+0	999.241161726187710E-3
29.000000000000028E+0	997.699891867316560E-3
30.000000000000028E+0	995.278648357092010E-3
31.000000000000028E+0	999.608417660392540E-3
32.000000000000028E+0	999.580890577930650E-3
33.000000000000028E+0	999.575411496400280E-3
34.000000000000028E+0	998.576439890990870E-3
35.000000000000028E+0	989.102957855383600E-3
36.000000000000028E+0	995.643295565742710E-3
37.000000000000028E+0	998.149313760566150E-3
38.000000000000028E+0	999.774111487793940E-3
39.000000000000028E+0	999.589990234293070E-3
40.000000000000028E+0	999.589295888515080E-3
41.000000000000028E+0	999.876889001853230E-3
42.000000000000028E+0	999.946865589067310E-3
43.000000000000028E+0	999.916651949495300E-3
44.000000000000028E+0	999.856276530777690E-3
45.000000000000028E+0	999.870919742050450E-3
46.000000000000028E+0	999.945375352216390E-3
47.000000000000028E+0	999.849676476377900E-3
48.000000000000028E+0	999.511289103180430E-3
49.000000000000028E+0	999.537726598214940E-3
50.000000000000028E+0	999.954720712770360E-3
51.000000000000028E+0	999.955564667425190E-3
52.000000000000028E+0	999.823341637351310E-3
53.000000000000028E+0	999.430493145146090E-3
54.000000000000028E+0	999.874547834130540E-3
55.000000000000028E+0	999.899589908539330E-3
56.000000000000028E+0	999.864364078469570E-3
57.000000000000028E+0	999.880713025260380E-3
58.000000000000028E+0	999.600930332104400E-3
59.000000000000028E+0	999.865789875810320E-3
60.000000000000028E+0	999.955845909125560E-3
61.000000000000028E+0	999.911992461302580E-3
62.000000000000028E+0	999.901880660406530E-3
63.000000000000028E+0	999.950930369542080E-3
64.000000000000028E+0	999.963543645774330E-3
65.000000000000028E+0	999.965105276415690E-3
66.000000000000028E+0	999.918884973370560E-3
67.000000000000028E+0	999.413695806068310E-3
68.000000000000028E+0	999.898085384912980E-3
69.000000000000028E+0	999.868034799191400E-3
70.000000000000028E+0	999.796518771300270E-3
71.000000000000028E+0	998.688685237441920E-3
72.000000000000028E+0	989.381861183106340E-3
73.000000000000028E+0	996.602699784086440E-3
74.000000000000028E+0	999.534460204000050E-3
75.000000000000028E+0	999.305064087678380E-3
76.000000000000028E+0	999.623798557179640E-3
77.000000000000028E+0	999.261092551646860E-3
78.000000000000028E+0	999.795640387484360E-3
79.000000000000028E+0	999.946548086979800E-3
80.000000000000028E+0	999.811669836676910E-3
81.000000000000028E+0	999.207082545760960E-3
82.000000000000028E+0	999.748704983450250E-3
83.000000000000028E+0	999.908458335304510E-3
84.000000000000028E+0	999.793285844464810E-3
85.000000000000028E+0	999.453234366395100E-3
86.000000000000028E+0	998.753674385950420E-3
87.000000000000028E+0	989.811977905875830E-3
88.000000000000028E+0	999.709769274896190E-3
89.000000000000028E+0	999.881563565165890E-3
90.000000000000028E+0	995.885448008779760E-3
91.000000000000028E+0	999.615736407330480E-3
92.000000000000028E+0	999.735424866212700E-3
93.000000000000028E+0	999.775935116791300E-3
94.000000000000028E+0	999.650929968961430E-3
95.000000000000028E+0	999.096796687119260E-3
96.000000000000028E+0	999.528887636934370E-3
97.000000000000028E+0	999.861765272710420E-3
98.000000000000028E+0	999.861322184275590E-3
99.000000000000028E+0	999.234556279950170E-3
100.000000000000030E+0	998.839957204582960E-3
101.000000000000030E+0	999.861468164253810E-3
102.000000000000030E+0	999.785493801195750E-3
103.000000000000030E+0	998.569449716867340E-3
104.000000000000030E+0	999.719596111367180E-3
105.000000000000030E+0	997.564207209335470E-3
106.000000000000030E+0	999.420172039412470E-3
107.000000000000030E+0	999.466675539525950E-3
108.000000000000030E+0	999.169344535618230E-3
109.000000000000030E+0	984.295491745312060E-3
110.000000000000030E+0	999.030952342036090E-3
111.000000000000030E+0	999.824493018627520E-3
112.000000000000030E+0	999.590303525889510E-3
113.000000000000030E+0	999.505615504418740E-3
114.000000000000030E+0	998.839522145098080E-3
115.000000000000030E+0	999.637095245932470E-3
116.000000000000030E+0	999.759225913842920E-3
117.000000000000030E+0	999.794667439648950E-3
118.000000000000030E+0	999.892951253516960E-3
119.000000000000030E+0	999.600251015819730E-3
120.000000000000030E+0	999.951490519591420E-3
121.000000000000030E+0	999.974949008278100E-3
122.000000000000030E+0	999.913549172343760E-3
123.000000000000030E+0	999.907738430471760E-3
124.000000000000030E+0	999.885633426585760E-3
125.000000000000030E+0	999.940818491248490E-3
126.000000000000030E+0	999.925666412354360E-3
127.000000000000030E+0	999.897664128401640E-3
128.000000000000030E+0	998.324277410987730E-3
129.000000000000030E+0	999.830773835955200E-3
130.000000000000030E+0	999.883832251186040E-3
131.000000000000030E+0	999.786493944075370E-3
132.000000000000030E+0	997.937253310845260E-3
133.000000000000030E+0	999.727789506589470E-3
134.000000000000030E+0	999.805162991521110E-3
135.000000000000030E+0	999.961922244520740E-3
136.000000000000030E+0	999.959838304858460E-3
137.000000000000030E+0	999.720542979090080E-3
138.000000000000030E+0	999.851661208675750E-3
139.000000000000030E+0	999.926994194262450E-3
140.000000000000030E+0	999.730420207032510E-3
141.000000000000030E+0	998.897347706125820E-3
142.000000000000030E+0	998.054093383030530E-3
143.000000000000030E+0	999.535161320009860E-3
144.000000000000030E+0	999.436620304070320E-3
145.000000000000030E+0	999.322633042359800E-3
146.000000000000030E+0	999.500747317587200E-3
147.000000000000030E+0	998.961529440421490E-3
148.000000000000030E+0	999.730934911062240E-3
149.000000000000030E+0	999.800607089656230E-3
150.000000000000030E+0	998.989215039446270E-3
151.000000000000030E+0	994.696562825279180E-3
152.000000000000030E+0	999.632492919716900E-3
153.000000000000030E+0	999.347722490419140E-3
154.000000000000030E+0	998.733993293880680E-3
155.000000000000030E+0	999.269713307992520E-3
156.000000000000030E+0	999.109919122598280E-3
157.000000000000030E+0	999.695066345424820E-3
158.000000000000030E+0	999.781955196342830E-3
159.000000000000030E+0	999.769374811454000E-3
160.000000000000030E+0	998.934225501275420E-3
161.000000000000030E+0	998.046443961058020E-3
162.000000000000030E+0	999.268467046826590E-3
163.000000000000030E+0	997.912056197175930E-3
164.000000000000030E+0	998.398632519723380E-3
165.000000000000030E+0	999.157856042749760E-3
166.000000000000030E+0	998.687375879317330E-3
167.000000000000030E+0	999.637339002461540E-3
168.000000000000030E+0	999.698151623089500E-3
169.000000000000030E+0	999.413981669934450E-3
170.000000000000030E+0	999.137885756501310E-3
171.000000000000030E+0	999.444689158415330E-3
172.000000000000030E+0	999.376306489436430E-3
173.000000000000030E+0	998.532754167071660E-3
174.000000000000030E+0	998.009276025114240E-3
175.000000000000030E+0	998.923431810800790E-3
176.000000000000030E+0	999.422702854300460E-3
177.000000000000030E+0	999.220377369864020E-3
178.000000000000030E+0	998.975524109099510E-3
179.000000000000030E+0	987.704648310293480E-3
180.000000000000030E+0	999.729949133024820E-3
181.000000000000030E+0	999.404209240395520E-3
182.000000000000030E+0	997.911661121533840E-3
183.000000000000030E+0	999.349493625622530E-3
184.000000000000030E+0	999.227394519373040E-3
185.000000000000030E+0	999.470031461455080E-3
186.000000000000030E+0	999.580736744657310E-3
187.000000000000030E+0	999.482942395588100E-3
188.000000000000030E+0	996.813952163024040E-3
189.000000000000030E+0	994.954664475028560E-3
190.000000000000030E+0	999.275376731535320E-3
191.000000000000030E+0	999.598013770861770E-3
192.000000000000030E+0	997.072281603497590E-3
193.000000000000030E+0	997.906100461924630E-3
194.000000000000030E+0	998.760122389972250E-3
195.000000000000030E+0	996.905967283769010E-3
196.000000000000030E+0	997.953639606004470E-3
197.000000000000030E+0	999.232675313363240E-3
198.000000000000030E+0	996.768321814368360E-3
199.000000000000030E+0	999.740431590806500E-3
200.000000000000030E+0	999.743834117232000E-3
201.000000000000030E+0	998.873290571666960E-3
202.000000000000030E+0	996.941790797784670E-3
203.000000000000030E+0	998.706590943705290E-3
204.000000000000030E+0	999.487536617518660E-3
205.000000000000030E+0	998.749251727004570E-3
206.000000000000030E+0	998.518759931734110E-3
207.000000000000030E+0	991.198075278645900E-3
208.000000000000030E+0	997.266618218270230E-3
209.000000000000030E+0	998.870923353882500E-3
210.000000000000030E+0	997.497109716861450E-3
211.000000000000030E+0	992.104511444833030E-3
212.000000000000030E+0	996.944450925933420E-3
213.000000000000030E+0	995.367444417317280E-3
214.000000000000030E+0	991.771903919184570E-3
215.000000000000030E+0	892.085179505534790E-3
216.000000000000030E+0	940.258653013184900E-3
217.000000000000030E+0	982.362191302883050E-3
218.000000000000030E+0	996.525275367371570E-3
219.000000000000030E+0	998.355865392514310E-3
220.000000000000030E+0	998.385876070602250E-3
221.000000000000030E+0	997.675209467344110E-3
222.000000000000030E+0	995.653592753430790E-3
223.000000000000030E+0	998.254090251245780E-3
224.000000000000030E+0	992.947386865525300E-3
225.000000000000030E+0	997.120026839477090E-3
226.000000000000030E+0	997.117464220237280E-3
227.000000000000030E+0	990.469040513843990E-3
228.000000000000030E+0	998.756332712980480E-3
229.000000000000030E+0	998.362167998516850E-3
230.000000000000030E+0	994.541354066784900E-3
231.000000000000030E+0	998.594806706399440E-3
232.000000000000030E+0	999.261475794099850E-3
233.000000000000030E+0	999.454345058898630E-3
234.000000000000030E+0	996.650787835311360E-3
235.000000000000030E+0	980.184350674280780E-3
236.000000000000030E+0	994.284768872985670E-3
237.000000000000030E+0	996.123772290568700E-3
238.000000000000030E+0	996.457961729768300E-3
239.000000000000030E+0	995.474212543405070E-3
240.000000000000030E+0	993.318296396106800E-3
241.000000000000030E+0	998.684771170418540E-3
242.000000000000030E+0	998.637601258811510E-3
243.000000000000030E+0	997.151144967874600E-3
244.000000000000030E+0	997.993987265403890E-3
245.000000000000030E+0	993.711390377908570E-3
246.000000000000030E+0	997.621812890041260E-3
247.000000000000030E+0	998.972465348858200E-3
248.000000000000030E+0	999.333817111269340E-3
249.000000000000030E+0	999.751081031300280E-3
250.000000000000030E+0	996.773358445537720E-3
251.000000000000030E+0	975.979242004057060E-3
252.000000000000030E+0	992.450813244319500E-3
253.000000000000030E+0	997.472108937523250E-3
254.000000000000030E+0	999.296591993584780E-3
255.000000000000030E+0	999.448489912960090E-3
256.000000000000060E+0	998.453420111352300E-3
257.000000000000060E+0	972.470374592141360E-3
258.000000000000060E+0	991.284745908322830E-3
259.000000000000060E+0	998.555097216211830E-3
260.000000000000060E+0	999.011565917718780E-3
261.000000000000060E+0	997.944081125169520E-3
262.000000000000060E+0	997.419106712069130E-3
263.000000000000060E+0	997.430310846840420E-3
264.000000000000060E+0	995.475396200223520E-3
265.000000000000060E+0	996.478409200848850E-3
266.000000000000060E+0	996.940452947303490E-3
267.000000000000060E+0	996.929581042638180E-3
268.000000000000060E+0	995.134989881315550E-3
269.000000000000060E+0	998.623291438054390E-3
270.000000000000060E+0	998.642682662800100E-3
271.000000000000060E+0	995.541207857136400E-3
272.000000000000060E+0	992.647178559989630E-3
273.000000000000060E+0	995.236680285434880E-3
274.000000000000060E+0	997.657751817535130E-3
275.000000000000060E+0	998.134019951345100E-3
276.000000000000060E+0	998.159533388043530E-3
277.000000000000060E+0	991.318527287090800E-3
278.000000000000060E+0	997.733987589077830E-3
279.000000000000060E+0	998.330951317102370E-3
280.000000000000060E+0	997.346645454792790E-3
281.000000000000060E+0	993.900210403876990E-3
282.000000000000060E+0	991.868347749595090E-3
283.000000000000060E+0	997.949750900545380E-3
284.000000000000060E+0	997.227465652854030E-3
285.000000000000060E+0	996.863182464744810E-3
286.000000000000060E+0	997.113642805040560E-3
287.000000000000060E+0	989.886218657534230E-3
288.000000000000060E+0	997.712387971317230E-3
289.000000000000060E+0	996.389385261565400E-3
290.000000000000060E+0	987.988485641714930E-3
291.000000000000060E+0	991.915461103483500E-3
292.000000000000060E+0	993.586875142958180E-3
293.000000000000060E+0	994.061998327032130E-3
294.000000000000060E+0	994.999100956194480E-3
295.000000000000060E+0	994.827468371974440E-3
296.000000000000060E+0	989.840429934901840E-3
297.000000000000060E+0	991.075657916838940E-3
298.000000000000060E+0	996.688214143293000E-3
299.000000000000060E+0	995.555014576904650E-3
300.000000000000060E+0	986.092644481656230E-3
301.000000000000060E+0	991.294838659062540E-3
302.000000000000060E+0	996.696525897551530E-3
303.000000000000060E+0	992.878191314721770E-3
304.000000000000060E+0	996.831238110680640E-3
305.000000000000060E+0	997.175078691979080E-3
306.000000000000060E+0	997.692696744861050E-3
307.000000000000060E+0	998.323721788233590E-3
308.000000000000060E+0	996.907562712390230E-3
309.000000000000060E+0	992.355433484130130E-3
310.000000000000060E+0	991.311485365416020E-3
311.000000000000060E+0	995.966024678604070E-3
312.000000000000060E+0	995.649218762962530E-3
313.000000000000060E+0	991.624800691653820E-3
314.000000000000060E+0	995.699180496224630E-3
315.000000000000060E+0	995.303752223101520E-3
316.000000000000060E+0	993.677934954454890E-3
317.000000000000060E+0	996.600141167939050E-3
318.000000000000060E+0	994.387709985502630E-3
319.000000000000060E+0	978.161108426196080E-3
320.000000000000060E+0	995.556776386673280E-3
321.000000000000060E+0	995.831455827747900E-3
322.000000000000060E+0	989.172569296228760E-3
323.000000000000060E+0	993.780319172245960E-3
324.000000000000060E+0	992.773283360146140E-3
325.000000000000060E+0	997.076318056215220E-3
326.000000000000060E+0	997.258294525948940E-3
327.000000000000060E+0	996.262574499836240E-3
328.000000000000060E+0	992.272804090920670E-3
329.000000000000060E+0	990.991511862813760E-3
330.000000000000060E+0	998.685464661598460E-3
331.000000000000060E+0	997.541783070961420E-3
332.000000000000060E+0	993.355919942037310E-3
333.000000000000060E+0	995.987233671482900E-3
334.000000000000060E+0	997.259700677211920E-3
335.000000000000060E+0	996.603058290571270E-3
336.000000000000060E+0	998.543657412030220E-3
337.000000000000060E+0	997.178803987729840E-3
338.000000000000060E+0	997.534048968940050E-3
339.000000000000060E+0	999.094096565858350E-3
340.000000000000060E+0	998.565491606354990E-3
341.000000000000060E+0	997.463681201850360E-3
342.000000000000060E+0	995.201367777973190E-3
343.000000000000060E+0	997.065212386599290E-3
344.000000000000060E+0	997.928229802759300E-3
345.000000000000060E+0	995.442242055553760E-3
346.000000000000060E+0	994.543221836150180E-3
347.000000000000060E+0	994.181286157048150E-3
348.000000000000060E+0	994.676420267939230E-3
349.000000000000060E+0	997.983849479274430E-3
350.000000000000060E+0	997.804470353997440E-3
351.000000000000060E+0	987.384221754585960E-3
352.000000000000060E+0	996.267781683489950E-3
353.000000000000060E+0	996.720366892948070E-3
354.000000000000060E+0	996.319403297319720E-3
355.000000000000060E+0	995.669555054109920E-3
356.000000000000060E+0	996.184891339081390E-3
357.000000000000060E+0	997.083754892670310E-3
358.000000000000060E+0	997.329872891916320E-3
359.000000000000060E+0	998.228164447223290E-3
360.000000000000060E+0	998.208226832275060E-3
361.000000000000060E+0	998.336259529536200E-3
362.000000000000060E+0	999.244335602332390E-3
363.000000000000060E+0	998.436066998886100E-3
364.000000000000060E+0	997.924252394947860E-3
365.000000000000060E+0	997.758128020544750E-3
366.000000000000060E+0	994.641859366648510E-3
367.000000000000060E+0	997.969262638560450E-3
368.000000000000060E+0	998.318392995027230E-3
369.000000000000060E+0	996.336647629214920E-3
370.000000000000060E+0	996.519747001969210E-3
371.000000000000060E+0	998.547534199245690E-3
372.000000000000060E+0	998.941441382761420E-3
373.000000000000060E+0	998.248626403361760E-3
374.000000000000060E+0	995.819760624467420E-3
375.000000000000060E+0	997.454800058647280E-3
376.000000000000060E+0	997.979582083852070E-3
377.000000000000060E+0	998.345237406839450E-3
378.000000000000060E+0	998.648775316075650E-3
379.000000000000060E+0	997.629657673862800E-3
380.000000000000060E+0	997.993925734958150E-3
381.000000000000060E+0	999.168494532432390E-3
382.000000000000060E+0	997.503451369843640E-3
383.000000000000060E+0	998.155779174779710E-3
384.000000000000060E+0	997.875204404380600E-3
385.000000000000060E+0	998.653558834872060E-3
386.000000000000060E+0	999.092237554266240E-3
387.000000000000060E+0	998.337734858253060E-3
388.000000000000060E+0	998.054585139419140E-3
389.000000000000060E+0	995.620918379401140E-3
390.000000000000060E+0	997.959507912020700E-3
391.000000000000060E+0	998.375731839983070E-3
392.000000000000060E+0	996.738805325277370E-3
393.000000000000060E+0	987.353678206084000E-3
394.000000000000060E+0	997.801586681785980E-3
395.000000000000060E+0	997.821653887008940E-3
396.000000000000060E+0	998.442571667380710E-3
397.000000000000060E+0	997.825671852093920E-3
398.000000000000060E+0	996.895539711517560E-3
399.000000000000060E+0	997.980249894936940E-3
400.000000000000060E+0	997.927143622108440E-3
401.000000000000060E+0	996.534080642783930E-3
402.000000000000060E+0	995.947514789905840E-3
403.000000000000060E+0	995.369797971953680E-3
404.000000000000060E+0	998.378608146284980E-3
405.000000000000060E+0	998.594940323652040E-3
406.000000000000060E+0	997.794251789031690E-3
407.000000000000060E+0	997.507977266776540E-3
408.000000000000060E+0	962.947287830373090E-3
409.000000000000060E+0	995.348753109336460E-3
410.000000000000060E+0	996.938881786243570E-3
411.000000000000060E+0	996.444533387279900E-3
412.000000000000060E+0	997.432631916680630E-3
413.000000000000060E+0	997.914644063902510E-3
414.000000000000060E+0	996.894847978863960E-3
415.000000000000060E+0	994.814792345561250E-3
416.000000000000060E+0	995.921651453979590E-3
417.000000000000060E+0	998.627582800540870E-3
418.000000000000060E+0	997.277131078728060E-3
419.000000000000060E+0	981.730243015444980E-3
420.000000000000060E+0	950.287598236106530E-3
421.000000000000060E+0	994.248556942060710E-3
422.000000000000060E+0	998.880213829477890E-3
423.000000000000060E+0	998.689148177706260E-3
424.000000000000060E+0	996.903277415922000E-3
425.000000000000060E+0	997.911575106949060E-3
426.000000000000060E+0	997.324541243120420E-3
427.000000000000060E+0	919.560935346707910E-3
428.000000000000060E+0	988.418300306483810E-3
429.000000000000060E+0	977.225285602529860E-3
430.000000000000060E+0	951.531296193802170E-3
431.000000000000060E+0	996.088847718723080E-3
432.000000000000060E+0	998.616175164066420E-3
433.000000000000060E+0	998.304607713516150E-3
434.000000000000060E+0	995.010942132419920E-3
435.000000000000060E+0	988.120305439001420E-3
436.000000000000060E+0	992.516885589833200E-3
437.000000000000060E+0	986.624431502970520E-3
438.000000000000060E+0	996.941146917436290E-3
439.000000000000060E+0	997.163199717064910E-3
440.000000000000060E+0	992.699066837704370E-3
441.000000000000060E+0	998.557620206969590E-3
442.000000000000060E+0	997.852756416762300E-3
443.000000000000060E+0	997.802005490534220E-3
444.000000000000060E+0	997.777066226092080E-3
445.000000000000060E+0	992.917739980983540E-3
446.000000000000060E+0	997.002800779863030E-3
447.000000000000060E+0	996.775584963124130E-3
448.000000000000060E+0	997.407977257840030E-3
449.000000000000060E+0	998.038641033990200E-3
450.000000000000060E+0	997.940620796316400E-3
451.000000000000060E+0	999.022720896646120E-3
452.000000000000060E+0	998.221646438874230E-3
453.000000000000060E+0	991.294286703993440E-3
454.000000000000060E+0	982.960311955051850E-3
455.000000000000060E+0	995.790566644821130E-3
456.000000000000060E+0	997.712658508309920E-3
457.000000000000060E+0	992.405341521129690E-3
458.000000000000060E+0	988.207484184362220E-3
459.000000000000060E+0	996.515880780730830E-3
460.000000000000060E+0	997.942218241761550E-3
461.000000000000060E+0	996.034091193389810E-3
462.000000000000060E+0	994.227209451393200E-3
463.000000000000060E+0	994.433206983144410E-3
464.000000000000060E+0	996.172889582591310E-3
465.000000000000060E+0	997.442738946070050E-3
466.000000000000060E+0	996.154129801925970E-3
467.000000000000060E+0	996.995519114188710E-3
468.000000000000060E+0	996.988942226444070E-3
469.000000000000060E+0	997.319413597009930E-3
470.000000000000060E+0	998.698197154547660E-3
471.000000000000060E+0	997.905851704801390E-3
472.000000000000060E+0	995.285895613565170E-3
473.000000000000060E+0	998.249224619335740E-3
474.000000000000060E+0	998.226232341576700E-3
475.000000000000060E+0	998.573775124637070E-3
476.000000000000060E+0	999.225219490949670E-3
477.000000000000060E+0	998.795626969037790E-3
478.000000000000060E+0	995.842412096468070E-3
479.000000000000060E+0	997.939302842114960E-3
480.000000000000060E+0	998.056026532057600E-3
481.000000000000060E+0	996.777112118534810E-3
482.000000000000060E+0	993.624452986318180E-3
483.000000000000060E+0	998.751244803855910E-3
484.000000000000060E+0	998.922587441198550E-3
485.000000000000060E+0	998.361321296139530E-3
486.000000000000060E+0	998.259049485768050E-3
487.000000000000060E+0	989.485931578981900E-3
488.000000000000060E+0	997.842244061557750E-3
489.000000000000060E+0	998.103390528293890E-3
490.000000000000060E+0	996.851422999886270E-3
491.000000000000060E+0	997.184312245685160E-3
492.000000000000060E+0	998.454184354935820E-3
493.000000000000060E+0	998.900339734179350E-3
494.000000000000060E+0	999.081676159968460E-3
495.000000000000060E+0	997.248831535118560E-3
496.000000000000060E+0	994.552039951571710E-3
497.000000000000060E+0	997.310540658646100E-3
498.000000000000060E+0	998.821697070689680E-3
499.000000000000060E+0	997.605300001574320E-3
500.000000000000060E+0	994.101815057713330E-3
501.000000000000060E+0	997.381604291500580E-3
502.000000000000060E+0	999.473296793708000E-3
503.000000000000060E+0	998.831196295260960E-3
504.000000000000060E+0	993.935709646715850E-3
505.000000000000060E+0	996.215975359073580E-3
506.000000000000060E+0	997.097485376076010E-3
507.000000000000060E+0	998.839479104140060E-3
508.000000000000060E+0	999.069753193760460E-3
509.000000000000060E+0	998.558765643282280E-3
510.000000000000060E+0	994.435414096425220E-3
511.000000000000060E+0	996.851897711853780E-3
512.000000000000110E+0	988.521567554291550E-3
513.000000000000110E+0	983.080369869226640E-3
514.000000000000110E+0	995.732952119323780E-3
515.000000000000110E+0	997.135891710942410E-3
516.000000000000110E+0	996.888799427058660E-3
517.000000000000110E+0	996.917549821701330E-3
518.000000000000110E+0	996.723256695790090E-3
519.000000000000110E+0	993.791524446689170E-3
520.000000000000110E+0	998.826411662017130E-3
521.000000000000110E+0	999.300179166912830E-3
522.000000000000110E+0	999.115743408906080E-3
523.000000000000110E+0	998.477854521501510E-3
524.000000000000110E+0	998.123789946787960E-3
525.000000000000110E+0	998.910516259308490E-3
526.000000000000110E+0	998.960862187732390E-3
527.000000000000110E+0	998.732610223875830E-3
528.000000000000110E+0	998.504045266781490E-3
529.000000000000110E+0	995.191986945346500E-3
530.000000000000110E+0	998.589353667126420E-3
531.000000000000110E+0	997.827320628382860E-3
532.000000000000110E+0	994.885831752528430E-3
533.000000000000110E+0	995.485523516862040E-3
534.000000000000110E+0	970.361719496963700E-3
535.000000000000110E+0	976.384383722703310E-3
536.000000000000110E+0	993.720559788330180E-3
537.000000000000110E+0	996.667402175193890E-3
538.000000000000110E+0	996.277579650287960E-3
539.000000000000110E+0	997.833343198148980E-3
540.000000000000110E+0	997.907673797375440E-3
541.000000000000110E+0	997.184041715861390E-3
542.000000000000110E+0	986.615609557175310E-3
543.000000000000110E+0	997.659721965965530E-3
544.000000000000110E+0	998.724148189287560E-3
545.000000000000110E+0	997.780819691985290E-3
546.000000000000110E+0	997.399726151380280E-3
547.000000000000110E+0	995.843320390137790E-3
548.000000000000110E+0	996.520302583715160E-3
549.000000000000110E+0	999.123042565314260E-3
550.000000000000110E+0	997.809016189060370E-3
551.000000000000110E+0	987.303629233749260E-3
552.000000000000110E+0	994.505492917910350E-3
553.000000000000110E+0	998.285668875498300E-3
554.000000000000110E+0	998.880627543640930E-3
555.000000000000110E+0	997.089508420830990E-3
556.000000000000110E+0	997.977751346821760E-3
557.000000000000110E+0	997.644904813383300E-3
558.000000000000110E+0	998.434361221850810E-3
559.000000000000110E+0	998.197567732310500E-3
560.000000000000110E+0	996.490523056028480E-3
561.000000000000110E+0	993.368275732950830E-3
562.000000000000110E+0	999.060774374573300E-3
563.000000000000110E+0	998.665773382822700E-3
564.000000000000110E+0	998.180373093024100E-3
565.000000000000110E+0	998.235597016620120E-3
566.000000000000110E+0	996.248178436735960E-3
567.000000000000110E+0	998.568670966314520E-3
568.000000000000110E+0	998.332814563767210E-3
569.000000000000110E+0	997.080200757059500E-3
570.000000000000110E+0	990.107726892159640E-3
571.000000000000110E+0	997.674038280962350E-3
572.000000000000110E+0	999.587200434520980E-3
573.000000000000110E+0	998.355369021228900E-3
574.000000000000110E+0	992.477924908977350E-3
575.000000000000110E+0	994.312376751491090E-3
576.000000000000110E+0	995.702998423433900E-3
577.000000000000110E+0	998.865857150509130E-3
578.000000000000110E+0	998.816105106589140E-3
579.000000000000110E+0	993.300944738255140E-3
580.000000000000110E+0	992.494412196983090E-3
581.000000000000110E+0	998.059064020192730E-3
582.000000000000110E+0	998.049308603437430E-3
583.000000000000110E+0	997.528901559434740E-3
584.000000000000110E+0	997.070106694610380E-3
585.000000000000110E+0	997.214441333921560E-3
586.000000000000110E+0	998.826234923901660E-3
587.000000000000110E+0	998.926988372612400E-3
588.000000000000110E+0	998.549174376439310E-3
589.000000000000110E+0	993.319165352466560E-3
590.000000000000110E+0	998.900626365307190E-3
591.000000000000110E+0	999.340864158548950E-3
592.000000000000110E+0	999.014177177059650E-3
593.000000000000110E+0	998.341172494720210E-3
594.000000000000110E+0	998.489152449319350E-3
595.000000000000110E+0	998.676926029490540E-3
596.000000000000110E+0	999.207004671821660E-3
597.000000000000110E+0	999.104160562719670E-3
598.000000000000110E+0	997.408911016866130E-3
599.000000000000110E+0	998.406751390169430E-3
600.000000000000110E+0	998.993639247849120E-3
601.000000000000110E+0	999.129348343799960E-3
602.000000000000110E+0	995.702713532783720E-3
603.000000000000110E+0	996.599563048319650E-3
604.000000000000110E+0	999.087355810862390E-3
605.000000000000110E+0	998.837475444327440E-3
606.000000000000110E+0	998.273877025096290E-3
607.000000000000110E+0	997.833080157216060E-3
608.000000000000110E+0	990.255534983172870E-3
609.000000000000110E+0	998.721242342439860E-3
610.000000000000110E+0	998.836856125603360E-3
611.000000000000110E+0	997.643510804751780E-3
612.000000000000110E+0	997.372754547992230E-3
613.000000000000110E+0	999.345254364915500E-3
614.000000000000110E+0	999.477531130274600E-3
615.000000000000110E+0	998.819653339590660E-3
616.000000000000110E+0	997.565539443825420E-3
617.000000000000110E+0	995.742496962360060E-3
618.000000000000110E+0	998.853213684373190E-3
619.000000000000110E+0	999.545390842296770E-3
620.000000000000110E+0	999.057269952850050E-3
621.000000000000110E+0	996.401067338647640E-3
622.000000000000110E+0	999.265010231248250E-3
623.000000000000110E+0	999.145099009368880E-3
624.000000000000110E+0	998.343422899101160E-3
625.000000000000110E+0	998.141974133143430E-3
626.000000000000110E+0	996.571887859858400E-3
627.000000000000110E+0	997.715842089589300E-3
628.000000000000110E+0	999.709095598538160E-3
629.000000000000110E+0	999.391843020864260E-3
630.000000000000110E+0	998.143517132826340E-3
631.000000000000110E+0	996.972870845996170E-3
632.000000000000110E+0	999.122352317438950E-3
633.000000000000110E+0	999.007732144343020E-3
634.000000000000110E+0	994.075086050171250E-3
635.000000000000110E+0	996.029618675477010E-3
636.000000000000110E+0	993.405169954091450E-3
637.000000000000110E+0	998.301011407078390E-3
638.000000000000110E+0	999.347224051079900E-3
639.000000000000110E+0	999.190863763786850E-3
640.000000000000110E+0	989.604132780776190E-3
641.000000000000110E+0	998.081117734188500E-3
642.000000000000110E+0	998.798350166410050E-3
643.000000000000110E+0	998.432931488984380E-3
644.000000000000110E+0	997.202422921760530E-3
645.000000000000110E+0	992.877272926615430E-3
646.000000000000110E+0	997.603936795769200E-3
647.000000000000110E+0	998.481501571864100E-3
648.000000000000110E+0	998.170874730719860E-3
649.000000000000110E+0	994.913937259485070E-3
650.000000000000110E+0	990.912739784718610E-3
651.000000000000110E+0	999.186287500339780E-3
652.000000000000110E+0	999.098760450284230E-3
653.000000000000110E+0	997.267121675251000E-3
654.000000000000110E+0	998.381137609482440E-3
655.000000000000110E+0	998.014287943746580E-3
656.000000000000110E+0	998.599445906600100E-3
657.000000000000110E+0	998.057254655335230E-3
658.000000000000110E+0	997.071563740994810E-3
659.000000000000110E+0	995.218948778874070E-3
660.000000000000110E+0	998.744750522856270E-3
661.000000000000110E+0	999.023401898328720E-3
662.000000000000110E+0	998.036450219567110E-3
663.000000000000110E+0	994.158501194429170E-3
664.000000000000110E+0	998.240356810908950E-3
665.000000000000110E+0	999.440263688321620E-3
666.000000000000110E+0	999.116143636421090E-3
667.000000000000110E+0	999.020876748919370E-3
668.000000000000110E+0	992.682881249689950E-3
669.000000000000110E+0	998.393764049774420E-3
670.000000000000110E+0	999.369755690263320E-3
671.000000000000110E+0	998.204950724921210E-3
672.000000000000110E+0	992.970171043567110E-3
673.000000000000110E+0	997.013335161717530E-3
674.000000000000110E+0	999.051238892845420E-3
675.000000000000110E+0	999.526694486279400E-3
676.000000000000110E+0	998.833185512395970E-3
677.000000000000110E+0	998.238593805009790E-3
678.000000000000110E+0	997.047990497016530E-3
679.000000000000110E+0	999.064962688118060E-3
680.000000000000110E+0	999.085182041607680E-3
681.000000000000110E+0	997.031296343090620E-3
682.000000000000110E+0	993.855739282009430E-3
683.000000000000110E+0	998.299628205798210E-3
684.000000000000110E+0	997.652294162571170E-3
685.000000000000110E+0	997.328190222948720E-3
686.000000000000110E+0	997.110274284386920E-3
687.000000000000110E+0	991.491551561934580E-3
688.000000000000110E+0	998.330875858217000E-3
689.000000000000110E+0	998.232344993384650E-3
690.000000000000110E+0	996.421660834120310E-3
691.000000000000110E+0	981.993072271309160E-3
692.000000000000110E+0	993.263660018304130E-3
693.000000000000110E+0	998.387046107397040E-3
694.000000000000110E+0	997.024499983262040E-3
695.000000000000110E+0	995.136955485429460E-3
696.000000000000110E+0	994.125594469745470E-3
697.000000000000110E+0	940.477279113193900E-3
698.000000000000110E+0	994.691055119292120E-3
699.000000000000110E+0	990.556433402151270E-3
700.000000000000110E+0	969.925112692294310E-3
701.000000000000110E+0	980.041605572912750E-3
702.000000000000110E+0	985.844385545162960E-3
703.000000000000110E+0	992.610035327650020E-3
704.000000000000110E+0	989.843781840853860E-3
705.000000000000110E+0	992.189686735896250E-3
706.000000000000110E+0	772.144924553284430E-3
707.000000000000110E+0	988.997652885425070E-3
708.000000000000110E+0	993.715491274305700E-3
709.000000000000110E+0	995.183097788334800E-3
710.000000000000110E+0	984.523615579235400E-3
711.000000000000110E+0	993.147153421642720E-3
712.000000000000110E+0	994.347575478198300E-3
713.000000000000110E+0	990.991336911906330E-3
714.000000000000110E+0	984.322271418687670E-3
715.000000000000110E+0	975.770951017582490E-3
716.000000000000110E+0	987.819141998402590E-3
717.000000000000110E+0	996.309737963872450E-3
718.000000000000110E+0	995.777169009412600E-3
719.000000000000110E+0	990.577657545258730E-3
720.000000000000110E+0	995.382834370294290E-3
721.000000000000110E+0	998.411941427717050E-3
722.000000000000110E+0	997.876021745167320E-3
723.000000000000110E+0	993.472850749093080E-3
724.000000000000110E+0	992.646413775818080E-3
725.000000000000110E+0	997.792441571897950E-3
726.000000000000110E+0	998.221733848275500E-3
727.000000000000110E+0	998.148071338863300E-3
728.000000000000110E+0	997.420555547959610E-3
729.000000000000110E+0	972.506235979349150E-3
730.000000000000110E+0	998.921746393617970E-3
731.000000000000110E+0	999.121245047020820E-3
732.000000000000110E+0	997.588461259503960E-3
733.000000000000110E+0	996.631974221076520E-3
734.000000000000110E+0	994.416493073894010E-3
735.000000000000110E+0	997.984067144649710E-3
736.000000000000110E+0	998.050321995759710E-3
737.000000000000110E+0	997.665694826918470E-3
738.000000000000110E+0	990.530753685467390E-3
739.000000000000110E+0	996.013097974958520E-3
740.000000000000110E+0	998.376483079005730E-3
741.000000000000110E+0	997.301102596219960E-3
742.000000000000110E+0	993.137457057984840E-3
743.000000000000110E+0	998.767027488880020E-3
744.000000000000110E+0	998.348897696668790E-3
745.000000000000110E+0	995.659004269018990E-3
746.000000000000110E+0	998.042793989904250E-3
747.000000000000110E+0	996.397755397845590E-3
748.000000000000110E+0	995.136677451561980E-3
749.000000000000110E+0	997.875872281969830E-3
750.000000000000110E+0	998.232381767211850E-3
751.000000000000110E+0	997.193257592541960E-3
752.000000000000110E+0	993.816697096152390E-3
753.000000000000110E+0	994.579215648883850E-3
754.000000000000110E+0	997.593123861765680E-3
755.000000000000110E+0	995.844130523944600E-3
756.000000000000110E+0	996.793532203466000E-3
757.000000000000110E+0	990.477511970976780E-3
758.000000000000110E+0	996.445685321821320E-3
759.000000000000110E+0	998.665415345142080E-3
760.000000000000110E+0	998.330041510205770E-3
761.000000000000110E+0	991.513290409665070E-3
762.000000000000110E+0	994.169180180743070E-3
763.000000000000110E+0	997.114495709351510E-3
764.000000000000110E+0	994.977749522303220E-3
765.000000000000110E+0	990.528785548048020E-3
766.000000000000110E+0	989.113097377142810E-3
767.000000000000110E+0	998.288649548597530E-3
768.000000000000110E+0	998.337022375654470E-3
769.000000000000110E+0	998.749020446609630E-3
770.000000000000110E+0	996.354535853495540E-3
771.000000000000110E+0	971.958022818778520E-3
772.000000000000110E+0	988.921310844536490E-3
773.000000000000110E+0	965.100109981934300E-3
774.000000000000110E+0	939.014901277448910E-3
775.000000000000110E+0	948.626103242494860E-3
776.000000000000110E+0	980.029172469753070E-3
777.000000000000110E+0	923.053032755608900E-3
778.000000000000110E+0	964.062250936458810E-3
779.000000000000110E+0	918.264503025153720E-3
780.000000000000110E+0	907.851796712891840E-3
781.000000000000110E+0	852.356895037760460E-3
782.000000000000110E+0	984.524937574367760E-3
783.000000000000110E+0	990.504955336881100E-3
784.000000000000110E+0	987.267123229735870E-3
785.000000000000110E+0	957.232165199235600E-3
786.000000000000110E+0	784.403331732540400E-3
787.000000000000110E+0	795.702773401792180E-3
788.000000000000110E+0	958.450274546069570E-3
789.000000000000110E+0	962.756828483681380E-3
790.000000000000110E+0	990.111852252354320E-3
791.000000000000110E+0	993.869533593848660E-3
792.000000000000110E+0	985.397036968091330E-3
793.000000000000110E+0	990.866941531255100E-3
794.000000000000110E+0	993.082002442649440E-3
795.000000000000110E+0	976.664867619866040E-3
796.000000000000110E+0	962.613280644258660E-3
797.000000000000110E+0	977.496953409813800E-3
798.000000000000110E+0	955.850214397431900E-3
799.000000000000110E+0	986.613987250166690E-3
800.000000000000110E+0	996.876527330399000E-3
801.000000000000110E+0	998.642414055684210E-3
802.000000000000110E+0	996.640607401768070E-3
803.000000000000110E+0	984.410027287721640E-3
804.000000000000110E+0	990.206015743575140E-3
805.000000000000110E+0	996.575960484832210E-3
806.000000000000110E+0	997.542307093259750E-3
807.000000000000110E+0	995.470219845000610E-3
808.000000000000110E+0	933.376851373155510E-3
809.000000000000110E+0	997.147532484928270E-3
810.000000000000110E+0	999.120415966464840E-3
811.000000000000110E+0	998.435149508388630E-3
812.000000000000110E+0	987.624712397434430E-3
813.000000000000110E+0	993.100441772883590E-3
814.000000000000110E+0	997.956097824101330E-3
815.000000000000110E+0	995.606238984457550E-3
816.000000000000110E+0	994.814716486830950E-3
817.000000000000110E+0	993.275632331544590E-3
818.000000000000110E+0	981.764219986505540E-3
819.000000000000110E+0	996.164160837054060E-3
820.000000000000110E+0	997.197620355258270E-3
821.000000000000110E+0	975.580656371280440E-3
822.000000000000110E+0	989.470587244437930E-3
823.000000000000110E+0	997.250806175609350E-3
824.000000000000110E+0	995.058062445825510E-3
825.000000000000110E+0	994.721020149200720E-3
826.000000000000110E+0	992.554381650365250E-3
827.000000000000110E+0	990.667100870868180E-3
828.000000000000110E+0	994.895378644140900E-3
829.000000000000110E+0	997.202190645897320E-3
830.000000000000110E+0	995.068959522316890E-3
831.000000000000110E+0	960.050450529185920E-3
832.000000000000110E+0	996.646327515180340E-3
833.000000000000110E+0	997.455797017764770E-3
834.000000000000110E+0	993.946700870820600E-3
835.000000000000110E+0	994.905268824111230E-3
836.000000000000110E+0	992.523419065409750E-3
837.000000000000110E+0	995.047806377366780E-3
838.000000000000110E+0	998.338016553523830E-3
839.000000000000110E+0	996.909749999431600E-3
840.000000000000110E+0	988.666965598622100E-3
841.000000000000110E+0	996.786725923800690E-3
842.000000000000110E+0	998.264330970503380E-3
843.000000000000110E+0	998.038385597903250E-3
844.000000000000110E+0	995.997675101331300E-3
845.000000000000110E+0	993.696542815882040E-3
846.000000000000110E+0	997.323426352711760E-3
847.000000000000110E+0	997.136110994118360E-3
848.000000000000110E+0	997.269942597397870E-3
849.000000000000110E+0	994.387528899302600E-3
850.000000000000110E+0	967.481038192306240E-3
851.000000000000110E+0	997.817127289856390E-3
852.000000000000110E+0	996.604163469504420E-3
853.000000000000110E+0	989.651595664967300E-3
854.000000000000110E+0	992.702958674106520E-3
855.000000000000110E+0	992.213247527595100E-3
856.000000000000110E+0	996.526799722368790E-3
857.000000000000110E+0	997.080001340294060E-3
858.000000000000110E+0	996.006649347317640E-3
859.000000000000110E+0	992.155912598413850E-3
860.000000000000110E+0	995.436063680783860E-3
861.000000000000110E+0	998.189580735522660E-3
862.000000000000110E+0	993.817426763977550E-3
863.000000000000110E+0	965.762956041060660E-3
864.000000000000110E+0	991.773771848849630E-3
865.000000000000110E+0	994.982045480798830E-3
866.000000000000110E+0	991.161231614239190E-3
867.000000000000110E+0	996.984853396493230E-3
868.000000000000110E+0	992.639726429004780E-3
869.000000000000110E+0	991.151079837165220E-3
870.000000000000110E+0	998.495943678075930E-3
871.000000000000110E+0	997.883733169022790E-3
872.000000000000110E+0	993.880475800742350E-3
873.000000000000110E+0	979.321145070675470E-3
874.000000000000110E+0	997.032960443011040E-3
875.000000000000110E+0	998.930819014634540E-3
876.000000000000110E+0	996.610522853198290E-3
877.000000000000110E+0	996.390131032248720E-3
878.000000000000110E+0	990.690452003451740E-3
879.000000000000110E+0	996.142490321305750E-3
880.000000000000110E+0	998.335628894695740E-3
881.000000000000110E+0	996.618843645762140E-3
882.000000000000110E+0	980.964007503934530E-3
883.000000000000110E+0	995.308099846603840E-3
884.000000000000110E+0	997.363928911143890E-3
885.000000000000110E+0	997.246467700859670E-3
886.000000000000110E+0	995.632832028473640E-3
887.000000000000110E+0	988.446932972135480E-3
888.000000000000110E+0	995.009838359721010E-3
889.000000000000110E+0	998.384005675417630E-3
890.000000000000110E+0	997.611460062078130E-3
891.000000000000110E+0	988.188024338319090E-3
892.000000000000110E+0	993.178547142992580E-3
893.000000000000110E+0	998.920595548751010E-3
894.000000000000110E+0	998.129386480066220E-3
895.000000000000110E+0	993.915485202992440E-3
896.000000000000110E+0	992.568853027096960E-3
897.000000000000110E+0	979.090555018000130E-3
898.000000000000110E+0	997.557580807816310E-3
899.000000000000110E+0	998.237364697138080E-3
900.000000000000110E+0	992.640206298817550E-3
901.000000000000110E+0	984.330831753416620E-3
902.000000000000110E+0	996.411583271996640E-3
903.000000000000110E+0	997.628417419068380E-3
904.000000000000110E+0	996.440721841821090E-3
905.000000000000110E+0	965.649103254440640E-3
906.000000000000110E+0	979.779674764367780E-3
907.000000000000110E+0	996.903426484444740E-3
908.000000000000110E+0	998.752687849931320E-3
909.000000000000110E+0	997.666737980946400E-3
910.000000000000110E+0	977.660236469920400E-3
911.000000000000110E+0	992.333430797422870E-3
912.000000000000110E+0	996.923849614554940E-3
913.000000000000110E+0	988.668304693825720E-3
914.000000000000110E+0	952.201249474713740E-3
915.000000000000110E+0	989.859731594008080E-3
916.000000000000110E+0	996.045570392178560E-3
917.000000000000110E+0	994.623446580105600E-3
918.000000000000110E+0	988.901590605894000E-3
919.000000000000110E+0	994.638899772358200E-3
920.000000000000110E+0	988.909998008702830E-3
921.000000000000110E+0	996.389600019387920E-3
922.000000000000110E+0	994.725107695725530E-3
923.000000000000110E+0	939.246022720466980E-3
924.000000000000110E+0	977.896562605153120E-3
925.000000000000110E+0	992.280801007825670E-3
926.000000000000110E+0	995.167170120239140E-3
927.000000000000110E+0	998.048180254261010E-3
928.000000000000110E+0	996.749178274106920E-3
929.000000000000110E+0	973.582182431383390E-3
930.000000000000110E+0	978.437492239791260E-3
931.000000000000110E+0	994.885941442569810E-3
932.000000000000110E+0	993.312817180189710E-3
933.000000000000110E+0	983.495304010715610E-3
934.000000000000110E+0	994.344693226029470E-3
935.000000000000110E+0	996.725215695301150E-3
936.000000000000110E+0	997.052178299632000E-3
937.000000000000110E+0	992.803647603414110E-3
938.000000000000110E+0	991.329937251171360E-3
939.000000000000110E+0	986.675179627658050E-3
940.000000000000110E+0	998.855166325847480E-3
941.000000000000110E+0	996.769483614200590E-3
942.000000000000110E+0	963.129834545670800E-3
943.000000000000110E+0	996.112385311265340E-3
944.000000000000110E+0	997.563796090178420E-3
945.000000000000110E+0	995.247461014344910E-3
946.000000000000110E+0	989.686033315113510E-3
947.000000000000110E+0	987.704746400490770E-3
948.000000000000110E+0	921.759512461858610E-3
949.000000000000110E+0	985.806468429293980E-3
950.000000000000110E+0	990.678243712067140E-3
951.000000000000110E+0	988.802337711933270E-3
952.000000000000110E+0	944.076776597985610E-3
953.000000000000110E+0	973.111910521935350E-3
954.000000000000110E+0	965.003773365051160E-3
955.000000000000110E+0	985.488755366607070E-3
956.000000000000110E+0	981.133634336090240E-3
957.000000000000110E+0	951.219706992467270E-3
958.000000000000110E+0	987.136218715031430E-3
959.000000000000110E+0	972.975757369479390E-3
960.000000000000110E+0	735.692510095537380E-3
961.000000000000110E+0	967.008889714014770E-3
962.000000000000110E+0	978.410141224638430E-3
963.000000000000110E+0	947.161485396647460E-3
964.000000000000110E+0	848.873442247937260E-3
965.000000000000110E+0	987.294808127213820E-3
966.000000000000110E+0	979.190896085756820E-3
967.000000000000110E+0	917.563229455610970E-3
968.000000000000110E+0	959.737885370045340E-3
969.000000000000110E+0	960.460585920751010E-3
970.000000000000110E+0	966.421634421084530E-3
971.000000000000110E+0	964.618145472755150E-3
972.000000000000110E+0	926.498315988834590E-3
973.000000000000110E+0	955.343438207403310E-3
974.000000000000110E+0	973.453051895081800E-3
975.000000000000110E+0	981.916317871196820E-3
976.000000000000110E+0	899.519492730051380E-3
977.000000000000110E+0	983.685049205091250E-3
978.000000000000110E+0	996.880887360289680E-3
979.000000000000110E+0	989.289168752916610E-3
980.000000000000110E+0	932.513342191652490E-3
981.000000000000110E+0	991.722244320643710E-3
982.000000000000110E+0	997.531648179779130E-3
983.000000000000110E+0	995.560023437569000E-3
984.000000000000110E+0	659.582731648607810E-3
985.000000000000110E+0	980.952455433057310E-3
986.000000000000110E+0	990.252701451942000E-3
987.000000000000110E+0	992.658587965326470E-3
988.000000000000110E+0	995.984782800670380E-3
989.000000000000110E+0	969.360226878457800E-3
990.000000000000110E+0	971.929811416522570E-3
991.000000000000110E+0	994.739585860569760E-3
992.000000000000110E+0	994.330544365444660E-3
993.000000000000110E+0	988.857030799868090E-3
994.000000000000110E+0	975.198502860787020E-3
995.000000000000110E+0	991.144040571216630E-3
996.000000000000110E+0	990.135948729486070E-3
997.000000000000110E+0	964.262555624141540E-3
998.000000000000110E+0	965.096656967593060E-3
999.000000000000110E+0	967.943161249867010E-3
1.000000000000000E+3	995.848827748900820E-3
