Freq (Hz)	accelerometre /source
source
source_Real	accelerometre /source
source
source_Imag
10.000000000000018E+0	-61.675437290847047E-3	-117.284482772428440E-3
11.000000000000020E+0	-4.199430405912072E-3	-64.546802479889961E-3
12.000000000000021E+0	59.836419925533200E-3	12.536118871239897E-3
13.000000000000023E+0	-11.454786938753922E-3	65.414257226504222E-3
14.000000000000025E+0	-67.385607805100320E-3	17.280084047470737E-3
15.000000000000027E+0	-24.704304728040218E-3	-22.836920404389290E-3
16.000000000000028E+0	-11.152011513247618E-3	-11.493217693547268E-3
17.000000000000028E+0	-25.024151574449923E-3	40.767648159033158E-3
18.000000000000028E+0	-50.472951571369135E-3	25.861860815395106E-3
19.000000000000028E+0	-75.060062479997608E-3	-6.434795233894039E-3
20.000000000000028E+0	-51.765429079156343E-3	55.631807490652718E-3
21.000000000000028E+0	-70.897328993872522E-3	53.242732852210373E-3
22.000000000000028E+0	-90.090340032450048E-3	68.364465980220432E-3
23.000000000000028E+0	-88.200385984256266E-3	113.453160501447890E-3
24.000000000000028E+0	-90.444512299279092E-3	150.286981973075740E-3
25.000000000000028E+0	-87.700987807720870E-3	230.928443269183160E-3
26.000000000000028E+0	16.956099777610294E-3	305.390885508479480E-3
27.000000000000028E+0	112.997084179499150E-3	268.967810173905140E-3
28.000000000000028E+0	214.123227483031920E-3	279.257442450584200E-3
29.000000000000028E+0	278.539313228522540E-3	105.091638913431120E-3
30.000000000000028E+0	244.079567511598150E-3	701.841455632841600E-6
31.000000000000028E+0	220.941113966900750E-3	-52.439451400483908E-3
32.000000000000028E+0	148.500731664256400E-3	-35.143456784421094E-3
33.000000000000028E+0	136.603074345987540E-3	-18.276082884441783E-3
34.000000000000028E+0	104.847260000954980E-3	-8.248713418563527E-3
35.000000000000028E+0	36.959896285675371E-3	8.163848552891276E-3
36.000000000000028E+0	40.850329894785514E-3	69.337251525526375E-3
37.000000000000028E+0	114.631043084834340E-3	98.303414595479463E-3
38.000000000000028E+0	204.276149706290600E-3	5.843910840490203E-3
39.000000000000028E+0	132.845285229569590E-3	-92.666274562874393E-3
40.000000000000028E+0	174.397678707827380E-3	2.613389213206318E-3
41.000000000000028E+0	192.335564097884690E-3	964.245256461241750E-6
42.000000000000028E+0	199.482831081828320E-3	13.634782488103764E-3
43.000000000000028E+0	263.330901653774100E-3	-18.878404708169452E-3
44.000000000000028E+0	295.239751246823560E-3	-74.591218515142013E-3
45.000000000000028E+0	252.820467855548180E-3	-101.528071802732670E-3
46.000000000000028E+0	208.151777948170970E-3	-122.661407862655530E-3
47.000000000000028E+0	170.636431935767520E-3	-108.205129826738110E-3
48.000000000000028E+0	159.760451793940580E-3	-77.683769888825638E-3
49.000000000000028E+0	152.513381635199950E-3	-91.503947838899577E-3
50.000000000000028E+0	144.123141600584260E-3	-131.839178236664410E-3
51.000000000000028E+0	142.214299913337260E-3	-135.780430460526820E-3
52.000000000000028E+0	106.817985979969710E-3	-132.329318054745820E-3
53.000000000000028E+0	98.471439538391103E-3	-131.139423949925870E-3
54.000000000000028E+0	100.480607649044370E-3	-146.820341456985160E-3
55.000000000000028E+0	108.907376991343120E-3	-142.330896076322430E-3
56.000000000000028E+0	106.771848691996820E-3	-149.210832002932670E-3
57.000000000000028E+0	124.481438061844100E-3	-166.554294186156470E-3
58.000000000000028E+0	170.721437392210430E-3	-154.506281560363000E-3
59.000000000000028E+0	130.713467571672960E-3	-169.024955251915380E-3
60.000000000000028E+0	112.424355635111260E-3	-208.242338475837840E-3
61.000000000000028E+0	83.202250664023647E-3	-246.496585135517120E-3
62.000000000000028E+0	65.736461393901102E-3	-289.187591610550520E-3
63.000000000000028E+0	39.200719964748977E-3	-285.625429854409860E-3
64.000000000000028E+0	-15.692203299301467E-3	-299.445003771162730E-3
65.000000000000028E+0	-66.600254558936117E-3	-302.244109783205930E-3
66.000000000000028E+0	-101.642853179021390E-3	-259.779082684837680E-3
67.000000000000028E+0	-134.567176689707140E-3	-141.781635226488100E-3
68.000000000000028E+0	-264.074897605379500E-3	-134.873134983437500E-3
69.000000000000028E+0	-197.274078718214150E-3	-111.026940119051110E-3
70.000000000000028E+0	-120.750151872864990E-3	-101.271099332182330E-3
71.000000000000028E+0	10.511808944393368E-3	-134.618015585903530E-3
72.000000000000028E+0	38.399092438555313E-3	31.383093002889745E-3
73.000000000000028E+0	-25.149700074811869E-3	-35.066000640834011E-3
74.000000000000028E+0	-35.486877587532328E-3	-93.995725855938281E-3
75.000000000000028E+0	-45.642660465810274E-3	-83.017859449404235E-3
76.000000000000028E+0	-85.209596367402052E-3	-76.535152431188205E-3
77.000000000000028E+0	-51.564104731279828E-3	-124.791145861071100E-3
78.000000000000028E+0	-57.821191995560406E-3	-72.193057607738448E-3
79.000000000000028E+0	-96.255471189233208E-3	-71.554386431817579E-3
80.000000000000028E+0	-120.121379851828940E-3	-79.214475503972259E-3
81.000000000000028E+0	-108.381649692701740E-3	-57.349072926130618E-3
82.000000000000028E+0	-128.259347479871890E-3	-39.444172025866156E-3
83.000000000000028E+0	-141.723995641666570E-3	-24.809013839154369E-3
84.000000000000028E+0	-158.255264097205250E-3	5.558244222878696E-3
85.000000000000028E+0	-154.639939624363950E-3	16.826809157197174E-3
86.000000000000028E+0	-131.657766729819270E-3	16.660777597084245E-3
87.000000000000028E+0	-11.586954630634604E-3	62.528694689748421E-3
88.000000000000028E+0	-24.308126910021481E-3	144.325525159038900E-3
89.000000000000028E+0	-5.479578225662664E-3	179.301698757749650E-3
90.000000000000028E+0	-40.082690853940915E-3	246.423529479001450E-3
91.000000000000028E+0	113.136968981618320E-3	175.635346861473060E-3
92.000000000000028E+0	152.749499058543010E-3	157.500318524926080E-3
93.000000000000028E+0	206.034927068967280E-3	124.104976813381170E-3
94.000000000000028E+0	255.443401925895150E-3	77.415264461146452E-3
95.000000000000028E+0	249.892105887892430E-3	11.221017481051178E-3
96.000000000000028E+0	325.147285340358800E-3	-132.582234461554570E-3
97.000000000000028E+0	301.430981719802090E-3	-162.024778625157540E-3
98.000000000000028E+0	224.282474604958930E-3	-202.423701698032370E-3
99.000000000000028E+0	157.417155125410800E-3	-178.907370123246590E-3
100.000000000000030E+0	-153.588584265315300E-3	-512.317129573124360E-3
101.000000000000030E+0	111.532092046088810E-3	-363.575987082097600E-3
102.000000000000030E+0	71.837000170897475E-3	-258.704878692316120E-3
103.000000000000030E+0	-168.750743174758830E-3	-166.352812796373370E-3
104.000000000000030E+0	-36.696743332507498E-3	-355.877707532961660E-3
105.000000000000030E+0	-3.400376705608763E-3	-209.192426819323570E-3
106.000000000000030E+0	-69.299964786620830E-3	-247.333750375695830E-3
107.000000000000030E+0	-29.697717662645430E-3	-212.714277740963800E-3
108.000000000000030E+0	-4.504037775029395E-3	-202.478141346264020E-3
109.000000000000030E+0	161.356282506185970E-3	32.762329136312031E-3
110.000000000000030E+0	-88.376667058960315E-3	-155.224147901468160E-3
111.000000000000030E+0	-29.459105585368097E-3	-180.443086993121030E-3
112.000000000000030E+0	14.226886242386097E-3	-188.717108066290990E-3
113.000000000000030E+0	42.688505972681624E-3	-230.959454763798730E-3
114.000000000000030E+0	94.793550655730960E-3	-186.430912634386130E-3
115.000000000000030E+0	61.120013995819636E-3	-204.261305050758680E-3
116.000000000000030E+0	63.513056221495695E-3	-225.161004859939090E-3
117.000000000000030E+0	14.408086013995921E-3	-253.088592717613470E-3
118.000000000000030E+0	-33.890436955477311E-3	-320.790316062276310E-3
119.000000000000030E+0	259.847154181301780E-3	-374.230105224102050E-3
120.000000000000030E+0	24.146321174391604E-3	-327.196455712982060E-3
121.000000000000030E+0	-43.137205294974508E-3	-365.743011180058920E-3
122.000000000000030E+0	-114.563058406379910E-3	-483.915535226069230E-3
123.000000000000030E+0	-142.027392376511800E-3	-440.004535133049100E-3
124.000000000000030E+0	-214.616752678869730E-3	-516.241694360931480E-3
125.000000000000030E+0	-196.002857746461370E-3	-430.496838691012630E-3
126.000000000000030E+0	-287.448350207957450E-3	-364.362928561940250E-3
127.000000000000030E+0	-303.832713816409690E-3	-289.460100951062170E-3
128.000000000000030E+0	-333.000994415430130E-3	-91.888579915474000E-3
129.000000000000030E+0	-361.544173775797950E-3	-174.502301948737480E-3
130.000000000000030E+0	-283.391931495573120E-3	-134.849096098473450E-3
131.000000000000030E+0	-225.887973567422100E-3	-123.878381193363990E-3
132.000000000000030E+0	-130.821599393882910E-3	-99.565583233143656E-3
133.000000000000030E+0	-195.308077571837210E-3	-109.879175054389140E-3
134.000000000000030E+0	-184.879527178940990E-3	-162.370194711740520E-3
135.000000000000030E+0	-176.365560209496260E-3	-193.558801429254380E-3
136.000000000000030E+0	-187.239346989577450E-3	-215.136993437858110E-3
137.000000000000030E+0	-250.181558796907290E-3	-241.758114497598150E-3
138.000000000000030E+0	-123.618452308606810E-3	-254.819803374119410E-3
139.000000000000030E+0	-187.881913945818770E-3	-225.000261586815880E-3
140.000000000000030E+0	-219.473448104465980E-3	-227.342225583471200E-3
141.000000000000030E+0	-202.179015857798160E-3	-230.907179734002100E-3
142.000000000000030E+0	-215.077873617078390E-3	-169.434612347735770E-3
143.000000000000030E+0	-282.387151394291940E-3	-167.052447954643800E-3
144.000000000000030E+0	-318.575774317062910E-3	-163.604141470266640E-3
145.000000000000030E+0	-357.544079467686350E-3	-169.729888509556250E-3
146.000000000000030E+0	-360.182415080279650E-3	-201.525199373502610E-3
147.000000000000030E+0	-381.931933162604150E-3	-187.969097779396630E-3
148.000000000000030E+0	-358.006782495389530E-3	-203.171049532821610E-3
149.000000000000030E+0	-340.450890235179600E-3	-178.760546282207860E-3
150.000000000000030E+0	-290.505617843951350E-3	-169.140187995392430E-3
151.000000000000030E+0	-271.126566175920070E-3	-15.420249285578964E-3
152.000000000000030E+0	-366.356359724410830E-3	-48.326813224266907E-3
153.000000000000030E+0	-347.610398967329090E-3	-52.778315123717882E-3
154.000000000000030E+0	-384.569650197910730E-3	-57.217087976796088E-3
155.000000000000030E+0	-401.856462917823680E-3	-84.456678966728080E-3
156.000000000000030E+0	-447.902512935892670E-3	-143.121335402679630E-3
157.000000000000030E+0	-392.397620929497310E-3	-141.661481283362420E-3
158.000000000000030E+0	-381.873757538270410E-3	-129.088620504432340E-3
159.000000000000030E+0	-384.580618694270290E-3	-118.077109151746050E-3
160.000000000000030E+0	-409.559673131013380E-3	-154.470382606730990E-3
161.000000000000030E+0	-314.949524441421440E-3	-75.144033115080694E-3
162.000000000000030E+0	-363.190106753071670E-3	-29.269100743799452E-3
163.000000000000030E+0	-374.290146182220170E-3	10.370471634273615E-3
164.000000000000030E+0	-471.810065871288820E-3	22.141410015770063E-3
165.000000000000030E+0	-477.777323325983440E-3	9.991676202619440E-3
166.000000000000030E+0	-569.911612352541620E-3	-26.352150676365208E-3
167.000000000000030E+0	-529.050731695893120E-3	-40.689232755119521E-3
168.000000000000030E+0	-566.221526276213030E-3	10.540630245529564E-3
169.000000000000030E+0	-706.093308235250290E-3	45.725748079931468E-3
170.000000000000030E+0	-584.119585883737140E-3	-132.891703628195190E-3
171.000000000000030E+0	-569.537128178545740E-3	11.472917375922456E-3
172.000000000000030E+0	-597.398633118345730E-3	109.471766885000170E-3
173.000000000000030E+0	-579.583366944327770E-3	240.255423837452160E-3
174.000000000000030E+0	-640.448291456656270E-3	431.048868433189350E-3
175.000000000000030E+0	-809.953173821119750E-3	510.908623637409300E-3
176.000000000000030E+0	-761.010650312678340E-3	385.160906072540830E-3
177.000000000000030E+0	-691.966067150814770E-3	457.704459161646150E-3
178.000000000000030E+0	-652.762136316931140E-3	401.836069018782550E-3
179.000000000000030E+0	-379.470744074289770E-3	344.098473892822890E-3
180.000000000000030E+0	-511.513054012934120E-3	519.097675872387200E-3
181.000000000000030E+0	-424.473851339779000E-3	468.924879620079950E-3
182.000000000000030E+0	-335.925019914437350E-3	537.458249154490250E-3
183.000000000000030E+0	-402.514926502897610E-3	641.689576555097060E-3
184.000000000000030E+0	-313.791229512710050E-3	755.860216415049080E-3
185.000000000000030E+0	-561.861350646404520E-3	812.473492278707350E-3
186.000000000000030E+0	-560.971052754874130E-3	754.972416670936840E-3
187.000000000000030E+0	-457.599538892525360E-3	776.963916335785320E-3
188.000000000000030E+0	-393.545696197630910E-3	806.181421325804500E-3
189.000000000000030E+0	-132.556759807011980E-3	727.716650976233610E-3
190.000000000000030E+0	-57.985611787002310E-3	852.261898733184030E-3
191.000000000000030E+0	39.664823137843724E-3	762.609394254049940E-3
192.000000000000030E+0	329.293306493866400E-3	633.540035002933430E-3
193.000000000000030E+0	359.741982935857130E-3	783.040255563161040E-3
194.000000000000030E+0	184.627697926325500E-3	603.814415186635370E-3
195.000000000000030E+0	190.185029969017570E-3	434.697397160741180E-3
196.000000000000030E+0	232.202651006830100E-3	385.689099991084640E-3
197.000000000000030E+0	242.384740034787800E-3	403.577488393066560E-3
198.000000000000030E+0	186.171241281855190E-3	399.761434185285200E-3
199.000000000000030E+0	153.303360944531010E-3	433.834322879571910E-3
200.000000000000030E+0	124.340089510343090E-3	481.055361233405310E-3
201.000000000000030E+0	-3.069737283611743E-3	467.871120186737040E-3
202.000000000000030E+0	110.929527545744630E-3	349.675136167492910E-3
203.000000000000030E+0	239.916724086821800E-3	431.920560289027420E-3
204.000000000000030E+0	249.158760187593360E-3	407.276506289496630E-3
205.000000000000030E+0	372.982385567499020E-3	341.639987797555060E-3
206.000000000000030E+0	408.879020329725280E-3	353.996853858235150E-3
207.000000000000030E+0	412.648513725523020E-3	67.501164987558898E-3
208.000000000000030E+0	729.086446468633410E-3	181.388644125930390E-3
209.000000000000030E+0	475.159295136570010E-3	153.934540509908290E-3
210.000000000000030E+0	290.289233495091840E-3	31.738180495060130E-3
211.000000000000030E+0	268.906941119096910E-3	-163.083836720472080E-3
212.000000000000030E+0	285.599268873105720E-3	935.331416249721400E-6
213.000000000000030E+0	164.502619081386660E-3	16.514644887670033E-3
214.000000000000030E+0	104.231467571595890E-3	18.551877136593699E-3
215.000000000000030E+0	1.339079217821288E-3	25.817293209289275E-3
216.000000000000030E+0	-25.732177415940426E-3	-20.427770793989049E-3
217.000000000000030E+0	84.697784690638461E-3	-94.448465272296112E-3
218.000000000000030E+0	98.109711926297263E-3	40.979368888473783E-3
219.000000000000030E+0	52.388947482243271E-3	146.418848864712350E-3
220.000000000000030E+0	-55.292587306464282E-3	175.098225942907830E-3
221.000000000000030E+0	-100.640666769160160E-3	123.203493043702870E-3
222.000000000000030E+0	-25.315359888305085E-3	103.832299243097390E-3
223.000000000000030E+0	-7.700946346158049E-3	155.601221426324130E-3
224.000000000000030E+0	3.334137465464399E-3	138.547055716480990E-3
225.000000000000030E+0	39.572860389943690E-3	190.972762299712630E-3
226.000000000000030E+0	-38.772046211393039E-3	218.673713735712290E-3
227.000000000000030E+0	46.389680480176429E-3	102.233807264286380E-3
228.000000000000030E+0	46.140711001462102E-3	154.520809602203070E-3
229.000000000000030E+0	35.210545519244588E-3	170.247470057099310E-3
230.000000000000030E+0	64.020006785682607E-3	179.107756189065690E-3
231.000000000000030E+0	52.185817820717836E-3	270.220876322464720E-3
232.000000000000030E+0	-15.443682812615272E-3	300.849499461329000E-3
233.000000000000030E+0	-86.210826037352917E-3	252.281992417918210E-3
234.000000000000030E+0	-42.337428096227585E-3	157.131104482926780E-3
235.000000000000030E+0	-13.506753875252353E-3	108.164763795266360E-3
236.000000000000030E+0	94.654603946574309E-3	178.329413387025430E-3
237.000000000000030E+0	68.198652113784078E-3	227.124788461452730E-3
238.000000000000030E+0	82.289122275223239E-3	201.765515844402030E-3
239.000000000000030E+0	113.727657938491710E-3	211.492377393393600E-3
240.000000000000030E+0	59.989542974489947E-3	167.272241195748910E-3
241.000000000000030E+0	115.493487011317420E-3	134.881288377030090E-3
242.000000000000030E+0	128.646766634883030E-3	138.287967574060840E-3
243.000000000000030E+0	132.095770219946450E-3	143.730073979421750E-3
244.000000000000030E+0	153.378937491906450E-3	138.844451048395240E-3
245.000000000000030E+0	177.882398937512760E-3	149.327763552716460E-3
246.000000000000030E+0	171.039476717620790E-3	130.429093162280800E-3
247.000000000000030E+0	193.671488235329060E-3	129.256042797822800E-3
248.000000000000030E+0	208.095784893550160E-3	185.940271649536860E-3
249.000000000000030E+0	98.589639006273530E-3	333.653808220276180E-3
250.000000000000030E+0	-71.945540457599419E-3	90.328973676330040E-3
251.000000000000030E+0	-29.065146655271969E-3	13.683620684923013E-3
252.000000000000030E+0	-52.309697473043475E-3	-64.084870774282529E-3
253.000000000000030E+0	16.808377201535531E-3	-146.005557371119140E-3
254.000000000000030E+0	49.920924065467186E-3	-179.127711448947930E-3
255.000000000000030E+0	133.275823924232680E-3	-167.209392089507000E-3
256.000000000000060E+0	144.087439664067730E-3	-17.154147228110081E-3
257.000000000000060E+0	32.976984642857809E-3	10.934947124014967E-3
258.000000000000060E+0	140.503786936530260E-3	3.537765587395129E-3
259.000000000000060E+0	-141.727570520495840E-3	351.867656415985830E-3
260.000000000000060E+0	-182.890335908481390E-3	265.635451876884200E-3
261.000000000000060E+0	-278.682585017073710E-3	309.086012258202700E-3
262.000000000000060E+0	-288.010348768354410E-3	234.814362873462630E-3
263.000000000000060E+0	-257.933302806497680E-3	201.584937572963390E-3
264.000000000000060E+0	-118.696832532820140E-3	197.009959096697830E-3
265.000000000000060E+0	-29.733269707246341E-3	279.695620969649170E-3
266.000000000000060E+0	14.339989452113176E-3	384.828508729176790E-3
267.000000000000060E+0	13.007657850419853E-3	447.836900194164330E-3
268.000000000000060E+0	108.278534105462250E-3	553.236375749966200E-3
269.000000000000060E+0	57.834680121523263E-3	576.225480443086630E-3
270.000000000000060E+0	132.994752089838570E-3	547.990328988862680E-3
271.000000000000060E+0	154.499092444288720E-3	617.715442815575110E-3
272.000000000000060E+0	106.424609226140580E-3	387.249319464662010E-3
273.000000000000060E+0	229.271913936020200E-3	309.517085206621020E-3
274.000000000000060E+0	317.425672701852510E-3	321.212202473606540E-3
275.000000000000060E+0	289.757935704851750E-3	361.078718567253100E-3
276.000000000000060E+0	243.244783417400660E-3	330.626520348250350E-3
277.000000000000060E+0	165.494588791948870E-3	282.286661229745270E-3
278.000000000000060E+0	313.599963824304330E-3	235.123103776321650E-3
279.000000000000060E+0	332.293207160495320E-3	312.841187473001330E-3
280.000000000000060E+0	259.349357029750930E-3	365.955967775209780E-3
281.000000000000060E+0	195.327026154560820E-3	305.729247302289670E-3
282.000000000000060E+0	297.648418726146280E-3	200.040787385740600E-3
283.000000000000060E+0	351.071071708581040E-3	249.473689390122520E-3
284.000000000000060E+0	373.054318685358880E-3	300.513394034501280E-3
285.000000000000060E+0	315.273728529589290E-3	258.617136744439810E-3
286.000000000000060E+0	328.668398441518910E-3	227.016478652531110E-3
287.000000000000060E+0	319.523863790562360E-3	178.766319237779550E-3
288.000000000000060E+0	340.922344034821860E-3	175.672129455735710E-3
289.000000000000060E+0	335.730984635856600E-3	150.433356288814570E-3
290.000000000000060E+0	338.900839644156790E-3	111.597424456706380E-3
291.000000000000060E+0	347.592432209892330E-3	123.598215552752600E-3
292.000000000000060E+0	330.944182133103560E-3	88.207805696383798E-3
293.000000000000060E+0	362.656950405029320E-3	95.983905106854589E-3
294.000000000000060E+0	320.060466086161010E-3	144.897556852306760E-3
295.000000000000060E+0	242.341478500847000E-3	137.388644733580400E-3
296.000000000000060E+0	182.375903637604560E-3	101.626784715599620E-3
297.000000000000060E+0	204.280238096199830E-3	38.400489201358461E-3
298.000000000000060E+0	258.734446917123610E-3	104.549125510658550E-3
299.000000000000060E+0	248.982130153947570E-3	171.911095139282710E-3
300.000000000000060E+0	182.917784382349570E-3	234.927902335340030E-3
301.000000000000060E+0	283.490900992228290E-3	110.435316395602140E-3
302.000000000000060E+0	394.953417527400040E-3	158.618894753358520E-3
303.000000000000060E+0	453.846366589624680E-3	240.300350171150620E-3
304.000000000000060E+0	363.878624863141710E-3	136.565194371961520E-3
305.000000000000060E+0	410.450975723250790E-3	81.514749823314858E-3
306.000000000000060E+0	386.590777365361070E-3	124.842841104879410E-3
307.000000000000060E+0	349.151243798212720E-3	82.401141364772446E-3
308.000000000000060E+0	332.798647740510050E-3	57.773301024015261E-3
309.000000000000060E+0	332.345559068210780E-3	40.654218131831683E-3
310.000000000000060E+0	338.552758021684330E-3	58.723871364747361E-3
311.000000000000060E+0	325.280812660666720E-3	50.935921883397697E-3
312.000000000000060E+0	328.502836679824940E-3	31.633102805558228E-3
313.000000000000060E+0	347.713281263880460E-3	26.282602824733940E-3
314.000000000000060E+0	335.617034298572200E-3	39.531584096479735E-3
315.000000000000060E+0	336.322774605076370E-3	33.662952516652883E-3
316.000000000000060E+0	327.423404479758320E-3	34.588380972733222E-3
317.000000000000060E+0	330.441264989008280E-3	15.088297881842513E-3
318.000000000000060E+0	337.556908242472640E-3	18.486034283780178E-3
319.000000000000060E+0	310.622495619759300E-3	47.130150072089781E-3
320.000000000000060E+0	311.358260698287150E-3	13.711858946749809E-3
321.000000000000060E+0	316.438489677426830E-3	16.442477302473495E-3
322.000000000000060E+0	308.421315467881100E-3	11.957999366615471E-3
323.000000000000060E+0	326.026771149096780E-3	19.557485929775128E-3
324.000000000000060E+0	300.264944373848210E-3	43.751874298289278E-3
325.000000000000060E+0	307.507285543578420E-3	19.984964297446641E-3
326.000000000000060E+0	311.390272360415890E-3	32.130969051119049E-3
327.000000000000060E+0	317.692048828157990E-3	20.222093179973141E-3
328.000000000000060E+0	337.793531397067640E-3	34.707599793561028E-3
329.000000000000060E+0	361.404762944883110E-3	27.745959696184156E-3
330.000000000000060E+0	392.980660480338750E-3	57.469405773712463E-3
331.000000000000060E+0	419.361665604460140E-3	81.387973728075699E-3
332.000000000000060E+0	398.261399282549440E-3	129.918773977945960E-3
333.000000000000060E+0	381.119086815495890E-3	51.607656496483793E-3
334.000000000000060E+0	457.455238958030810E-3	16.513731768036066E-3
335.000000000000060E+0	513.042912814278380E-3	-961.144016713041150E-6
336.000000000000060E+0	569.066170531656090E-3	-39.811393724722519E-3
337.000000000000060E+0	599.328235360175990E-3	-133.662911462981950E-3
338.000000000000060E+0	753.684096816232270E-3	-265.769053414728400E-3
339.000000000000060E+0	748.310986103578930E-3	-302.009117823101860E-3
340.000000000000060E+0	655.002359413535350E-3	-433.654670362720650E-3
341.000000000000060E+0	588.993906141908050E-3	-567.363919385909020E-3
342.000000000000060E+0	431.879990204830750E-3	-533.778009967822760E-3
343.000000000000060E+0	138.308241813569900E-3	-534.258345782744110E-3
344.000000000000060E+0	53.661349132966406E-3	-499.777777411154030E-3
345.000000000000060E+0	75.587131779564345E-3	-378.377421801878670E-3
346.000000000000060E+0	57.592987954571920E-3	-238.180990031367200E-3
347.000000000000060E+0	125.314329326086990E-3	-265.818833428427710E-3
348.000000000000060E+0	167.587702424697840E-3	-77.536427635877370E-3
349.000000000000060E+0	184.531333809026980E-3	-102.463709115347000E-3
350.000000000000060E+0	223.893639889065770E-3	-24.718099950500977E-3
351.000000000000060E+0	150.760412788516730E-3	-94.479764834747251E-3
352.000000000000060E+0	266.453487816235290E-3	-129.550197100332110E-3
353.000000000000060E+0	283.330871441253740E-3	-72.208000710467859E-3
354.000000000000060E+0	270.103506518722000E-3	-106.244935163463230E-3
355.000000000000060E+0	301.555222248043930E-3	-146.077004968355100E-3
356.000000000000060E+0	372.654940772125690E-3	-173.285755885283890E-3
357.000000000000060E+0	352.793103324405940E-3	-100.534777755800470E-3
358.000000000000060E+0	320.684931372271500E-3	-146.310341208376520E-3
359.000000000000060E+0	342.622241547716310E-3	-200.667535641717460E-3
360.000000000000060E+0	399.589664563229090E-3	-297.394082022369550E-3
361.000000000000060E+0	630.264484546972150E-3	-130.682643995778250E-3
362.000000000000060E+0	521.134722051966650E-3	-198.737119243624780E-3
363.000000000000060E+0	623.576905292976930E-3	-278.721873147450340E-3
364.000000000000060E+0	666.356614380341880E-3	-192.961011659887160E-3
365.000000000000060E+0	634.687705427894990E-3	-253.991274208160420E-3
366.000000000000060E+0	539.492155849808250E-3	-307.303659287387560E-3
367.000000000000060E+0	504.916922514651370E-3	-501.138851176654460E-3
368.000000000000060E+0	468.345221114966570E-3	-582.421718293944730E-3
369.000000000000060E+0	485.964168307666200E-3	-646.856462225392390E-3
370.000000000000060E+0	344.321674916078900E-3	-622.771988871517080E-3
371.000000000000060E+0	341.939255587841770E-3	-770.295293781068980E-3
372.000000000000060E+0	353.654256588170400E-3	-742.562775339637330E-3
373.000000000000060E+0	327.977810008211300E-3	-723.985599907224220E-3
374.000000000000060E+0	259.104940621678550E-3	-658.790233351872700E-3
375.000000000000060E+0	154.743383544712730E-3	-753.119283583223550E-3
376.000000000000060E+0	147.813736731150310E-3	-813.142505820219630E-3
377.000000000000060E+0	38.559498234748503E-3	-836.336817835622300E-3
378.000000000000060E+0	-73.648711343305709E-3	-893.894495038227930E-3
379.000000000000060E+0	-85.705555154547947E-3	-968.779962121567030E-3
380.000000000000060E+0	-165.697528839591270E-3	-705.914718955022890E-3
381.000000000000060E+0	-319.492925867725210E-3	-641.349747776513320E-3
382.000000000000060E+0	-488.496005151602020E-3	-518.080865807547530E-3
383.000000000000060E+0	-579.001280707226010E-3	-539.225255207658740E-3
384.000000000000060E+0	-469.416787380622200E-3	-412.112034127352530E-3
385.000000000000060E+0	-504.454119160794740E-3	-232.351987804012120E-3
386.000000000000060E+0	-445.368891152119140E-3	-223.836314699973090E-3
387.000000000000060E+0	-351.831553448706980E-3	-247.407877470167180E-3
388.000000000000060E+0	-260.489835594468980E-3	-267.756283920016380E-3
389.000000000000060E+0	-193.175621864095450E-3	-291.427356025342250E-3
390.000000000000060E+0	-127.352443186823320E-3	-228.980916292768340E-3
391.000000000000060E+0	-129.784163951391920E-3	-213.739383008406390E-3
392.000000000000060E+0	-102.671040934369030E-3	-229.981330400457400E-3
393.000000000000060E+0	-108.092057934513890E-3	-140.697481311908460E-3
394.000000000000060E+0	-169.741083887804980E-3	-196.721308198447300E-3
395.000000000000060E+0	-160.237121786811400E-3	-228.911603598849630E-3
396.000000000000060E+0	-169.728182987154470E-3	-228.794064956114650E-3
397.000000000000060E+0	-175.372451374022190E-3	-226.037046101764920E-3
398.000000000000060E+0	-199.951146890319090E-3	-290.396516798327840E-3
399.000000000000060E+0	-145.292785148039950E-3	-217.360547522051060E-3
400.000000000000060E+0	-202.291785448772720E-3	-196.718592119981830E-3
401.000000000000060E+0	-237.839551351509780E-3	-185.446674729134340E-3
402.000000000000060E+0	-274.088483076124270E-3	-192.147718691495990E-3
403.000000000000060E+0	-260.642382772222900E-3	-221.256972317854880E-3
404.000000000000060E+0	-235.828223407496850E-3	-157.446623123144840E-3
405.000000000000060E+0	-248.425890866399430E-3	-153.131680852183320E-3
406.000000000000060E+0	-191.830375779876270E-3	-115.017418067640740E-3
407.000000000000060E+0	-185.872039768752910E-3	-101.794247842245580E-3
408.000000000000060E+0	-36.185795242753366E-3	-45.519444783245565E-3
409.000000000000060E+0	-99.585591170967047E-3	63.002597363550517E-3
410.000000000000060E+0	-107.982234650857680E-3	103.185984768285260E-3
411.000000000000060E+0	-179.973813712129000E-3	150.442533384734900E-3
412.000000000000060E+0	-223.001448847671650E-3	-9.118282515591809E-3
413.000000000000060E+0	-119.279516374246750E-3	-60.866613858780547E-3
414.000000000000060E+0	-47.480995760020767E-3	-81.100581267460836E-3
415.000000000000060E+0	19.188156318337719E-3	-77.304613842468783E-3
416.000000000000060E+0	45.368920354272320E-3	-108.869131773205980E-3
417.000000000000060E+0	185.219226473922920E-3	-59.157472813459323E-3
418.000000000000060E+0	115.669158759702540E-3	56.867116269432708E-3
419.000000000000060E+0	14.399153472414364E-3	41.945473246304724E-3
420.000000000000060E+0	-32.297357944270660E-3	-13.176372740102818E-3
421.000000000000060E+0	-286.580595489767440E-3	-129.263759464777690E-3
422.000000000000060E+0	45.132676650960150E-3	-312.991744698466580E-3
423.000000000000060E+0	72.531833260886552E-3	-267.067165695809460E-3
424.000000000000060E+0	102.012837250474930E-3	-310.003149702091530E-3
425.000000000000060E+0	189.962625024148120E-3	-258.960962389862990E-3
426.000000000000060E+0	265.799489015695890E-3	-256.459055171672280E-3
427.000000000000060E+0	67.898371658267509E-3	-76.483009561516976E-3
428.000000000000060E+0	12.564327601690255E-3	-179.843210016796930E-3
429.000000000000060E+0	-81.493067937723124E-3	-192.376419194148720E-3
430.000000000000060E+0	-106.349363482704100E-3	-134.463425627197430E-3
431.000000000000060E+0	-654.528478613903950E-3	-227.998180020261340E-3
432.000000000000060E+0	-445.612185486614520E-3	-464.421017665304580E-3
433.000000000000060E+0	-367.915188534616020E-3	-474.010365592611950E-3
434.000000000000060E+0	-196.933893156877010E-3	-435.560841705682430E-3
435.000000000000060E+0	-97.949698813484545E-3	-308.915219013170710E-3
436.000000000000060E+0	-79.013070824555137E-3	-254.234633472420370E-3
437.000000000000060E+0	-64.949986718111891E-3	-148.737168341982450E-3
438.000000000000060E+0	-199.224685973674150E-3	-126.443247031242850E-3
439.000000000000060E+0	-163.595450338107550E-3	-134.395844806494830E-3
440.000000000000060E+0	-367.386111496338870E-3	4.033639887852499E-3
441.000000000000060E+0	-297.676150697860080E-3	-177.603600908198630E-3
442.000000000000060E+0	-291.959013095811180E-3	-153.177088336912740E-3
443.000000000000060E+0	-296.288817786229790E-3	-212.374906561151100E-3
444.000000000000060E+0	-223.925124808475510E-3	-180.534779646641690E-3
445.000000000000060E+0	-148.320419235358490E-3	-135.933823409575110E-3
446.000000000000060E+0	-187.429901212348150E-3	-42.447030103533935E-3
447.000000000000060E+0	-200.592855767069090E-3	-25.325741609907283E-3
448.000000000000060E+0	-227.418221347946200E-3	-1.142030390583029E-3
449.000000000000060E+0	-245.208201400813760E-3	-17.810341820649615E-3
450.000000000000060E+0	-189.844316406419910E-3	-63.733325001698995E-3
451.000000000000060E+0	-156.187836511035900E-3	-21.052185160116779E-3
452.000000000000060E+0	-149.205259212022070E-3	-25.757941371764747E-3
453.000000000000060E+0	-84.417889065116602E-3	-42.759663873924748E-3
454.000000000000060E+0	-55.441334403949528E-3	11.437446937833853E-3
455.000000000000060E+0	-97.450802537483117E-3	18.167549414490888E-3
456.000000000000060E+0	-71.020560802149385E-3	-26.727467239204078E-3
457.000000000000060E+0	-27.384288479816551E-3	-23.147260885966841E-3
458.000000000000060E+0	-43.393434138436660E-3	9.201359339323026E-3
459.000000000000060E+0	-22.813439443494184E-3	-109.894348582363170E-3
460.000000000000060E+0	7.127301614046974E-3	-64.811690962099863E-3
461.000000000000060E+0	28.118515331313380E-3	-57.767573221746547E-3
462.000000000000060E+0	17.562184825158346E-3	-54.036204167758881E-3
463.000000000000060E+0	28.778667150176525E-3	-86.074317910475928E-3
464.000000000000060E+0	47.037019886037465E-3	-95.594544181160215E-3
465.000000000000060E+0	50.627047154451203E-3	-121.825580814245510E-3
466.000000000000060E+0	61.673191509301874E-3	-148.548804947912980E-3
467.000000000000060E+0	41.460021712258120E-3	-170.288017974397600E-3
468.000000000000060E+0	50.940585734678391E-3	-284.161377294633590E-3
469.000000000000060E+0	130.572185519874900E-3	-217.518217076725060E-3
470.000000000000060E+0	81.197509097475973E-3	-260.364099916398860E-3
471.000000000000060E+0	90.905009823375404E-3	-304.658577627621160E-3
472.000000000000060E+0	-13.834244395509126E-3	-331.515901683892330E-3
473.000000000000060E+0	-42.773186115974249E-3	-440.290348949995910E-3
474.000000000000060E+0	-98.340311240921602E-3	-474.394289122229470E-3
475.000000000000060E+0	-202.411505701043210E-3	-535.891226785757180E-3
476.000000000000060E+0	-261.475474039253860E-3	-636.533517357504410E-3
477.000000000000060E+0	-187.154691816133530E-3	-628.589788020283870E-3
478.000000000000060E+0	-252.478763409109130E-3	-395.972669238908060E-3
479.000000000000060E+0	-374.838967594698370E-3	-336.079585045262920E-3
480.000000000000060E+0	-426.569642487293340E-3	-296.392064951361330E-3
481.000000000000060E+0	-486.980533029522160E-3	-218.951129095732690E-3
482.000000000000060E+0	-675.123219233190190E-3	-262.416497578885300E-3
483.000000000000060E+0	-620.301297746611580E-3	-258.385001172768190E-3
484.000000000000060E+0	-644.479174809410970E-3	-206.128328131583600E-3
485.000000000000060E+0	-589.654872685940300E-3	-219.432303165502800E-3
486.000000000000060E+0	-570.004687417007940E-3	-120.040128668994470E-3
487.000000000000060E+0	-475.768775700808280E-3	-54.407526279119239E-3
488.000000000000060E+0	-498.978310798372960E-3	63.896310657106894E-3
489.000000000000060E+0	-476.174160485685950E-3	100.786657687935350E-3
490.000000000000060E+0	-438.182426879825840E-3	187.531959876916760E-3
491.000000000000060E+0	-568.301300592472080E-3	130.330067153519720E-3
492.000000000000060E+0	-436.698465766412020E-3	89.083356831135094E-3
493.000000000000060E+0	-410.739842480730750E-3	122.028023284538460E-3
494.000000000000060E+0	-411.771146707541450E-3	139.264074332692780E-3
495.000000000000060E+0	-394.794887178604060E-3	92.080094857635186E-3
496.000000000000060E+0	-323.445296480168620E-3	141.404824898201280E-3
497.000000000000060E+0	-360.460919789698190E-3	214.461960780850060E-3
498.000000000000060E+0	-394.052838562363950E-3	182.070272237428030E-3
499.000000000000060E+0	-359.005658364750350E-3	191.301219001466240E-3
500.000000000000060E+0	-376.170561398693810E-3	271.660844099650690E-3
501.000000000000060E+0	-416.802168943164520E-3	179.628184473171610E-3
502.000000000000060E+0	-359.146625644393810E-3	218.942189861878580E-3
503.000000000000060E+0	-355.100534854710660E-3	214.104676517274000E-3
504.000000000000060E+0	-213.553513399569930E-3	206.505064418482850E-3
505.000000000000060E+0	-140.328903861492330E-3	402.345831116975470E-3
506.000000000000060E+0	-347.367690304112350E-3	433.961865675378200E-3
507.000000000000060E+0	-188.175347951816980E-3	385.293756812822020E-3
508.000000000000060E+0	-135.270610191836450E-3	456.400822240409840E-3
509.000000000000060E+0	-87.541097145867233E-3	369.030795662857240E-3
510.000000000000060E+0	-7.073708240926071E-3	390.654959355665520E-3
511.000000000000060E+0	-50.665735074191219E-3	222.155280263295530E-3
512.000000000000110E+0	-16.089747539010563E-3	86.741337068434093E-3
513.000000000000110E+0	98.390977060397802E-3	2.680630936963973E-3
514.000000000000110E+0	84.773822979447952E-3	152.605515046045640E-3
515.000000000000110E+0	-64.147590068559440E-3	149.170642504619030E-3
516.000000000000110E+0	-113.834631055584670E-3	125.102868058534820E-3
517.000000000000110E+0	-132.316075206102000E-3	90.346546690002097E-3
518.000000000000110E+0	-124.255289901935210E-3	106.433795176263790E-3
519.000000000000110E+0	-160.231484337024750E-3	135.299501097936450E-3
520.000000000000110E+0	-145.784697827721990E-3	160.027235930884250E-3
521.000000000000110E+0	-174.425769036463420E-3	200.022322560914100E-3
522.000000000000110E+0	-166.413318337395030E-3	207.384031110132210E-3
523.000000000000110E+0	-125.894031665197660E-3	251.013289003653050E-3
524.000000000000110E+0	-68.902235356516850E-3	254.328348225013770E-3
525.000000000000110E+0	9.980109161380792E-3	276.186023957338930E-3
526.000000000000110E+0	71.506035101885759E-3	244.612625526935990E-3
527.000000000000110E+0	115.290639445753460E-3	194.191728049530330E-3
528.000000000000110E+0	119.555716708748870E-3	134.229843968250880E-3
529.000000000000110E+0	94.928477641507775E-3	68.625628767300717E-3
530.000000000000110E+0	72.585188868278763E-3	41.846550527934810E-3
531.000000000000110E+0	51.126061165606022E-3	30.628535435541570E-3
532.000000000000110E+0	19.127536362181081E-3	56.147363962764901E-3
533.000000000000110E+0	-40.446834014027301E-3	8.770926655594504E-3
534.000000000000110E+0	-11.851747904784250E-3	-15.615136240607204E-3
535.000000000000110E+0	-20.987679332900456E-3	8.415469712176186E-3
536.000000000000110E+0	-44.159795953671171E-3	18.199669484062833E-3
537.000000000000110E+0	-63.894553000878887E-3	26.480120358765305E-3
538.000000000000110E+0	-119.053891258619410E-3	1.436156173510442E-3
539.000000000000110E+0	-85.091189745801238E-3	-4.925467323415271E-3
540.000000000000110E+0	-95.316317601230591E-3	18.849755613001232E-3
541.000000000000110E+0	-123.808906065610470E-3	21.965391689909439E-3
542.000000000000110E+0	-116.836834592183840E-3	-21.612256801521158E-3
543.000000000000110E+0	-97.073217352127220E-3	54.653016315706300E-3
544.000000000000110E+0	-132.553964671317580E-3	73.365260087137493E-3
545.000000000000110E+0	-161.716120016850760E-3	59.302946503393961E-3
546.000000000000110E+0	-150.194028397790310E-3	69.354313890104727E-3
547.000000000000110E+0	-191.571912339371960E-3	87.303363673398360E-3
548.000000000000110E+0	-179.012815048163410E-3	48.870115603066498E-3
549.000000000000110E+0	-181.832714997784500E-3	63.219216142220647E-3
550.000000000000110E+0	-192.139014669614860E-3	52.721352919616701E-3
551.000000000000110E+0	-132.184325842582130E-3	33.570084491156067E-3
552.000000000000110E+0	-128.341971371380540E-3	142.155640965676400E-3
553.000000000000110E+0	-195.100191989578980E-3	155.529463076537980E-3
554.000000000000110E+0	-199.654695257257850E-3	156.192688157222700E-3
555.000000000000110E+0	-231.504207436935670E-3	180.829478549769110E-3
556.000000000000110E+0	-250.165312049782430E-3	157.524339850403400E-3
557.000000000000110E+0	-214.128719963537410E-3	129.269002188940520E-3
558.000000000000110E+0	-185.057595375023890E-3	160.324208349585720E-3
559.000000000000110E+0	-162.202433554459570E-3	191.414428020001500E-3
560.000000000000110E+0	-148.850227390989380E-3	232.943994565107840E-3
561.000000000000110E+0	-187.996771289695410E-3	283.539848730717800E-3
562.000000000000110E+0	-170.298231273027540E-3	255.634049963292590E-3
563.000000000000110E+0	-148.268407267477340E-3	265.563769903126020E-3
564.000000000000110E+0	-114.008949438987140E-3	303.073110050223580E-3
565.000000000000110E+0	-134.230325765994390E-3	345.815702329276220E-3
566.000000000000110E+0	-182.498004169598830E-3	337.637447086401200E-3
567.000000000000110E+0	-137.544067336186900E-3	293.990102112472010E-3
568.000000000000110E+0	-83.585359669928638E-3	306.309097773384830E-3
569.000000000000110E+0	-62.147890121105123E-3	350.017638187903270E-3
570.000000000000110E+0	7.571617824967412E-3	406.154979945319240E-3
571.000000000000110E+0	-114.597016402098570E-3	450.796106021930040E-3
572.000000000000110E+0	-82.982013354624573E-3	402.465308841895240E-3
573.000000000000110E+0	-41.665438224371854E-3	405.746695521584270E-3
574.000000000000110E+0	-70.834192781591365E-3	389.488160291448450E-3
575.000000000000110E+0	19.817168969597093E-3	344.199830700927630E-3
576.000000000000110E+0	40.431509312989375E-3	405.685094025090060E-3
577.000000000000110E+0	14.934013234611920E-3	415.067283542958800E-3
578.000000000000110E+0	-13.729175094792070E-3	447.281669880125470E-3
579.000000000000110E+0	-50.450845047439803E-3	426.132392251637630E-3
580.000000000000110E+0	13.986697891098979E-3	531.667661059164740E-3
581.000000000000110E+0	-27.981762121877630E-3	600.015897740335040E-3
582.000000000000110E+0	1.923662101494597E-3	703.263535164144860E-3
583.000000000000110E+0	12.089213602484222E-3	861.413088596476030E-3
584.000000000000110E+0	6.877311944078061E-3	896.930350438111870E-3
585.000000000000110E+0	325.060698340177030E-3	799.817251994238360E-3
586.000000000000110E+0	594.068312493054810E-3	867.648391217532120E-3
587.000000000000110E+0	783.752345894352390E-3	813.060606708323250E-3
588.000000000000110E+0	961.583972557049420E-3	618.889731011501910E-3
589.000000000000110E+0	1.122750740455571E+0	504.408655458509660E-3
590.000000000000110E+0	970.390830298587190E-3	330.324960012930660E-3
591.000000000000110E+0	936.809832089447240E-3	158.488487798844220E-3
592.000000000000110E+0	932.064096272161250E-3	52.311389703044026E-3
593.000000000000110E+0	849.682309725717900E-3	68.970390255991568E-3
594.000000000000110E+0	773.566105011868840E-3	-33.835970703280524E-3
595.000000000000110E+0	733.243441474337730E-3	-72.368523878603430E-3
596.000000000000110E+0	680.560157931620060E-3	-129.474650339711370E-3
597.000000000000110E+0	649.920023257780200E-3	-191.565477346590430E-3
598.000000000000110E+0	697.084705129530470E-3	-276.422002176308410E-3
599.000000000000110E+0	706.534263568550310E-3	-169.904594211537450E-3
600.000000000000110E+0	633.265643186889270E-3	-191.409327226608750E-3
601.000000000000110E+0	596.704029482894360E-3	-221.250555892502730E-3
602.000000000000110E+0	566.807013893044660E-3	-282.253295115801940E-3
603.000000000000110E+0	587.962792052558970E-3	-297.905980558065720E-3
604.000000000000110E+0	581.297793555164310E-3	-322.864437918230000E-3
605.000000000000110E+0	564.847628509669960E-3	-324.527692739681290E-3
606.000000000000110E+0	527.161991268517930E-3	-349.606471013753310E-3
607.000000000000110E+0	492.592956654828660E-3	-359.670118636880140E-3
608.000000000000110E+0	459.678205398124870E-3	-426.226378706621830E-3
609.000000000000110E+0	451.766377627459750E-3	-375.819717891822280E-3
610.000000000000110E+0	414.603073867901350E-3	-376.522558003214100E-3
611.000000000000110E+0	380.494583906494040E-3	-360.171853702853540E-3
612.000000000000110E+0	369.819246706883710E-3	-420.561812206566850E-3
613.000000000000110E+0	420.657069326651090E-3	-390.688146537326250E-3
614.000000000000110E+0	418.630099501243800E-3	-376.222080876659810E-3
615.000000000000110E+0	421.919802731652190E-3	-388.449866731592870E-3
616.000000000000110E+0	409.540444015465970E-3	-378.121076089036500E-3
617.000000000000110E+0	343.496392411288150E-3	-452.130322078133310E-3
618.000000000000110E+0	385.598780826218010E-3	-519.890431385105160E-3
619.000000000000110E+0	409.041470257504650E-3	-554.183720641486020E-3
620.000000000000110E+0	384.796814336885280E-3	-552.482645071441180E-3
621.000000000000110E+0	197.644536630521010E-3	-704.855096763903450E-3
622.000000000000110E+0	424.897075560744690E-3	-729.213692412947420E-3
623.000000000000110E+0	317.209402516591300E-3	-709.036785123537290E-3
624.000000000000110E+0	258.285620526806260E-3	-758.951367581857110E-3
625.000000000000110E+0	219.203252881516040E-3	-705.805322804545220E-3
626.000000000000110E+0	110.966034697352630E-3	-660.578756616477140E-3
627.000000000000110E+0	24.367236899808662E-3	-757.725990409820580E-3
628.000000000000110E+0	61.255606038673603E-3	-751.495978338610480E-3
629.000000000000110E+0	55.548225088566716E-3	-758.081597193693830E-3
630.000000000000110E+0	78.946479891375571E-3	-781.687220155827370E-3
631.000000000000110E+0	32.412867951152613E-3	-783.092004027032610E-3
632.000000000000110E+0	33.850608834588833E-3	-851.548765734852500E-3
633.000000000000110E+0	35.427347502972432E-3	-898.707749635104020E-3
634.000000000000110E+0	36.652923098606058E-3	-833.088873545314910E-3
635.000000000000110E+0	-161.481035520665260E-3	-916.198181255271750E-3
636.000000000000110E+0	-271.373386233024090E-3	-900.267605591570260E-3
637.000000000000110E+0	-429.713788511396300E-3	-1.048538704886608E+0
638.000000000000110E+0	-469.308999015667190E-3	-1.095398889813839E+0
639.000000000000110E+0	-553.413666972237260E-3	-1.045088348626966E+0
640.000000000000110E+0	-563.642994590191510E-3	-1.051798292916353E+0
641.000000000000110E+0	-756.134555258685110E-3	-844.495248566380920E-3
642.000000000000110E+0	-890.764406347629990E-3	-773.530818006232470E-3
643.000000000000110E+0	-989.030259731803360E-3	-726.819740200249420E-3
644.000000000000110E+0	-997.821620342470790E-3	-642.337109337194230E-3
645.000000000000110E+0	-963.753255827625050E-3	-418.722798932455620E-3
646.000000000000110E+0	-1.094583105625837E+0	-270.658261292319680E-3
647.000000000000110E+0	-1.094046225938919E+0	-210.201351627788830E-3
648.000000000000110E+0	-1.047708484260931E+0	-110.749072601414510E-3
649.000000000000110E+0	-997.254162617448150E-3	-51.389374453848710E-3
650.000000000000110E+0	-874.356731813300870E-3	70.773434747540581E-3
651.000000000000110E+0	-852.450350542507730E-3	122.497682435705720E-3
652.000000000000110E+0	-781.404889490495360E-3	151.006034518068540E-3
653.000000000000110E+0	-719.969553792148780E-3	243.614929589605680E-3
654.000000000000110E+0	-687.412543489936630E-3	211.959779066002750E-3
655.000000000000110E+0	-638.014459898830430E-3	251.525824106665960E-3
656.000000000000110E+0	-611.221373605686510E-3	231.306299934211920E-3
657.000000000000110E+0	-570.058918183223850E-3	226.228452796380540E-3
658.000000000000110E+0	-555.032305033000050E-3	219.016580760896920E-3
659.000000000000110E+0	-522.795949323663020E-3	189.075118832594730E-3
660.000000000000110E+0	-522.699409731892110E-3	219.726029232961500E-3
661.000000000000110E+0	-534.091020251638350E-3	215.408146097848340E-3
662.000000000000110E+0	-512.875301760633560E-3	212.085344589830220E-3
663.000000000000110E+0	-489.883566890436000E-3	302.154521553120780E-3
664.000000000000110E+0	-556.154789592016470E-3	319.910470318534200E-3
665.000000000000110E+0	-566.596921291644300E-3	340.495016142177700E-3
666.000000000000110E+0	-589.197519657630450E-3	365.418840901332090E-3
667.000000000000110E+0	-582.615361210745200E-3	387.878339713237040E-3
668.000000000000110E+0	-536.445615269819040E-3	383.935184580167840E-3
669.000000000000110E+0	-511.815412139769550E-3	584.770379638819730E-3
670.000000000000110E+0	-482.085793133723790E-3	671.060142198639410E-3
671.000000000000110E+0	-441.413454244441390E-3	775.901837291811390E-3
672.000000000000110E+0	-345.138812626419100E-3	811.350538274623560E-3
673.000000000000110E+0	-122.577149591346980E-3	904.586602662947770E-3
674.000000000000110E+0	41.330158860553905E-3	934.181690872898040E-3
675.000000000000110E+0	243.717579433441440E-3	840.912368021402230E-3
676.000000000000110E+0	431.902717986020260E-3	696.166987900041940E-3
677.000000000000110E+0	489.191902429864430E-3	535.408636810619900E-3
678.000000000000110E+0	478.362625905528920E-3	373.606039660598080E-3
679.000000000000110E+0	383.479593746269940E-3	253.539629495589610E-3
680.000000000000110E+0	323.609742688410750E-3	160.443833355125660E-3
681.000000000000110E+0	282.900943051842990E-3	128.587118487407590E-3
682.000000000000110E+0	245.207322431057860E-3	124.121387118339300E-3
683.000000000000110E+0	208.175894209886030E-3	95.219541027869142E-3
684.000000000000110E+0	204.121116957326880E-3	62.416747160239282E-3
685.000000000000110E+0	238.102864467198890E-3	80.719894196181655E-3
686.000000000000110E+0	177.460653289134350E-3	99.648275148219792E-3
687.000000000000110E+0	172.929000544670860E-3	72.099529278084995E-3
688.000000000000110E+0	144.388391598684250E-3	65.921627954374798E-3
689.000000000000110E+0	136.083128507585440E-3	55.107276429476972E-3
690.000000000000110E+0	118.332192597002850E-3	46.531922135757908E-3
691.000000000000110E+0	93.310236076298125E-3	23.035499047935462E-3
692.000000000000110E+0	140.491484570216870E-3	-23.203484838067768E-3
693.000000000000110E+0	149.719064438473600E-3	-2.072808065180933E-3
694.000000000000110E+0	158.150769735656340E-3	3.104732248586667E-3
695.000000000000110E+0	172.700102388628850E-3	17.654404087947287E-3
696.000000000000110E+0	150.310458141383550E-3	80.471019750336645E-3
697.000000000000110E+0	50.731533756513306E-3	23.998103339081128E-3
698.000000000000110E+0	86.127158348818567E-3	-24.833795258617442E-3
699.000000000000110E+0	71.625573043686136E-3	-31.585492442683730E-3
700.000000000000110E+0	26.241588344935767E-3	-114.688640183041340E-3
701.000000000000110E+0	122.841959166648700E-3	-57.558908330103249E-3
702.000000000000110E+0	52.870374178047547E-3	-91.317194615886124E-3
703.000000000000110E+0	42.190605868232083E-3	-130.498650260291780E-3
704.000000000000110E+0	40.338626168585655E-3	-149.633018306075280E-3
705.000000000000110E+0	88.612805351855839E-3	-122.334877009038670E-3
706.000000000000110E+0	15.326702316500136E-3	-14.983736096775665E-3
707.000000000000110E+0	-33.307943064320222E-3	-48.848551969413317E-3
708.000000000000110E+0	-47.865518802854334E-3	-53.885799899577085E-3
709.000000000000110E+0	-28.498840103568235E-3	-58.714446441662856E-3
710.000000000000110E+0	-47.954763265784975E-3	-79.424706727690614E-3
711.000000000000110E+0	23.953930979622062E-3	-39.462238572457682E-3
712.000000000000110E+0	13.890354946621991E-3	-30.858106819471754E-3
713.000000000000110E+0	21.410114638852774E-3	-51.275331147992126E-3
714.000000000000110E+0	38.487849989760840E-3	-19.305837198722295E-3
715.000000000000110E+0	25.520544960367503E-3	-15.546412158114585E-3
716.000000000000110E+0	8.804478986335164E-3	-54.527040501040541E-3
717.000000000000110E+0	38.536925620023296E-3	-65.453793514800948E-3
718.000000000000110E+0	40.213209892888617E-3	-68.441314269918535E-3
719.000000000000110E+0	39.056457916547625E-3	-79.380379266119072E-3
720.000000000000110E+0	37.382487981536650E-3	-118.207798992992790E-3
721.000000000000110E+0	47.250780739051264E-3	-142.224109592873770E-3
722.000000000000110E+0	43.862660141539972E-3	-158.184242540599180E-3
723.000000000000110E+0	29.275433360708012E-3	-194.689183314049690E-3
724.000000000000110E+0	-7.809569928793172E-3	-223.923173035490200E-3
725.000000000000110E+0	-5.681550866419817E-3	-262.795253228293060E-3
726.000000000000110E+0	-33.254608738518557E-3	-284.094576362951550E-3
727.000000000000110E+0	-81.443627762287446E-3	-254.883480793400400E-3
728.000000000000110E+0	-170.293274188450060E-3	-263.787577865106260E-3
729.000000000000110E+0	-152.870830989489450E-3	-141.066539562606790E-3
730.000000000000110E+0	-282.100730141492890E-3	-153.188387854727690E-3
731.000000000000110E+0	-301.491088310933080E-3	-91.488665668374880E-3
732.000000000000110E+0	-352.490301672742920E-3	-38.860935840633069E-3
733.000000000000110E+0	-338.831825590542310E-3	-69.215111748445080E-3
734.000000000000110E+0	-283.832685951728950E-3	-99.516084087315659E-3
735.000000000000110E+0	-222.040766648382680E-3	-30.628810486070794E-3
736.000000000000110E+0	-208.377159701091360E-3	-8.385713019819625E-3
737.000000000000110E+0	-185.043970045523480E-3	17.456512337276447E-3
738.000000000000110E+0	-165.140367184989030E-3	47.892203743940293E-3
739.000000000000110E+0	-191.535054879723220E-3	61.868300384699079E-3
740.000000000000110E+0	-180.499249488061450E-3	57.387676421434879E-3
741.000000000000110E+0	-162.470983116316300E-3	71.398321721991592E-3
742.000000000000110E+0	-179.630514809472560E-3	129.257389086299750E-3
743.000000000000110E+0	-191.346089263008810E-3	23.254306954741899E-3
744.000000000000110E+0	-150.843523911093490E-3	21.548234390635339E-3
745.000000000000110E+0	-109.313961186907550E-3	64.102008409779074E-3
746.000000000000110E+0	-143.537623053541150E-3	75.250531330846526E-3
747.000000000000110E+0	-140.289584030402540E-3	59.538251964325689E-3
748.000000000000110E+0	-122.071226321596910E-3	43.110580692406864E-3
749.000000000000110E+0	-103.721440071760680E-3	57.086161192547641E-3
750.000000000000110E+0	-108.805021696808770E-3	80.449448661331024E-3
751.000000000000110E+0	-130.666984543799820E-3	101.167857020314820E-3
752.000000000000110E+0	-209.725941476701870E-3	28.510649077416916E-3
753.000000000000110E+0	-111.281038111991500E-3	19.871651952207303E-3
754.000000000000110E+0	-98.533021496559764E-3	49.686266948272488E-3
755.000000000000110E+0	-92.455205056616321E-3	78.320401783845653E-3
756.000000000000110E+0	-128.233337096954610E-3	92.966670492886760E-3
757.000000000000110E+0	-130.993819499426870E-3	60.439002521722074E-3
758.000000000000110E+0	-96.287822657941960E-3	102.809867400409180E-3
759.000000000000110E+0	-108.766696301233010E-3	125.067093810461850E-3
760.000000000000110E+0	-132.024490457524900E-3	183.673890760103210E-3
761.000000000000110E+0	-327.311885057876450E-3	93.324954624962611E-3
762.000000000000110E+0	-144.081851570088760E-3	61.944979689616340E-3
763.000000000000110E+0	-135.058839145772660E-3	94.840759976050640E-3
764.000000000000110E+0	-125.787484780884530E-3	75.342314344601785E-3
765.000000000000110E+0	-48.330139424571157E-3	71.990254895866607E-3
766.000000000000110E+0	69.766243402921299E-3	120.643081742699820E-3
767.000000000000110E+0	8.337232011487578E-3	178.480365291386220E-3
768.000000000000110E+0	71.857635571496464E-3	171.488238637030780E-3
769.000000000000110E+0	55.144487510330693E-3	205.502101956393230E-3
770.000000000000110E+0	62.313074879731443E-3	222.326728504024380E-3
771.000000000000110E+0	-57.243122271826603E-3	66.594273357375888E-3
772.000000000000110E+0	7.076407518718708E-3	67.215356256577832E-3
773.000000000000110E+0	14.485717496686753E-3	41.753344874547148E-3
774.000000000000110E+0	42.616660338402869E-3	26.503978986536145E-3
775.000000000000110E+0	41.996459563306741E-3	3.411483339473839E-3
776.000000000000110E+0	76.259003489285007E-3	37.892800226930659E-3
777.000000000000110E+0	10.232497361698486E-3	18.951082352978932E-3
778.000000000000110E+0	20.699885426547625E-3	-12.960426614113367E-3
779.000000000000110E+0	25.336585480710591E-3	-19.858638356526868E-3
780.000000000000110E+0	53.508423557916254E-3	6.019494101912008E-3
781.000000000000110E+0	-6.191315686476074E-3	-16.222042129396555E-3
782.000000000000110E+0	-3.346073306589229E-3	-46.574649430717617E-3
783.000000000000110E+0	7.678926259774344E-3	-91.221597859797846E-3
784.000000000000110E+0	117.775269558519730E-3	-76.804160670225496E-3
785.000000000000110E+0	78.573399794698254E-3	20.324468531977259E-3
786.000000000000110E+0	20.506466542286939E-3	-8.112865829656512E-3
787.000000000000110E+0	1.578950565190887E-3	-23.611411433139065E-3
788.000000000000110E+0	-31.387073046219856E-3	-46.698075427997532E-3
789.000000000000110E+0	-24.820282079111539E-3	-74.032019214147218E-3
790.000000000000110E+0	-46.096928657333162E-3	-96.156593521500411E-3
791.000000000000110E+0	-46.588443173264174E-3	-108.863880540534450E-3
792.000000000000110E+0	-48.002266949982671E-3	-114.569101061382320E-3
793.000000000000110E+0	-86.502004302641586E-3	-144.868983125418740E-3
794.000000000000110E+0	-11.300356045084864E-3	-213.822401553781850E-3
795.000000000000110E+0	25.934625344392018E-3	-83.886556066368176E-3
796.000000000000110E+0	-24.310484816949675E-3	-66.082933176220882E-3
797.000000000000110E+0	-69.744099264179724E-3	-46.070705169535028E-3
798.000000000000110E+0	-101.054953495577620E-3	-25.578998497804931E-3
799.000000000000110E+0	-191.206702818678960E-3	-31.172972338656429E-3
800.000000000000110E+0	-221.151090112928440E-3	-70.077479019753142E-3
801.000000000000110E+0	-242.848501357374210E-3	-89.613057924760639E-3
802.000000000000110E+0	-291.659717692366870E-3	-124.830069839168970E-3
803.000000000000110E+0	-87.929699238119191E-3	-174.787275127600480E-3
804.000000000000110E+0	-131.984199492329590E-3	-43.246940645153345E-3
805.000000000000110E+0	-182.692531346451610E-3	-13.817548377561594E-3
806.000000000000110E+0	-201.577522294496210E-3	-2.563229636615021E-3
807.000000000000110E+0	-226.334558684145900E-3	-6.492133557983918E-3
808.000000000000110E+0	-253.027676507767470E-3	158.600501186618090E-3
809.000000000000110E+0	-355.873449884783920E-3	-45.933001971754414E-3
810.000000000000110E+0	-377.013402364435700E-3	-55.487753784500576E-3
811.000000000000110E+0	-380.732053329325580E-3	-117.475250542011300E-3
812.000000000000110E+0	-217.637235427308590E-3	-115.108135449153960E-3
813.000000000000110E+0	-263.525194069316960E-3	149.471672866286570E-3
814.000000000000110E+0	-335.877120359251550E-3	132.700418983862670E-3
815.000000000000110E+0	-299.648288900314250E-3	133.946409006542090E-3
816.000000000000110E+0	-245.130512616597130E-3	218.312180941224510E-3
817.000000000000110E+0	-283.434361840468940E-3	259.062410226656440E-3
818.000000000000110E+0	-279.422744355471260E-3	107.848774884830580E-3
819.000000000000110E+0	-199.158379993875890E-3	119.996902210246790E-3
820.000000000000110E+0	-172.797385093158060E-3	100.433001176086280E-3
821.000000000000110E+0	-118.824580418786950E-3	65.521152504998612E-3
822.000000000000110E+0	-109.209374649159990E-3	189.761531916866210E-3
823.000000000000110E+0	-145.046423031517800E-3	173.270539647326030E-3
824.000000000000110E+0	-162.821459747094690E-3	181.053539576020690E-3
825.000000000000110E+0	-207.083084347069480E-3	177.533407647298250E-3
826.000000000000110E+0	-301.945768834385010E-3	163.324836393180680E-3
827.000000000000110E+0	-279.253788609851780E-3	-15.941631681581532E-3
828.000000000000110E+0	-189.941196459127020E-3	48.787263715701912E-3
829.000000000000110E+0	-215.209154090562930E-3	78.920190494758319E-3
830.000000000000110E+0	-211.500416798168940E-3	56.598378343290859E-3
831.000000000000110E+0	-70.935650548828055E-3	201.906755558016240E-3
832.000000000000110E+0	-269.451442707313690E-3	174.847225937429270E-3
833.000000000000110E+0	-262.909863923452170E-3	179.460083976891750E-3
834.000000000000110E+0	-308.146768397296820E-3	240.531316810186140E-3
835.000000000000110E+0	-356.324624909243550E-3	107.938917651181760E-3
836.000000000000110E+0	-308.557947752817530E-3	79.634235378417156E-3
837.000000000000110E+0	-227.822614142613090E-3	161.339764367907620E-3
838.000000000000110E+0	-254.412587761455310E-3	185.027534905447160E-3
839.000000000000110E+0	-252.172879333732780E-3	196.856058054118490E-3
840.000000000000110E+0	-192.249732887915140E-3	261.890397708008820E-3
841.000000000000110E+0	-362.125392613790340E-3	264.373316978435140E-3
842.000000000000110E+0	-331.451238454087250E-3	242.160663610781900E-3
843.000000000000110E+0	-333.962012342658100E-3	240.500845005497930E-3
844.000000000000110E+0	-304.163273150857780E-3	238.507247309096500E-3
845.000000000000110E+0	-302.566297839588440E-3	274.618371001976890E-3
846.000000000000110E+0	-295.835222260936000E-3	300.823300001974100E-3
847.000000000000110E+0	-302.773611359006270E-3	326.932008143646980E-3
848.000000000000110E+0	-303.302994555277930E-3	353.403498890468400E-3
849.000000000000110E+0	-304.781236085190980E-3	385.892596361838920E-3
850.000000000000110E+0	-411.981325990869840E-3	358.193303919482620E-3
851.000000000000110E+0	-300.613172653193480E-3	392.933703551564650E-3
852.000000000000110E+0	-291.779011779942590E-3	418.302658400266260E-3
853.000000000000110E+0	-235.462569739169260E-3	429.302300356380950E-3
854.000000000000110E+0	-193.699274182036670E-3	518.666961367949650E-3
855.000000000000110E+0	-191.920239529529080E-3	626.131831117065610E-3
856.000000000000110E+0	-235.993250531226220E-3	585.577057689122270E-3
857.000000000000110E+0	-208.051224279505510E-3	572.869662491650610E-3
858.000000000000110E+0	-162.966588395469540E-3	553.389864948510280E-3
859.000000000000110E+0	-147.289129207341720E-3	590.239933596102270E-3
860.000000000000110E+0	-152.868888877601920E-3	507.288872252966480E-3
861.000000000000110E+0	-128.953418450278990E-3	492.270809126686030E-3
862.000000000000110E+0	-100.305245293708820E-3	455.265819307273780E-3
863.000000000000110E+0	85.333185329459410E-3	576.110551539230190E-3
864.000000000000110E+0	-216.418976211483230E-3	697.064199980919950E-3
865.000000000000110E+0	-251.744478401769440E-3	591.391706665905130E-3
866.000000000000110E+0	-169.335135792838290E-3	556.758794945410810E-3
867.000000000000110E+0	-105.883118194685090E-3	687.744014357869800E-3
868.000000000000110E+0	-115.819858066136140E-3	750.237495869494620E-3
869.000000000000110E+0	-85.863320520615932E-3	896.650215884793100E-3
870.000000000000110E+0	-24.769286846022098E-3	940.879474027703000E-3
871.000000000000110E+0	34.528117005253350E-3	1.043643819745770E+0
872.000000000000110E+0	105.119751700541440E-3	1.083414606155350E+0
873.000000000000110E+0	164.196009712497430E-3	1.057301456525336E+0
874.000000000000110E+0	495.090372355834250E-3	1.066047075742993E+0
875.000000000000110E+0	659.423010251294790E-3	1.089394158309246E+0
876.000000000000110E+0	830.641018758339290E-3	979.306698565787780E-3
877.000000000000110E+0	1.035437119997448E+0	829.991625063683070E-3
878.000000000000110E+0	1.225806704572822E+0	781.634505018069520E-3
879.000000000000110E+0	1.038050934487263E+0	560.358615759420360E-3
880.000000000000110E+0	1.034032988057667E+0	332.334702057901830E-3
881.000000000000110E+0	1.008036028878194E+0	180.977226029457760E-3
882.000000000000110E+0	883.955392679851130E-3	151.909087604463890E-3
883.000000000000110E+0	817.042810427066950E-3	-51.209174691628646E-3
884.000000000000110E+0	809.014652651739880E-3	-89.124532462612691E-3
885.000000000000110E+0	752.071685049334190E-3	-127.822151695548200E-3
886.000000000000110E+0	711.599271555360850E-3	-106.391229077745130E-3
887.000000000000110E+0	664.486298941823320E-3	-137.373527946893310E-3
888.000000000000110E+0	556.910231847677520E-3	-69.291882989192102E-3
889.000000000000110E+0	488.653538358248430E-3	-133.677164939917160E-3
890.000000000000110E+0	455.163665227790500E-3	-151.877091358606390E-3
891.000000000000110E+0	380.635683659338310E-3	-202.391407888568990E-3
892.000000000000110E+0	528.975686966918880E-3	-190.807702337218280E-3
893.000000000000110E+0	437.892059399891840E-3	-156.896596610121290E-3
894.000000000000110E+0	422.658516483416620E-3	-169.953910012042850E-3
895.000000000000110E+0	406.064232394828810E-3	-113.422010955158550E-3
896.000000000000110E+0	368.833578026140580E-3	-105.455881326636640E-3
897.000000000000110E+0	262.999988307716430E-3	-103.657761071483920E-3
898.000000000000110E+0	267.696883858480840E-3	-152.856771603883830E-3
899.000000000000110E+0	253.611073191718830E-3	-172.911226234398640E-3
900.000000000000110E+0	238.566487869926210E-3	-206.386683240180720E-3
901.000000000000110E+0	416.507164720427310E-3	-183.255883128475990E-3
902.000000000000110E+0	335.406355828340270E-3	-124.438937968206360E-3
903.000000000000110E+0	306.915020918186340E-3	-94.436339516876119E-3
904.000000000000110E+0	291.681173102920410E-3	-46.415239711998089E-3
905.000000000000110E+0	158.472950614885420E-3	-9.463280919980468E-3
906.000000000000110E+0	92.509695874069583E-3	-148.022619190726510E-3
907.000000000000110E+0	157.088722435170580E-3	-206.767279368386850E-3
908.000000000000110E+0	197.652868099073120E-3	-184.359353173299180E-3
909.000000000000110E+0	187.615201801929450E-3	-181.931595033092090E-3
910.000000000000110E+0	159.079472723734430E-3	-245.710782455260570E-3
911.000000000000110E+0	290.296173267455100E-3	-53.862392516091338E-3
912.000000000000110E+0	248.288356516396020E-3	-56.178877792229694E-3
913.000000000000110E+0	228.945295515465080E-3	76.727668414957526E-3
914.000000000000110E+0	-159.617251532833880E-3	988.523440420219220E-6
915.000000000000110E+0	-148.969690855597580E-3	-222.885723390532420E-3
916.000000000000110E+0	266.349401195042970E-3	-382.064552375559580E-3
917.000000000000110E+0	219.235587233254840E-3	-179.912127596509040E-3
918.000000000000110E+0	147.427266071436110E-3	-153.155812779495080E-3
919.000000000000110E+0	170.504944229575770E-3	-215.469324678733730E-3
920.000000000000110E+0	387.470292060429600E-3	33.953368258487965E-3
921.000000000000110E+0	157.809727977634980E-3	4.579811209559280E-3
922.000000000000110E+0	114.614876606415170E-3	1.813994452024888E-3
923.000000000000110E+0	58.713770814904705E-3	30.041849577015389E-3
924.000000000000110E+0	-15.191048888751323E-3	-210.480901976129760E-3
925.000000000000110E+0	113.194860569343890E-3	-138.385554234424200E-3
926.000000000000110E+0	70.440350734551044E-3	-128.296729003346020E-3
927.000000000000110E+0	133.588868226397900E-3	-163.253852293585690E-3
928.000000000000110E+0	150.728233260617020E-3	-134.857524470886450E-3
929.000000000000110E+0	238.758587220094690E-3	-23.619295855658591E-3
930.000000000000110E+0	53.303083775284490E-3	-70.842595217225024E-3
931.000000000000110E+0	71.681535606097038E-3	-101.484968398580820E-3
932.000000000000110E+0	68.688562034371667E-3	-87.345814338382580E-3
933.000000000000110E+0	14.672175275940072E-3	-118.698317942386400E-3
934.000000000000110E+0	47.121003976896926E-3	-198.525665450625830E-3
935.000000000000110E+0	83.518180164646572E-3	-189.611078089999160E-3
936.000000000000110E+0	104.671961194777440E-3	-192.698912868644410E-3
937.000000000000110E+0	114.504405735175580E-3	-151.131782215749470E-3
938.000000000000110E+0	80.587041838662971E-3	-150.862517743802350E-3
939.000000000000110E+0	-1.703462734474363E-3	-131.885278118481640E-3
940.000000000000110E+0	-4.045269863887721E-3	-172.577695068215820E-3
941.000000000000110E+0	-11.033887089118427E-3	-153.450229091701030E-3
942.000000000000110E+0	-72.001671894575792E-3	-67.001808360902415E-3
943.000000000000110E+0	-120.170895703319010E-3	-162.347954135943470E-3
944.000000000000110E+0	-78.963133069158822E-3	-141.136415578765190E-3
945.000000000000110E+0	-47.208832314844677E-3	-114.533713164627140E-3
946.000000000000110E+0	-44.086484913093284E-3	-58.370857599386643E-3
947.000000000000110E+0	-53.711897981402509E-3	-51.308928349053338E-3
948.000000000000110E+0	-23.156233178637364E-3	-19.520286302120441E-3
949.000000000000110E+0	-33.208616102963051E-3	-754.891606139399250E-6
950.000000000000110E+0	-34.957763081508227E-3	8.710038981302804E-3
951.000000000000110E+0	-33.755153072972277E-3	15.923335402772965E-3
952.000000000000110E+0	-38.893075142333408E-3	-2.758362642026670E-3
953.000000000000110E+0	-23.073573742788470E-3	2.813479674116951E-3
954.000000000000110E+0	-11.857605156993732E-3	-5.431524492934871E-3
955.000000000000110E+0	4.649798297566975E-3	-15.547045678242357E-3
956.000000000000110E+0	18.737488196145863E-3	-3.477383046532299E-3
957.000000000000110E+0	20.453059766812390E-3	-7.152424859518024E-3
958.000000000000110E+0	20.040478535851312E-3	3.399413574744558E-3
959.000000000000110E+0	12.835061048290537E-3	1.144613390471468E-3
960.000000000000110E+0	-3.934324377600364E-3	-5.973923495399498E-3
961.000000000000110E+0	5.046012286899874E-3	-49.579950551064331E-3
962.000000000000110E+0	26.425107212407581E-3	-17.318454359446123E-3
963.000000000000110E+0	16.074100395728010E-3	-3.829329976519673E-3
964.000000000000110E+0	-4.747137125529069E-3	-7.804387077977958E-3
965.000000000000110E+0	-866.540827459046440E-6	-46.697822260043854E-3
966.000000000000110E+0	46.963435846229952E-3	-17.012809831596823E-3
967.000000000000110E+0	-3.125669972195545E-3	22.137056547362623E-3
968.000000000000110E+0	-16.094124163772493E-3	-1.993447162701039E-3
969.000000000000110E+0	-12.248794670928560E-3	-1.139885001604771E-3
970.000000000000110E+0	-24.226894171067295E-3	13.884329378385908E-3
971.000000000000110E+0	6.712468524177045E-3	-48.822762427501366E-3
972.000000000000110E+0	-10.729245470138905E-3	-4.101435733115824E-3
973.000000000000110E+0	-15.629493373814040E-3	3.955662872566652E-3
974.000000000000110E+0	-23.383739997475988E-3	26.403465732587204E-3
975.000000000000110E+0	-39.859263813763125E-3	18.121732951108558E-3
976.000000000000110E+0	-28.081513733806851E-3	16.358357528668255E-3
977.000000000000110E+0	-24.457638765783465E-3	38.373603427703233E-3
978.000000000000110E+0	-39.154268543104248E-3	50.680921635446921E-3
979.000000000000110E+0	-37.812396085779756E-3	54.681454577740402E-3
980.000000000000110E+0	-57.369909703253653E-3	65.520144810223252E-3
981.000000000000110E+0	-39.867793131335941E-3	75.067470254454927E-3
982.000000000000110E+0	-47.019325930840343E-3	90.331197793680651E-3
983.000000000000110E+0	-56.632470032126209E-3	105.217448524243600E-3
984.000000000000110E+0	-74.902325967712277E-3	2.999230097951921E-3
985.000000000000110E+0	-8.751158958493368E-3	112.082316854242900E-3
986.000000000000110E+0	-26.959736981345846E-3	138.779189860200300E-3
987.000000000000110E+0	-8.725110176933787E-3	146.690027667363970E-3
988.000000000000110E+0	-5.031246155824667E-3	171.181139191619090E-3
989.000000000000110E+0	-17.624924593497286E-3	183.914751343224210E-3
990.000000000000110E+0	93.057892525342398E-3	171.121014864899280E-3
991.000000000000110E+0	101.188354871616120E-3	161.137231384769930E-3
992.000000000000110E+0	142.621673762016730E-3	155.931312418934600E-3
993.000000000000110E+0	179.095149240366010E-3	199.329315289592910E-3
994.000000000000110E+0	57.209622041155525E-3	243.270019617045590E-3
995.000000000000110E+0	68.338639103705467E-3	124.404710754154230E-3
996.000000000000110E+0	72.260002618787150E-3	101.613510923930630E-3
997.000000000000110E+0	70.781855747101163E-3	70.613128733998609E-3
998.000000000000110E+0	58.156078671132816E-3	62.944949578841280E-3
999.000000000000110E+0	-344.821808393077800E-3	163.339714122983370E-3
1.000000000000000E+3	84.696656786223692E-3	202.170072818774940E-3
