Freq (Hz)	Gxyaccelerometre /source
source
source_Real	Gxyaccelerometre /source
source
source_Imag
10.000000000000018E+0	-8.984526828347482E-3	-17.085336210078596E-3
11.000000000000020E+0	-1.225113595197645E-3	-18.830450228041279E-3
12.000000000000021E+0	42.383016264570750E-3	8.879517368779448E-3
13.000000000000023E+0	-9.947505050077448E-3	56.806700778190264E-3
14.000000000000025E+0	-106.736322634912150E-3	27.371017137425496E-3
15.000000000000027E+0	-52.717894523973595E-3	-48.732978903247258E-3
16.000000000000028E+0	-28.801990875975004E-3	-29.683214615758881E-3
17.000000000000028E+0	-91.561176163539926E-3	149.165249569285340E-3
18.000000000000028E+0	-204.158557175320330E-3	104.608904879956750E-3
19.000000000000028E+0	-318.022641948795370E-3	-27.263640784043308E-3
20.000000000000028E+0	-268.376770870277450E-3	288.421927869811630E-3
21.000000000000028E+0	-446.630382779161890E-3	335.412102140640820E-3
22.000000000000028E+0	-727.466865883063860E-3	552.033478689133660E-3
23.000000000000028E+0	-836.978633214606300E-3	1.076615143468070E+0
24.000000000000028E+0	-1.105342932926364E+0	1.836691350439127E+0
25.000000000000028E+0	-1.613055913818120E+0	4.247392194724794E+0
26.000000000000028E+0	566.529013265661520E-3	10.203572714044784E+0
27.000000000000028E+0	3.065688910224175E+0	7.297282393124111E+0
28.000000000000028E+0	5.189270935545834E+0	6.767796967559330E+0
29.000000000000028E+0	4.246365998457562E+0	1.602134926778000E+0
30.000000000000028E+0	2.815213739474052E+0	8.095039371684218E-3
31.000000000000028E+0	4.168909030589330E+0	-989.473161321067880E-3
32.000000000000028E+0	4.854335447750140E+0	-1.148803282739333E+0
33.000000000000028E+0	4.257562396345970E+0	-569.617950502496080E-3
34.000000000000028E+0	2.057497772729470E+0	-161.870796494095780E-3
35.000000000000028E+0	539.709917259998510E-3	119.213268158217060E-3
36.000000000000028E+0	1.189273359021736E+0	2.018611507899322E+0
37.000000000000028E+0	5.179484475217832E+0	4.441737561276277E+0
38.000000000000028E+0	6.900884982355556E+0	197.419799694421970E-3
39.000000000000028E+0	1.951031671736228E+0	-1.360942816009933E+0
40.000000000000028E+0	4.609067927501551E+0	69.067939974404774E-3
41.000000000000028E+0	11.386728797761091E+0	57.085642384181769E-3
42.000000000000028E+0	11.719036463043878E+0	801.003837158373640E-3
43.000000000000028E+0	7.392214746702477E+0	-529.953836794404660E-3
44.000000000000028E+0	4.644036309808218E+0	-1.173298398045191E+0
45.000000000000028E+0	10.392832329796246E+0	-4.173571214242807E+0
46.000000000000028E+0	14.270831672477936E+0	-8.409634169701794E+0
47.000000000000028E+0	10.889809745147534E+0	-6.905519905067665E+0
48.000000000000028E+0	4.001737743260502E+0	-1.945851244861515E+0
49.000000000000028E+0	3.356392462128057E+0	-2.013745662764570E+0
50.000000000000028E+0	11.425403727878074E+0	-10.451588979930069E+0
51.000000000000028E+0	14.644032526488150E+0	-13.981526761628013E+0
52.000000000000028E+0	5.662092676208657E+0	-7.014369871624075E+0
53.000000000000028E+0	2.565319203659644E+0	-3.416366046770853E+0
54.000000000000028E+0	6.322726074423965E+0	-9.238646370733193E+0
55.000000000000028E+0	9.436460927568437E+0	-12.332497363486969E+0
56.000000000000028E+0	9.788596193998430E+0	-13.679304050082667E+0
57.000000000000028E+0	7.498248643218401E+0	-10.032544047114015E+0
58.000000000000028E+0	2.948039923879363E+0	-2.668034509829395E+0
59.000000000000028E+0	11.532399719234290E+0	-14.912490523763015E+0
60.000000000000028E+0	20.889209336068525E+0	-38.692841746612238E+0
61.000000000000028E+0	9.927652581380045E+0	-29.411854128846453E+0
62.000000000000028E+0	3.241320971419181E+0	-14.259206922392210E+0
63.000000000000028E+0	6.058220272505315E+0	-44.141581354706446E+0
64.000000000000028E+0	-3.603414401985344E+0	-68.761818758720594E+0
65.000000000000028E+0	-21.207414094467012E+0	-96.243115529142656E+0
66.000000000000028E+0	-31.289237415107998E+0	-79.969118726809796E+0
67.000000000000028E+0	-11.557270253019853E+0	-12.176882324030638E+0
68.000000000000028E+0	-30.472047578221698E+0	-15.563238397542793E+0
69.000000000000028E+0	-61.089788319741913E+0	-34.381669977786395E+0
70.000000000000028E+0	-35.137733833806429E+0	-29.469419940256394E+0
71.000000000000028E+0	1.032138129991007E+0	-13.217933050813579E+0
72.000000000000028E+0	3.420380131865803E+0	2.795433458625235E+0
73.000000000000028E+0	-5.720170437327972E+0	-7.975582198767948E+0
74.000000000000028E+0	-8.502254345845271E+0	-22.520312379647283E+0
75.000000000000028E+0	-10.770673529322208E+0	-19.590406258252187E+0
76.000000000000028E+0	-16.020274901949289E+0	-14.389390794946806E+0
77.000000000000028E+0	-4.078409240987931E+0	-9.870225908615968E+0
78.000000000000028E+0	-20.764727337098655E+0	-25.925946960264060E+0
79.000000000000028E+0	-43.334592880428509E+0	-32.214067070906559E+0
80.000000000000028E+0	-16.487887009556498E+0	-10.872996324566358E+0
81.000000000000028E+0	-8.152480260665865E+0	-4.313803917207310E+0
82.000000000000028E+0	-20.845618648554268E+0	-6.410746539063858E+0
83.000000000000028E+0	-32.587093486296979E+0	-5.704423232064702E+0
84.000000000000028E+0	-22.518954600499718E+0	790.911127206572310E-3
85.000000000000028E+0	-8.359242643202341E+0	909.592832211043810E-3
86.000000000000028E+0	-5.222474188863108E+0	660.883768032609950E-3
87.000000000000028E+0	-529.715223165052600E-3	2.858594213722701E+0
88.000000000000028E+0	-4.905764822837834E+0	29.127175737712349E+0
89.000000000000028E+0	-838.021226026977370E-3	27.421568455392979E+0
90.000000000000028E+0	-134.105325281091840E-3	824.463300084232960E-3
91.000000000000028E+0	6.787754625669733E+0	10.537401247542409E+0
92.000000000000028E+0	14.265901947890526E+0	14.709600454905432E+0
93.000000000000028E+0	11.150506276434793E+0	6.716498714954199E+0
94.000000000000028E+0	11.723112353642671E+0	3.552833372569407E+0
95.000000000000028E+0	5.845382367065248E+0	262.477830146796320E-3
96.000000000000028E+0	7.917258950487958E+0	-3.228345829083702E+0
97.000000000000028E+0	30.246945787600065E+0	-16.258297894138114E+0
98.000000000000028E+0	21.750316136899791E+0	-19.630510646400531E+0
99.000000000000028E+0	5.821577157255891E+0	-6.616325001836420E+0
100.000000000000030E+0	-974.360519695214200E-3	-3.250121661108113E+0
101.000000000000030E+0	11.472777049543284E+0	-37.399336494440021E+0
102.000000000000030E+0	10.252843567626224E+0	-36.923321479236776E+0
103.000000000000030E+0	-4.336124689877331E+0	-4.274508812384243E+0
104.000000000000030E+0	-2.035343996908296E+0	-19.738360679517164E+0
105.000000000000030E+0	-89.438992831549130E-3	-5.502319767055974E+0
106.000000000000030E+0	-4.427135645051046E+0	-15.800586131377070E+0
107.000000000000030E+0	-4.595962807940195E+0	-32.919260675880643E+0
108.000000000000030E+0	-374.080502225921820E-3	-16.816716152894081E+0
109.000000000000030E+0	780.036967836082560E-3	158.381362546307030E-3
110.000000000000030E+0	-5.826396469984052E+0	-10.233441217986069E+0
111.000000000000030E+0	-3.808571732807692E+0	-23.328286003492853E+0
112.000000000000030E+0	1.072343119507275E+0	-14.224440184618851E+0
113.000000000000030E+0	1.764931422015654E+0	-9.548884170017368E+0
114.000000000000030E+0	2.226302203378713E+0	-4.378478796339349E+0
115.000000000000030E+0	4.372831092350055E+0	-14.613874037251506E+0
116.000000000000030E+0	6.188425582588598E+0	-21.938672228545919E+0
117.000000000000030E+0	2.156324119275636E+0	-37.877413853608886E+0
118.000000000000030E+0	-2.862172738777709E+0	-27.091928578658877E+0
119.000000000000030E+0	3.457289586926022E+0	-4.979164963272163E+0
120.000000000000030E+0	6.386877952579741E+0	-86.545847463164676E+0
121.000000000000030E+0	-12.387077690001442E+0	-105.025048866349640E+0
122.000000000000030E+0	-5.805493954082153E+0	-24.522466082181012E+0
123.000000000000030E+0	-20.261874953709672E+0	-62.771812681716128E+0
124.000000000000030E+0	-17.761616007344294E+0	-42.724002799257846E+0
125.000000000000030E+0	-55.887412619773940E+0	-122.750018709190190E+0
126.000000000000030E+0	-88.570572402290821E+0	-112.270023889713270E+0
127.000000000000030E+0	-65.394316408745325E+0	-62.300879953101308E+0
128.000000000000030E+0	-14.958101806174323E+0	-4.127551437536357E+0
129.000000000000030E+0	-86.545512985049640E+0	-41.771911524678224E+0
130.000000000000030E+0	-128.113544092374100E+0	-60.961494308099077E+0
131.000000000000030E+0	-63.488767547168699E+0	-34.817638245612748E+0
132.000000000000030E+0	-8.652311688006696E+0	-6.585093467154276E+0
133.000000000000030E+0	-38.564215619310097E+0	-21.696000757115634E+0
134.000000000000030E+0	-38.711791084724908E+0	-33.998578165895388E+0
135.000000000000030E+0	-34.306076160699824E+0	-37.650451570692965E+0
136.000000000000030E+0	-52.440366778629865E+0	-60.253696805303278E+0
137.000000000000030E+0	-17.086828867526457E+0	-16.511526867212851E+0
138.000000000000030E+0	-13.047297046008401E+0	-26.894930374371889E+0
139.000000000000030E+0	-67.106749271325441E+0	-80.364500356555538E+0
140.000000000000030E+0	-36.525163167797253E+0	-37.834699167864791E+0
141.000000000000030E+0	-13.153676722025443E+0	-15.022718268407962E+0
142.000000000000030E+0	-10.959871198396371E+0	-8.633996127316873E+0
143.000000000000030E+0	-27.856837388706595E+0	-16.479336453804208E+0
144.000000000000030E+0	-35.958023696443405E+0	-18.466192567326807E+0
145.000000000000030E+0	-25.474223184917058E+0	-12.092878359168264E+0
146.000000000000030E+0	-26.770390535623260E+0	-14.978266745186747E+0
147.000000000000030E+0	-10.199815062163880E+0	-5.019873616944706E+0
148.000000000000030E+0	-44.016429394612736E+0	-24.979594225721051E+0
149.000000000000030E+0	-69.698509822373779E+0	-36.596596009182392E+0
150.000000000000030E+0	-20.207562717830289E+0	-11.765386784562882E+0
151.000000000000030E+0	-7.517349892279699E+0	-427.547218779951440E-3
152.000000000000030E+0	-40.022756624660694E+0	-5.279483303020139E+0
153.000000000000030E+0	-34.966298304591646E+0	-5.308996267407728E+0
154.000000000000030E+0	-28.919590551329843E+0	-4.302718001737277E+0
155.000000000000030E+0	-37.798934628090862E+0	-7.944061578578679E+0
156.000000000000030E+0	-12.369703666651372E+0	-3.952575518503411E+0
157.000000000000030E+0	-44.058974653249479E+0	-15.905956815999286E+0
158.000000000000030E+0	-59.178294160184521E+0	-20.004632960876183E+0
159.000000000000030E+0	-39.749122477346610E+0	-12.204102976845364E+0
160.000000000000030E+0	-16.298910049677549E+0	-6.147330991352264E+0
161.000000000000030E+0	-19.884465764216237E+0	-4.744248960248436E+0
162.000000000000030E+0	-70.877163181941853E+0	-5.711914479590734E+0
163.000000000000030E+0	-32.109553723019950E+0	889.660653560591210E-3
164.000000000000030E+0	-24.619595788322069E+0	1.155364423531557E+0
165.000000000000030E+0	-34.401885130448250E+0	719.440794281110070E-3
166.000000000000030E+0	-21.457055962425741E+0	-992.153098019821430E-3
167.000000000000030E+0	-100.154508247975510E+0	-7.702872056358677E+0
168.000000000000030E+0	-98.472174547292269E+0	1.833131969041238E+0
169.000000000000030E+0	-26.877403443622029E+0	1.740548118176295E+0
170.000000000000030E+0	-27.089649680407156E+0	-6.163103898106305E+0
171.000000000000030E+0	-81.869993152817102E+0	1.649212352517847E+0
172.000000000000030E+0	-83.674607426910640E+0	15.333157142691428E+0
173.000000000000030E+0	-42.182595351662812E+0	17.486004434890837E+0
174.000000000000030E+0	-30.261462738264310E+0	20.367248136135810E+0
175.000000000000030E+0	-49.412042263827203E+0	31.168516057572571E+0
176.000000000000030E+0	-127.382223269603320E+0	64.470388833450087E+0
177.000000000000030E+0	-97.595436625276690E+0	64.554995769006581E+0
178.000000000000030E+0	-100.473887323540740E+0	61.851062852587361E+0
179.000000000000030E+0	-7.169403526028819E+0	6.501109375497398E+0
180.000000000000030E+0	-85.199224902976937E+0	86.462543401963373E+0
181.000000000000030E+0	-124.960008253813500E+0	138.045857578253080E+0
182.000000000000030E+0	-31.733297636693294E+0	50.771218506021455E+0
183.000000000000030E+0	-39.290887870711757E+0	62.637560845956202E+0
184.000000000000030E+0	-26.783010286674841E+0	64.514906879233024E+0
185.000000000000030E+0	-89.376926389133558E+0	129.242531861238290E+0
186.000000000000030E+0	-164.444898409360010E+0	221.315095942341490E+0
187.000000000000030E+0	-107.375860104760250E+0	182.314800816510710E+0
188.000000000000030E+0	-29.492210727489038E+0	60.415023190565833E+0
189.000000000000030E+0	-15.085544864629123E+0	82.817369729181550E+0
190.000000000000030E+0	-20.776820427871890E+0	305.373900210631750E+0
191.000000000000030E+0	16.307370567479914E+0	313.531058669387500E+0
192.000000000000030E+0	39.785963577632870E+0	76.545742839350609E+0
193.000000000000030E+0	40.604005007576177E+0	88.381595605118406E+0
194.000000000000030E+0	47.915040747391188E+0	156.703423335077640E+0
195.000000000000030E+0	46.825893059046173E+0	107.027844598550050E+0
196.000000000000030E+0	68.788928833717819E+0	114.258557928552680E+0
197.000000000000030E+0	55.329438477426301E+0	92.125089276303328E+0
198.000000000000030E+0	8.023547027754548E+0	17.228787029529535E+0
199.000000000000030E+0	62.455692978251889E+0	176.743830704391030E+0
200.000000000000030E+0	51.772738508571329E+0	200.301877884780540E+0
201.000000000000030E+0	-420.077396002118240E-3	64.025701118433886E+0
202.000000000000030E+0	14.074111338186052E+0	44.364804461888738E+0
203.000000000000030E+0	23.425794042537003E+0	42.173308786953847E+0
204.000000000000030E+0	75.562752786270224E+0	123.515359994721460E+0
205.000000000000030E+0	76.739942962911954E+0	70.291344020292101E+0
206.000000000000030E+0	75.193092745654994E+0	65.100229995579539E+0
207.000000000000030E+0	33.713601808241542E+0	5.514880878734205E+0
208.000000000000030E+0	68.742296190219946E+0	17.102322996733349E+0
209.000000000000030E+0	130.964955907212560E+0	42.427940517680028E+0
210.000000000000030E+0	59.400389290107242E+0	6.494420251373657E+0
211.000000000000030E+0	12.839675226216334E+0	-7.786870392493003E+0
212.000000000000030E+0	35.099331089257326E+0	114.949548668905690E-3
213.000000000000030E+0	26.458114609053148E+0	2.656166628870577E+0
214.000000000000030E+0	11.255972458234178E+0	2.003420108755606E+0
215.000000000000030E+0	199.247727630176650E-3	3.841473257931932E+0
216.000000000000030E+0	-2.173246857132020E+0	-1.725255813320665E+0
217.000000000000030E+0	4.863719072736897E+0	-5.423646009319635E+0
218.000000000000030E+0	20.314835455937803E+0	8.485287742796661E+0
219.000000000000030E+0	8.998263268341066E+0	25.148727219203671E+0
220.000000000000030E+0	-5.262983074982872E+0	16.666592114587356E+0
221.000000000000030E+0	-5.787554844987252E+0	7.085077990589570E+0
222.000000000000030E+0	-3.224368955714156E+0	13.224921302996364E+0
223.000000000000030E+0	-1.480604685336808E+0	29.916309909480475E+0
224.000000000000030E+0	277.894249825374750E-3	11.547643284852736E+0
225.000000000000030E+0	5.720182535157349E+0	27.604753581956743E+0
226.000000000000030E+0	-2.537072958622927E+0	14.309050465268015E+0
227.000000000000030E+0	5.371133267685713E+0	11.836930058486349E+0
228.000000000000030E+0	11.318899658383579E+0	37.905907842731509E+0
229.000000000000030E+0	4.559055033514505E+0	22.043611476644362E+0
230.000000000000030E+0	3.220878668591147E+0	9.011001095638738E+0
231.000000000000030E+0	6.424172093954150E+0	33.264696911302259E+0
232.000000000000030E+0	-2.452200574556614E+0	47.769908537069348E+0
233.000000000000030E+0	-9.976760119008244E+0	29.195369495804321E+0
234.000000000000030E+0	-6.226384660411140E+0	23.108600182379305E+0
235.000000000000030E+0	-1.034578350330840E+0	8.285108614903290E+0
236.000000000000030E+0	11.024801468047219E+0	20.770742219944928E+0
237.000000000000030E+0	10.712766284802452E+0	35.677168109030184E+0
238.000000000000030E+0	17.120564671635478E+0	41.978082485393799E+0
239.000000000000030E+0	10.749338841001961E+0	19.989888722760778E+0
240.000000000000030E+0	3.544804784996374E+0	9.884180001836389E+0
241.000000000000030E+0	25.990595088242095E+0	30.353615964892281E+0
242.000000000000030E+0	19.694676827683487E+0	21.170659020588278E+0
243.000000000000030E+0	11.013181832616890E+0	11.983165221075545E+0
244.000000000000030E+0	26.136395869946199E+0	23.659660161211612E+0
245.000000000000030E+0	11.003205316127744E+0	9.236911867519316E+0
246.000000000000030E+0	28.291851505291607E+0	21.574437706034764E+0
247.000000000000030E+0	38.692999586330174E+0	25.823646299602853E+0
248.000000000000030E+0	23.794275477114635E+0	21.260949846638336E+0
249.000000000000030E+0	5.911713291450383E+0	20.006824983640836E+0
250.000000000000030E+0	-9.799242953022722E+0	12.303133079849644E+0
251.000000000000030E+0	-6.084463753950206E+0	2.864513125211281E+0
252.000000000000030E+0	-5.379810934606652E+0	-6.590833156930520E+0
253.000000000000030E+0	1.700863582859637E+0	-14.774509903607665E+0
254.000000000000030E+0	5.769142126289841E+0	-20.701003546143909E+0
255.000000000000030E+0	15.518091347414686E+0	-19.469177110964818E+0
256.000000000000060E+0	19.963231136870871E+0	-2.376697142159537E+0
257.000000000000060E+0	7.276730038525628E+0	2.412914918351779E+0
258.000000000000060E+0	10.086569599955343E+0	253.971224574233990E-3
259.000000000000060E+0	-14.055948949859019E+0	34.896765657705181E+0
260.000000000000060E+0	-50.263843804349534E+0	73.004726005417837E+0
261.000000000000060E+0	-29.881296108903079E+0	33.141255148187874E+0
262.000000000000060E+0	-31.287168755878167E+0	25.508377143194046E+0
263.000000000000060E+0	-27.687145965314734E+0	21.638584588584951E+0
264.000000000000060E+0	-13.985238794844921E+0	23.212340751958294E+0
265.000000000000060E+0	-4.671408836375963E+0	43.943118538855238E+0
266.000000000000060E+0	2.274423581065893E+0	61.036518739634076E+0
267.000000000000060E+0	2.039758016401623E+0	70.226240397460444E+0
268.000000000000060E+0	6.041116342019530E+0	30.866370127319421E+0
269.000000000000060E+0	10.137911468714556E+0	101.007265787150430E+0
270.000000000000060E+0	39.756964611768964E+0	163.814224056638010E+0
271.000000000000060E+0	11.622698396439414E+0	46.469659938341280E+0
272.000000000000060E+0	12.320142094870613E+0	44.829543435849523E+0
273.000000000000060E+0	34.452349287876650E+0	46.510671747956572E+0
274.000000000000060E+0	41.561454010970408E+0	42.057235217419148E+0
275.000000000000060E+0	43.007170692900715E+0	53.592920743380674E+0
276.000000000000060E+0	47.464530007149023E+0	64.515391350860071E+0
277.000000000000060E+0	8.690292925099291E+0	14.823166079579384E+0
278.000000000000060E+0	48.469474731723473E+0	36.340225293251748E+0
279.000000000000060E+0	75.810789404681387E+0	71.372922676602087E+0
280.000000000000060E+0	38.049857455917660E+0	53.690406517536829E+0
281.000000000000060E+0	17.851447595485631E+0	27.941395228663584E+0
282.000000000000060E+0	28.854447567403223E+0	19.392229381452019E+0
283.000000000000060E+0	86.858010229130926E+0	61.721941826449417E+0
284.000000000000060E+0	38.422924697415624E+0	30.951534216900615E+0
285.000000000000060E+0	47.195233564224189E+0	38.713965255811743E+0
286.000000000000060E+0	54.091909289467559E+0	37.362140165331532E+0
287.000000000000060E+0	15.028311145301007E+0	8.407997562168038E+0
288.000000000000060E+0	88.703233849811596E+0	45.707435293284519E+0
289.000000000000060E+0	78.956329376842547E+0	35.378520815665567E+0
290.000000000000060E+0	26.386752863818163E+0	8.688953566682319E+0
291.000000000000060E+0	40.178821919658681E+0	14.286935594969790E+0
292.000000000000060E+0	64.024393513147260E+0	17.064663975767193E+0
293.000000000000060E+0	58.034308119919615E+0	15.359858724072797E+0
294.000000000000060E+0	45.625134758885807E+0	20.655380023848757E+0
295.000000000000060E+0	37.506534919215554E+0	21.263268810113011E+0
296.000000000000060E+0	21.947630009499029E+0	12.230053562476696E+0
297.000000000000060E+0	30.023213671526868E+0	5.643747545666253E+0
298.000000000000060E+0	68.595298475451358E+0	27.717911376710539E+0
299.000000000000060E+0	49.455280024432731E+0	34.146672872319485E+0
300.000000000000060E+0	12.252450174215657E+0	15.736263303299165E+0
301.000000000000060E+0	51.747902319053857E+0	20.158657457475481E+0
302.000000000000060E+0	128.483948402440210E+0	51.600976177725407E+0
303.000000000000060E+0	36.229433303989239E+0	19.182582808519030E+0
304.000000000000060E+0	73.694839828646366E+0	27.657986586035072E+0
305.000000000000060E+0	49.006724348150328E+0	9.732638271502434E+0
306.000000000000060E+0	42.620458962177665E+0	13.763544030445184E+0
307.000000000000060E+0	86.347988324443293E+0	20.378483304496804E+0
308.000000000000060E+0	61.089165039585850E+0	10.604979152107699E+0
309.000000000000060E+0	32.415822827082479E+0	3.965270171895228E+0
310.000000000000060E+0	32.450237299472306E+0	5.628675341666201E+0
311.000000000000060E+0	75.402419004033661E+0	11.807311020878732E+0
312.000000000000060E+0	67.951035254478342E+0	6.543328835982126E+0
313.000000000000060E+0	28.376605968728292E+0	2.144902436510796E+0
314.000000000000060E+0	44.884787569013511E+0	5.286879309166920E+0
315.000000000000060E+0	46.179731441670590E+0	4.622185067835949E+0
316.000000000000060E+0	40.720766173649451E+0	4.301663701022473E+0
317.000000000000060E+0	77.974070462159830E+0	3.560378581143550E+0
318.000000000000060E+0	50.686871834918193E+0	2.775826023992399E+0
319.000000000000060E+0	12.893281834485368E+0	1.956272698693719E+0
320.000000000000060E+0	73.002543899169694E+0	3.214947894603370E+0
321.000000000000060E+0	78.271596232306365E+0	4.067074602049824E+0
322.000000000000060E+0	28.533402463702100E+0	1.106286730120204E+0
323.000000000000060E+0	41.395859777595398E+0	2.483228424149945E+0
324.000000000000060E+0	29.504127695433414E+0	4.299072903442492E+0
325.000000000000060E+0	57.841131104228793E+0	3.759107489107365E+0
326.000000000000060E+0	55.149196234983734E+0	5.690598823104439E+0
327.000000000000060E+0	49.749840907745067E+0	3.166733074485721E+0
328.000000000000060E+0	38.855919836758112E+0	3.992366904503123E+0
329.000000000000060E+0	29.772169156527013E+0	2.285684889025537E+0
330.000000000000060E+0	136.883941789478140E+0	20.017877686371108E+0
331.000000000000060E+0	76.645536083876294E+0	14.875047933094759E+0
332.000000000000060E+0	31.652025356145295E+0	10.325360016303840E+0
333.000000000000060E+0	54.487552585493084E+0	7.378205381058580E+0
334.000000000000060E+0	93.912486357345074E+0	3.390158156035076E+0
335.000000000000060E+0	84.254826007699947E+0	-157.844538680557010E-3
336.000000000000060E+0	153.702556789717220E+0	-10.752902424572367E+0
337.000000000000060E+0	84.833105730553498E+0	-18.919582344686937E+0
338.000000000000060E+0	86.429985029220717E+0	-30.477510942447179E+0
339.000000000000060E+0	271.183574220317550E+0	-109.446357917104590E+0
340.000000000000060E+0	222.006570645352670E+0	-146.982960943482400E+0
341.000000000000060E+0	127.180042178695540E+0	-122.509530991284720E+0
342.000000000000060E+0	60.103310400611619E+0	-74.284120926512827E+0
343.000000000000060E+0	35.942524481078287E+0	-138.839113423193250E+0
344.000000000000060E+0	17.914017940924744E+0	-166.843141584725520E+0
345.000000000000060E+0	11.203422300315001E+0	-56.082589000909095E+0
346.000000000000060E+0	11.430744534538253E+0	-47.272873777263918E+0
347.000000000000060E+0	11.618260904416125E+0	-24.644847693695418E+0
348.000000000000060E+0	28.114416441342485E+0	-13.007466445269538E+0
349.000000000000060E+0	65.726061593835723E+0	-36.495352401331417E+0
350.000000000000060E+0	31.746630249315235E+0	-3.504862308652362E+0
351.000000000000060E+0	12.130350380010876E+0	-7.601946890887059E+0
352.000000000000060E+0	39.694515622837414E+0	-19.299549669574507E+0
353.000000000000060E+0	57.051744313819668E+0	-14.539864198313751E+0
354.000000000000060E+0	51.544362568036398E+0	-20.274921750056883E+0
355.000000000000060E+0	43.121885534582766E+0	-20.888764056285375E+0
356.000000000000060E+0	38.694359457064642E+0	-17.993002623610657E+0
357.000000000000060E+0	48.989103511607105E+0	-13.960331388526351E+0
358.000000000000060E+0	70.362301158501779E+0	-32.102326251045959E+0
359.000000000000060E+0	74.604283576147466E+0	-43.694354651101761E+0
360.000000000000060E+0	55.640990245605487E+0	-41.410733771091081E+0
361.000000000000060E+0	40.000328507488710E+0	-8.293896956316194E+0
362.000000000000060E+0	166.166548288971740E+0	-63.368376207167920E+0
363.000000000000060E+0	119.833291451167240E+0	-53.562213698406914E+0
364.000000000000060E+0	96.659851382973727E+0	-27.990391792084818E+0
365.000000000000060E+0	100.654794522181580E+0	-40.280344643849226E+0
366.000000000000060E+0	52.829630335501257E+0	-30.092631644155318E+0
367.000000000000060E+0	106.842835721274060E+0	-106.043377756390440E+0
368.000000000000060E+0	137.283383413201820E+0	-170.721981256420490E+0
369.000000000000060E+0	58.578635727190843E+0	-77.972763301534329E+0
370.000000000000060E+0	37.591291977728623E+0	-67.991083265164320E+0
371.000000000000060E+0	57.988358029389055E+0	-130.631855085895890E+0
372.000000000000060E+0	111.387889590351360E+0	-233.879555788168940E+0
373.000000000000060E+0	65.973043929478322E+0	-145.630382085279510E+0
374.000000000000060E+0	29.257415592758839E+0	-74.388776992752099E+0
375.000000000000060E+0	25.103482906858872E+0	-122.175931721141570E+0
376.000000000000060E+0	28.406671585944185E+0	-156.268778709109400E+0
377.000000000000060E+0	9.125517780400198E+0	-197.928055367810690E+0
378.000000000000060E+0	-20.116815872028315E+0	-244.163280493546010E+0
379.000000000000060E+0	-8.760461738485988E+0	-99.024617200995308E+0
380.000000000000060E+0	-25.261870371318071E+0	-107.622160984131230E+0
381.000000000000060E+0	-118.083950581066990E+0	-237.041592441944030E+0
382.000000000000060E+0	-79.495329412448967E+0	-84.309817593853623E+0
383.000000000000060E+0	-84.112631643402125E+0	-78.334291780324321E+0
384.000000000000060E+0	-52.378441204905108E+0	-45.984265006421154E+0
385.000000000000060E+0	-88.774278497671176E+0	-40.889506679250772E+0
386.000000000000060E+0	-126.973594520262650E+0	-63.815192363574376E+0
387.000000000000060E+0	-59.675547410873619E+0	-41.963832911157660E+0
388.000000000000060E+0	-43.588422142229604E+0	-44.804335294333320E+0
389.000000000000060E+0	-14.650412290616567E+0	-22.101810142168460E+0
390.000000000000060E+0	-30.615850118105243E+0	-55.047592631117581E+0
391.000000000000060E+0	-43.925168050236401E+0	-72.339629364291198E+0
392.000000000000060E+0	-15.089274924433761E+0	-33.799711099820712E+0
393.000000000000060E+0	-10.377504036552134E+0	-13.507825719551235E+0
394.000000000000060E+0	-36.524188930161458E+0	-42.329682730067788E+0
395.000000000000060E+0	-27.890412294130346E+0	-39.843694969613004E+0
396.000000000000060E+0	-46.624236597634145E+0	-62.849601220651174E+0
397.000000000000060E+0	-30.395784725265493E+0	-39.177039149615794E+0
398.000000000000060E+0	-13.772245245762573E+0	-20.001946025624022E+0
399.000000000000060E+0	-28.927358218543532E+0	-43.275833788598462E+0
400.000000000000060E+0	-59.972137716424605E+0	-58.319889123665256E+0
401.000000000000060E+0	-45.146482850808383E+0	-35.201315646718072E+0
402.000000000000060E+0	-33.990750136546509E+0	-23.828965821727383E+0
403.000000000000060E+0	-22.222401436183635E+0	-18.864396523334491E+0
404.000000000000060E+0	-73.144431974994745E+0	-48.833611381721496E+0
405.000000000000060E+0	-41.668092767612315E+0	-25.684541418594115E+0
406.000000000000060E+0	-33.531881120014084E+0	-20.105003567321777E+0
407.000000000000060E+0	-28.758268064034446E+0	-15.749686023062571E+0
408.000000000000060E+0	-2.601619377206024E+0	-3.272672848373207E+0
409.000000000000060E+0	-32.665766614563303E+0	20.665922824677022E+0
410.000000000000060E+0	-27.745523348698420E+0	26.513149675997738E+0
411.000000000000060E+0	-15.962791018372144E+0	13.343511876323342E+0
412.000000000000060E+0	-22.114341717270655E+0	-904.230965612029760E-3
413.000000000000060E+0	-23.340635096858726E+0	-11.910388865107198E+0
414.000000000000060E+0	-10.426827861890267E+0	-17.809689684037210E+0
415.000000000000060E+0	3.816420660564564E+0	-15.375470187482904E+0
416.000000000000060E+0	4.763292031218314E+0	-11.430191941345925E+0
417.000000000000060E+0	19.107014421915380E+0	-6.102620703741968E+0
418.000000000000060E+0	24.215474598669477E+0	11.905197757881341E+0
419.000000000000060E+0	3.353731122231367E+0	9.769590922991108E+0
420.000000000000060E+0	-6.821948106092113E+0	-2.783154312950661E+0
421.000000000000060E+0	-11.732559956111110E+0	-5.292035929651701E+0
422.000000000000060E+0	8.333155969997700E+0	-57.789814817875097E+0
423.000000000000060E+0	22.690110667550766E+0	-83.546537745859311E+0
424.000000000000060E+0	15.302462734523953E+0	-46.502104771909181E+0
425.000000000000060E+0	35.031172242822151E+0	-47.755215408784096E+0
426.000000000000060E+0	29.816215793058717E+0	-28.768447070381633E+0
427.000000000000060E+0	8.357968730258994E+0	-9.414697093599925E+0
428.000000000000060E+0	4.595291836971148E+0	-65.776065470761480E+0
429.000000000000060E+0	-13.895707358659854E+0	-32.802868900108464E+0
430.000000000000060E+0	-12.999174905613611E+0	-16.435581097014989E+0
431.000000000000060E+0	-60.289034084986824E+0	-21.001057243018653E+0
432.000000000000060E+0	-133.594268119059710E+0	-139.233144817061860E+0
433.000000000000060E+0	-102.847659456378850E+0	-132.505692014059800E+0
434.000000000000060E+0	-26.816241569492604E+0	-59.309774270733428E+0
435.000000000000060E+0	-11.507958523397695E+0	-36.293970994431241E+0
436.000000000000060E+0	-14.377044499094186E+0	-46.259974463718343E+0
437.000000000000060E+0	-14.672812419158372E+0	-33.601124205158754E+0
438.000000000000060E+0	-67.046552662215205E+0	-42.552878321424252E+0
439.000000000000060E+0	-33.460685031912696E+0	-27.488399117297625E+0
440.000000000000060E+0	-17.522251794315881E+0	192.381942460154280E-3
441.000000000000060E+0	-111.697955806664520E+0	-66.642756293512676E+0
442.000000000000060E+0	-99.098913707990988E+0	-51.992513942905987E+0
443.000000000000060E+0	-58.677575024867067E+0	-42.059111802633289E+0
444.000000000000060E+0	-46.179918560811679E+0	-37.231558667687480E+0
445.000000000000060E+0	-17.329063047814792E+0	-15.881871210579012E+0
446.000000000000060E+0	-63.198582965587818E+0	-14.312509030252105E+0
447.000000000000060E+0	-69.066574060804214E+0	-8.719962642022502E+0
448.000000000000060E+0	-53.727582129080858E+0	-269.804817047088750E-3
449.000000000000060E+0	-35.175832246140132E+0	-2.554945522011832E+0
450.000000000000060E+0	-25.721360352471585E+0	-8.635011307478107E+0
451.000000000000060E+0	-79.141249381716165E+0	-10.667259839207395E+0
452.000000000000060E+0	-43.542036098282487E+0	-7.516847723397525E+0
453.000000000000060E+0	-9.172193885044802E+0	-4.645933840023600E+0
454.000000000000060E+0	-9.266743991406383E+0	1.911712512472478E+0
455.000000000000060E+0	-20.561046913156975E+0	3.833152997018840E+0
456.000000000000060E+0	-19.418697435400567E+0	-7.307920321532824E+0
457.000000000000060E+0	-6.954169808322549E+0	-5.878187520453491E+0
458.000000000000060E+0	-5.874529926283631E+0	1.245664508342364E+0
459.000000000000060E+0	-1.878971791057729E+0	-9.051172730634034E+0
460.000000000000060E+0	2.655820716968121E+0	-24.150546852070683E+0
461.000000000000060E+0	6.515018822840346E+0	-13.384662115156829E+0
462.000000000000060E+0	3.167266848082144E+0	-9.745204241989740E+0
463.000000000000060E+0	2.452876422963264E+0	-7.336325338609575E+0
464.000000000000060E+0	9.375059394849670E+0	-19.053174110377448E+0
465.000000000000060E+0	14.304568109209276E+0	-34.421567445656095E+0
466.000000000000060E+0	10.917717006747134E+0	-26.296901042768013E+0
467.000000000000060E+0	8.555404337604163E+0	-35.139461762255486E+0
468.000000000000060E+0	4.565334911601758E+0	-25.466763634185753E+0
469.000000000000060E+0	29.089846397687801E+0	-48.460332484039647E+0
470.000000000000060E+0	38.231757140891929E+0	-122.592147799274160E+0
471.000000000000060E+0	18.007805382755258E+0	-60.351265400716144E+0
472.000000000000060E+0	-1.353105080085154E+0	-32.425034419885094E+0
473.000000000000060E+0	-7.922033214236405E+0	-81.546293017133166E+0
474.000000000000060E+0	-28.419038703721078E+0	-137.093624102531720E+0
475.000000000000060E+0	-65.757019653111271E+0	-174.093907407257230E+0
476.000000000000060E+0	-58.501916306892134E+0	-142.416533312757250E+0
477.000000000000060E+0	-25.641197073279120E+0	-86.120174046790424E+0
478.000000000000060E+0	-34.929993421331019E+0	-54.782123235965287E+0
479.000000000000060E+0	-125.987757204157290E+0	-112.960275804994440E+0
480.000000000000060E+0	-100.536934526221120E+0	-69.855767171697238E+0
481.000000000000060E+0	-60.935238233364409E+0	-27.397068892903302E+0
482.000000000000060E+0	-49.164264534300585E+0	-19.109865780926036E+0
483.000000000000060E+0	-197.431636097648660E+0	-82.239669189715371E+0
484.000000000000060E+0	-166.212707769214320E+0	-53.160984723553781E+0
485.000000000000060E+0	-88.872779132663425E+0	-33.072835513031052E+0
486.000000000000060E+0	-97.364433477524102E+0	-20.504461420113245E+0
487.000000000000060E+0	-26.757402427889616E+0	-3.059898316386923E+0
488.000000000000060E+0	-148.549404076636340E+0	19.022387677776827E+0
489.000000000000060E+0	-143.561732137449160E+0	30.386166144055426E+0
490.000000000000060E+0	-63.879665998470500E+0	27.339021891586405E+0
491.000000000000060E+0	-45.715521900436329E+0	10.484063705345312E+0
492.000000000000060E+0	-87.516888178415868E+0	17.852817881248455E+0
493.000000000000060E+0	-115.613077440124200E+0	34.347861704023700E+0
494.000000000000060E+0	-83.098188730785324E+0	28.104427483200009E+0
495.000000000000060E+0	-44.553244530842328E+0	10.391388328084982E+0
496.000000000000060E+0	-41.081578784434548E+0	17.960172918794633E+0
497.000000000000060E+0	-59.684660145711533E+0	35.510338404662114E+0
498.000000000000060E+0	-126.287856112626850E+0	58.350713641841025E+0
499.000000000000060E+0	-86.656076886193460E+0	46.175910479302011E+0
500.000000000000060E+0	-30.055522337723723E+0	21.705336371253530E+0
501.000000000000060E+0	-51.341731045515033E+0	22.126616948275299E+0
502.000000000000060E+0	-132.575734563277710E+0	80.820532827646431E+0
503.000000000000060E+0	-72.049551145268708E+0	43.441629417663769E+0
504.000000000000060E+0	-29.660510563817429E+0	28.681549402588949E+0
505.000000000000060E+0	-21.178331841795270E+0	60.721727969660819E+0
506.000000000000060E+0	-44.248647219622967E+0	55.279250307442545E+0
507.000000000000060E+0	-67.060451709937013E+0	137.307961186830820E+0
508.000000000000060E+0	-27.242999381601255E+0	91.917433509205594E+0
509.000000000000060E+0	-13.444988666187403E+0	56.677549481631878E+0
510.000000000000060E+0	-409.708439162807030E-3	22.626694259567863E+0
511.000000000000060E+0	-14.948511584903096E+0	65.545102144484758E+0
512.000000000000110E+0	-5.927622750059635E+0	31.956369839290836E+0
513.000000000000110E+0	13.702871588956643E+0	373.330386627358400E-3
514.000000000000110E+0	10.379756316583535E+0	18.685108245368305E+0
515.000000000000110E+0	-10.035064812271155E+0	23.335827020502116E+0
516.000000000000110E+0	-22.026921662873761E+0	24.207317658723927E+0
517.000000000000110E+0	-40.622621434770103E+0	27.737473004772756E+0
518.000000000000110E+0	-27.817265289041632E+0	23.827533769180295E+0
519.000000000000110E+0	-8.032750619264865E+0	6.782856413816186E+0
520.000000000000110E+0	-36.785322581552549E+0	40.379090420780813E+0
521.000000000000110E+0	-63.552065512684223E+0	72.878175155031556E+0
522.000000000000110E+0	-39.302361753436081E+0	48.978545070840639E+0
523.000000000000110E+0	-13.836494272498708E+0	27.587836291211822E+0
524.000000000000110E+0	-8.170814870369025E+0	30.159686966335677E+0
525.000000000000110E+0	2.576801756185650E+0	71.309503739810651E+0
526.000000000000110E+0	20.755161243693085E+0	71.000643201943944E+0
527.000000000000110E+0	23.352586534650396E+0	39.334321983040994E+0
528.000000000000110E+0	19.796358884948155E+0	22.226140559547442E+0
529.000000000000110E+0	7.159802721167385E+0	5.175959583440112E+0
530.000000000000110E+0	30.080935941336701E+0	17.342152378786896E+0
531.000000000000110E+0	15.930615634336982E+0	9.543692870956551E+0
532.000000000000110E+0	1.525897409498849E+0	4.479150665235102E+0
533.000000000000110E+0	-5.196709749493654E+0	1.126910453545369E+0
534.000000000000110E+0	-2.071482956675369E+0	-2.729258911719196E+0
535.000000000000110E+0	-5.923440242574680E+0	2.375133103693357E+0
536.000000000000110E+0	-10.797780589507990E+0	4.450111999988470E+0
537.000000000000110E+0	-9.513607003260367E+0	3.942768931944194E+0
538.000000000000110E+0	-7.868351158770932E+0	94.916520346821326E-3
539.000000000000110E+0	-24.896793052944609E+0	-1.441140275584900E+0
540.000000000000110E+0	-28.910031761240550E+0	5.717248076487295E+0
541.000000000000110E+0	-26.046357026529215E+0	4.620979640024880E+0
542.000000000000110E+0	-6.342062259641699E+0	-1.173142688134598E+0
543.000000000000110E+0	-21.667837510309187E+0	12.199169959324013E+0
544.000000000000110E+0	-43.663657829348196E+0	24.166728026197376E+0
545.000000000000110E+0	-30.424140754921506E+0	11.156841948797915E+0
546.000000000000110E+0	-31.339071960581769E+0	14.471279963423266E+0
547.000000000000110E+0	-18.657429994910650E+0	8.502584623006298E+0
548.000000000000110E+0	-24.192055518943764E+0	6.604379410314816E+0
549.000000000000110E+0	-84.081719027980654E+0	29.233355333797569E+0
550.000000000000110E+0	-45.634917954814412E+0	12.521843203425158E+0
551.000000000000110E+0	-11.797276227260884E+0	2.996085634134050E+0
552.000000000000110E+0	-18.665665973226631E+0	20.674684065722136E+0
553.000000000000110E+0	-52.999223219063879E+0	42.249782774047055E+0
554.000000000000110E+0	-69.471594204439228E+0	54.348609409748619E+0
555.000000000000110E+0	-31.253994363447180E+0	24.412703189764478E+0
556.000000000000110E+0	-37.221166309394626E+0	23.437460626766239E+0
557.000000000000110E+0	-23.763238975284047E+0	14.345811209422987E+0
558.000000000000110E+0	-54.326378178242201E+0	47.065528741342334E+0
559.000000000000110E+0	-59.915361784396126E+0	70.705873236612234E+0
560.000000000000110E+0	-25.043578756562212E+0	39.192088423457939E+0
561.000000000000110E+0	-9.916882298411615E+0	14.956806372163934E+0
562.000000000000110E+0	-63.243272354889640E+0	94.934244026835017E+0
563.000000000000110E+0	-48.071687559658010E+0	86.101272747321332E+0
564.000000000000110E+0	-19.502244122512277E+0	51.843349212963332E+0
565.000000000000110E+0	-24.354306892213788E+0	62.743658667386455E+0
566.000000000000110E+0	-14.777969457395272E+0	27.340550398999561E+0
567.000000000000110E+0	-40.976556222274333E+0	87.584307933538000E+0
568.000000000000110E+0	-27.897080572559851E+0	102.232371966050170E+0
569.000000000000110E+0	-14.781957183262557E+0	83.252154353076349E+0
570.000000000000110E+0	659.697729496969480E-3	35.387353705344609E+0
571.000000000000110E+0	-21.332663225200001E+0	83.917381227922490E+0
572.000000000000110E+0	-35.996040321691105E+0	174.581899130883810E+0
573.000000000000110E+0	-12.110924000184898E+0	117.938694568048080E+0
574.000000000000110E+0	-6.665862781834798E+0	36.652844194291447E+0
575.000000000000110E+0	3.468465248866513E+0	60.242971803059518E+0
576.000000000000110E+0	5.817560379493001E+0	58.372728835849649E+0
577.000000000000110E+0	5.338062215272789E+0	148.362998496710530E+0
578.000000000000110E+0	-4.752489555638016E+0	154.830967618730680E+0
579.000000000000110E+0	-5.771683500730018E+0	48.750447988981669E+0
580.000000000000110E+0	1.600712122389417E+0	60.846875850620414E+0
581.000000000000110E+0	-12.590350102535883E+0	269.976214747811130E+0
582.000000000000110E+0	637.524486754671440E-3	233.069895154891180E+0
583.000000000000110E+0	1.988606855866895E+0	141.697552052883400E+0
584.000000000000110E+0	851.236287553665980E-3	111.017163087764890E+0
585.000000000000110E+0	57.043631130847544E+0	140.356802676592140E+0
586.000000000000110E+0	205.030872742175520E+0	299.451600335533730E+0
587.000000000000110E+0	205.559992026751670E+0	213.246866446710190E+0
588.000000000000110E+0	233.628793669086550E+0	150.366962633442140E+0
589.000000000000110E+0	60.266132852419581E+0	27.075251831442273E+0
590.000000000000110E+0	296.176316690960790E+0	100.819615059238830E+0
591.000000000000110E+0	445.949390879939410E+0	75.445242112519722E+0
592.000000000000110E+0	167.991110960419830E+0	9.428373549893498E+0
593.000000000000110E+0	87.142858133455562E+0	7.073557804713024E+0
594.000000000000110E+0	127.551692544827190E+0	-5.579142240254178E+0
595.000000000000110E+0	168.716825507244980E+0	-16.651751553198913E+0
596.000000000000110E+0	212.825395850989080E+0	-40.489431228188550E+0
597.000000000000110E+0	158.453593650875320E+0	-46.704574745765427E+0
598.000000000000110E+0	58.313848872679955E+0	-23.123776409636790E+0
599.000000000000110E+0	125.593518403647370E+0	-30.202237712001057E+0
600.000000000000110E+0	243.654740259195560E+0	-73.646486921165518E+0
601.000000000000110E+0	218.803588144030580E+0	-81.129694314438637E+0
602.000000000000110E+0	52.361520132106833E+0	-26.074503724028290E+0
603.000000000000110E+0	72.000177381263114E+0	-36.480681657152317E+0
604.000000000000110E+0	162.030184364212940E+0	-89.994809855706592E+0
605.000000000000110E+0	156.918596296455520E+0	-90.156048168955721E+0
606.000000000000110E+0	111.236495118286300E+0	-73.770490191569905E+0
607.000000000000110E+0	100.653598388262810E+0	-73.492913742376189E+0
608.000000000000110E+0	23.303930083603301E+0	-21.608050180590645E+0
609.000000000000110E+0	208.820265588996280E+0	-173.715391826852480E+0
610.000000000000110E+0	174.353557667208580E+0	-158.339509925425010E+0
611.000000000000110E+0	61.414838221733682E+0	-58.134588671618530E+0
612.000000000000110E+0	32.600496459425877E+0	-37.073581193779191E+0
613.000000000000110E+0	88.072614101305206E+0	-81.798046135334729E+0
614.000000000000110E+0	141.559631669037970E+0	-127.219373996543550E+0
615.000000000000110E+0	98.565956149081018E+0	-90.746943571961935E+0
616.000000000000110E+0	71.282259760338206E+0	-65.813584862010458E+0
617.000000000000110E+0	34.463383465687158E+0	-45.362749101557334E+0
618.000000000000110E+0	76.273877626279614E+0	-102.837615455046150E+0
619.000000000000110E+0	170.647989293038020E+0	-231.199877036597850E+0
620.000000000000110E+0	132.621125851592950E+0	-190.414441265859180E+0
621.000000000000110E+0	11.206472497660341E+0	-39.965381241409013E+0
622.000000000000110E+0	87.614854596340109E+0	-150.365712793160330E+0
623.000000000000110E+0	122.603652776288610E+0	-274.047676768835230E+0
624.000000000000110E+0	59.996186075407913E+0	-176.293931418844240E+0
625.000000000000110E+0	44.900684610379372E+0	-144.574233178481190E+0
626.000000000000110E+0	14.315152561965300E+0	-85.217839007667251E+0
627.000000000000110E+0	3.062683384250057E+0	-95.237503135236508E+0
628.000000000000110E+0	25.979909057820379E+0	-318.726700087311940E+0
629.000000000000110E+0	18.749833918632714E+0	-255.884036285421960E+0
630.000000000000110E+0	12.281909425949493E+0	-121.609116082006910E+0
631.000000000000110E+0	2.867255196760869E+0	-69.272630285977272E+0
632.000000000000110E+0	11.420962834472059E+0	-287.306702597936810E+0
633.000000000000110E+0	16.637833399547169E+0	-422.062357675980990E+0
634.000000000000110E+0	5.135534518301741E+0	-116.726206403652100E+0
635.000000000000110E+0	-28.459497403176773E+0	-161.471219677018040E+0
636.000000000000110E+0	-27.795361897342339E+0	-92.209719785802662E+0
637.000000000000110E+0	-119.702983425969290E+0	-292.085603413678310E+0
638.000000000000110E+0	-190.225294474219230E+0	-443.998680653072480E+0
639.000000000000110E+0	-149.946406186142840E+0	-283.164748859528460E+0
640.000000000000110E+0	-21.103643516454532E+0	-39.380913872726786E+0
641.000000000000110E+0	-236.845217694474570E+0	-264.522576831878550E+0
642.000000000000110E+0	-345.213893757030180E+0	-299.780260327083110E+0
643.000000000000110E+0	-244.171002347231340E+0	-179.436678245389090E+0
644.000000000000110E+0	-150.345638828040280E+0	-96.783414066646188E+0
645.000000000000110E+0	-102.028938549913580E+0	-44.328610527016991E+0
646.000000000000110E+0	-265.186051919391270E+0	-65.572723864068180E+0
647.000000000000110E+0	-316.622274919551100E+0	-60.833288910107534E+0
648.000000000000110E+0	-280.557436515553600E+0	-29.656604267594570E+0
649.000000000000110E+0	-110.489038472969240E+0	-5.693596260586586E+0
650.000000000000110E+0	-55.638762248849765E+0	4.503592373889004E+0
651.000000000000110E+0	-396.546715248526650E+0	56.984026770030695E+0
652.000000000000110E+0	-291.189897559098770E+0	56.272276144564579E+0
653.000000000000110E+0	-62.255663935689789E+0	21.065347980847648E+0
654.000000000000110E+0	-113.930788919519240E+0	35.129915909877795E+0
655.000000000000110E+0	-95.753655655457706E+0	37.749171317816177E+0
656.000000000000110E+0	-179.658233111215760E+0	67.988592919334451E+0
657.000000000000110E+0	-175.882939437212430E+0	69.799320724548622E+0
658.000000000000110E+0	-71.039514860787904E+0	28.032299206075276E+0
659.000000000000110E+0	-24.109156165231987E+0	8.719351350736446E+0
660.000000000000110E+0	-147.994761518034070E+0	62.212240324350695E+0
661.000000000000110E+0	-193.845703145696150E+0	78.181324831065027E+0
662.000000000000110E+0	-100.114957723919790E+0	41.399761763890737E+0
663.000000000000110E+0	-35.958850550286790E+0	22.179003375412474E+0
664.000000000000110E+0	-84.131547066968110E+0	48.394014210618664E+0
665.000000000000110E+0	-195.877938761144520E+0	117.712362023305670E+0
666.000000000000110E+0	-110.178595997494060E+0	68.332492073176695E+0
667.000000000000110E+0	-175.543880210774550E+0	116.868989965310900E+0
668.000000000000110E+0	-35.717422911665665E+0	25.563030003369263E+0
669.000000000000110E+0	-99.752341522175669E+0	113.971195939394960E+0
670.000000000000110E+0	-231.704160119173820E+0	322.530613538447770E+0
671.000000000000110E+0	-103.779757607196070E+0	182.420594177292860E+0
672.000000000000110E+0	-24.608391176251292E+0	57.849278888652144E+0
673.000000000000110E+0	-15.725452058231332E+0	116.049633231957050E+0
674.000000000000110E+0	8.386613376851402E+0	189.561832837806860E+0
675.000000000000110E+0	81.298037889888633E+0	280.507157983448220E+0
676.000000000000110E+0	79.042953011905794E+0	127.406224183113680E+0
677.000000000000110E+0	62.812209838591755E+0	68.746435657864524E+0
678.000000000000110E+0	38.955816662010996E+0	30.424886052265570E+0
679.000000000000110E+0	118.720046410099800E+0	78.492407604957947E+0
680.000000000000110E+0	132.960327506652500E+0	65.920959153138185E+0
681.000000000000110E+0	37.963424279319248E+0	17.255535748065608E+0
682.000000000000110E+0	13.340509306532443E+0	6.752826561521120E+0
683.000000000000110E+0	56.361014461429491E+0	25.779497425728159E+0
684.000000000000110E+0	54.009486413234228E+0	16.515177400356741E+0
685.000000000000110E+0	36.235159397909591E+0	12.284179106060163E+0
686.000000000000110E+0	32.445628524382926E+0	18.218973381591844E+0
687.000000000000110E+0	5.039521859532956E+0	2.101134874512191E+0
688.000000000000110E+0	36.784777405090999E+0	16.794372342776331E+0
689.000000000000110E+0	51.292344413331719E+0	20.770990741470580E+0
690.000000000000110E+0	22.898862093038129E+0	9.004549349808098E+0
691.000000000000110E+0	7.099210719677133E+0	1.752582231605298E+0
692.000000000000110E+0	17.995323533483621E+0	-2.972096266493788E+0
693.000000000000110E+0	62.323156880386477E+0	-862.842302105682910E-3
694.000000000000110E+0	33.396470592042974E+0	655.621843696376330E-3
695.000000000000110E+0	22.938369668948553E+0	2.344892919304925E+0
696.000000000000110E+0	17.627950729192868E+0	9.437395034432990E+0
697.000000000000110E+0	5.319598558737450E+0	2.516389048036979E+0
698.000000000000110E+0	26.215478599492030E+0	-7.558937745394482E+0
699.000000000000110E+0	25.940273994118058E+0	-11.439159135280196E+0
700.000000000000110E+0	1.714177530683003E+0	-7.491798417160117E+0
701.000000000000110E+0	10.773836140251811E+0	-5.048195673263661E+0
702.000000000000110E+0	15.085096404280762E+0	-26.054831378913867E+0
703.000000000000110E+0	11.745611042991946E+0	-36.330039733962607E+0
704.000000000000110E+0	6.072834300586064E+0	-22.526709815839439E+0
705.000000000000110E+0	10.193225154536817E+0	-14.072310888412526E+0
706.000000000000110E+0	1.283613244335326E+0	-1.254889780350251E+0
707.000000000000110E+0	-10.210086568345870E+0	-14.973844028222683E+0
708.000000000000110E+0	-12.177289136684735E+0	-13.708886525211080E+0
709.000000000000110E+0	-5.698388727901051E+0	-11.740047614296776E+0
710.000000000000110E+0	-1.352600752388505E+0	-2.240234561949353E+0
711.000000000000110E+0	6.063236771873834E+0	-9.988711089488103E+0
712.000000000000110E+0	6.212536559264602E+0	-13.801455578518674E+0
713.000000000000110E+0	2.595803989434279E+0	-6.216720993729986E+0
714.000000000000110E+0	3.923433020260970E+0	-1.968027810579198E+0
715.000000000000110E+0	2.251247840454834E+0	-1.371398097185156E+0
716.000000000000110E+0	1.309955650836931E+0	-8.112689568412943E+0
717.000000000000110E+0	12.249998455328031E+0	-20.806248982016925E+0
718.000000000000110E+0	9.135089764755337E+0	-15.547566362865780E+0
719.000000000000110E+0	2.412094412209110E+0	-4.902466313662345E+0
720.000000000000110E+0	5.008029433137179E+0	-15.835974771814445E+0
721.000000000000110E+0	16.850684913403306E+0	-50.720297534854566E+0
722.000000000000110E+0	13.346495108790316E+0	-48.132174668457885E+0
723.000000000000110E+0	2.850174979273535E+0	-18.954398801886203E+0
724.000000000000110E+0	-676.267990623710120E-3	-19.390577927278624E+0
725.000000000000110E+0	-1.348455938824937E+0	-62.371670736091843E+0
726.000000000000110E+0	-6.668335301596940E+0	-56.967679501187000E+0
727.000000000000110E+0	-21.423799158159660E+0	-67.047265099590504E+0
728.000000000000110E+0	-22.632550709340638E+0	-35.058259117852366E+0
729.000000000000110E+0	-3.839392650665951E+0	-3.542924649168606E+0
730.000000000000110E+0	-95.969881021850455E+0	-52.114261983559899E+0
731.000000000000110E+0	-118.621262129782370E+0	-35.996092133111205E+0
732.000000000000110E+0	-31.865439789571987E+0	-3.513063495136351E+0
733.000000000000110E+0	-33.445903675068521E+0	-6.832185720343435E+0
734.000000000000110E+0	-27.430399595864078E+0	-9.617517952794648E+0
735.000000000000110E+0	-70.079502733685643E+0	-9.666926666611619E+0
736.000000000000110E+0	-49.100622090531452E+0	-1.975954209839702E+0
737.000000000000110E+0	-32.090656983428296E+0	3.027339660971974E+0
738.000000000000110E+0	-10.188671214749490E+0	2.954807028799900E+0
739.000000000000110E+0	-32.262041975566646E+0	10.421056893327119E+0
740.000000000000110E+0	-76.445614714602584E+0	24.305010760554222E+0
741.000000000000110E+0	-42.952649216522190E+0	18.875660187133558E+0
742.000000000000110E+0	-7.773165382045218E+0	5.593365154494291E+0
743.000000000000110E+0	-31.567529409007385E+0	3.836404608567114E+0
744.000000000000110E+0	-40.477748480661873E+0	5.782309967649468E+0
745.000000000000110E+0	-18.641723409854460E+0	10.931558035373680E+0
746.000000000000110E+0	-29.295193869227081E+0	15.358195692548160E+0
747.000000000000110E+0	-11.808514111774471E+0	5.011478887547076E+0
748.000000000000110E+0	-10.033803829038856E+0	3.543530467073149E+0
749.000000000000110E+0	-38.654847905314682E+0	21.274838421733346E+0
750.000000000000110E+0	-32.170033960303755E+0	23.786232061370391E+0
751.000000000000110E+0	-14.810526128768185E+0	11.466930189152771E+0
752.000000000000110E+0	-10.341393422776497E+0	1.405833902912966E+0
753.000000000000110E+0	-26.457936131059977E+0	4.724640487636674E+0
754.000000000000110E+0	-35.920831313387268E+0	18.113440413507870E+0
755.000000000000110E+0	-14.254393966653705E+0	12.075143438056227E+0
756.000000000000110E+0	-18.985969663676105E+0	13.764458023707141E+0
757.000000000000110E+0	-10.445917140076832E+0	4.819622901167223E+0
758.000000000000110E+0	-20.764202809115851E+0	22.170663730387361E+0
759.000000000000110E+0	-51.574127343774947E+0	59.303320244576398E+0
760.000000000000110E+0	-21.851597278409123E+0	30.400177100017192E+0
761.000000000000110E+0	-8.381988122053254E+0	2.389918291599083E+0
762.000000000000110E+0	-28.894271758174177E+0	12.422488035112995E+0
763.000000000000110E+0	-44.275597035695249E+0	31.091125155655117E+0
764.000000000000110E+0	-19.474544400081051E+0	11.664572580210971E+0
765.000000000000110E+0	-6.768633948176820E+0	10.082232102527993E+0
766.000000000000110E+0	3.115855374508613E+0	5.388084212508036E+0
767.000000000000110E+0	1.538967432218259E+0	32.945643001825559E+0
768.000000000000110E+0	18.342740097133479E+0	43.774947032657437E+0
769.000000000000110E+0	15.680743244237608E+0	58.436043971315470E+0
770.000000000000110E+0	6.157383805845797E+0	21.968920653322350E+0
771.000000000000110E+0	-3.984562773784270E+0	4.635475006184466E+0
772.000000000000110E+0	2.922255007251640E+0	27.757080250877397E+0
773.000000000000110E+0	4.757170794117588E+0	13.711974766824364E+0
774.000000000000110E+0	4.035768498565155E+0	2.509908628013906E+0
775.000000000000110E+0	5.789786160356548E+0	470.319622905311260E-3
776.000000000000110E+0	7.640560933849391E+0	3.796564809933898E+0
777.000000000000110E+0	2.959630765822498E+0	5.481379998929432E+0
778.000000000000110E+0	7.761162975088513E+0	-4.859349755134599E+0
779.000000000000110E+0	2.615514838455279E+0	-2.050022223103302E+0
780.000000000000110E+0	2.321085029728025E+0	261.113236336731340E-3
781.000000000000110E+0	-1.575165911815795E+0	-4.127136957025186E+0
782.000000000000110E+0	-1.122309242871688E+0	-15.621642071220734E+0
783.000000000000110E+0	1.306304733326920E+0	-15.518211926337790E+0
784.000000000000110E+0	7.333993378573675E+0	-4.782678128556194E+0
785.000000000000110E+0	8.038060964829430E+0	2.079193691053876E+0
786.000000000000110E+0	3.882596416687041E+0	-1.536051261407333E+0
787.000000000000110E+0	314.260867411712160E-3	-4.699414156070214E+0
788.000000000000110E+0	-7.506554003102496E+0	-11.168343875996907E+0
789.000000000000110E+0	-1.710637175988686E+0	-5.102356366360934E+0
790.000000000000110E+0	-7.057254151670658E+0	-14.721187259233247E+0
791.000000000000110E+0	-24.920971224357842E+0	-58.233189382028989E+0
792.000000000000110E+0	-10.013129237922348E+0	-23.898771630839033E+0
793.000000000000110E+0	-8.645120924027214E+0	-14.478391424068514E+0
794.000000000000110E+0	-1.214338965249983E+0	-22.977406447562608E+0
795.000000000000110E+0	5.800247706636789E+0	-18.761127179607492E+0
796.000000000000110E+0	-7.261584781730127E+0	-19.739088936225713E+0
797.000000000000110E+0	-18.847708955906604E+0	-12.450189357807762E+0
798.000000000000110E+0	-9.963251247307728E+0	-2.521895066720209E+0
799.000000000000110E+0	-15.207029561851806E+0	-2.479245261261977E+0
800.000000000000110E+0	-71.527500971358705E+0	-22.665350399567117E+0
801.000000000000110E+0	-113.217797976331940E+0	-41.778281650733383E+0
802.000000000000110E+0	-35.265928590007910E+0	-15.093782451909187E+0
803.000000000000110E+0	-6.035439062555980E+0	-11.997288255087222E+0
804.000000000000110E+0	-29.014022732641763E+0	-9.506954043151278E+0
805.000000000000110E+0	-40.907755870107238E+0	-3.093968273288504E+0
806.000000000000110E+0	-40.591777260964854E+0	-516.158970969854190E-3
807.000000000000110E+0	-43.563996570724313E+0	-1.249580646017837E+0
808.000000000000110E+0	-4.298235610016599E+0	2.694180855531331E+0
809.000000000000110E+0	-95.001867220816990E+0	-12.262002000393441E+0
810.000000000000110E+0	-158.682176279083220E+0	-23.354388656059772E+0
811.000000000000110E+0	-71.662940370278548E+0	-22.111670926991149E+0
812.000000000000110E+0	-14.299572458039899E+0	-7.563030839522017E+0
813.000000000000110E+0	-24.054834301002185E+0	13.643918700791744E+0
814.000000000000110E+0	-121.303033695009360E+0	47.925156015760045E+0
815.000000000000110E+0	-76.716617849350058E+0	34.293255969388099E+0
816.000000000000110E+0	-40.640896123258358E+0	36.194607408794532E+0
817.000000000000110E+0	-34.861191881795044E+0	31.863547996184714E+0
818.000000000000110E+0	-25.059567140216345E+0	9.672239178133211E+0
819.000000000000110E+0	-78.405981850341092E+0	47.241170253961073E+0
820.000000000000110E+0	-63.631534311689279E+0	36.983811745280306E+0
821.000000000000110E+0	-9.234161378104501E+0	5.091815967522604E+0
822.000000000000110E+0	-10.130242493119974E+0	17.602246513720580E+0
823.000000000000110E+0	-46.933757868324790E+0	56.066446752392345E+0
824.000000000000110E+0	-34.803193222624571E+0	38.700312178086776E+0
825.000000000000110E+0	-43.270690978324090E+0	37.096188927532722E+0
826.000000000000110E+0	-23.756580455719682E+0	12.850120838487465E+0
827.000000000000110E+0	-20.851311536496155E+0	-1.190329163473363E+0
828.000000000000110E+0	-48.322643684470634E+0	12.411891705554655E+0
829.000000000000110E+0	-63.835512712647002E+0	23.409370502393436E+0
830.000000000000110E+0	-34.842118276902823E+0	9.323893646978897E+0
831.000000000000110E+0	-1.279348799818707E+0	3.641457622505794E+0
832.000000000000110E+0	-52.567069386145398E+0	34.110807370260225E+0
833.000000000000110E+0	-104.915099758938170E+0	71.614173512580393E+0
834.000000000000110E+0	-33.805313926692484E+0	26.387544858122215E+0
835.000000000000110E+0	-42.144155759777377E+0	12.766433302755381E+0
836.000000000000110E+0	-21.721749736064446E+0	5.606061823753597E+0
837.000000000000110E+0	-29.322613325256963E+0	20.765732771316379E+0
838.000000000000110E+0	-99.234058994910271E+0	72.170302090971262E+0
839.000000000000110E+0	-57.770692735974229E+0	45.098072691666729E+0
840.000000000000110E+0	-9.917371306418124E+0	13.509846160202917E+0
841.000000000000110E+0	-39.934544749725077E+0	29.154619567836743E+0
842.000000000000110E+0	-114.215485820741380E+0	83.446657100995665E+0
843.000000000000110E+0	-95.110851478135657E+0	68.493539098136040E+0
844.000000000000110E+0	-36.794702303409892E+0	28.852277498971326E+0
845.000000000000110E+0	-26.119748559913042E+0	23.707077925471541E+0
846.000000000000110E+0	-57.561495644815501E+0	58.532040034264540E+0
847.000000000000110E+0	-71.489872273378637E+0	77.194070511499575E+0
848.000000000000110E+0	-105.179150467436780E+0	122.552960085412950E+0
849.000000000000110E+0	-53.698413524305849E+0	67.989159967885953E+0
850.000000000000110E+0	-9.588264213227674E+0	8.336426485177807E+0
851.000000000000110E+0	-129.063078072487970E+0	168.699304861445450E+0
852.000000000000110E+0	-106.242976943221810E+0	152.312941978244400E+0
853.000000000000110E+0	-29.413753231962325E+0	53.628022231237026E+0
854.000000000000110E+0	-22.167692253292934E+0	59.358248140619807E+0
855.000000000000110E+0	-18.308999303706059E+0	59.732351773074527E+0
856.000000000000110E+0	-63.150942836010287E+0	156.698309010798450E+0
857.000000000000110E+0	-59.939281876009957E+0	165.042990240573200E+0
858.000000000000110E+0	-22.397352165033404E+0	76.055268824395597E+0
859.000000000000110E+0	-7.561706679150535E+0	30.302448471211022E+0
860.000000000000110E+0	-20.146291944810677E+0	66.854608519755160E+0
861.000000000000110E+0	-57.819052607111573E+0	220.720258151323520E+0
862.000000000000110E+0	-22.112393855751339E+0	100.363815233251470E+0
863.000000000000110E+0	3.076684022565779E+0	20.771639102758151E+0
864.000000000000110E+0	-21.132649469706735E+0	68.066181875306015E+0
865.000000000000110E+0	-53.139572553631623E+0	124.834128253785820E+0
866.000000000000110E+0	-27.299355295142313E+0	89.757840779744839E+0
867.000000000000110E+0	-26.911735759789298E+0	174.800152284377790E+0
868.000000000000110E+0	-10.218578254486474E+0	66.192108063322863E+0
869.000000000000110E+0	-5.530497065041061E+0	57.753664280065131E+0
870.000000000000110E+0	-10.374912005215574E+0	394.098619440819220E+0
871.000000000000110E+0	9.440176636265996E+0	285.337946527708140E+0
872.000000000000110E+0	13.314792374292267E+0	137.228639745348830E+0
873.000000000000110E+0	7.331863637286230E+0	47.211805672509328E+0
874.000000000000110E+0	99.811618186524157E+0	214.918103106325450E+0
875.000000000000110E+0	217.221676548545990E+0	358.859217545270380E+0
876.000000000000110E+0	153.879527773882700E+0	181.420431832714200E+0
877.000000000000110E+0	182.192483524995680E+0	146.042895850278370E+0
878.000000000000110E+0	63.432847268371802E+0	40.447896060234918E+0
879.000000000000110E+0	213.025503596695050E+0	114.995008771760990E+0
880.000000000000110E+0	525.068441962662860E+0	168.755219838244300E+0
881.000000000000110E+0	221.157486250749170E+0	39.705394679047629E+0
882.000000000000110E+0	41.742770334731901E+0	7.173558991939328E+0
883.000000000000110E+0	175.187391085870160E+0	-10.980087700909772E+0
884.000000000000110E+0	232.567879465750540E+0	-25.620677518345197E+0
885.000000000000110E+0	182.182364270043650E+0	-30.963726284219263E+0
886.000000000000110E+0	125.654772792561660E+0	-18.786648962786916E+0
887.000000000000110E+0	49.104424708323464E+0	-10.151673662387408E+0
888.000000000000110E+0	100.063601938676670E+0	-12.450113143025018E+0
889.000000000000110E+0	190.632605243917310E+0	-52.149885785610820E+0
890.000000000000110E+0	117.147875120416690E+0	-39.089408692642337E+0
891.000000000000110E+0	35.048589811968505E+0	-18.636017959109260E+0
892.000000000000110E+0	41.574174270900365E+0	-14.996289743830303E+0
893.000000000000110E+0	185.546769167683410E+0	-66.481353040083249E+0
894.000000000000110E+0	94.193794562640178E+0	-37.875975664670911E+0
895.000000000000110E+0	44.820254987000972E+0	-12.519210131282085E+0
896.000000000000110E+0	43.887850964880769E+0	-12.548293536077029E+0
897.000000000000110E+0	14.914519173684686E+0	-5.878348797464616E+0
898.000000000000110E+0	81.169095149057313E+0	-46.348114552773481E+0
899.000000000000110E+0	85.981981636745218E+0	-58.622242679578015E+0
900.000000000000110E+0	22.903740677267216E+0	-19.814296275978677E+0
901.000000000000110E+0	13.718497502965439E+0	-6.035899470755075E+0
902.000000000000110E+0	69.004333309421753E+0	-25.601261881343937E+0
903.000000000000110E+0	83.928620991875988E+0	-25.824450440582410E+0
904.000000000000110E+0	39.247928843273122E+0	-6.245524886233139E+0
905.000000000000110E+0	8.434420950924943E+0	-503.665102127998530E-3
906.000000000000110E+0	6.807041362183310E+0	-10.891789037352279E+0
907.000000000000110E+0	20.297283624109056E+0	-26.716202464868456E+0
908.000000000000110E+0	46.275930313455845E+0	-43.163555693029657E+0
909.000000000000110E+0	38.038849328351361E+0	-36.886502080127585E+0
910.000000000000110E+0	5.163270295684963E+0	-7.975077881883583E+0
911.000000000000110E+0	33.257046584847224E+0	-6.170608716321642E+0
912.000000000000110E+0	103.029292565527160E+0	-23.311886700077334E+0
913.000000000000110E+0	39.317550343564889E+0	13.176702141257440E+0
914.000000000000110E+0	-11.631559010964310E+0	72.035250704739262E-3
915.000000000000110E+0	-13.050496921022084E+0	-19.525914500739027E+0
916.000000000000110E+0	25.358685585692726E+0	-36.375733580250902E+0
917.000000000000110E+0	64.077605149811575E+0	-52.584247016092753E+0
918.000000000000110E+0	32.145281426467228E+0	-33.394343089226339E+0
919.000000000000110E+0	20.823657894728310E+0	-26.315128421594473E+0
920.000000000000110E+0	10.246078427228477E+0	897.846573462672380E-3
921.000000000000110E+0	47.581166463263756E+0	1.380857582894030E+0
922.000000000000110E+0	44.396267728049324E+0	702.653841576316160E-3
923.000000000000110E+0	8.819311904614249E+0	4.512543444815577E+0
924.000000000000110E+0	-925.889778023931240E-3	-12.828746522780387E+0
925.000000000000110E+0	19.571947262523310E+0	-23.927541902063485E+0
926.000000000000110E+0	14.619378536105927E+0	-26.627045815149852E+0
927.000000000000110E+0	39.848234372969159E+0	-48.697004884119465E+0
928.000000000000110E+0	38.089777903077390E+0	-34.079170468171526E+0
929.000000000000110E+0	8.207834856019520E+0	-811.963590737798670E-3
930.000000000000110E+0	14.012233695074880E+0	-18.622993820286773E+0
931.000000000000110E+0	33.641098605637239E+0	-47.628246242484849E+0
932.000000000000110E+0	15.542859277783638E+0	-19.764625442086761E+0
933.000000000000110E+0	1.399339903787758E+0	-11.320699874792462E+0
934.000000000000110E+0	5.881345327402697E+0	-24.778716417842325E+0
935.000000000000110E+0	26.846105453893653E+0	-60.948634029089206E+0
936.000000000000110E+0	34.726822097999914E+0	-63.931360311621709E+0
937.000000000000110E+0	23.738713628290597E+0	-31.332192635892010E+0
938.000000000000110E+0	11.866963451364942E+0	-22.215482084958246E+0
939.000000000000110E+0	-133.561497318404890E-3	-10.340581489265141E+0
940.000000000000110E+0	-2.203393515324639E+0	-94.000298372562526E+0
941.000000000000110E+0	-4.613361902872652E+0	-64.158844037554303E+0
942.000000000000110E+0	-5.416355440464686E+0	-5.040238645679079E+0
943.000000000000110E+0	-15.965269350688214E+0	-21.568690165317026E+0
944.000000000000110E+0	-25.658622690796733E+0	-45.861478572478816E+0
945.000000000000110E+0	-12.250764416283932E+0	-29.721674290615244E+0
946.000000000000110E+0	-11.729032533147322E+0	-15.529332608860036E+0
947.000000000000110E+0	-7.746545667908023E+0	-7.399979735681343E+0
948.000000000000110E+0	-1.881744838990440E+0	-1.586276909601946E+0
949.000000000000110E+0	-11.568506719549445E+0	-262.972976382957020E-3
950.000000000000110E+0	-13.412092851652204E+0	3.341742756433353E+0
951.000000000000110E+0	-7.070268726142626E+0	3.335261436104996E+0
952.000000000000110E+0	-1.289805219469111E+0	-91.475166719387171E-3
953.000000000000110E+0	-6.030220714600175E+0	735.295867042235820E-3
954.000000000000110E+0	-4.565417109594171E+0	-2.091246463591264E+0
955.000000000000110E+0	701.719943625688010E-3	-2.346267798882965E+0
956.000000000000110E+0	2.913610096303934E+0	-540.720199368912690E-3
957.000000000000110E+0	1.768545346053856E+0	-618.459430643511830E-3
958.000000000000110E+0	3.527481979512471E+0	598.357474566767470E-3
959.000000000000110E+0	6.275079557058746E+0	559.603110593683840E-3
960.000000000000110E+0	-647.230780498165740E-3	-982.762679299468140E-3
961.000000000000110E+0	145.011243375411240E-3	-1.424818226179620E+0
962.000000000000110E+0	4.210556553674381E+0	-2.759509390691808E+0
963.000000000000110E+0	4.601617637339264E+0	-1.096242522152469E+0
964.000000000000110E+0	-1.122769418370405E+0	-1.845855071924476E+0
965.000000000000110E+0	-74.632588675110384E-3	-4.021944783579136E+0
966.000000000000110E+0	3.577723984695249E+0	-1.296053763631293E+0
967.000000000000110E+0	-348.650153518958280E-3	2.469258825260580E+0
968.000000000000110E+0	-3.601967414062492E+0	-446.146161707092650E-3
969.000000000000110E+0	-3.071075697974272E+0	-285.797355655108890E-3
970.000000000000110E+0	-2.274498252652188E+0	1.303505215625209E+0
971.000000000000110E+0	223.891077937167890E-3	-1.628459167948754E+0
972.000000000000110E+0	-4.082332362720894E+0	-1.560540661831074E+0
973.000000000000110E+0	-3.745877084396946E+0	948.042687856575640E-3
974.000000000000110E+0	-1.493112129030032E+0	1.685929408127616E+0
975.000000000000110E+0	-2.604883383299590E+0	1.184291843961146E+0
976.000000000000110E+0	-1.152967189873057E+0	671.639345711673160E-3
977.000000000000110E+0	-4.411210328694754E+0	6.921111126489338E+0
978.000000000000110E+0	-9.453343868779170E+0	12.236320524774779E+0
979.000000000000110E+0	-3.262357379939166E+0	4.717776849761384E+0
980.000000000000110E+0	-709.810281214523940E-3	810.649217569246570E-3
981.000000000000110E+0	-4.621460067604632E+0	8.701793826766472E+0
982.000000000000110E+0	-13.594589929435855E+0	26.117252162357879E+0
983.000000000000110E+0	-8.275560595863947E+0	15.375161466745633E+0
984.000000000000110E+0	-377.662154324050480E-3	15.122303419446776E-3
985.000000000000110E+0	-577.128588074582340E-3	7.391696297715709E+0
986.000000000000110E+0	-2.364861924388878E+0	12.173472694670892E+0
987.000000000000110E+0	-1.180302863228441E+0	19.843721873056534E+0
988.000000000000110E+0	-917.952288523883770E-3	31.232047410591463E+0
989.000000000000110E+0	-559.661525692773610E-3	5.840025572201995E+0
990.000000000000110E+0	4.369307797468542E+0	8.034572503953061E+0
991.000000000000110E+0	27.329105665015078E+0	43.520189933610936E+0
992.000000000000110E+0	17.672448546489424E+0	19.321664252155827E+0
993.000000000000110E+0	4.682489491588572E+0	5.211517052069302E+0
994.000000000000110E+0	614.891922001999160E-3	2.614678520689766E+0
995.000000000000110E+0	5.007612469742426E+0	9.115934836247330E+0
996.000000000000110E+0	10.531498781776282E+0	14.809611510160062E+0
997.000000000000110E+0	4.077932014576955E+0	4.068211200094310E+0
998.000000000000110E+0	3.553853807428533E+0	3.846496425320362E+0
999.000000000000110E+0	-1.000119828350004E+0	473.749869860888520E-3
1.000000000000000E+3	11.499448588338947E+0	27.449068790852085E+0
