Freq (Hz)	accelerometre (V^2 )	source
source
source(V^2 )
10.000000000000020E+0	2.566979411765187E-3	146.189235246947460E-3
11.000000000000021E+0	1.233223088965934E-3	294.784258252700830E-3
12.000000000000023E+0	2.658489741172901E-3	711.304381885675800E-3
13.000000000000025E+0	3.841467969504327E-3	871.042249874373950E-3
14.000000000000027E+0	7.683531239181303E-3	1.587705060567814E+0
15.000000000000028E+0	2.427468295552660E-3	2.144787954091361E+0
16.000000000000032E+0	674.888494676883120E-6	2.632482583198979E+0
17.000000000000036E+0	8.392071704174581E-3	3.667548349556630E+0
18.000000000000039E+0	13.022941962804374E-3	4.048979790286602E+0
19.000000000000043E+0	24.079909781205538E-3	4.242850543751297E+0
20.000000000000046E+0	29.997204710446458E-3	5.194739328048508E+0
21.000000000000050E+0	49.651225596693875E-3	6.316011830644895E+0
22.000000000000053E+0	103.560475950341830E-3	8.097068128234573E+0
23.000000000000057E+0	196.334072139894510E-3	9.507309446233441E+0
24.000000000000060E+0	376.396305826579290E-3	12.234024120119354E+0
25.000000000000064E+0	1.122964232407315E+0	18.403400310025521E+0
26.000000000000067E+0	3.127192698495244E+0	33.427649176932313E+0
27.000000000000071E+0	2.309802333081730E+0	27.138380825214419E+0
28.000000000000075E+0	3.002240220581683E+0	24.244176591606141E+0
29.000000000000078E+0	1.352706539799532E+0	15.262695804967223E+0
30.000000000000082E+0	688.767790888297650E-3	11.561357229888987E+0
31.000000000000085E+0	973.161371403573280E-3	18.872565232646316E+0
32.000000000000085E+0	761.404840226656440E-3	32.695819533784601E+0
33.000000000000085E+0	592.132203699729960E-3	31.174017544535353E+0
34.000000000000085E+0	217.212837505185300E-3	19.637750632141000E+0
35.000000000000085E+0	21.035473855587020E-3	14.683021051372631E+0
36.000000000000085E+0	188.958801731352380E-3	29.176639563539272E+0
37.000000000000085E+0	1.031322003766781E+0	45.225848273224926E+0
38.000000000000085E+0	1.410999281733355E+0	33.785953884975505E+0
39.000000000000085E+0	385.377863920318360E-3	14.689507448025434E+0
40.000000000000085E+0	804.156384138896010E-3	26.433922928999401E+0
41.000000000000085E+0	2.190262773825032E+0	59.206054029824394E+0
42.000000000000085E+0	2.348730483496301E+0	58.748653997345819E+0
43.000000000000085E+0	1.956684800406923E+0	28.073130761708967E+0
44.000000000000085E+0	1.458726708712661E+0	15.730842702146191E+0
45.000000000000085E+0	3.051452311002529E+0	41.110212552355691E+0
46.000000000000085E+0	4.002145860194863E+0	68.561612127571919E+0
47.000000000000085E+0	2.605606799217912E+0	63.823582349584093E+0
48.000000000000085E+0	790.673695593301470E-3	25.054486406696885E+0
49.000000000000085E+0	696.321388008849570E-3	22.012288826101766E+0
50.000000000000085E+0	3.024662458978299E+0	79.277084025297867E+0
51.000000000000085E+0	3.981097006536628E+0	102.973877494020510E+0
52.000000000000085E+0	1.533155540174020E+0	53.011605120963182E+0
53.000000000000085E+0	700.830514126402070E-3	26.058825943610636E+0
54.000000000000085E+0	1.991857514127586E+0	62.928786678020934E+0
55.000000000000085E+0	2.783135335743565E+0	86.651014777867800E+0
56.000000000000085E+0	3.086456167429844E+0	91.683905885371715E+0
57.000000000000085E+0	2.604511408855018E+0	60.239470518851817E+0
58.000000000000085E+0	915.704419412045610E-3	17.271576671435106E+0
59.000000000000085E+0	4.028293319070670E+0	88.232482235898615E+0
60.000000000000085E+0	10.406173484489354E+0	185.810898452075780E+0
61.000000000000085E+0	8.076280030609599E+0	119.324770600912610E+0
62.000000000000085E+0	4.336871444547052E+0	49.310229611184511E+0
63.000000000000085E+0	12.845759913624637E+0	154.547388990870900E+0
64.000000000000085E+0	20.647304951616242E+0	229.635062669393330E+0
65.000000000000085E+0	30.501866130189949E+0	318.433979888742160E+0
66.000000000000085E+0	23.955603250330675E+0	307.847581537328550E+0
67.000000000000085E+0	3.282649831732178E+0	85.909956372743096E+0
68.000000000000085E+0	10.146482634652454E+0	115.397566320469880E+0
69.000000000000085E+0	15.869770452406735E+0	309.690052092974270E+0
70.000000000000085E+0	7.228022634395293E+0	291.024971405527990E+0
71.000000000000085E+0	1.791396098349218E+0	98.252903283140966E+0
72.000000000000085E+0	220.238100435535160E-3	89.552482454162231E+0
73.000000000000085E+0	424.252998770788040E-3	227.832543173111700E+0
74.000000000000085E+0	2.419094660233809E+0	239.644480287394200E+0
75.000000000000085E+0	2.118691965758329E+0	236.060266554618410E+0
76.000000000000085E+0	2.466839390242018E+0	188.045597495953100E+0
77.000000000000085E+0	1.442549277486015E+0	79.123203242440809E+0
78.000000000000085E+0	3.072628629129385E+0	359.156371390530920E+0
79.000000000000085E+0	6.476422548818758E+0	450.215978015280770E+0
80.000000000000085E+0	2.842114067339357E+0	137.273147424516910E+0
81.000000000000085E+0	1.131420476697131E+0	75.249961322573284E+0
82.000000000000085E+0	2.926879790131530E+0	162.547517327928370E+0
83.000000000000085E+0	4.760112084427395E+0	229.944019103417530E+0
84.000000000000085E+0	3.568508015259113E+0	142.309847975948800E+0
85.000000000000085E+0	1.308335999229381E+0	54.070954677077225E+0
86.000000000000085E+0	699.025732824405170E-3	39.691792072018302E+0
87.000000000000085E+0	185.828563846813480E-3	45.951795739745734E+0
88.000000000000085E+0	4.323672319925473E+0	201.845125686409090E+0
89.000000000000085E+0	4.921617258917545E+0	152.944409864142270E+0
90.000000000000085E+0	208.972372473406220E-3	3.352628128135906E+0
91.000000000000085E+0	2.619189337222164E+0	60.007434630757913E+0
92.000000000000085E+0	4.496470960383532E+0	93.406457872043035E+0
93.000000000000085E+0	3.131295471410847E+0	54.125559843132279E+0
94.000000000000085E+0	3.270206001353017E+0	45.901201883930867E+0
95.000000000000085E+0	1.464321467746749E+0	23.402197988862053E+0
96.000000000000085E+0	3.003003934862399E+0	24.355500248155007E+0
97.000000000000085E+0	11.752425976601451E+0	100.351451908488490E+0
98.000000000000085E+0	8.852509181209552E+0	96.984057838464963E+0
99.000000000000085E+0	2.100929492040513E+0	36.996011674861272E+0
100.000000000000090E+0	1.815796853995558E+0	6.347648366372890E+0
101.000000000000090E+0	14.878114054321657E+0	102.872380689654690E+0
102.000000000000090E+0	10.289880550904655E+0	142.739026245736620E+0
103.000000000000090E+0	1.443833566436855E+0	25.713846195182395E+0
104.000000000000090E+0	7.100128497153422E+0	55.471664547655891E+0
105.000000000000090E+0	1.152751683594334E+0	26.334784050046608E+0
106.000000000000090E+0	4.216040859501986E+0	63.902195215205225E+0
107.000000000000090E+0	7.140790543426652E+0	154.799405254976360E+0
108.000000000000090E+0	3.408117788730849E+0	83.089000600808603E+0
109.000000000000090E+0	132.090012018278750E-3	4.872817653774650E+0
110.000000000000090E+0	2.104414333033338E+0	65.958837668363827E+0
111.000000000000090E+0	4.322004328501487E+0	129.294692803947500E+0
112.000000000000090E+0	2.700204451198760E+0	75.389854031676222E+0
113.000000000000090E+0	2.281311289525537E+0	41.354642776822679E+0
114.000000000000090E+0	1.027919327450865E+0	23.499441428284893E+0
115.000000000000090E+0	3.252906727920233E+0	71.557981667026908E+0
116.000000000000090E+0	5.333421381051289E+0	97.447220090985070E+0
117.000000000000090E+0	9.618397356454922E+0	149.676059986259190E+0
118.000000000000090E+0	8.788299004439903E+0	84.458219141321933E+0
119.000000000000090E+0	2.762272396269098E+0	13.307749696808724E+0
120.000000000000090E+0	28.472404743748548E+0	264.513704842708760E+0
121.000000000000090E+0	38.947009365634564E+0	287.158909889365420E+0
122.000000000000090E+0	12.532439162030204E+0	50.677286390721420E+0
123.000000000000090E+0	30.499030467021662E+0	142.668321913777530E+0
124.000000000000090E+0	25.869331238180422E+0	82.764423417004593E+0
125.000000000000090E+0	63.799475463708120E+0	285.144140809649570E+0
126.000000000000090E+0	66.368966329875704E+0	308.138364569252640E+0
127.000000000000090E+0	37.904491117770796E+0	215.242335237494160E+0
128.000000000000090E+0	5.364832601735081E+0	44.956789644936677E+0
129.000000000000090E+0	38.582585295491974E+0	239.397681901921770E+0
130.000000000000090E+0	44.529533563175455E+0	452.098214694314610E+0
131.000000000000090E+0	18.656493345521504E+0	281.093081716303120E+0
132.000000000000090E+0	1.789403468221219E+0	66.206604546129753E+0
133.000000000000090E+0	9.917191262607963E+0	197.480136613242930E+0
134.000000000000090E+0	12.678608519790483E+0	209.409682376340560E+0
135.000000000000090E+0	13.338240565096370E+0	194.520570195278710E+0
136.000000000000090E+0	22.782156690749655E+0	280.076921390110900E+0
137.000000000000090E+0	8.267760325702687E+0	68.307261071708964E+0
138.000000000000090E+0	8.466875520436789E+0	105.552728221684080E+0
139.000000000000090E+0	30.691298415782533E+0	357.188180766969820E+0
140.000000000000090E+0	16.619968419941085E+0	166.444223817594720E+0
141.000000000000090E+0	6.131631450609390E+0	65.095463232500677E+0
142.000000000000090E+0	3.823844000983826E+0	51.007364204240886E+0
143.000000000000090E+0	10.621795162948391E+0	98.670618439521220E+0
144.000000000000090E+0	14.480579855545827E+0	112.902992995850500E+0
145.000000000000090E+0	11.164461793226103E+0	71.271930357408749E+0
146.000000000000090E+0	12.663883346721615E+0	74.343097683619220E+0
147.000000000000090E+0	4.841730196470218E+0	26.719726174904615E+0
148.000000000000090E+0	20.836113775647625E+0	122.965135810410400E+0
149.000000000000090E+0	30.273965418799527E+0	204.744537029639700E+0
150.000000000000090E+0	7.864384825996223E+0	69.595162914446533E+0
151.000000000000090E+0	2.050182655185901E+0	27.800263828268733E+0
152.000000000000090E+0	14.920473716518426E+0	109.265507719720200E+0
153.000000000000090E+0	12.438905591242115E+0	100.623311951629970E+0
154.000000000000090E+0	11.374986221055403E+0	75.247539527294180E+0
155.000000000000090E+0	15.866468765634925E+0	94.095156439212062E+0
156.000000000000090E+0	6.108837922962811E+0	27.629256884847564E+0
157.000000000000090E+0	19.544878183878190E+0	112.298576454091660E+0
158.000000000000090E+0	25.183753621578639E+0	154.985112641834660E+0
159.000000000000090E+0	16.729696458888476E+0	103.368982150174590E+0
160.000000000000090E+0	7.629022251264926E+0	39.817408469426091E+0
161.000000000000090E+0	6.625576754927256E+0	63.197194935361232E+0
162.000000000000090E+0	25.918547198434471E+0	195.223122360262460E+0
163.000000000000090E+0	12.040085268117384E+0	85.877615695010519E+0
164.000000000000090E+0	11.650683020487797E+0	52.223006032016642E+0
165.000000000000090E+0	16.450555882571884E+0	72.034358537581482E+0
166.000000000000090E+0	12.262818963797532E+0	37.674538526701873E+0
167.000000000000090E+0	53.309906537159620E+0	189.344177981765060E+0
168.000000000000090E+0	55.784806610848292E+0	173.937295382253240E+0
169.000000000000090E+0	19.063128250344860E+0	38.076105627100929E+0
170.000000000000090E+0	16.649797343432432E+0	46.396898165262030E+0
171.000000000000090E+0	46.659877429210155E+0	143.788233248750260E+0
172.000000000000090E+0	51.681760697267066E+0	140.108652290395720E+0
173.000000000000090E+0	28.670471361912075E+0	72.834365770586686E+0
174.000000000000090E+0	28.188238871345465E+0	47.297563807196425E+0
175.000000000000090E+0	55.975834998026400E+0	61.038922055379871E+0
176.000000000000090E+0	121.805861034568620E+0	167.433942156957190E+0
177.000000000000090E+0	97.117697455456295E+0	141.095806208725610E+0
178.000000000000090E+0	90.485887599854834E+0	154.000057675904230E+0
179.000000000000090E+0	4.988266953568102E+0	19.010760311039611E+0
180.000000000000090E+0	88.474967430461220E+0	166.585645086232430E+0
181.000000000000090E+0	117.810488314040840E+0	294.475749354024800E+0
182.000000000000090E+0	37.987083798231005E+0	94.564262960152689E+0
183.000000000000090E+0	56.027261784663821E+0	97.645262542791585E+0
184.000000000000090E+0	57.190618096131800E+0	85.385957658465401E+0
185.000000000000090E+0	155.264714496779930E+0	159.115095430508520E+0
186.000000000000090E+0	259.389996957480600E+0	293.204765045532950E+0
187.000000000000090E+0	190.836502452897660E+0	234.710975622947270E+0
188.000000000000090E+0	60.408233629403959E+0	75.059498743540629E+0
189.000000000000090E+0	62.424746785456080E+0	114.092964269532900E+0
190.000000000000090E+0	261.558062189528130E+0	358.439842743617080E+0
191.000000000000090E+0	239.796757198187780E+0	411.211957207156330E+0
192.000000000000090E+0	61.686344218681995E+0	120.999652451758290E+0
193.000000000000090E+0	83.901152778798533E+0	112.988215133267620E+0
194.000000000000090E+0	103.530412108015410E+0	259.683582444706990E+0
195.000000000000090E+0	55.516193805432032E+0	246.594373478798900E+0
196.000000000000090E+0	60.102747950340074E+0	296.548968455722500E+0
197.000000000000090E+0	50.610040876617447E+0	228.358776186335320E+0
198.000000000000090E+0	8.394722843181338E+0	43.167536334534205E+0
199.000000000000090E+0	86.263403387661398E+0	407.452259757271120E+0
200.000000000000090E+0	102.806886970421570E+0	416.433441669828250E+0
201.000000000000090E+0	29.973951997427360E+0	136.921917639936230E+0
202.000000000000090E+0	17.100652248661699E+0	127.068945982338890E+0
203.000000000000090E+0	23.851183594753742E+0	97.704581949446634E+0
204.000000000000090E+0	69.149744448297184E+0	303.349255023139110E+0
205.000000000000090E+0	52.669919313297008E+0	205.875658502459910E+0
206.000000000000090E+0	53.830022294237175E+0	184.036991694492490E+0
207.000000000000090E+0	14.347270359417408E+0	82.063282753444142E+0
208.000000000000090E+0	53.294080165101569E+0	94.414734353215266E+0
209.000000000000090E+0	68.799181439351486E+0	275.779039908039070E+0
210.000000000000080E+0	17.471278905587571E+0	204.881563897949950E+0
211.000000000000080E+0	4.741307961068861E+0	47.937648305068123E+0
212.000000000000080E+0	10.039789347473370E+0	123.085466726868300E+0
213.000000000000080E+0	4.406501479297026E+0	161.211318852297780E+0
214.000000000000080E+0	1.215393920956662E+0	108.438118713899510E+0
215.000000000000080E+0	105.114982162619050E-3	157.794358098985160E+0
216.000000000000080E+0	93.972526673481896E-3	87.139450630778015E+0
217.000000000000080E+0	932.424232699327840E-3	57.939908108165568E+0
218.000000000000080E+0	2.344878294133667E+0	207.423427826960330E+0
219.000000000000080E+0	4.157074626774869E+0	171.900239671774870E+0
220.000000000000080E+0	3.211886854659549E+0	95.261186936533193E+0
221.000000000000080E+0	1.457063419111410E+0	57.574121214183698E+0
222.000000000000080E+0	1.457968509172483E+0	127.646091914609340E+0
223.000000000000080E+0	4.670493549835331E+0	192.430823477965360E+0
224.000000000000080E+0	1.606483468415151E+0	83.644166822749668E+0
225.000000000000080E+0	5.506048665206102E+0	144.756867601011410E+0
226.000000000000080E+0	3.232038949221642E+0	65.530204862439334E+0
227.000000000000080E+0	1.466287143986722E+0	116.340003655920920E+0
228.000000000000080E+0	6.383483111118667E+0	245.465374277781250E+0
229.000000000000080E+0	3.916603268687930E+0	129.586025271476670E+0
230.000000000000080E+0	1.825122209439221E+0	50.448569099120093E+0
231.000000000000080E+0	9.330621888168498E+0	123.188489049251420E+0
232.000000000000080E+0	14.414746900311048E+0	158.842083089482400E+0
233.000000000000080E+0	8.227815490903588E+0	115.756732628448350E+0
234.000000000000080E+0	3.901221992648699E+0	147.312832196157960E+0
235.000000000000080E+0	919.238263025169090E-3	77.371365904977608E+0
236.000000000000080E+0	4.761188137566218E+0	116.808763046007130E+0
237.000000000000080E+0	8.850919570547337E+0	157.387416121375220E+0
238.000000000000080E+0	9.896091874582167E+0	208.423578043173990E+0
239.000000000000080E+0	5.462567430158586E+0	94.733103945541515E+0
240.000000000000080E+0	1.872255087056387E+0	59.289118362353065E+0
241.000000000000080E+0	7.100548707669645E+0	225.187671274418020E+0
242.000000000000080E+0	5.465026674692131E+0	153.195541928824160E+0
243.000000000000080E+0	3.181668015953573E+0	83.491803806678050E+0
244.000000000000080E+0	7.301108213501688E+0	170.575334283252090E+0
245.000000000000080E+0	3.347128340689821E+0	62.052354589773017E+0
246.000000000000080E+0	7.662068738877146E+0	165.608395816251370E+0
247.000000000000080E+0	10.837160924655885E+0	199.889511799395390E+0
248.000000000000080E+0	8.907722307484038E+0	114.381011813103240E+0
249.000000000000080E+0	7.259090488160020E+0	59.970290012467181E+0
250.000000000000080E+0	1.819276290675937E+0	136.424070053482180E+0
251.000000000000080E+0	218.669040430314710E-3	211.914947603267590E+0
252.000000000000080E+0	706.455556071881480E-3	103.236536600197700E+0
253.000000000000080E+0	2.188515474384311E+0	101.319646126151840E+0
254.000000000000080E+0	3.997530243316234E+0	115.606285199031320E+0
255.000000000000080E+0	5.325084098062778E+0	116.468031812835240E+0
256.000000000000110E+0	2.919478678131420E+0	138.656724426820910E+0
257.000000000000110E+0	270.067135312671010E-3	223.784207380126820E+0
258.000000000000110E+0	1.424306312359392E+0	72.104174294492751E+0
259.000000000000110E+0	14.281476316941692E+0	99.247579930477769E+0
260.000000000000110E+0	28.599549043532459E+0	274.966467642695530E+0
261.000000000000110E+0	18.590005009365733E+0	107.333854925582610E+0
262.000000000000110E+0	15.020144407111975E+0	108.772645786766280E+0
263.000000000000110E+0	11.518248887190817E+0	107.480542418571830E+0
264.000000000000110E+0	6.247198899183723E+0	118.090947600487510E+0
265.000000000000110E+0	12.451518662691795E+0	157.388115955127800E+0
266.000000000000110E+0	23.557244944425641E+0	158.850438458723540E+0
267.000000000000110E+0	31.524831506406350E+0	157.053571075494520E+0
268.000000000000110E+0	17.773756716806794E+0	55.928751521907941E+0
269.000000000000110E+0	58.829778853459196E+0	175.412045899245950E+0
270.000000000000110E+0	95.120632628134800E+0	299.139492855140250E+0
271.000000000000110E+0	30.568873045781608E+0	75.396727981853701E+0
272.000000000000110E+0	18.740273437663411E+0	116.192782779676190E+0
273.000000000000110E+0	22.348029014847263E+0	150.628113105136320E+0
274.000000000000110E+0	26.733277637516021E+0	131.086567605598530E+0
275.000000000000110E+0	31.842641013190910E+0	148.563216611569880E+0
276.000000000000110E+0	32.906280127787582E+0	195.310618044909860E+0
277.000000000000110E+0	5.647091049003989E+0	52.740972451557312E+0
278.000000000000110E+0	23.771385212289580E+0	154.733805065127880E+0
279.000000000000110E+0	47.559489784109090E+0	228.334974923584470E+0
280.000000000000110E+0	29.555741674389896E+0	146.907908586100970E+0
281.000000000000110E+0	12.066172459833052E+0	91.673062999176366E+0
282.000000000000110E+0	12.518616042441353E+0	97.338755104430277E+0
283.000000000000110E+0	45.938427891590308E+0	247.662768152351820E+0
284.000000000000110E+0	23.667998762737987E+0	103.138699373038140E+0
285.000000000000110E+0	24.930613493885684E+0	149.931578901656910E+0
286.000000000000110E+0	26.298075509799730E+0	164.817182928961270E+0
287.000000000000110E+0	6.337016418954814E+0	47.273727720342933E+0
288.000000000000110E+0	38.314260979621793E+0	260.484322390962520E+0
289.000000000000110E+0	31.887763045368274E+0	235.603474101442710E+0
290.000000000000110E+0	9.972047234566238E+0	78.333095774635737E+0
291.000000000000110E+0	15.795544024667199E+0	116.062824005070150E+0
292.000000000000110E+0	22.766740085402809E+0	194.084139551923300E+0
293.000000000000110E+0	22.587907941434516E+0	160.503310957833750E+0
294.000000000000110E+0	17.639823485685756E+0	142.909844665771030E+0
295.000000000000110E+0	12.041864272097488E+0	155.169644812456740E+0
296.000000000000110E+0	5.272402547687582E+0	120.960407161071500E+0
297.000000000000110E+0	6.378333117244464E+0	147.632433835569430E+0
298.000000000000110E+0	20.680094029038315E+0	265.559005334666380E+0
299.000000000000110E+0	18.224175995009375E+0	199.073261766530460E+0
300.000000000000110E+0	5.979658989284544E+0	67.455722899728272E+0
301.000000000000110E+0	16.970151119048971E+0	183.339631002398480E+0
302.000000000000110E+0	59.027562340223866E+0	325.853297583121160E+0
303.000000000000110E+0	21.127410723284139E+0	80.113824630168551E+0
304.000000000000110E+0	30.641643326215426E+0	202.847781232918750E+0
305.000000000000110E+0	20.937785197294339E+0	119.566387744118630E+0
306.000000000000110E+0	18.215971187097370E+0	110.374443294679210E+0
307.000000000000110E+0	31.854416238470954E+0	247.515891762930040E+0
308.000000000000110E+0	20.975508892592153E+0	183.846646222880110E+0
309.000000000000110E+0	10.976414684724245E+0	97.912184692153659E+0
310.000000000000110E+0	11.366031910206907E+0	96.269914458594655E+0
311.000000000000110E+0	25.179162462017217E+0	232.276598578953720E+0
312.000000000000110E+0	22.578210056526032E+0	207.302627674098570E+0
313.000000000000110E+0	9.965025930495720E+0	81.953842429866285E+0
314.000000000000110E+0	15.306012200951443E+0	134.026943116957970E+0
315.000000000000110E+0	15.723813266991414E+0	137.631710699490700E+0
316.000000000000110E+0	13.524470768460418E+0	124.762934575037660E+0
317.000000000000110E+0	25.863536719334377E+0	236.372031413538620E+0
318.000000000000110E+0	17.209309578274055E+0	150.581748066493160E+0
319.000000000000110E+0	4.142375247977414E+0	41.971244192068291E+0
320.000000000000110E+0	22.824735709383720E+0	234.987987411680620E+0
321.000000000000110E+0	24.886889527376475E+0	247.869399564877770E+0
322.000000000000110E+0	8.861512203303500E+0	93.020694689718795E+0
323.000000000000110E+0	13.586977539049311E+0	127.368068112142250E+0
324.000000000000110E+0	9.079956896334776E+0	98.617948171143070E+0
325.000000000000110E+0	17.887844030894900E+0	188.372556678112000E+0
326.000000000000110E+0	17.379592552756442E+0	177.349809580329890E+0
327.000000000000110E+0	15.898877292873971E+0	156.891423687431770E+0
328.000000000000110E+0	13.315288772556201E+0	115.476493573830990E+0
329.000000000000110E+0	10.872193269224184E+0	82.753445358861867E+0
330.000000000000110E+0	54.979293501161784E+0	348.551578683388700E+0
331.000000000000110E+0	33.393894401936357E+0	182.992343372862220E+0
332.000000000000110E+0	13.993725739726216E+0	79.741290523405468E+0
333.000000000000110E+0	21.189532494315717E+0	143.255265446257250E+0
334.000000000000110E+0	43.075763292671823E+0	205.575335212137960E+0
335.000000000000110E+0	43.300036915693880E+0	164.505572614208150E+0
336.000000000000110E+0	87.959062689853567E+0	270.293069204719020E+0
337.000000000000110E+0	53.447114410491487E+0	141.747217439210770E+0
338.000000000000110E+0	73.331300135789320E+0	114.818416477698790E+0
339.000000000000110E+0	236.090383387934650E+0	362.558513372059850E+0
340.000000000000110E+0	209.304799800968650E+0	339.183563767751710E+0
341.000000000000110E+0	144.599132240115690E+0	216.202129641596630E+0
342.000000000000110E+0	65.766441830906075E+0	139.502208808618600E+0
343.000000000000110E+0	79.263413076183042E+0	260.255072934208270E+0
344.000000000000110E+0	84.433247992033884E+0	334.181186650848020E+0
345.000000000000110E+0	22.117623378767824E+0	148.557964529999080E+0
346.000000000000110E+0	11.950436049427523E+0	199.019074670759810E+0
347.000000000000110E+0	8.030362427642617E+0	92.984261801704321E+0
348.000000000000110E+0	5.735449498527792E+0	168.208354329046130E+0
349.000000000000110E+0	15.883979230935690E+0	356.538106055002460E+0
350.000000000000110E+0	7.202408688488623E+0	141.949352747584040E+0
351.000000000000110E+0	2.563175008854978E+0	80.975136069234495E+0
352.000000000000110E+0	13.101451336848225E+0	149.252568412754100E+0
353.000000000000110E+0	17.242689806211597E+0	201.692128540512500E+0
354.000000000000110E+0	16.106060774768462E+0	191.184374683593970E+0
355.000000000000110E+0	16.089835941334790E+0	143.309274412915500E+0
356.000000000000110E+0	17.571093106712652E+0	104.033113441024880E+0
357.000000000000110E+0	18.713803689708065E+0	139.063785796399570E+0
358.000000000000110E+0	27.297475890761483E+0	219.706272131893600E+0
359.000000000000110E+0	34.359565086712216E+0	217.938257055662630E+0
360.000000000000110E+0	34.579851408882945E+0	139.370290770190140E+0
361.000000000000110E+0	26.316546763708693E+0	63.518824279478643E+0
362.000000000000110E+0	99.226297385590101E+0	318.975826798811570E+0
363.000000000000110E+0	89.724395037336166E+0	192.321336521035730E+0
364.000000000000110E+0	69.883515901405147E+0	145.208104333327980E+0
365.000000000000110E+0	74.198388281038817E+0	158.767650224613480E+0
366.000000000000110E+0	37.850150198161977E+0	98.188502838339673E+0
367.000000000000110E+0	107.198057859438110E+0	211.820076875891710E+0
368.000000000000110E+0	163.865985328380330E+0	293.371214224817660E+0
369.000000000000110E+0	79.049096157839571E+0	120.762663502311060E+0
370.000000000000110E+0	55.382811865122662E+0	109.365563585753050E+0
371.000000000000110E+0	120.541140109683370E+0	169.710062215025320E+0
372.000000000000110E+0	213.175882911186760E+0	315.129551795839120E+0
373.000000000000110E+0	127.183366801569060E+0	201.327391657457410E+0
374.000000000000110E+0	56.705862723811933E+0	113.154244468430510E+0
375.000000000000110E+0	96.019842901964608E+0	162.433511151737780E+0
376.000000000000110E+0	131.400424462089920E+0	192.373367898972160E+0
377.000000000000110E+0	166.023760327535090E+0	236.856831542924000E+0
378.000000000000110E+0	219.886347819376710E+0	273.330314455172980E+0
379.000000000000110E+0	96.798608056684003E+0	102.337229345263650E+0
380.000000000000110E+0	80.238379092521796E+0	152.610965750098050E+0
381.000000000000110E+0	189.832475765109110E+0	369.751802300995560E+0
382.000000000000110E+0	82.615581049140914E+0	162.938506985571730E+0
383.000000000000110E+0	91.025085100721625E+0	145.406131016117260E+0
384.000000000000110E+0	43.584292444370831E+0	111.700748343057970E+0
385.000000000000110E+0	54.319877880758824E+0	176.099511081501930E+0
386.000000000000110E+0	70.866411411091960E+0	285.227101256953350E+0
387.000000000000110E+0	31.404024286973293E+0	169.755178861476650E+0
388.000000000000110E+0	23.373719029742581E+0	167.495608681807680E+0
389.000000000000110E+0	9.291518757420526E+0	76.006645730600312E+0
390.000000000000110E+0	16.520706698820032E+0	240.648305738670930E+0
391.000000000000110E+0	21.179819812683039E+0	338.723137513410730E+0
392.000000000000110E+0	9.337760216269929E+0	147.207623698991910E+0
393.000000000000110E+0	3.041474557265313E+0	96.621003678730560E+0
394.000000000000110E+0	14.542791512685477E+0	215.412934688046960E+0
395.000000000000110E+0	13.604581243591900E+0	174.247114435957770E+0
396.000000000000110E+0	22.310436157715763E+0	274.913684714214640E+0
397.000000000000110E+0	14.201484827200144E+0	173.510159091120980E+0
398.000000000000110E+0	8.575582965557928E+0	68.985298296032909E+0
399.000000000000110E+0	13.623153051714016E+0	199.298473966531730E+0
400.000000000000110E+0	23.628967024335772E+0	296.771435909257600E+0
401.000000000000110E+0	17.295558664894667E+0	190.149164571586340E+0
402.000000000000110E+0	13.923366683748444E+0	124.266089202087300E+0
403.000000000000110E+0	9.989104707040685E+0	85.458426300250437E+0
404.000000000000110E+0	24.958442359334963E+0	310.411642472666470E+0
405.000000000000110E+0	14.294592443560839E+0	167.846462737653700E+0
406.000000000000110E+0	8.754514083301062E+0	174.992850736041480E+0
407.000000000000110E+0	6.957254205568395E+0	154.914051348484380E+0
408.000000000000110E+0	247.700912404038410E-3	73.279376359194742E+0
409.000000000000110E+0	4.565664510662979E+0	328.783406320579220E+0
410.000000000000110E+0	5.740595391932797E+0	257.339737365855680E+0
411.000000000000110E+0	4.889007459385128E+0	88.853314431475994E+0
412.000000000000110E+0	4.946124537804899E+0	99.294433865087868E+0
413.000000000000110E+0	3.512667286970689E+0	195.884619840336910E+0
414.000000000000110E+0	1.942468184574058E+0	219.942032842508690E+0
415.000000000000110E+0	1.265104777188376E+0	199.412941825820920E+0
416.000000000000110E+0	1.463484789976572E+0	105.205170245978210E+0
417.000000000000110E+0	3.902680102474037E+0	103.229800720801590E+0
418.000000000000110E+0	3.482739362288304E+0	209.636973695666770E+0
419.000000000000110E+0	462.304095561321850E-3	235.078901132896450E+0
420.000000000000110E+0	263.553722756376340E-3	216.747959001246580E+0
421.000000000000110E+0	4.058062335555439E+0	41.058239428369447E+0
422.000000000000110E+0	18.474176163013517E+0	184.740358771590540E+0
423.000000000000110E+0	23.974005547524293E+0	313.034992408199340E+0
424.000000000000110E+0	16.001622881015727E+0	150.238249316880230E+0
425.000000000000110E+0	19.041233070883326E+0	184.603833406009810E+0
426.000000000000110E+0	15.323562456283195E+0	112.326058003864740E+0
427.000000000000110E+0	1.341511812701414E+0	128.479186154470080E+0
428.000000000000110E+0	11.956352953269036E+0	367.883935877517560E+0
429.000000000000110E+0	7.528633521244740E+0	172.500935979129620E+0
430.000000000000110E+0	3.681661186266560E+0	125.343939451277560E+0
431.000000000000110E+0	44.335794608770968E+0	92.291472090224133E+0
432.000000000000110E+0	124.280023485254250E+0	300.007127493597810E+0
433.000000000000110E+0	100.733679085179250E+0	279.779129238968830E+0
434.000000000000110E+0	31.191851029742292E+0	136.510127535247700E+0
435.000000000000110E+0	12.412690556171015E+0	118.194705907500320E+0
436.000000000000110E+0	12.945297659210430E+0	182.643737973333830E+0
437.000000000000110E+0	5.990800218461265E+0	227.440713832511250E+0
438.000000000000110E+0	18.766554571884157E+0	337.053662485959080E+0
439.000000000000110E+0	9.181365308016410E+0	204.824037724912840E+0
440.000000000000110E+0	6.461796523112066E+0	47.869764460250870E+0
441.000000000000110E+0	45.118349915629544E+0	375.504142139615510E+0
442.000000000000110E+0	36.936538819125865E+0	339.792686502108610E+0
443.000000000000110E+0	26.346764295441694E+0	198.259941130506830E+0
444.000000000000110E+0	17.081420700838077E+0	206.459013486741870E+0
445.000000000000110E+0	4.745943375269909E+0	117.251996061380850E+0
446.000000000000110E+0	12.471517474889556E+0	337.691993882422710E+0
447.000000000000110E+0	14.097829476299751E+0	344.869131281649460E+0
448.000000000000110E+0	12.234795724804052E+0	236.557098737365630E+0
449.000000000000110E+0	8.679418738814501E+0	143.593876772485660E+0
450.000000000000110E+0	5.438992529262885E+0	135.626393838940150E+0
451.000000000000110E+0	12.591622413727805E+0	506.953425599190610E+0
452.000000000000110E+0	6.696273476514837E+0	292.086363914540640E+0
453.000000000000110E+0	977.209467980545420E-3	109.129354718779200E+0
454.000000000000110E+0	540.228424800959340E-3	168.593774487750010E+0
455.000000000000110E+0	2.077702494275401E+0	211.434944495263010E+0
456.000000000000110E+0	1.576251695842514E+0	273.737023857677400E+0
457.000000000000110E+0	327.743482149105760E-3	254.919136381020510E+0
458.000000000000110E+0	267.957782401408990E-3	136.186064265515910E+0
459.000000000000110E+0	1.039349148482686E+0	82.506476980772916E+0
460.000000000000110E+0	1.585798227757448E+0	373.010578930238580E+0
461.000000000000110E+0	958.292355485453880E-3	232.159812518795490E+0
462.000000000000110E+0	583.903347716782540E-3	180.869404630128490E+0
463.000000000000110E+0	704.019278428579810E-3	85.471017711713486E+0
464.000000000000110E+0	2.266691789354187E+0	199.695219473964780E+0
465.000000000000110E+0	4.923921366964952E+0	282.910145161208960E+0
466.000000000000110E+0	4.588527115381242E+0	177.367051265401100E+0
467.000000000000110E+0	6.348072877587060E+0	206.664034144749910E+0
468.000000000000110E+0	7.480493563145754E+0	89.756111899478554E+0
469.000000000000110E+0	14.358574641432236E+0	223.086869528585420E+0
470.000000000000110E+0	35.045728981690857E+0	471.155767079136350E+0
471.000000000000110E+0	20.044518497345685E+0	198.302607241823440E+0
472.000000000000110E+0	10.793574728195907E+0	98.040014813686824E+0
473.000000000000110E+0	36.274650791956013E+0	185.372681982479950E+0
474.000000000000110E+0	67.891381228757012E+0	289.243419273596830E+0
475.000000000000110E+0	106.681450844267350E+0	325.099991465656780E+0
476.000000000000110E+0	105.990772970499320E+0	223.824422411701960E+0
477.000000000000110E+0	58.968642405681180E+0	137.087968387616910E+0
478.000000000000110E+0	30.574863951484367E+0	138.637041626763620E+0
479.000000000000110E+0	85.276628111710806E+0	336.458712855310810E+0
480.000000000000110E+0	63.652568750808406E+0	235.916566500743840E+0
481.000000000000110E+0	35.730471615163260E+0	125.330984104616700E+0
482.000000000000110E+0	38.328864329318677E+0	73.056285556748605E+0
483.000000000000110E+0	143.806386593889840E+0	318.482425935471380E+0
484.000000000000110E+0	118.142257624880930E+0	258.041455293220220E+0
485.000000000000110E+0	59.710438845821969E+0	150.843687956362200E+0
486.000000000000110E+0	58.010037959757348E+0	170.962339025781120E+0
487.000000000000110E+0	12.964975411387210E+0	56.539148960158286E+0
488.000000000000110E+0	75.419759826084402E+0	298.029020704882730E+0
489.000000000000110E+0	71.490702375662721E+0	301.776415076628150E+0
490.000000000000110E+0	33.170106749531072E+0	146.013497424922180E+0
491.000000000000110E+0	27.385133272243507E+0	80.555972510640970E+0
492.000000000000110E+0	39.839672136162527E+0	200.560895575579480E+0
493.000000000000110E+0	51.706728801831311E+0	281.630129365774850E+0
494.000000000000110E+0	38.148890058699138E+0	201.899477393577740E+0
495.000000000000110E+0	18.571780218984827E+0	113.007290103639020E+0
496.000000000000110E+0	15.870529541974443E+0	127.360322219608260E+0
497.000000000000110E+0	29.168828484836517E+0	165.801985833447470E+0
498.000000000000110E+0	60.423617157702438E+0	320.673610730348910E+0
499.000000000000110E+0	39.991413616089112E+0	241.667733037581000E+0
500.000000000000110E+0	17.253374507857039E+0	80.135682698484061E+0
501.000000000000110E+0	25.407171902957177E+0	123.341786155730890E+0
502.000000000000110E+0	65.326355954385036E+0	369.238237326055750E+0
503.000000000000110E+0	34.906289461799773E+0	203.017735067694330E+0
504.000000000000110E+0	12.294269456966077E+0	139.314000428472300E+0
505.000000000000110E+0	27.455011419650589E+0	151.205867951761230E+0
506.000000000000110E+0	39.416840958972052E+0	127.568140504375450E+0
507.000000000000110E+0	65.561066534140508E+0	356.579170328601430E+0
508.000000000000110E+0	45.657605802623877E+0	201.490053885290790E+0
509.000000000000110E+0	22.108682136517817E+0	153.695712967710480E+0
510.000000000000110E+0	8.866798515301081E+0	58.081946950482134E+0
511.000000000000110E+0	15.342718087467286E+0	295.507715276235840E+0
512.000000000000110E+0	2.883863316398389E+0	370.548864971162000E+0
513.000000000000110E+0	1.360751390266333E+0	140.468068369895060E+0
514.000000000000110E+0	3.739360206549624E+0	122.702932465126000E+0
515.000000000000110E+0	4.130660863923768E+0	156.661798756756920E+0
516.000000000000110E+0	5.544456325742528E+0	193.801249076923680E+0
517.000000000000110E+0	7.893175893440466E+0	307.486626695616850E+0
518.000000000000110E+0	6.002331260897749E+0	224.239870660702760E+0
519.000000000000110E+0	2.211682231374824E+0	50.288755668350056E+0
520.000000000000110E+0	11.831433982959723E+0	252.474600592149560E+0
521.000000000000110E+0	25.671362436539578E+0	364.477788842627090E+0
522.000000000000110E+0	16.705190389940149E+0	236.277686254525010E+0
523.000000000000110E+0	8.673446695864254E+0	109.989653373159540E+0
524.000000000000110E+0	8.241181872524114E+0	118.697083177211810E+0
525.000000000000110E+0	19.731153456521248E+0	258.334546974482410E+0
526.000000000000110E+0	18.861572922977071E+0	290.408441301120320E+0
527.000000000000110E+0	10.337285276671761E+0	202.682575453276800E+0
528.000000000000110E+0	5.354184062533485E+0	165.706741951348870E+0
529.000000000000110E+0	1.037366489233004E+0	75.605321693944248E+0
530.000000000000110E+0	2.911193004286461E+0	414.715221704592180E+0
531.000000000000110E+0	1.107982610091419E+0	311.934051110509980E+0
532.000000000000110E+0	281.398721032153910E-3	79.979945449094018E+0
533.000000000000110E+0	220.572390026117560E-3	128.773815908113590E+0
534.000000000000110E+0	68.178794654119038E-3	177.452151636495810E+0
535.000000000000110E+0	146.031436236566530E-3	285.647340384305490E+0
536.000000000000110E+0	559.575264861850610E-3	245.288652161677960E+0
537.000000000000110E+0	713.461502890342380E-3	149.144364822964060E+0
538.000000000000110E+0	938.641146640276420E-3	66.214135866638415E+0
539.000000000000110E+0	2.127901246921061E+0	292.907210430019630E+0
540.000000000000110E+0	2.866365183726856E+0	303.624190614172960E+0
541.000000000000110E+0	3.330962523989943E+0	210.672512530073900E+0
542.000000000000110E+0	771.503794249055690E-3	54.649549276001878E+0
543.000000000000110E+0	2.773333320539386E+0	223.473085157938920E+0
544.000000000000110E+0	7.565615546576131E+0	329.613283913017200E+0
545.000000000000110E+0	5.587907886541239E+0	188.342226867733500E+0
546.000000000000110E+0	5.718021367696987E+0	208.929233768817680E+0
547.000000000000110E+0	4.325533709855923E+0	97.594517380936466E+0
548.000000000000110E+0	4.661555146215254E+0	135.377419782215550E+0
549.000000000000110E+0	17.144434531611282E+0	462.615428875936800E+0
550.000000000000110E+0	9.438756766734295E+0	237.770660426611040E+0
551.000000000000110E+0	1.670599125710718E+0	89.822530192686571E+0
552.000000000000110E+0	5.349307236336352E+0	145.838718241529190E+0
553.000000000000110E+0	16.925752827724903E+0	271.884562497736280E+0
554.000000000000110E+0	22.371706507271750E+0	348.153695969650580E+0
555.000000000000110E+0	11.666945855977914E+0	135.201038960680280E+0
556.000000000000110E+0	13.016576574871493E+0	148.937026851696000E+0
557.000000000000110E+0	6.951045831888560E+0	111.107409509827900E+0
558.000000000000110E+0	17.613040376617430E+0	293.794872335442620E+0
559.000000000000110E+0	23.273516240292832E+0	369.719828871022510E+0
560.000000000000110E+0	12.879904889933531E+0	168.543097946752480E+0
561.000000000000110E+0	6.125503795704254E+0	52.926360232550316E+0
562.000000000000110E+0	35.055105029212157E+0	371.542321103438150E+0
563.000000000000110E+0	30.012913147156219E+0	324.437286091865360E+0
564.000000000000110E+0	17.952088497135797E+0	171.214803468267940E+0
565.000000000000110E+0	24.988874158776021E+0	181.597043253079330E+0
566.000000000000110E+0	11.950561757957539E+0	81.128536595564114E+0
567.000000000000110E+0	31.407479059398860E+0	298.129352419947850E+0
568.000000000000110E+0	33.674564004892531E+0	334.034265340857360E+0
569.000000000000110E+0	30.102336280860623E+0	238.199567554123940E+0
570.000000000000110E+0	14.449212692674511E+0	87.562962158641000E+0
571.000000000000110E+0	40.321181004365229E+0	186.370738219808030E+0
572.000000000000110E+0	73.265303793389236E+0	433.870805362646190E+0
573.000000000000110E+0	48.397640680465955E+0	290.910162546980070E+0
574.000000000000110E+0	14.803697124726261E+0	94.461771796878793E+0
575.000000000000110E+0	20.863688256624819E+0	175.523826722852330E+0
576.000000000000110E+0	23.967653254846429E+0	144.197272171258250E+0
577.000000000000110E+0	61.695331115403519E+0	357.646175273178980E+0
578.000000000000110E+0	69.359358602136680E+0	346.365027860205370E+0
579.000000000000110E+0	21.136127377502575E+0	114.787894850737000E+0
580.000000000000110E+0	32.494650569612496E+0	114.878058115807420E+0
581.000000000000110E+0	162.500022111863870E+0	450.385945706621270E+0
582.000000000000110E+0	164.070810547940770E+0	331.735759803333170E+0
583.000000000000110E+0	122.235194252435800E+0	164.698054775943630E+0
584.000000000000110E+0	99.726611375961383E+0	123.956419978464480E+0
585.000000000000110E+0	130.984867803559890E+0	175.731186641839430E+0
586.000000000000110E+0	381.845142103703100E+0	345.332916890001630E+0
587.000000000000110E+0	334.670305149185140E+0	262.417580882785270E+0
588.000000000000110E+0	317.944913891236130E+0	243.138949796329830E+0
589.000000000000110E+0	81.593392639223225E+0	53.857725227300946E+0
590.000000000000110E+0	320.886404207739470E+0	305.381389472035890E+0
591.000000000000110E+0	429.868647240914640E+0	476.186781084446290E+0
592.000000000000110E+0	157.149154953894080E+0	180.324505663944790E+0
593.000000000000110E+0	74.593479875290257E+0	102.644546926823180E+0
594.000000000000110E+0	98.933178157914483E+0	165.012651275453120E+0
595.000000000000110E+0	124.998259421155420E+0	230.249022691583750E+0
596.000000000000110E+0	150.142371062339210E+0	312.845007324881010E+0
597.000000000000110E+0	111.979305165160890E+0	243.914060354840330E+0
598.000000000000110E+0	47.102636280380508E+0	83.762551221260168E+0
599.000000000000110E+0	93.942459823801286E+0	177.901816506889560E+0
600.000000000000110E+0	168.479575936338160E+0	384.952931952297150E+0
601.000000000000110E+0	148.575651495839990E+0	366.846730010368050E+0
602.000000000000110E+0	37.118245330268536E+0	92.579150627811799E+0
603.000000000000110E+0	53.291846343632663E+0	122.665944301768460E+0
604.000000000000110E+0	123.300176954882930E+0	278.865998899797600E+0
605.000000000000110E+0	117.961798029338110E+0	277.968615588801530E+0
606.000000000000110E+0	84.503224487736887E+0	211.192511786475140E+0
607.000000000000110E+0	76.096906581135073E+0	204.556090361289900E+0
608.000000000000110E+0	20.019770716634827E+0	50.945616453911782E+0
609.000000000000110E+0	159.725769785791670E+0	462.526567150615680E+0
610.000000000000110E+0	131.982675679096730E+0	420.776125114329830E+0
611.000000000000110E+0	44.358721304707750E+0	161.598544226681720E+0
612.000000000000110E+0	27.684390379095923E+0	88.268618549854992E+0
613.000000000000110E+0	69.028492822966882E+0	209.437739183916930E+0
614.000000000000110E+0	107.151852057291120E+0	338.238056506792700E+0
615.000000000000110E+0	76.882941172732757E+0	233.751047597729150E+0
616.000000000000110E+0	54.144378018287270E+0	174.266643195458390E+0
617.000000000000110E+0	32.416929841021606E+0	100.545629856581540E+0
618.000000000000110E+0	82.922953937534530E+0	197.919875665829010E+0
619.000000000000110E+0	197.974312972740730E+0	417.284819304041950E+0
620.000000000000110E+0	156.306538346959430E+0	344.814959107222420E+0
621.000000000000110E+0	30.439475537535635E+0	56.802536493162037E+0
622.000000000000110E+0	146.930028165582090E+0	206.278370295077080E+0
623.000000000000110E+0	233.300639624232130E+0	386.672348412194940E+0
624.000000000000110E+0	149.418434074612490E+0	232.478922232412200E+0
625.000000000000110E+0	111.987677441687650E+0	205.026499310615970E+0
626.000000000000110E+0	57.980972486956794E+0	129.226695178091860E+0
627.000000000000110E+0	72.321156990293346E+0	125.832454084791240E+0
628.000000000000110E+0	241.148323933336460E+0	424.184669333978660E+0
629.000000000000110E+0	195.081819103402350E+0	337.644250187569010E+0
630.000000000000110E+0	96.119127167671962E+0	155.717281181107670E+0
631.000000000000110E+0	54.422150277809273E+0	88.594694981573752E+0
632.000000000000110E+0	245.149852129848570E+0	337.541315240079650E+0
633.000000000000110E+0	380.088720888227100E+0	469.865721408836750E+0
634.000000000000110E+0	97.721030506224991E+0	140.530101302209860E+0
635.000000000000110E+0	152.838720905791260E+0	176.591759215775620E+0
636.000000000000110E+0	90.855934847980634E+0	102.764768409608110E+0
637.000000000000110E+0	358.005206204265850E+0	278.801487617526050E+0
638.000000000000110E+0	575.818044488539500E+0	405.462973600379370E+0
639.000000000000110E+0	379.067929070454790E+0	271.057850209993090E+0
640.000000000000110E+0	53.594278313728090E+0	37.638170643327186E+0
641.000000000000110E+0	402.861434450688250E+0	313.532680093764040E+0
642.000000000000110E+0	539.717795027655030E+0	387.781049559588840E+0
643.000000000000110E+0	372.202262958171670E+0	247.072945002116570E+0
644.000000000000110E+0	212.482926051893260E+0	150.885215855285050E+0
645.000000000000110E+0	117.309904806245000E+0	106.245978177856640E+0
646.000000000000110E+0	308.385427195243780E+0	242.562227469144550E+0
647.000000000000110E+0	359.459563868154250E+0	289.624906347914990E+0
648.000000000000110E+0	297.498929383646100E+0	268.027317018809360E+0
649.000000000000110E+0	110.759909816221780E+0	111.076449804664520E+0
650.000000000000110E+0	49.190363841199179E+0	63.925718777037296E+0
651.000000000000110E+0	345.157227010252650E+0	465.373946875342710E+0
652.000000000000110E+0	236.141072833887760E+0	372.817262557425290E+0
653.000000000000110E+0	50.022368373086991E+0	86.588335998060685E+0
654.000000000000110E+0	85.833058563032139E+0	165.872966192100250E+0
655.000000000000110E+0	70.657260808737718E+0	150.230003284469090E+0
656.000000000000110E+0	125.625114271726030E+0	294.139288747598240E+0
657.000000000000110E+0	116.167072035415800E+0	308.834954181928760E+0
658.000000000000110E+0	45.635584454699213E+0	128.179633985340790E+0
659.000000000000110E+0	14.286934861260828E+0	46.226575826536560E+0
660.000000000000110E+0	91.083589338991928E+0	283.313431534396610E+0
661.000000000000110E+0	120.430949924353740E+0	363.122469756397720E+0
662.000000000000110E+0	60.185860859978469E+0	195.395335102380100E+0
663.000000000000110E+0	24.388368434818325E+0	73.618502227482693E+0
664.000000000000110E+0	62.326751125359308E+0	151.406946185505890E+0
665.000000000000110E+0	151.106599583637660E+0	345.806307972702480E+0
666.000000000000110E+0	89.926676663075398E+0	187.080438088216740E+0
667.000000000000110E+0	147.677808356959470E+0	301.450863947394850E+0
668.000000000000110E+0	29.081397572203151E+0	66.827017336042132E+0
669.000000000000110E+0	117.796369687348630E+0	195.055836420748280E+0
670.000000000000110E+0	328.242159564601310E+0	480.780028328882050E+0
671.000000000000110E+0	187.518557993863940E+0	235.319220558560570E+0
672.000000000000110E+0	55.624871141247851E+0	71.552369721530923E+0
673.000000000000110E+0	107.064407305275650E+0	128.482394843011950E+0
674.000000000000110E+0	177.516023738165070E+0	203.013872500150800E+0
675.000000000000110E+0	255.756224889731210E+0	333.653758559991500E+0
676.000000000000110E+0	122.906578160769070E+0	183.117905535925500E+0
677.000000000000110E+0	67.594190240648402E+0	128.513219546535570E+0
678.000000000000110E+0	30.046276384554080E+0	81.556300094950643E+0
679.000000000000110E+0	65.458254064221577E+0	309.731219419067830E+0
680.000000000000110E+0	53.628398868353074E+0	411.054374744413850E+0
681.000000000000110E+0	12.977992056135054E+0	134.393129747748900E+0
682.000000000000110E+0	4.122024162276436E+0	54.573192714399568E+0
683.000000000000110E+0	14.199788957204593E+0	270.968037059415340E+0
684.000000000000110E+0	12.069468125451895E+0	264.906618214911360E+0
685.000000000000110E+0	9.632140508388058E+0	152.386641318756490E+0
686.000000000000110E+0	7.584269936695631E+0	183.097736129978270E+0
687.000000000000110E+0	1.027340852128479E+0	29.267185259435241E+0
688.000000000000110E+0	6.423768243472656E+0	254.975677087932870E+0
689.000000000000110E+0	8.131842570875785E+0	377.252925010538660E+0
690.000000000000110E+0	3.134279305856933E+0	193.860847736983120E+0
691.000000000000110E+0	709.185762925641170E-3	76.779360667588406E+0
692.000000000000110E+0	2.605929924166170E+0	128.522707015973140E+0
693.000000000000110E+0	9.340285972775371E+0	416.603593571288570E+0
694.000000000000110E+0	5.291585617413405E+0	211.483665416622810E+0
695.000000000000110E+0	4.012613235989194E+0	133.146518559392890E+0
696.000000000000110E+0	3.419144874185129E+0	117.623442633654090E+0
697.000000000000110E+0	340.390440872095020E-3	108.176051564734550E+0
698.000000000000110E+0	2.452090796310328E+0	305.193376641544430E+0
699.000000000000110E+0	2.229827225107985E+0	363.891344328724240E+0
700.000000000000110E+0	918.011459698687250E-3	66.335681731725486E+0
701.000000000000110E+0	1.630317026325080E+0	88.597902217713695E+0
702.000000000000110E+0	3.199453917177408E+0	287.370746531935140E+0
703.000000000000110E+0	5.255996409272579E+0	279.430307687399930E+0
704.000000000000110E+0	3.634164056375592E+0	151.318718846676940E+0
705.000000000000110E+0	2.635075079215065E+0	115.483812982508840E+0
706.000000000000110E+0	43.423644253533532E-3	96.107191362211978E+0
707.000000000000110E+0	1.077454846404984E+0	308.241156034202620E+0
708.000000000000110E+0	1.325752429639400E+0	255.210756599936250E+0
709.000000000000110E+0	853.764115204010740E-3	200.435506368721970E+0
710.000000000000110E+0	244.687057439839510E-3	28.427456981621525E+0
711.000000000000110E+0	541.269874896381340E-3	253.994024799762740E+0
712.000000000000110E+0	513.632763647395180E-3	448.526645959364600E+0
713.000000000000110E+0	376.034673443204680E-3	121.793025646563210E+0
714.000000000000110E+0	190.492168297999250E-3	102.751339258700910E+0
715.000000000000110E+0	79.739396654639180E-3	89.308353053902010E+0
716.000000000000110E+0	456.675781091166240E-3	149.700195132297780E+0
717.000000000000110E+0	1.837315291439047E+0	318.465597070515850E+0
718.000000000000110E+0	1.434475932385060E+0	227.648067748497030E+0
719.000000000000110E+0	485.655505462825040E-3	62.052895302971684E+0
720.000000000000110E+0	2.063913036948629E+0	134.277967668913650E+0
721.000000000000110E+0	8.016222288587739E+0	356.905978459304780E+0
722.000000000000110E+0	8.207881051234962E+0	304.603028347167540E+0
723.000000000000110E+0	3.786012464831983E+0	97.677045994211525E+0
724.000000000000110E+0	4.363324138770800E+0	86.915529847382714E+0
725.000000000000110E+0	16.416760805709924E+0	237.601961364847370E+0
726.000000000000110E+0	16.420561720211658E+0	200.702253144623910E+0
727.000000000000110E+0	18.851528072724705E+0	263.294676665348160E+0
728.000000000000110E+0	13.119024317641458E+0	133.075225718428190E+0
729.000000000000110E+0	1.101866493873936E+0	25.470290438511562E+0
730.000000000000110E+0	35.075383364660766E+0	340.380816305714570E+0
731.000000000000110E+0	39.073655939202574E+0	393.621676003789050E+0
732.000000000000110E+0	11.382504094242986E+0	90.510164082422975E+0
733.000000000000110E+0	11.825341125746633E+0	98.876241300745349E+0
734.000000000000110E+0	8.767217629503406E+0	96.914167571570516E+0
735.000000000000110E+0	15.872592018053762E+0	315.934250576074650E+0
736.000000000000110E+0	10.258017871631337E+0	235.863570011744570E+0
737.000000000000110E+0	5.998029977926445E+0	173.624675822065740E+0
738.000000000000110E+0	1.832750508778525E+0	61.991940956911094E+0
739.000000000000110E+0	6.837675629932268E+0	168.776479226276220E+0
740.000000000000110E+0	15.205527391091493E+0	423.867529742598610E+0
741.000000000000110E+0	8.337500633821898E+0	264.728923566390390E+0
742.000000000000110E+0	2.126578342951204E+0	43.422586259140182E+0
743.000000000000110E+0	6.133317336317617E+0	165.077919821128350E+0
744.000000000000110E+0	6.235552558908443E+0	268.564530630053750E+0
745.000000000000110E+0	2.744492369226671E+0	170.905540685416100E+0
746.000000000000110E+0	5.365925992329854E+0	204.294301592082210E+0
747.000000000000110E+0	1.958513748267626E+0	84.324575222371052E+0
748.000000000000110E+0	1.380960422197754E+0	82.397156017230188E+0
749.000000000000110E+0	5.229389291353665E+0	373.076089040680130E+0
750.000000000000110E+0	5.418639541130553E+0	295.928588347045770E+0
751.000000000000110E+0	3.099681546414403E+0	113.505101138071980E+0
752.000000000000110E+0	2.215790159704268E+0	49.462475915878016E+0
753.000000000000110E+0	3.046409976097501E+0	238.405741129876020E+0
754.000000000000110E+0	4.444726232468419E+0	364.996054720438790E+0
755.000000000000110E+0	2.268336457934371E+0	154.497924347389270E+0
756.000000000000110E+0	3.720234487637969E+0	148.296121428475660E+0
757.000000000000110E+0	1.667583557261298E+0	80.126916675864152E+0
758.000000000000110E+0	4.286320341670762E+0	216.031842000827510E+0
759.000000000000110E+0	13.035139610751003E+0	474.488884092328480E+0
760.000000000000110E+0	8.475741872670136E+0	165.650125618574720E+0
761.000000000000110E+0	2.979205173441342E+0	25.718162684142008E+0
762.000000000000110E+0	4.947073691380148E+0	201.128762226115840E+0
763.000000000000110E+0	8.941416924850419E+0	328.298842818782420E+0
764.000000000000110E+0	3.336869147709079E+0	155.211739045190310E+0
765.000000000000110E+0	1.057961571874123E+0	140.719520163890910E+0
766.000000000000110E+0	872.164191866422240E-3	44.907148700772424E+0
767.000000000000110E+0	5.898027922639854E+0	184.747952781787920E+0
768.000000000000110E+0	8.832298453692252E+0	255.477614034019010E+0
769.000000000000110E+0	12.881493658698194E+0	284.535488176315600E+0
770.000000000000110E+0	5.277583396300265E+0	98.994442857996802E+0
771.000000000000110E+0	544.418184921945380E-3	70.611838715268249E+0
772.000000000000110E+0	1.896888624728023E+0	415.270562200354220E+0
773.000000000000110E+0	652.823579113512960E-3	334.342089170638930E+0
774.000000000000110E+0	246.015170575169720E-3	97.774476590496761E+0
775.000000000000110E+0	251.207768913806470E-3	141.596752717179020E+0
776.000000000000110E+0	733.851849162120430E-3	101.213095494819480E+0
777.000000000000110E+0	139.530731067065290E-3	301.294014303577000E+0
778.000000000000110E+0	227.726417681719890E-3	381.925834879807440E+0
779.000000000000110E+0	111.537136889446030E-3	107.825082827210420E+0
780.000000000000110E+0	131.843962604829830E-3	45.579397140269620E+0
781.000000000000110E+0	82.816588115127779E-3	276.449970505242160E+0
782.000000000000110E+0	737.030629499117350E-3	338.046880104768090E+0
783.000000000000110E+0	1.432427587527646E+0	170.930915315382750E+0
784.000000000000110E+0	1.238980519660313E+0	62.672639228862593E+0
785.000000000000110E+0	688.560403298724590E-3	104.585340802989520E+0
786.000000000000110E+0	103.205491348040090E-3	215.355027924813210E+0
787.000000000000110E+0	124.136360603560120E-3	224.582213418009130E+0
788.000000000000110E+0	773.212303001547420E-3	244.344609575850280E+0
789.000000000000110E+0	428.169435660079760E-3	70.254004919574783E+0
790.000000000000110E+0	1.749506650710068E+0	153.860450205560850E+0
791.000000000000110E+0	7.523581756694742E+0	536.567210587111620E+0
792.000000000000110E+0	3.242387920368040E+0	210.142645568190180E+0
793.000000000000110E+0	2.858342836387872E+0	100.401870124287800E+0
794.000000000000110E+0	4.943907661324335E+0	107.834533544609290E+0
795.000000000000110E+0	1.744588702355882E+0	226.320578525513300E+0
796.000000000000110E+0	1.509160827882692E+0	304.502372595417510E+0
797.000000000000110E+0	1.909591298510865E+0	273.351531831206440E+0
798.000000000000110E+0	1.095527084536748E+0	100.869351824287970E+0
799.000000000000110E+0	3.005084475690891E+0	80.071414889628301E+0
800.000000000000110E+0	17.433942651668474E+0	323.939430003643910E+0
801.000000000000110E+0	31.259871119925076E+0	466.524410333802450E+0
802.000000000000110E+0	12.190284670375922E+0	121.118420422100970E+0
803.000000000000110E+0	2.648311214350274E+0	69.182885240921294E+0
804.000000000000110E+0	4.261407319740216E+0	220.916667242547730E+0
805.000000000000110E+0	7.529182637340947E+0	224.300528765554560E+0
806.000000000000110E+0	8.193781819495538E+0	201.618616769580910E+0
807.000000000000110E+0	9.890551394512388E+0	192.914036039082760E+0
808.000000000000110E+0	1.567072660856769E+0	17.593477234471340E+0
809.000000000000110E+0	34.420965137876649E+0	267.335901911227890E+0
810.000000000000110E+0	61.148082179488483E+0	421.077934830721290E+0
811.000000000000110E+0	29.905351218622098E+0	188.371581843313210E+0
812.000000000000110E+0	4.007482671151012E+0	66.115349171305269E+0
813.000000000000110E+0	8.407438034264956E+0	91.598053009738891E+0
814.000000000000110E+0	47.150787730297985E+0	361.522848669243790E+0
815.000000000000110E+0	27.642188343783364E+0	256.587144729739690E+0
816.000000000000110E+0	17.910482847328112E+0	166.224972075753130E+0
817.000000000000110E+0	18.196687825923881E+0	123.411977600634420E+0
818.000000000000110E+0	8.119383817000138E+0	90.516259404653340E+0
819.000000000000110E+0	21.324901861258056E+0	394.444548410768050E+0
820.000000000000110E+0	14.730398030835641E+0	368.761047498127310E+0
821.000000000000110E+0	1.448553362975590E+0	78.685146828499654E+0
822.000000000000110E+0	4.470080371983490E+0	93.253375147574104E+0
823.000000000000110E+0	16.544979861352704E+0	324.023507356293410E+0
824.000000000000110E+0	12.704928709062727E+0	214.281446598808860E+0
825.000000000000110E+0	15.587584252248254E+0	209.507743201286590E+0
826.000000000000110E+0	9.306589490899750E+0	78.973403743026239E+0
827.000000000000110E+0	5.869171727004643E+0	75.019679752559597E+0
828.000000000000110E+0	9.809038705574519E+0	255.061102029016550E+0
829.000000000000110E+0	15.607291784711137E+0	297.036914274691580E+0
830.000000000000110E+0	7.916357738181763E+0	165.146000411776920E+0
831.000000000000110E+0	842.821503123197480E-3	18.410585851898606E+0
832.000000000000110E+0	20.162261539045975E+0	195.417444542021030E+0
833.000000000000110E+0	40.486603262021127E+0	399.562425191302280E+0
834.000000000000110E+0	16.814922029718275E+0	110.039297404061060E+0
835.000000000000110E+0	16.436866193499792E+0	118.577440715406010E+0
836.000000000000110E+0	7.175677734650932E+0	70.662784067172495E+0
837.000000000000110E+0	10.055591471482620E+0	129.028368899335480E+0
838.000000000000110E+0	38.631989695931438E+0	390.376356100309010E+0
839.000000000000110E+0	23.482313854455622E+0	229.446689629568250E+0
840.000000000000110E+0	5.475739339633236E+0	51.881541234157297E+0
841.000000000000110E+0	22.204691055810393E+0	110.455971090563030E+0
842.000000000000110E+0	58.114796111481553E+0	344.891691560754110E+0
843.000000000000110E+0	48.283522212058259E+0	285.075298139421700E+0
844.000000000000110E+0	18.109314051357167E+0	121.213287791738100E+0
845.000000000000110E+0	14.458925351825522E+0	86.601162497385218E+0
846.000000000000110E+0	34.682935011642400E+0	194.833920502938500E+0
847.000000000000110E+0	46.949688641476726E+0	236.455665666020790E+0
848.000000000000110E+0	75.314602789557441E+0	347.253795549790030E+0
849.000000000000110E+0	42.722672195741168E+0	176.683955784256480E+0
850.000000000000110E+0	7.050881625265349E+0	23.664675830613540E+0
851.000000000000110E+0	105.200523693671540E+0	429.802357723711000E+0
852.000000000000110E+0	94.873466751402219E+0	364.741736747261820E+0
853.000000000000110E+0	30.104236635555953E+0	125.572133994628670E+0
854.000000000000110E+0	35.209490649138829E+0	114.864478187521370E+0
855.000000000000110E+0	41.074111293349759E+0	95.773341035600794E+0
856.000000000000110E+0	106.847682710012280E+0	268.062721522577930E+0
857.000000000000110E+0	107.175038576967570E+0	288.520529867156880E+0
858.000000000000110E+0	45.829742130106069E+0	137.710753633891240E+0
859.000000000000110E+0	19.074282535204670E+0	51.542150721425834E+0
860.000000000000110E+0	37.078953216137982E+0	132.090159551448640E+0
861.000000000000110E+0	116.215303768431300E+0	448.778222339330110E+0
862.000000000000110E+0	48.058767084268027E+0	221.136738976435790E+0
863.000000000000110E+0	12.442297450136900E+0	36.694041420374234E+0
864.000000000000110E+0	52.234852886177791E+0	98.051898229678457E+0
865.000000000000110E+0	87.422803960270727E+0	211.617634153202460E+0
866.000000000000110E+0	54.838559970486514E+0	161.933773404300780E+0
867.000000000000110E+0	123.253069978361320E+0	254.548886851674240E+0
868.000000000000110E+0	51.031117174340963E+0	88.555305044751151E+0
869.000000000000110E+0	52.491950928470956E+0	64.697998590433968E+0
870.000000000000110E+0	371.335535726013230E+0	419.177429225923450E+0
871.000000000000110E+0	298.432917798643190E+0	273.695399761435340E+0
872.000000000000110E+0	150.535763976525520E+0	127.053033329768620E+0
873.000000000000110E+0	51.655057374641842E+0	45.124553458519706E+0
874.000000000000110E+0	278.942403126232420E+0	201.902797796250580E+0
875.000000000000110E+0	534.465827440733160E+0	329.588021807063910E+0
876.000000000000110E+0	306.003487780962590E+0	185.568972392725070E+0
877.000000000000110E+0	310.423535025055970E+0	176.275813263847650E+0
878.000000000000110E+0	109.883362908286440E+0	51.990976406115536E+0
879.000000000000110E+0	286.121625482546850E+0	205.614157807241330E+0
880.000000000000110E+0	599.520217746826570E+0	508.210212701241000E+0
881.000000000000110E+0	230.510181867376420E+0	219.766588071660040E+0
882.000000000000110E+0	38.353524445899978E+0	47.680898973124187E+0
883.000000000000110E+0	144.035780343334100E+0	214.921797352104930E+0
884.000000000000110E+0	190.685583506004690E+0	287.850438322509890E+0
885.000000000000110E+0	141.166400923252040E+0	242.575120116525650E+0
886.000000000000110E+0	91.614627693938445E+0	176.968076114757590E+0
887.000000000000110E+0	34.221470130775451E+0	74.330190872092004E+0
888.000000000000110E+0	56.730683177801168E+0	180.126912924045970E+0
889.000000000000110E+0	100.205511731777520E+0	390.433855865373170E+0
890.000000000000110E+0	59.329096867296883E+0	257.683390045021040E+0
891.000000000000110E+0	17.214180597682937E+0	92.629414777988387E+0
892.000000000000110E+0	24.938192336315957E+0	78.863636545985656E+0
893.000000000000110E+0	91.729661598378655E+0	423.956117484174340E+0
894.000000000000110E+0	46.292277111237396E+0	223.069111560709930E+0
895.000000000000110E+0	19.679727221437201E+0	110.715105848250500E+0
896.000000000000110E+0	17.575909038872442E+0	119.436360959018810E+0
897.000000000000110E+0	4.579734698795020E+0	57.314741373478796E+0
898.000000000000110E+0	28.848567144509492E+0	303.583893663161570E+0
899.000000000000110E+0	31.970602760922041E+0	339.330186949864130E+0
900.000000000000110E+0	9.588757500122490E+0	96.361602140186761E+0
901.000000000000110E+0	6.873820109065164E+0	33.199157920168759E+0
902.000000000000110E+0	26.377612744245795E+0	206.103987403289920E+0
903.000000000000110E+0	28.231197344930763E+0	273.783860931925630E+0
904.000000000000110E+0	11.758695695967273E+0	134.797954445922130E+0
905.000000000000110E+0	1.364835561902909E+0	54.169744045714673E+0
906.000000000000110E+0	2.264846432940931E+0	74.341201532936949E+0
907.000000000000110E+0	8.726021235258077E+0	129.409717894883220E+0
908.000000000000110E+0	17.114849338397203E+0	234.273486980362350E+0
909.000000000000110E+0	13.863660327724782E+0	202.986378767865230E+0
910.000000000000110E+0	2.812346520786447E+0	32.828002061832429E+0
911.000000000000110E+0	10.025186499534074E+0	115.005013146873880E+0
912.000000000000110E+0	26.932032849787486E+0	415.598418645892590E+0
913.000000000000110E+0	10.069638854721159E+0	172.717551449494780E+0
914.000000000000110E+0	1.902128368584468E+0	74.700574816928821E+0
915.000000000000110E+0	6.328261203770221E+0	88.053767506978744E+0
916.000000000000110E+0	20.693063720440119E+0	95.397339362513790E+0
917.000000000000110E+0	23.572003219507003E+0	293.067359440980450E+0
918.000000000000110E+0	9.908613641227943E+0	219.265167127379300E+0
919.000000000000110E+0	9.245422395887145E+0	122.458487705840640E+0
920.000000000000110E+0	4.022842582144011E+0	26.591793725594083E+0
921.000000000000110E+0	7.528685786972824E+0	302.055974805956400E+0
922.000000000000110E+0	5.103206790719802E+0	388.378740514189810E+0
923.000000000000110E+0	673.849735037728820E-3	155.066604757627460E+0
924.000000000000110E+0	2.744603967202869E+0	61.638518037957581E+0
925.000000000000110E+0	5.548083368810854E+0	173.577445874975690E+0
926.000000000000110E+0	4.456726332803973E+0	208.046615668196350E+0
927.000000000000110E+0	13.286220326787284E+0	298.581754896475440E+0
928.000000000000110E+0	10.353866781519278E+0	253.117087199331760E+0
929.000000000000110E+0	2.005357648896924E+0	34.843535222655937E+0
930.000000000000110E+0	2.088715451031770E+0	265.775098983837950E+0
931.000000000000110E+0	7.263569833057728E+0	470.519524640795850E+0
932.000000000000110E+0	2.803347205661565E+0	227.041848777824950E+0
933.000000000000110E+0	1.375631583950622E+0	96.173983009574769E+0
934.000000000000110E+0	5.211081193814087E+0	125.168604669042650E+0
935.000000000000110E+0	13.821304974686589E+0	321.968311904065730E+0
936.000000000000110E+0	15.977978320934117E+0	332.258584524535760E+0
937.000000000000110E+0	7.480393183420927E+0	208.068403040024490E+0
938.000000000000110E+0	4.326562825976148E+0	147.900416231901540E+0
939.000000000000110E+0	1.373146447531134E+0	78.935308170237690E+0
940.000000000000110E+0	16.240564522823718E+0	544.996080518615830E+0
941.000000000000110E+0	9.912103236119972E+0	418.786034989216660E+0
942.000000000000110E+0	741.358761213216640E-3	76.665287233841610E+0
943.000000000000110E+0	5.430749771038580E+0	133.113960594807790E+0
944.000000000000110E+0	8.509174979443863E+0	325.341116034752470E+0
945.000000000000110E+0	3.991963983260703E+0	260.121124464934550E+0
946.000000000000110E+0	1.430931568405504E+0	267.432283118903060E+0
947.000000000000110E+0	800.689038054082980E-3	145.121689175270210E+0
948.000000000000110E+0	77.573391697429925E-3	84.711863405400976E+0
949.000000000000110E+0	387.119913986990640E-3	350.866405215228500E+0
950.000000000000110E+0	500.295289389111610E-3	385.470693780601660E+0
951.000000000000110E+0	293.409238402944640E-3	210.643460374137870E+0
952.000000000000110E+0	51.867100733093675E-3	34.145065450793453E+0
953.000000000000110E+0	143.131751997432780E-3	264.958146633115520E+0
954.000000000000110E+0	66.659993978691962E-3	392.001617249773860E+0
955.000000000000110E+0	40.030837479635414E-3	152.025159793158480E+0
956.000000000000110E+0	57.011829048871553E-3	156.991331392109260E+0
957.000000000000110E+0	41.610535322101648E-3	88.685629090499106E+0
958.000000000000110E+0	73.197288371747590E-3	177.164732526722620E+0
959.000000000000110E+0	82.293518415757272E-3	495.690997311762370E+0
960.000000000000110E+0	9.699142963349863E-3	194.059745828418930E+0
961.000000000000110E+0	72.571248749596515E-3	29.228009047852375E+0
962.000000000000110E+0	160.790568626437340E-3	161.097253102994440E+0
963.000000000000110E+0	80.285830243848985E-3	294.260384095041500E+0
964.000000000000110E+0	21.348900805786667E-3	257.568672737439840E+0
965.000000000000110E+0	189.081895710772830E-3	86.681202037262665E+0
966.000000000000110E+0	192.070130697188090E-3	76.990526928485195E+0
967.000000000000110E+0	58.148682352811898E-3	116.554873265602590E+0
968.000000000000110E+0	60.069134791334688E-3	228.500832151037370E+0
969.000000000000110E+0	38.707997533910958E-3	255.885536631462030E+0
970.000000000000110E+0	74.452317791974643E-3	95.514183997742677E+0
971.000000000000110E+0	82.467666380687255E-3	33.966222729859844E+0
972.000000000000110E+0	52.116114327327254E-3	395.578958035561410E+0
973.000000000000110E+0	63.719034840015329E-3	245.268711443945820E+0
974.000000000000110E+0	80.497405389097096E-3	64.723238906615379E+0
975.000000000000110E+0	126.433344719661860E-3	65.953804494658328E+0
976.000000000000110E+0	45.657842091630443E-3	43.351049298834631E+0
977.000000000000110E+0	376.547438854505590E-3	181.856945833406770E+0
978.000000000000110E+0	991.833586428768620E-3	241.816112834763770E+0
979.000000000000110E+0	383.385639384771380E-3	86.744511248315490E+0
980.000000000000110E+0	97.112505064240434E-3	12.820222726288218E+0
981.000000000000110E+0	840.949651066266290E-3	116.403417832866580E+0
982.000000000000110E+0	3.002116265267591E+0	289.485425240357410E+0
983.000000000000110E+0	2.091042788108672E+0	146.453336260442850E+0
984.000000000000110E+0	34.144882946894363E-3	6.343191115854966E+0
985.000000000000110E+0	841.543660736087440E-3	66.589095076289624E+0
986.000000000000110E+0	1.761766968135682E+0	88.150002428174275E+0
987.000000000000110E+0	2.931936660648651E+0	135.776789777916830E+0
988.000000000000110E+0	5.361720134405398E+0	182.818049122396530E+0
989.000000000000110E+0	1.100794896072321E+0	32.255825055483129E+0
990.000000000000110E+0	1.806841973781323E+0	47.630592150983361E+0
991.000000000000110E+0	9.803896435311756E+0	270.795656587556210E+0
992.000000000000110E+0	5.549056721578421E+0	124.264638748558550E+0
993.000000000000110E+0	1.887937896839635E+0	26.292570780857552E+0
994.000000000000110E+0	679.679159843582740E-3	10.884724350681797E+0
995.000000000000110E+0	1.482844663989751E+0	73.603809869146218E+0
996.000000000000110E+0	2.277093433706642E+0	146.470488226343430E+0
997.000000000000110E+0	586.390770564407140E-3	58.680293328565561E+0
998.000000000000110E+0	456.767074094007960E-3	62.213918090653784E+0
999.000000000000110E+0	429.123467023435290E-3	2.948424504112553E+0
1.000000000000000E+3	6.536913012524218E+0	136.055148043899040E+0
