Freq (Hz)	Coh_accelerometre /source
source
source
10.000000000000018E+0	992.331787763240820E-3
11.000000000000020E+0	990.282521104405290E-3
12.000000000000021E+0	974.793158379666400E-3
13.000000000000023E+0	959.350593388904050E-3
14.000000000000025E+0	997.690154383607860E-3
15.000000000000027E+0	998.564943326811450E-3
16.000000000000028E+0	986.281275180104330E-3
17.000000000000028E+0	998.642671348145990E-3
18.000000000000028E+0	999.441839296880570E-3
19.000000000000028E+0	998.135444086757250E-3
20.000000000000028E+0	999.167400088850850E-3
21.000000000000028E+0	999.600219547977840E-3
22.000000000000028E+0	999.416420180161860E-3
23.000000000000028E+0	999.611962574776140E-3
24.000000000000028E+0	999.848499493504740E-3
25.000000000000028E+0	999.946297003010190E-3
26.000000000000028E+0	999.984194228231040E-3
27.000000000000028E+0	999.925058127508650E-3
28.000000000000028E+0	999.858097404760730E-3
29.000000000000028E+0	999.701154207674690E-3
30.000000000000028E+0	999.537955689266290E-3
31.000000000000028E+0	999.909193956250660E-3
32.000000000000028E+0	999.924530757303920E-3
33.000000000000028E+0	999.843339929672230E-3
34.000000000000028E+0	999.703793511773630E-3
35.000000000000028E+0	999.700524048436570E-3
36.000000000000028E+0	999.821150816926910E-3
37.000000000000028E+0	999.923348826410210E-3
38.000000000000028E+0	999.664079619838720E-3
39.000000000000028E+0	999.493115963686510E-3
40.000000000000028E+0	999.687397946693700E-3
41.000000000000028E+0	999.815824948480090E-3
42.000000000000028E+0	999.863480787929410E-3
43.000000000000028E+0	999.823595093129350E-3
44.000000000000028E+0	999.801609263967440E-3
45.000000000000028E+0	999.849730017044690E-3
46.000000000000028E+0	999.957411490789760E-3
47.000000000000028E+0	999.945972128880140E-3
48.000000000000028E+0	999.846203592098640E-3
49.000000000000028E+0	999.875204920615430E-3
50.000000000000028E+0	999.909632853042460E-3
51.000000000000028E+0	999.902293849932230E-3
52.000000000000028E+0	999.806106591938800E-3
53.000000000000028E+0	998.754174857954700E-3
54.000000000000028E+0	999.687937350776210E-3
55.000000000000028E+0	999.864649913175810E-3
56.000000000000028E+0	999.908128498040780E-3
57.000000000000028E+0	999.904364385249430E-3
58.000000000000028E+0	999.770575085718870E-3
59.000000000000028E+0	999.948590667337770E-3
60.000000000000028E+0	999.937247483902220E-3
61.000000000000028E+0	999.934083951363520E-3
62.000000000000028E+0	999.872300927010960E-3
63.000000000000028E+0	999.934556555596600E-3
64.000000000000028E+0	999.959659736746830E-3
65.000000000000028E+0	999.939963808471940E-3
66.000000000000028E+0	999.896325197250690E-3
67.000000000000028E+0	999.739221177185720E-3
68.000000000000028E+0	999.817286307604470E-3
69.000000000000028E+0	999.848299390756920E-3
70.000000000000028E+0	999.905753362042570E-3
71.000000000000028E+0	999.570373882876060E-3
72.000000000000028E+0	999.735451986236370E-3
73.000000000000028E+0	999.847026373783310E-3
74.000000000000028E+0	999.884750195623730E-3
75.000000000000028E+0	999.678284282258580E-3
76.000000000000028E+0	999.780481955146350E-3
77.000000000000028E+0	998.857246772920870E-3
78.000000000000028E+0	999.896702928674160E-3
79.000000000000028E+0	999.808416224853170E-3
80.000000000000028E+0	999.584047446493650E-3
81.000000000000028E+0	960.837395239539150E-3
82.000000000000028E+0	968.480257949821730E-3
83.000000000000028E+0	995.515410597834550E-3
84.000000000000028E+0	998.833101031087690E-3
85.000000000000028E+0	988.363326039142230E-3
86.000000000000028E+0	994.649097951111670E-3
87.000000000000028E+0	997.249513701468530E-3
88.000000000000028E+0	999.466191317780360E-3
89.000000000000028E+0	999.507643891332950E-3
90.000000000000028E+0	994.894678847014320E-3
91.000000000000028E+0	999.486717888642070E-3
92.000000000000028E+0	998.471845623866930E-3
93.000000000000028E+0	998.613691734617000E-3
94.000000000000028E+0	999.383286527668500E-3
95.000000000000028E+0	995.164641960278650E-3
96.000000000000028E+0	999.134034658195060E-3
97.000000000000028E+0	999.696851454674790E-3
98.000000000000028E+0	999.768266200493190E-3
99.000000000000028E+0	998.809880585486920E-3
100.000000000000030E+0	997.776097677650190E-3
101.000000000000030E+0	999.711298834417890E-3
102.000000000000030E+0	999.735141438056530E-3
103.000000000000030E+0	993.964379838125130E-3
104.000000000000030E+0	999.561221431891630E-3
105.000000000000030E+0	999.209736552702950E-3
106.000000000000030E+0	999.783276983078450E-3
107.000000000000030E+0	999.610629460318530E-3
108.000000000000030E+0	999.160140484281920E-3
109.000000000000030E+0	998.393572418755150E-3
110.000000000000030E+0	999.446791008622330E-3
111.000000000000030E+0	999.626468568941440E-3
112.000000000000030E+0	999.449388761013190E-3
113.000000000000030E+0	998.637062135188440E-3
114.000000000000030E+0	992.885750399480460E-3
115.000000000000030E+0	989.132229723843180E-3
116.000000000000030E+0	994.695851822224640E-3
117.000000000000030E+0	998.664297221156020E-3
118.000000000000030E+0	999.874412109840180E-3
119.000000000000030E+0	994.878019805511160E-3
120.000000000000030E+0	997.235025948520650E-3
121.000000000000030E+0	999.654600650743740E-3
122.000000000000030E+0	999.354080418959460E-3
123.000000000000030E+0	999.700418602628590E-3
124.000000000000030E+0	999.759143855359690E-3
125.000000000000030E+0	999.758067079830060E-3
126.000000000000030E+0	999.903114833874400E-3
127.000000000000030E+0	999.920290648041890E-3
128.000000000000030E+0	999.584316531640480E-3
129.000000000000030E+0	999.865937763373290E-3
130.000000000000030E+0	999.911757224409500E-3
131.000000000000030E+0	999.753859551072650E-3
132.000000000000030E+0	998.849917262328970E-3
133.000000000000030E+0	999.843154689400440E-3
134.000000000000030E+0	999.747780094977220E-3
135.000000000000030E+0	999.655580482481150E-3
136.000000000000030E+0	999.793531360393840E-3
137.000000000000030E+0	999.376525637317380E-3
138.000000000000030E+0	999.831454359405790E-3
139.000000000000030E+0	999.805159408689410E-3
140.000000000000030E+0	999.531285982659720E-3
141.000000000000030E+0	999.056047983389430E-3
142.000000000000030E+0	998.522321070937630E-3
143.000000000000030E+0	999.465335705466250E-3
144.000000000000030E+0	999.401751500227140E-3
145.000000000000030E+0	999.089204117260760E-3
146.000000000000030E+0	999.428965629894250E-3
147.000000000000030E+0	997.305943772527240E-3
148.000000000000030E+0	999.562446171642360E-3
149.000000000000030E+0	999.692764173143680E-3
150.000000000000030E+0	998.759568162571610E-3
151.000000000000030E+0	998.354103426109970E-3
152.000000000000030E+0	999.504186257853420E-3
153.000000000000030E+0	999.233431566407760E-3
154.000000000000030E+0	999.295423617764690E-3
155.000000000000030E+0	999.396703981758730E-3
156.000000000000030E+0	997.399878570818800E-3
157.000000000000030E+0	999.396071237078520E-3
158.000000000000030E+0	999.605168812543020E-3
159.000000000000030E+0	999.312975170742020E-3
160.000000000000030E+0	997.667243668399430E-3
161.000000000000030E+0	998.445585418185730E-3
162.000000000000030E+0	999.718569096202380E-3
163.000000000000030E+0	999.399118878181560E-3
164.000000000000030E+0	999.348651578271570E-3
165.000000000000030E+0	999.453883225687730E-3
166.000000000000030E+0	998.265054739713940E-3
167.000000000000030E+0	999.531168923304620E-3
168.000000000000030E+0	999.342853747556820E-3
169.000000000000030E+0	995.713492156061640E-3
170.000000000000030E+0	999.485528269271950E-3
171.000000000000030E+0	999.288882401141000E-3
172.000000000000030E+0	999.017845591453790E-3
173.000000000000030E+0	998.686778993159830E-3
174.000000000000030E+0	998.267002231562510E-3
175.000000000000030E+0	996.410774791823160E-3
176.000000000000030E+0	998.029500696538170E-3
177.000000000000030E+0	996.700131579204670E-3
178.000000000000030E+0	997.038209371087890E-3
179.000000000000030E+0	978.636211671552120E-3
180.000000000000030E+0	998.453398943996210E-3
181.000000000000030E+0	999.329008188295730E-3
182.000000000000030E+0	997.663815808567780E-3
183.000000000000030E+0	998.089538407887060E-3
184.000000000000030E+0	998.558767169920090E-3
185.000000000000030E+0	999.098820298766950E-3
186.000000000000030E+0	999.456711578632360E-3
187.000000000000030E+0	999.315831683393660E-3
188.000000000000030E+0	999.682657677424590E-3
189.000000000000030E+0	999.281311554609530E-3
190.000000000000030E+0	998.967567678346820E-3
191.000000000000030E+0	999.414018590546900E-3
192.000000000000030E+0	998.630868377769150E-3
193.000000000000030E+0	998.749068864217210E-3
194.000000000000030E+0	999.647722658463360E-3
195.000000000000030E+0	999.596738241170570E-3
196.000000000000030E+0	999.747809020553820E-3
197.000000000000030E+0	999.293052420068160E-3
198.000000000000030E+0	992.994193618888850E-3
199.000000000000030E+0	999.361766449272880E-3
200.000000000000030E+0	999.099285016955110E-3
201.000000000000030E+0	998.269038073859580E-3
202.000000000000030E+0	997.422651570110560E-3
203.000000000000030E+0	993.389693031173530E-3
204.000000000000030E+0	998.033589116002710E-3
205.000000000000030E+0	996.247130837115470E-3
206.000000000000030E+0	998.369428953270630E-3
207.000000000000030E+0	995.919997002469360E-3
208.000000000000030E+0	994.766248223124980E-3
209.000000000000030E+0	998.151819348311760E-3
210.000000000000030E+0	995.438400927074030E-3
211.000000000000030E+0	989.258344508953000E-3
212.000000000000030E+0	998.379611142923840E-3
213.000000000000030E+0	998.733729536370960E-3
214.000000000000030E+0	990.226197731855720E-3
215.000000000000030E+0	981.546344731797470E-3
216.000000000000030E+0	451.999862890977930E-3
217.000000000000030E+0	996.371713605714860E-3
218.000000000000030E+0	999.311251557362890E-3
219.000000000000030E+0	999.374385290405340E-3
220.000000000000030E+0	999.340641007701040E-3
221.000000000000030E+0	996.012681705448770E-3
222.000000000000030E+0	991.512893651457230E-3
223.000000000000030E+0	998.264836966681780E-3
224.000000000000030E+0	994.842501050529740E-3
225.000000000000030E+0	998.690126618550720E-3
226.000000000000030E+0	997.780216435112390E-3
227.000000000000030E+0	995.869866428763630E-3
228.000000000000030E+0	998.418178345601650E-3
229.000000000000030E+0	998.967804843454600E-3
230.000000000000030E+0	991.516993012823810E-3
231.000000000000030E+0	995.436445933323250E-3
232.000000000000030E+0	998.245919399431410E-3
233.000000000000030E+0	998.371012516476420E-3
234.000000000000030E+0	998.292870869610490E-3
235.000000000000030E+0	995.438714317072870E-3
236.000000000000030E+0	997.668492059922470E-3
237.000000000000030E+0	997.524171950202150E-3
238.000000000000030E+0	998.375553403914480E-3
239.000000000000030E+0	996.676984419763050E-3
240.000000000000030E+0	998.375555881416020E-3
241.000000000000030E+0	997.985543391852520E-3
242.000000000000030E+0	987.121161999854670E-3
243.000000000000030E+0	994.656365377163840E-3
244.000000000000030E+0	994.901640721865150E-3
245.000000000000030E+0	993.818004565747980E-3
246.000000000000030E+0	998.378111863914010E-3
247.000000000000030E+0	999.012921014416300E-3
248.000000000000030E+0	998.464554699744160E-3
249.000000000000030E+0	998.893681946411590E-3
250.000000000000030E+0	999.106091205583140E-3
251.000000000000030E+0	997.936225476904190E-3
252.000000000000030E+0	996.343459610836150E-3
253.000000000000030E+0	994.794822358684660E-3
254.000000000000030E+0	997.933952083862820E-3
255.000000000000030E+0	998.339930416312190E-3
256.000000000000060E+0	998.516017178438960E-3
257.000000000000060E+0	999.328392160776070E-3
258.000000000000060E+0	999.575334973001660E-3
259.000000000000060E+0	999.190119411093040E-3
260.000000000000060E+0	998.007241835386470E-3
261.000000000000060E+0	982.043953713825580E-3
262.000000000000060E+0	981.263007968297350E-3
263.000000000000060E+0	995.630036391340730E-3
264.000000000000060E+0	998.223504282025660E-3
265.000000000000060E+0	998.265728416930290E-3
266.000000000000060E+0	997.643154585582840E-3
267.000000000000060E+0	997.810016204336620E-3
268.000000000000060E+0	996.013448825557090E-3
269.000000000000060E+0	992.333771516698210E-3
270.000000000000060E+0	996.673745130547740E-3
271.000000000000060E+0	961.314473591852960E-3
272.000000000000060E+0	991.888256970394070E-3
273.000000000000060E+0	994.752393404388480E-3
274.000000000000060E+0	995.188046510629750E-3
275.000000000000060E+0	995.373632948452490E-3
276.000000000000060E+0	997.093620484938210E-3
277.000000000000060E+0	994.173241040958940E-3
278.000000000000060E+0	994.711005320053630E-3
279.000000000000060E+0	997.637494717685810E-3
280.000000000000060E+0	997.431802145167800E-3
281.000000000000060E+0	995.552202486058130E-3
282.000000000000060E+0	994.851131223671080E-3
283.000000000000060E+0	998.268320983175640E-3
284.000000000000060E+0	996.951278588136260E-3
285.000000000000060E+0	997.677100415534700E-3
286.000000000000060E+0	997.415270715639510E-3
287.000000000000060E+0	992.653342452456070E-3
288.000000000000060E+0	998.117273850704920E-3
289.000000000000060E+0	998.233985882249430E-3
290.000000000000060E+0	995.666401320884690E-3
291.000000000000060E+0	996.768050454668100E-3
292.000000000000060E+0	998.106868315722040E-3
293.000000000000060E+0	997.664077778093180E-3
294.000000000000060E+0	996.342579246133670E-3
295.000000000000060E+0	994.758201063585030E-3
296.000000000000060E+0	992.998604270559300E-3
297.000000000000060E+0	995.926377315676010E-3
298.000000000000060E+0	997.321288237126290E-3
299.000000000000060E+0	996.104045866813560E-3
300.000000000000060E+0	990.253745480371480E-3
301.000000000000060E+0	996.969996504302850E-3
302.000000000000060E+0	998.190247178730620E-3
303.000000000000060E+0	994.880862421596230E-3
304.000000000000060E+0	998.277705199279160E-3
305.000000000000060E+0	996.544194692640660E-3
306.000000000000060E+0	997.177057789717100E-3
307.000000000000060E+0	998.684103961532180E-3
308.000000000000060E+0	997.360498201313340E-3
309.000000000000060E+0	994.190816049096310E-3
310.000000000000060E+0	994.304655235515810E-3
311.000000000000060E+0	997.281019724965740E-3
312.000000000000060E+0	996.666145940344190E-3
313.000000000000060E+0	990.247934072227440E-3
314.000000000000060E+0	994.591189749879590E-3
315.000000000000060E+0	995.214907011374050E-3
316.000000000000060E+0	989.775099134246220E-3
317.000000000000060E+0	995.921535648429000E-3
318.000000000000060E+0	994.936374010615410E-3
319.000000000000060E+0	992.183582485017150E-3
320.000000000000060E+0	998.212910496570240E-3
321.000000000000060E+0	997.764858018608810E-3
322.000000000000060E+0	988.778002835516760E-3
323.000000000000060E+0	991.115473865655130E-3
324.000000000000060E+0	911.420968763323900E-3
325.000000000000060E+0	998.223662803793820E-3
326.000000000000060E+0	996.798079264802680E-3
327.000000000000060E+0	997.037462487027180E-3
328.000000000000060E+0	994.455736987698510E-3
329.000000000000060E+0	996.859932554670980E-3
330.000000000000060E+0	999.116275637248920E-3
331.000000000000060E+0	998.452462633046430E-3
332.000000000000060E+0	997.988767272554810E-3
333.000000000000060E+0	997.622493373267360E-3
334.000000000000060E+0	995.082713501912130E-3
335.000000000000060E+0	992.486292312057210E-3
336.000000000000060E+0	997.798574736783790E-3
337.000000000000060E+0	993.302362872982460E-3
338.000000000000060E+0	997.148600516522210E-3
339.000000000000060E+0	998.960839296400230E-3
340.000000000000060E+0	998.756352464487910E-3
341.000000000000060E+0	997.098962263292860E-3
342.000000000000060E+0	994.293071589432920E-3
343.000000000000060E+0	997.375403590331830E-3
344.000000000000060E+0	997.763505886112620E-3
345.000000000000060E+0	995.986422567595840E-3
346.000000000000060E+0	998.075327138567390E-3
347.000000000000060E+0	996.355729332708550E-3
348.000000000000060E+0	997.654746710981640E-3
349.000000000000060E+0	998.799315171567280E-3
350.000000000000060E+0	997.676816911964300E-3
351.000000000000060E+0	996.276447633450470E-3
352.000000000000060E+0	996.945056432015470E-3
353.000000000000060E+0	998.813356763043170E-3
354.000000000000060E+0	998.133308363840180E-3
355.000000000000060E+0	995.908553119347230E-3
356.000000000000060E+0	990.043233219552900E-3
357.000000000000060E+0	993.884787488803490E-3
358.000000000000060E+0	996.626376054786770E-3
359.000000000000060E+0	997.852454541905630E-3
360.000000000000060E+0	996.761464387174720E-3
361.000000000000060E+0	993.453929993108330E-3
362.000000000000060E+0	998.109798869057260E-3
363.000000000000060E+0	997.377811109808050E-3
364.000000000000060E+0	995.835614887852550E-3
365.000000000000060E+0	996.368989000279150E-3
366.000000000000060E+0	996.176302165504120E-3
367.000000000000060E+0	998.280095478744970E-3
368.000000000000060E+0	998.601306894562170E-3
369.000000000000060E+0	998.015411409922110E-3
370.000000000000060E+0	998.826856479107740E-3
371.000000000000060E+0	998.593463807202710E-3
372.000000000000060E+0	998.805699364980980E-3
373.000000000000060E+0	997.851401629667120E-3
374.000000000000060E+0	990.072486105199600E-3
375.000000000000060E+0	980.960321089459740E-3
376.000000000000060E+0	993.203986256759650E-3
377.000000000000060E+0	997.757987540463410E-3
378.000000000000060E+0	998.012748147544150E-3
379.000000000000060E+0	996.810883953866970E-3
380.000000000000060E+0	998.453730863127280E-3
381.000000000000060E+0	999.288927795822570E-3
382.000000000000060E+0	997.822323984001060E-3
383.000000000000060E+0	995.335246695868150E-3
384.000000000000060E+0	990.684562986817950E-3
385.000000000000060E+0	996.208248789137610E-3
386.000000000000060E+0	998.889873619108530E-3
387.000000000000060E+0	998.615339481415790E-3
388.000000000000060E+0	998.277256410596840E-3
389.000000000000060E+0	997.329194855349990E-3
390.000000000000060E+0	998.424078311015760E-3
391.000000000000060E+0	998.889632405889900E-3
392.000000000000060E+0	997.431077992352310E-3
393.000000000000060E+0	996.298338822466660E-3
394.000000000000060E+0	997.688775198893760E-3
395.000000000000060E+0	997.821677316671930E-3
396.000000000000060E+0	998.464601868462970E-3
397.000000000000060E+0	997.950250665560420E-3
398.000000000000060E+0	997.413225710815480E-3
399.000000000000060E+0	998.086812203890500E-3
400.000000000000060E+0	998.274259484126400E-3
401.000000000000060E+0	995.121615359096490E-3
402.000000000000060E+0	991.263617410948820E-3
403.000000000000060E+0	987.592564499525370E-3
404.000000000000060E+0	997.393099514885530E-3
405.000000000000060E+0	997.681788728169480E-3
406.000000000000060E+0	998.298581535282170E-3
407.000000000000060E+0	998.557700543763360E-3
408.000000000000060E+0	998.011979785779930E-3
409.000000000000060E+0	998.210425521787960E-3
410.000000000000060E+0	996.954119195754720E-3
411.000000000000060E+0	981.092492156544150E-3
412.000000000000060E+0	995.790362496983720E-3
413.000000000000060E+0	998.465527455988160E-3
414.000000000000060E+0	998.257883212701040E-3
415.000000000000060E+0	997.126956441815370E-3
416.000000000000060E+0	996.339060476311820E-3
417.000000000000060E+0	996.036786528389670E-3
418.000000000000060E+0	989.564129590541630E-3
419.000000000000060E+0	998.005822062832950E-3
420.000000000000060E+0	996.986233076811780E-3
421.000000000000060E+0	981.129782792069970E-3
422.000000000000060E+0	998.687612332341600E-3
423.000000000000060E+0	999.172196151114740E-3
424.000000000000060E+0	997.969259049286020E-3
425.000000000000060E+0	997.815720825658280E-3
426.000000000000060E+0	992.686521793315290E-3
427.000000000000060E+0	998.846722247501930E-3
428.000000000000060E+0	999.329970896146610E-3
429.000000000000060E+0	997.468238601593060E-3
430.000000000000060E+0	997.246094249686240E-3
431.000000000000060E+0	996.548519508607120E-3
432.000000000000060E+0	998.447118524989680E-3
433.000000000000060E+0	998.674562923453250E-3
434.000000000000060E+0	997.447285822904650E-3
435.000000000000060E+0	996.252736092325900E-3
436.000000000000060E+0	998.102022132594250E-3
437.000000000000060E+0	998.280361975972810E-3
438.000000000000060E+0	998.674243137998680E-3
439.000000000000060E+0	998.458693059546710E-3
440.000000000000060E+0	991.952548037077770E-3
441.000000000000060E+0	999.076464053612830E-3
442.000000000000060E+0	998.939580957310280E-3
443.000000000000060E+0	998.053983050990800E-3
444.000000000000060E+0	998.273696781028950E-3
445.000000000000060E+0	997.778208091557820E-3
446.000000000000060E+0	999.047295918607970E-3
447.000000000000060E+0	998.831605817544040E-3
448.000000000000060E+0	998.415792425141560E-3
449.000000000000060E+0	997.105243302234820E-3
450.000000000000060E+0	998.204308139252870E-3
451.000000000000060E+0	999.592160383670820E-3
452.000000000000060E+0	999.431559024115840E-3
453.000000000000060E+0	998.177284006560030E-3
454.000000000000060E+0	998.581851173917070E-3
455.000000000000060E+0	998.675168697781940E-3
456.000000000000060E+0	998.945616019478620E-3
457.000000000000060E+0	998.947688773446640E-3
458.000000000000060E+0	998.588998976205010E-3
459.000000000000060E+0	998.332629148805270E-3
460.000000000000060E+0	999.398951823326390E-3
461.000000000000060E+0	998.877101445758360E-3
462.000000000000060E+0	997.996085504098460E-3
463.000000000000060E+0	994.834248680457890E-3
464.000000000000060E+0	998.069845401972410E-3
465.000000000000060E+0	998.890371206919370E-3
466.000000000000060E+0	998.251860644353780E-3
467.000000000000060E+0	998.615296648323820E-3
468.000000000000060E+0	998.117375185900380E-3
469.000000000000060E+0	999.140861076016520E-3
470.000000000000060E+0	999.477137590089940E-3
471.000000000000060E+0	998.899272764687480E-3
472.000000000000060E+0	997.945354350106890E-3
473.000000000000060E+0	998.622503099617420E-3
474.000000000000060E+0	998.632314122679280E-3
475.000000000000060E+0	998.746148576199030E-3
476.000000000000060E+0	998.807244515422580E-3
477.000000000000060E+0	998.347671305724100E-3
478.000000000000060E+0	998.595410924247310E-3
479.000000000000060E+0	999.348696431694330E-3
480.000000000000060E+0	999.105597666135490E-3
481.000000000000060E+0	998.239671684080450E-3
482.000000000000060E+0	997.375547138154020E-3
483.000000000000060E+0	999.539057116103690E-3
484.000000000000060E+0	999.372921350172970E-3
485.000000000000060E+0	998.476838363976490E-3
486.000000000000060E+0	997.855759068034360E-3
487.000000000000060E+0	995.026362473752090E-3
488.000000000000060E+0	998.782677972299910E-3
489.000000000000060E+0	999.296921722638840E-3
490.000000000000060E+0	998.408059129266440E-3
491.000000000000060E+0	997.001079705796210E-3
492.000000000000060E+0	998.001662720782060E-3
493.000000000000060E+0	998.528882057425850E-3
494.000000000000060E+0	998.322237784301510E-3
495.000000000000060E+0	998.091027827763930E-3
496.000000000000060E+0	999.132977583872320E-3
497.000000000000060E+0	998.778907369017640E-3
498.000000000000060E+0	999.170960602213660E-3
499.000000000000060E+0	999.273566976672690E-3
500.000000000000060E+0	997.773193080078500E-3
501.000000000000060E+0	998.244302596703600E-3
502.000000000000060E+0	999.290589433214800E-3
503.000000000000060E+0	998.522443000473320E-3
504.000000000000060E+0	996.729722392940220E-3
505.000000000000060E+0	997.327733288918660E-3
506.000000000000060E+0	997.925370042592070E-3
507.000000000000060E+0	999.038446158953320E-3
508.000000000000060E+0	997.980996956286500E-3
509.000000000000060E+0	997.120546062327470E-3
510.000000000000060E+0	995.974024394190690E-3
511.000000000000060E+0	998.531851119371260E-3
512.000000000000110E+0	998.195390872675280E-3
513.000000000000110E+0	996.805472890331940E-3
514.000000000000110E+0	997.231774553806290E-3
515.000000000000110E+0	990.766108790269490E-3
516.000000000000110E+0	991.656136337373820E-3
517.000000000000110E+0	996.027457530721190E-3
518.000000000000110E+0	995.955880794041180E-3
519.000000000000110E+0	994.609647761156680E-3
520.000000000000110E+0	988.335231701097830E-3
521.000000000000110E+0	987.065828663136970E-3
522.000000000000110E+0	990.974468650354990E-3
523.000000000000110E+0	997.705178625754470E-3
524.000000000000110E+0	998.729152690596140E-3
525.000000000000110E+0	996.886605415429280E-3
526.000000000000110E+0	997.993155863471700E-3
527.000000000000110E+0	998.165402705571860E-3
528.000000000000110E+0	997.175163463738910E-3
529.000000000000110E+0	996.890552767641930E-3
530.000000000000110E+0	999.206727879392910E-3
531.000000000000110E+0	998.978345882287400E-3
532.000000000000110E+0	996.603963751793720E-3
533.000000000000110E+0	994.695542716341750E-3
534.000000000000110E+0	995.571680672034830E-3
535.000000000000110E+0	997.663639227265530E-3
536.000000000000110E+0	997.565139367121880E-3
537.000000000000110E+0	996.874336130865180E-3
538.000000000000110E+0	996.638890069805770E-3
539.000000000000110E+0	998.592418794417850E-3
540.000000000000110E+0	998.460115224343750E-3
541.000000000000110E+0	997.294162006654770E-3
542.000000000000110E+0	987.765102857456000E-3
543.000000000000110E+0	993.582248482347550E-3
544.000000000000110E+0	997.792322754383230E-3
545.000000000000110E+0	996.587267081578520E-3
546.000000000000110E+0	997.287340078849780E-3
547.000000000000110E+0	994.687961937856360E-3
548.000000000000110E+0	993.332499947265580E-3
549.000000000000110E+0	998.276254956312230E-3
550.000000000000110E+0	998.267466064612140E-3
551.000000000000110E+0	992.845522749523530E-3
552.000000000000110E+0	993.356575523311470E-3
553.000000000000110E+0	997.893490904187770E-3
554.000000000000110E+0	996.605668163893840E-3
555.000000000000110E+0	991.487117854439100E-3
556.000000000000110E+0	994.327098199801470E-3
557.000000000000110E+0	993.886738321003270E-3
558.000000000000110E+0	997.617738128945160E-3
559.000000000000110E+0	998.615583589050670E-3
560.000000000000110E+0	996.198495193530430E-3
561.000000000000110E+0	877.516441036793940E-3
562.000000000000110E+0	996.386447577584430E-3
563.000000000000110E+0	995.445911534515340E-3
564.000000000000110E+0	992.762814155880190E-3
565.000000000000110E+0	988.960711284907700E-3
566.000000000000110E+0	957.466489777010760E-3
567.000000000000110E+0	973.665184824482610E-3
568.000000000000110E+0	978.198358459437260E-3
569.000000000000110E+0	988.112830179996290E-3
570.000000000000110E+0	983.544918306108910E-3
571.000000000000110E+0	991.851235216162250E-3
572.000000000000110E+0	993.246170641798210E-3
573.000000000000110E+0	991.039180589453280E-3
574.000000000000110E+0	987.663361214268010E-3
575.000000000000110E+0	986.488686542638770E-3
576.000000000000110E+0	993.025376017985130E-3
577.000000000000110E+0	996.747966089631230E-3
578.000000000000110E+0	994.732855319017890E-3
579.000000000000110E+0	914.365244785776080E-3
580.000000000000110E+0	991.472134683365590E-3
581.000000000000110E+0	998.248009130110580E-3
582.000000000000110E+0	998.088644403845260E-3
583.000000000000110E+0	997.303733439101280E-3
584.000000000000110E+0	995.743705023870880E-3
585.000000000000110E+0	994.516294798084570E-3
586.000000000000110E+0	997.727031933506090E-3
587.000000000000110E+0	997.435289833795370E-3
588.000000000000110E+0	998.127590142285030E-3
589.000000000000110E+0	993.980409125109210E-3
590.000000000000110E+0	998.749753861454480E-3
591.000000000000110E+0	999.101086173103780E-3
592.000000000000110E+0	996.902538558211200E-3
593.000000000000110E+0	993.902310906631950E-3
594.000000000000110E+0	995.318554650997170E-3
595.000000000000110E+0	997.665783017864900E-3
596.000000000000110E+0	999.323938840941280E-3
597.000000000000110E+0	999.214386208631900E-3
598.000000000000110E+0	998.082083443387780E-3
599.000000000000110E+0	999.352335085321730E-3
600.000000000000110E+0	999.250777864829410E-3
601.000000000000110E+0	998.898315386347430E-3
602.000000000000110E+0	994.305064506836420E-3
603.000000000000110E+0	997.402787491550090E-3
604.000000000000110E+0	998.043433139624070E-3
605.000000000000110E+0	996.977258715566190E-3
606.000000000000110E+0	994.766576587523880E-3
607.000000000000110E+0	990.919527607408090E-3
608.000000000000110E+0	988.803510944370690E-3
609.000000000000110E+0	998.765856267048060E-3
610.000000000000110E+0	998.964845175511100E-3
611.000000000000110E+0	997.671977046008070E-3
612.000000000000110E+0	996.515194601280910E-3
613.000000000000110E+0	998.497680121400720E-3
614.000000000000110E+0	998.040568259453640E-3
615.000000000000110E+0	995.239647499307490E-3
616.000000000000110E+0	992.231752395977720E-3
617.000000000000110E+0	990.025469556174870E-3
618.000000000000110E+0	997.560026525494800E-3
619.000000000000110E+0	999.005116340598740E-3
620.000000000000110E+0	998.903848520827700E-3
621.000000000000110E+0	991.101131286158620E-3
622.000000000000110E+0	997.950923168288710E-3
623.000000000000110E+0	998.988997757583430E-3
624.000000000000110E+0	998.698348298187040E-3
625.000000000000110E+0	997.304974202107950E-3
626.000000000000110E+0	987.401200586885740E-3
627.000000000000110E+0	994.922208251699750E-3
628.000000000000110E+0	998.312232581347820E-3
629.000000000000110E+0	998.078422826816690E-3
630.000000000000110E+0	996.244459195807400E-3
631.000000000000110E+0	995.224103703936660E-3
632.000000000000110E+0	999.425789922983590E-3
633.000000000000110E+0	999.676483747078180E-3
634.000000000000110E+0	997.562866835735250E-3
635.000000000000110E+0	997.498305684636270E-3
636.000000000000110E+0	996.864096383260120E-3
637.000000000000110E+0	999.202694398127480E-3
638.000000000000110E+0	999.417109293020740E-3
639.000000000000110E+0	999.313045156698940E-3
640.000000000000110E+0	994.257708344931660E-3
641.000000000000110E+0	999.235981712312090E-3
642.000000000000110E+0	999.060376852498820E-3
643.000000000000110E+0	998.297127570493710E-3
644.000000000000110E+0	997.482389386791680E-3
645.000000000000110E+0	994.344008492731300E-3
646.000000000000110E+0	997.729630722198890E-3
647.000000000000110E+0	998.760382530757050E-3
648.000000000000110E+0	998.976445073470940E-3
649.000000000000110E+0	998.516616449781070E-3
650.000000000000110E+0	996.686858447715540E-3
651.000000000000110E+0	999.278345635857710E-3
652.000000000000110E+0	998.459944196676270E-3
653.000000000000110E+0	992.838169443432170E-3
654.000000000000110E+0	996.757905888446150E-3
655.000000000000110E+0	997.050647088328130E-3
656.000000000000110E+0	998.467058954197850E-3
657.000000000000110E+0	998.938266659527450E-3
658.000000000000110E+0	998.304113060204280E-3
659.000000000000110E+0	995.004918491833700E-3
660.000000000000110E+0	999.199374858173230E-3
661.000000000000110E+0	999.077852989946000E-3
662.000000000000110E+0	997.705440888736030E-3
663.000000000000110E+0	995.272509169952910E-3
664.000000000000110E+0	997.665043578591200E-3
665.000000000000110E+0	999.226769892972100E-3
666.000000000000110E+0	998.644540011626720E-3
667.000000000000110E+0	998.769561545688850E-3
668.000000000000110E+0	991.365100263986940E-3
669.000000000000110E+0	997.401860731268020E-3
670.000000000000110E+0	999.067234739484330E-3
671.000000000000110E+0	999.099396889611910E-3
672.000000000000110E+0	998.642773673208310E-3
673.000000000000110E+0	996.554861369431390E-3
674.000000000000110E+0	996.993052969735390E-3
675.000000000000110E+0	998.409145677205510E-3
676.000000000000110E+0	997.692986215338860E-3
677.000000000000110E+0	997.969625892367710E-3
678.000000000000110E+0	998.134502752998310E-3
679.000000000000110E+0	998.729625428335100E-3
680.000000000000110E+0	998.937785729673400E-3
681.000000000000110E+0	993.916754571713580E-3
682.000000000000110E+0	950.070972353337260E-3
683.000000000000110E+0	989.134239084510590E-3
684.000000000000110E+0	989.079897331468170E-3
685.000000000000110E+0	992.440396596515510E-3
686.000000000000110E+0	994.383772875011670E-3
687.000000000000110E+0	990.473551221655920E-3
688.000000000000110E+0	995.178385797086060E-3
689.000000000000110E+0	996.107326962740070E-3
690.000000000000110E+0	992.939548728534960E-3
691.000000000000110E+0	982.214953794192440E-3
692.000000000000110E+0	994.810236512526760E-3
693.000000000000110E+0	999.082963402778910E-3
694.000000000000110E+0	998.474644072018250E-3
695.000000000000110E+0	997.505769576654930E-3
696.000000000000110E+0	998.636727300509010E-3
697.000000000000110E+0	993.655686116610040E-3
698.000000000000110E+0	994.420618411890110E-3
699.000000000000110E+0	993.485541392673750E-3
700.000000000000110E+0	977.441168842833500E-3
701.000000000000110E+0	992.834050916141410E-3
702.000000000000110E+0	996.663352523205370E-3
703.000000000000110E+0	997.862161904101260E-3
704.000000000000110E+0	996.737440792776600E-3
705.000000000000110E+0	996.912521198885630E-3
706.000000000000110E+0	994.443572784829420E-3
707.000000000000110E+0	998.523708646605890E-3
708.000000000000110E+0	999.016208989278680E-3
709.000000000000110E+0	997.850370368440490E-3
710.000000000000110E+0	983.145041564830070E-3
711.000000000000110E+0	993.262669731349470E-3
712.000000000000110E+0	987.340054330809620E-3
713.000000000000110E+0	924.932919775854340E-3
714.000000000000110E+0	977.257402069052090E-3
715.000000000000110E+0	981.579916662639220E-3
716.000000000000110E+0	991.027726000654700E-3
717.000000000000110E+0	994.878930731230790E-3
718.000000000000110E+0	993.222891292571910E-3
719.000000000000110E+0	908.025063665661710E-3
720.000000000000110E+0	993.091783507610400E-3
721.000000000000110E+0	997.155228220136690E-3
722.000000000000110E+0	996.810387196836900E-3
723.000000000000110E+0	968.919458452720090E-3
724.000000000000110E+0	983.126517713996510E-3
725.000000000000110E+0	998.274152459325600E-3
726.000000000000110E+0	997.658209300002480E-3
727.000000000000110E+0	997.738506540699180E-3
728.000000000000110E+0	997.009360027112930E-3
729.000000000000110E+0	993.040051673693360E-3
730.000000000000110E+0	998.019159605830990E-3
731.000000000000110E+0	998.601466639944870E-3
732.000000000000110E+0	995.968331619166980E-3
733.000000000000110E+0	992.693281764268190E-3
734.000000000000110E+0	993.696247951198260E-3
735.000000000000110E+0	998.648557992998680E-3
736.000000000000110E+0	998.543318775427900E-3
737.000000000000110E+0	998.195736926895340E-3
738.000000000000110E+0	996.379333191002580E-3
739.000000000000110E+0	996.665778908708440E-3
740.000000000000110E+0	998.156357716122320E-3
741.000000000000110E+0	997.776384628029090E-3
742.000000000000110E+0	988.120308899841480E-3
743.000000000000110E+0	995.952445721322690E-3
744.000000000000110E+0	997.621495096514540E-3
745.000000000000110E+0	997.001452773089160E-3
746.000000000000110E+0	998.351452476103020E-3
747.000000000000110E+0	995.570320242634920E-3
748.000000000000110E+0	995.179284596527270E-3
749.000000000000110E+0	997.881272171224460E-3
750.000000000000110E+0	998.288568026024840E-3
751.000000000000110E+0	994.748119611333800E-3
752.000000000000110E+0	981.487462091565230E-3
753.000000000000110E+0	997.947289423348090E-3
754.000000000000110E+0	997.360866562680640E-3
755.000000000000110E+0	993.550690623574040E-3
756.000000000000110E+0	994.082603393679930E-3
757.000000000000110E+0	988.597597269474050E-3
758.000000000000110E+0	984.332969979704650E-3
759.000000000000110E+0	990.282791083088360E-3
760.000000000000110E+0	964.380047594567860E-3
761.000000000000110E+0	973.990936646314860E-3
762.000000000000110E+0	980.466348585519180E-3
763.000000000000110E+0	976.936634747071930E-3
764.000000000000110E+0	991.964650435212870E-3
765.000000000000110E+0	997.436804439968740E-3
766.000000000000110E+0	993.608798263384110E-3
767.000000000000110E+0	994.783216159818460E-3
768.000000000000110E+0	997.546666720303010E-3
769.000000000000110E+0	993.811943102406060E-3
770.000000000000110E+0	987.609330456332260E-3
771.000000000000110E+0	966.161471616793890E-3
772.000000000000110E+0	987.033195636794480E-3
773.000000000000110E+0	990.296190907271390E-3
774.000000000000110E+0	993.949402134555850E-3
775.000000000000110E+0	997.706701040701360E-3
776.000000000000110E+0	996.103780649625010E-3
777.000000000000110E+0	997.348809843989330E-3
778.000000000000110E+0	998.019422781485370E-3
779.000000000000110E+0	983.573213400377840E-3
780.000000000000110E+0	966.131321114802150E-3
781.000000000000110E+0	996.044168700546240E-3
782.000000000000110E+0	997.480021639501450E-3
783.000000000000110E+0	994.358979463039530E-3
784.000000000000110E+0	986.498195235245400E-3
785.000000000000110E+0	989.498669056987580E-3
786.000000000000110E+0	989.873303017097190E-3
787.000000000000110E+0	988.348164502566130E-3
788.000000000000110E+0	990.535054478269170E-3
789.000000000000110E+0	982.626343266282290E-3
790.000000000000110E+0	996.548763763206890E-3
791.000000000000110E+0	999.121228577090620E-3
792.000000000000110E+0	998.720877942511960E-3
793.000000000000110E+0	996.566764804080460E-3
794.000000000000110E+0	997.133486286839510E-3
795.000000000000110E+0	996.827207312686810E-3
796.000000000000110E+0	997.836123044792850E-3
797.000000000000110E+0	998.151652362744500E-3
798.000000000000110E+0	992.585752397609490E-3
799.000000000000110E+0	992.566081524278390E-3
800.000000000000110E+0	998.543003850870800E-3
801.000000000000110E+0	998.928279524534220E-3
802.000000000000110E+0	996.097229139183530E-3
803.000000000000110E+0	990.396438837423680E-3
804.000000000000110E+0	998.199619822556230E-3
805.000000000000110E+0	998.290097266683500E-3
806.000000000000110E+0	997.493082506478940E-3
807.000000000000110E+0	996.451888540100250E-3
808.000000000000110E+0	979.557010957600390E-3
809.000000000000110E+0	996.730803697981390E-3
810.000000000000110E+0	997.138271968629920E-3
811.000000000000110E+0	993.279251627913310E-3
812.000000000000110E+0	985.731077955751880E-3
813.000000000000110E+0	993.690141565560460E-3
814.000000000000110E+0	998.457328987450990E-3
815.000000000000110E+0	997.730820130172560E-3
816.000000000000110E+0	995.540435835241990E-3
817.000000000000110E+0	993.530222177610220E-3
818.000000000000110E+0	986.961405268076190E-3
819.000000000000110E+0	997.478971295627570E-3
820.000000000000110E+0	998.221384890979890E-3
821.000000000000110E+0	992.776955800358070E-3
822.000000000000110E+0	996.077994652523560E-3
823.000000000000110E+0	998.242848182712580E-3
824.000000000000110E+0	996.558509354119600E-3
825.000000000000110E+0	996.854561564293420E-3
826.000000000000110E+0	992.969334954472810E-3
827.000000000000110E+0	990.803245335954540E-3
828.000000000000110E+0	998.036205767362850E-3
829.000000000000110E+0	998.674732129033350E-3
830.000000000000110E+0	997.225566625798420E-3
831.000000000000110E+0	975.557593110881530E-3
832.000000000000110E+0	998.362341317161060E-3
833.000000000000110E+0	998.960982343207630E-3
834.000000000000110E+0	994.587567756899830E-3
835.000000000000110E+0	996.418335564882020E-3
836.000000000000110E+0	990.142975053283970E-3
837.000000000000110E+0	995.790317581315980E-3
838.000000000000110E+0	999.163616479379010E-3
839.000000000000110E+0	997.873155437568160E-3
840.000000000000110E+0	985.316336038091540E-3
841.000000000000110E+0	994.091218983705230E-3
842.000000000000110E+0	997.509700748296370E-3
843.000000000000110E+0	996.639759305200990E-3
844.000000000000110E+0	993.241451729545810E-3
845.000000000000110E+0	992.883960131591640E-3
846.000000000000110E+0	998.106093819521090E-3
847.000000000000110E+0	998.193242867408630E-3
848.000000000000110E+0	998.305498553976210E-3
849.000000000000110E+0	995.882333747657220E-3
850.000000000000110E+0	963.737721409450350E-3
851.000000000000110E+0	998.272923533045970E-3
852.000000000000110E+0	998.205366447859400E-3
853.000000000000110E+0	995.602076918759680E-3
854.000000000000110E+0	997.351140766182030E-3
855.000000000000110E+0	996.312918830739360E-3
856.000000000000110E+0	998.032910253793370E-3
857.000000000000110E+0	998.320398224146640E-3
858.000000000000110E+0	996.567322622370350E-3
859.000000000000110E+0	991.197351618816720E-3
860.000000000000110E+0	997.309053718980490E-3
861.000000000000110E+0	999.501907411873170E-3
862.000000000000110E+0	998.708102735660460E-3
863.000000000000110E+0	987.344107906097280E-3
864.000000000000110E+0	994.824179275275000E-3
865.000000000000110E+0	996.715532581511020E-3
866.000000000000110E+0	995.679796523863510E-3
867.000000000000110E+0	997.496136653460710E-3
868.000000000000110E+0	993.186562422463500E-3
869.000000000000110E+0	989.501029960857430E-3
870.000000000000110E+0	998.006010292817100E-3
871.000000000000110E+0	997.915137544356460E-3
872.000000000000110E+0	996.263009953031630E-3
873.000000000000110E+0	986.520423688551080E-3
874.000000000000110E+0	996.066625071707070E-3
875.000000000000110E+0	997.446413138760480E-3
876.000000000000110E+0	996.816359959757260E-3
877.000000000000110E+0	997.267474240921440E-3
878.000000000000110E+0	990.895071203645170E-3
879.000000000000110E+0	998.284978472750110E-3
880.000000000000110E+0	998.801300401882750E-3
881.000000000000110E+0	996.911762797336730E-3
882.000000000000110E+0	973.637165529913420E-3
883.000000000000110E+0	996.870729644314780E-3
884.000000000000110E+0	997.527181259687760E-3
885.000000000000110E+0	997.237815967233930E-3
886.000000000000110E+0	996.063214598490790E-3
887.000000000000110E+0	989.636059643615450E-3
888.000000000000110E+0	994.900643672131820E-3
889.000000000000110E+0	997.723425180899740E-3
890.000000000000110E+0	996.867814570314150E-3
891.000000000000110E+0	993.278309174506100E-3
892.000000000000110E+0	990.013559365888310E-3
893.000000000000110E+0	998.374413428484320E-3
894.000000000000110E+0	998.371282840334270E-3
895.000000000000110E+0	996.274416791484870E-3
896.000000000000110E+0	995.324463090995090E-3
897.000000000000110E+0	991.469141338262140E-3
898.000000000000110E+0	998.349100860507210E-3
899.000000000000110E+0	997.984941920670330E-3
900.000000000000110E+0	994.639655302495980E-3
901.000000000000110E+0	978.081757421202850E-3
902.000000000000110E+0	995.831165256758740E-3
903.000000000000110E+0	996.990577121578790E-3
904.000000000000110E+0	989.721431298021590E-3
905.000000000000110E+0	990.454719094866380E-3
906.000000000000110E+0	996.328931919921450E-3
907.000000000000110E+0	996.043042526105090E-3
908.000000000000110E+0	995.536596141400110E-3
909.000000000000110E+0	993.481402920855960E-3
910.000000000000110E+0	931.932846301242840E-3
911.000000000000110E+0	986.682189662731580E-3
912.000000000000110E+0	995.632176334241950E-3
913.000000000000110E+0	994.828053310355400E-3
914.000000000000110E+0	991.249137405430860E-3
915.000000000000110E+0	988.020840391729660E-3
916.000000000000110E+0	987.922972355948280E-3
917.000000000000110E+0	995.364685238091180E-3
918.000000000000110E+0	990.816388110706160E-3
919.000000000000110E+0	980.148266210524530E-3
920.000000000000110E+0	873.105443677543280E-3
921.000000000000110E+0	993.868347824053750E-3
922.000000000000110E+0	998.008244042383640E-3
923.000000000000110E+0	996.818836014385370E-3
924.000000000000110E+0	994.699939251990290E-3
925.000000000000110E+0	996.398721282322430E-3
926.000000000000110E+0	995.607880604109540E-3
927.000000000000110E+0	995.106808753699390E-3
928.000000000000110E+0	990.636591388230460E-3
929.000000000000110E+0	844.394852630603540E-3
930.000000000000110E+0	981.025519653602520E-3
931.000000000000110E+0	990.850872658634360E-3
932.000000000000110E+0	992.285250846468680E-3
933.000000000000110E+0	981.604681458027370E-3
934.000000000000110E+0	943.668091510175830E-3
935.000000000000110E+0	930.104659953432830E-3
936.000000000000110E+0	954.688785442835310E-3
937.000000000000110E+0	946.995360548595340E-3
938.000000000000110E+0	884.074991760273150E-3
939.000000000000110E+0	876.661654363210310E-3
940.000000000000110E+0	970.423279592614320E-3
941.000000000000110E+0	989.159720162591020E-3
942.000000000000110E+0	994.009074552618550E-3
943.000000000000110E+0	993.639587746335650E-3
944.000000000000110E+0	988.975440426985370E-3
945.000000000000110E+0	977.328223031921240E-3
946.000000000000110E+0	975.664953679595270E-3
947.000000000000110E+0	963.527700896454450E-3
948.000000000000110E+0	926.606540251082240E-3
949.000000000000110E+0	993.050828841503750E-3
950.000000000000110E+0	995.726020220504490E-3
951.000000000000110E+0	992.507890063650260E-3
952.000000000000110E+0	891.029147629889270E-3
953.000000000000110E+0	991.979739701557840E-3
954.000000000000110E+0	995.618603159967860E-3
955.000000000000110E+0	986.536973789927770E-3
956.000000000000110E+0	987.008552120725910E-3
957.000000000000110E+0	986.896084037380490E-3
958.000000000000110E+0	992.667839829192380E-3
959.000000000000110E+0	996.859590110650620E-3
960.000000000000110E+0	993.618000283403190E-3
961.000000000000110E+0	934.426487076087550E-3
962.000000000000110E+0	984.528712584472160E-3
963.000000000000110E+0	994.041282121399420E-3
964.000000000000110E+0	996.543858769611050E-3
965.000000000000110E+0	995.493592810092420E-3
966.000000000000110E+0	995.648380166898720E-3
967.000000000000110E+0	995.984171557864890E-3
968.000000000000110E+0	997.207015104224820E-3
969.000000000000110E+0	995.305558404962490E-3
970.000000000000110E+0	983.201985569550520E-3
971.000000000000110E+0	991.708484733773600E-3
972.000000000000110E+0	998.378169724133180E-3
973.000000000000110E+0	994.821230143701500E-3
974.000000000000110E+0	987.529944295663650E-3
975.000000000000110E+0	987.876018536839710E-3
976.000000000000110E+0	977.245048537277120E-3
977.000000000000110E+0	991.862875468571770E-3
978.000000000000110E+0	993.758983984025400E-3
979.000000000000110E+0	984.313472575715780E-3
980.000000000000110E+0	187.890246083579630E-3
981.000000000000110E+0	984.674744363198020E-3
982.000000000000110E+0	993.519092978903840E-3
983.000000000000110E+0	991.786479527817180E-3
984.000000000000110E+0	905.986272379696530E-3
985.000000000000110E+0	994.060876103848630E-3
986.000000000000110E+0	993.425611840889400E-3
987.000000000000110E+0	993.395324554996350E-3
988.000000000000110E+0	992.559056260123860E-3
989.000000000000110E+0	975.314119196712510E-3
990.000000000000110E+0	967.970991208130460E-3
991.000000000000110E+0	995.941443540934830E-3
992.000000000000110E+0	993.839871874350520E-3
993.000000000000110E+0	980.052306448380480E-3
994.000000000000110E+0	834.210046518647050E-3
995.000000000000110E+0	984.354870255762850E-3
996.000000000000110E+0	990.058916617211240E-3
997.000000000000110E+0	979.323617550516110E-3
998.000000000000110E+0	988.740436436369110E-3
999.000000000000110E+0	957.011559311943370E-3
1.000000000000000E+3	993.934674378202820E-3
