Freq (Hz)	accelerometre /source
source
source_Mod	accelerometre /source
source
source_Phase(rad)
10.000000000000018E+0	111.950765040992220E-3	964.235341556979210E-3
11.000000000000020E+0	77.870447023627221E-3	3.230955238930731E+0
12.000000000000021E+0	24.540845006767096E-3	4.924793860422491E+0
13.000000000000023E+0	22.077732888586474E-3	6.404010846661389E+0
14.000000000000025E+0	72.501148190489237E-3	8.127610506334451E+0
15.000000000000027E+0	93.165097179467082E-3	9.717646410221977E+0
16.000000000000028E+0	18.705400945088060E-3	11.352877730959030E+0
17.000000000000028E+0	52.290391365939194E-3	14.366962977631832E+0
18.000000000000028E+0	82.945072093760341E-3	15.084372474722766E+0
19.000000000000028E+0	35.377139605714758E-3	15.959362352201355E+0
20.000000000000028E+0	84.631781519535737E-3	14.734479323696146E+0
21.000000000000028E+0	75.042275420705615E-3	14.800836854086434E+0
22.000000000000028E+0	81.029403912808884E-3	14.697422356971167E+0
23.000000000000028E+0	100.109894591904250E-3	14.802394155103443E+0
24.000000000000028E+0	130.331415139634780E-3	14.505309947091545E+0
25.000000000000028E+0	170.222786457162380E-3	14.457212713598778E+0
26.000000000000028E+0	205.510871555781460E-3	13.973799118058851E+0
27.000000000000028E+0	173.528190347740720E-3	13.631806676071644E+0
28.000000000000028E+0	142.443927530813450E-3	13.618013483280709E+0
29.000000000000028E+0	123.345754213803030E-3	13.754659206733745E+0
30.000000000000028E+0	190.793354822287400E-3	14.269407200032953E+0
31.000000000000028E+0	323.326675256009440E-3	13.804910012239743E+0
32.000000000000028E+0	317.193083130662360E-3	13.280321528822315E+0
33.000000000000028E+0	293.033429841893290E-3	13.010202886914184E+0
34.000000000000028E+0	238.547744917798840E-3	12.967273564374626E+0
35.000000000000028E+0	348.646916475825240E-3	12.672204507518101E+0
36.000000000000028E+0	350.311595810904370E-3	12.105085716082437E+0
37.000000000000028E+0	187.209241612304180E-3	11.742585345824230E+0
38.000000000000028E+0	123.861762641421750E-3	12.432727026694087E+0
39.000000000000028E+0	155.930380477461020E-3	12.535890776783287E+0
40.000000000000028E+0	113.071192629401490E-3	12.270810674654708E+0
41.000000000000028E+0	102.742288703179130E-3	12.417248604227677E+0
42.000000000000028E+0	112.806203150167890E-3	12.513623168830991E+0
43.000000000000028E+0	137.875042362361590E-3	12.633007013384102E+0
44.000000000000028E+0	140.357960371483960E-3	12.688914105255099E+0
45.000000000000028E+0	150.128126345957240E-3	12.558479364010372E+0
46.000000000000028E+0	162.783445164755570E-3	12.415281352115302E+0
47.000000000000028E+0	183.634546098417840E-3	12.308492524054463E+0
48.000000000000028E+0	195.711438290216340E-3	12.004999905780288E+0
49.000000000000028E+0	205.232589187530070E-3	11.853984724111594E+0
50.000000000000028E+0	172.401839044342390E-3	11.844419637936575E+0
51.000000000000028E+0	157.606345646479430E-3	11.935228966615419E+0
52.000000000000028E+0	149.557820279115930E-3	11.945781902037874E+0
53.000000000000028E+0	101.101212686714810E-3	11.925892526838911E+0
54.000000000000028E+0	125.079230036237360E-3	11.950096866011281E+0
55.000000000000028E+0	152.824446234984840E-3	11.948190993808472E+0
56.000000000000028E+0	159.495760353706250E-3	11.836432629207783E+0
57.000000000000028E+0	179.886588905944750E-3	11.808207217835619E+0
58.000000000000028E+0	216.034552960400170E-3	12.034256133646668E+0
59.000000000000028E+0	199.783814469680240E-3	11.951969286895240E+0
60.000000000000028E+0	207.786003691440070E-3	11.708812556823608E+0
61.000000000000028E+0	232.013167131016720E-3	11.604519795708114E+0
62.000000000000028E+0	282.717264789639880E-3	11.467373275295731E+0
63.000000000000028E+0	279.699643205294330E-3	11.378929119087285E+0
64.000000000000028E+0	286.645750207465740E-3	11.221192231549667E+0
65.000000000000028E+0	277.301455663461760E-3	11.044011824156756E+0
66.000000000000028E+0	259.578641526799880E-3	10.888646822557209E+0
67.000000000000028E+0	239.073841319664580E-3	10.632565567910699E+0
68.000000000000028E+0	262.710684600121920E-3	10.374278173211655E+0
69.000000000000028E+0	218.749671218572810E-3	10.383481559414250E+0
70.000000000000028E+0	193.851757944296680E-3	10.309351105382508E+0
71.000000000000028E+0	152.886912023745300E-3	10.123934852315907E+0
72.000000000000028E+0	176.722547581742360E-3	9.851913201914114E+0
73.000000000000028E+0	158.541190593485230E-3	9.855702523527810E+0
74.000000000000028E+0	135.899405854262580E-3	9.823048793062181E+0
75.000000000000028E+0	132.276746163921040E-3	9.990253295530813E+0
76.000000000000028E+0	139.202011052709660E-3	10.091870213439847E+0
77.000000000000028E+0	83.803679306694884E-3	9.892644611341524E+0
78.000000000000028E+0	111.146080464810730E-3	9.631867658881088E+0
79.000000000000028E+0	112.150879538582350E-3	9.701604151136648E+0
80.000000000000028E+0	108.750888831061070E-3	10.026897678356136E+0
81.000000000000028E+0	24.321278107827256E-3	11.623471104622251E+0
82.000000000000028E+0	18.797462734189713E-3	14.579488244218833E+0
83.000000000000028E+0	46.432396253365302E-3	15.340714370771655E+0
84.000000000000028E+0	73.703534865020862E-3	15.489264778543138E+0
85.000000000000028E+0	47.760031862840828E-3	15.990440285693325E+0
86.000000000000028E+0	94.346455378759991E-3	17.000943513530277E+0
87.000000000000028E+0	141.742161339350440E-3	19.223867613725197E+0
88.000000000000028E+0	122.193637154924570E-3	19.915652552740543E+0
89.000000000000028E+0	99.530340440781836E-3	20.315810338745106E+0
90.000000000000028E+0	358.683254034123100E-3	22.136293029693004E+0
91.000000000000028E+0	205.431858998807610E-3	19.162891166141591E+0
92.000000000000028E+0	135.771036947218230E-3	19.202426834618237E+0
93.000000000000028E+0	119.036662517462090E-3	19.166028000228295E+0
94.000000000000028E+0	150.671542496201430E-3	18.879937837975181E+0
95.000000000000028E+0	88.131976409148161E-3	18.201836550915022E+0
96.000000000000028E+0	320.571166213579450E-3	17.999758861563265E+0
97.000000000000028E+0	300.390405122897000E-3	18.186371949161799E+0
98.000000000000028E+0	271.709365692898220E-3	17.958353286222291E+0
99.000000000000028E+0	237.280505194697680E-3	17.709546608233083E+0
100.000000000000030E+0	504.458689947859140E-3	17.365578746706049E+0
101.000000000000030E+0	357.701380140098610E-3	17.692537057197882E+0
102.000000000000030E+0	252.418716408810860E-3	17.612968912158426E+0
103.000000000000030E+0	125.824468157758500E-3	16.776039803778225E+0
104.000000000000030E+0	287.340549517699720E-3	17.073578769240157E+0
105.000000000000030E+0	185.403031371773410E-3	16.780672906654345E+0
106.000000000000030E+0	293.911937796908000E-3	16.970503921561974E+0
107.000000000000030E+0	235.717857547849690E-3	17.018872111929568E+0
108.000000000000030E+0	214.745943850830680E-3	16.954246445413162E+0
109.000000000000030E+0	252.431508495655540E-3	17.003195484599225E+0
110.000000000000030E+0	168.176231904374140E-3	17.202249586560679E+0
111.000000000000030E+0	164.859681333734520E-3	17.275968831166796E+0
112.000000000000030E+0	135.609325354117350E-3	17.492534288760254E+0
113.000000000000030E+0	122.325262565507830E-3	18.029367702414852E+0
114.000000000000030E+0	85.724429297363222E-3	19.123493860401854E+0
115.000000000000030E+0	39.881229471040301E-3	17.931102940740207E+0
116.000000000000030E+0	69.868175674210428E-3	18.423502218942893E+0
117.000000000000030E+0	110.841141692107070E-3	18.104822537693266E+0
118.000000000000030E+0	214.022345061585160E-3	17.859975070898294E+0
119.000000000000030E+0	292.597815563880310E-3	20.048805776097993E+0
120.000000000000030E+0	99.501043923254914E-3	17.785581254796082E+0
121.000000000000030E+0	184.580544367270140E-3	17.649862297385305E+0
122.000000000000030E+0	264.901565201146050E-3	17.983591551001911E+0
123.000000000000030E+0	203.867419682732780E-3	17.692175545221524E+0
124.000000000000030E+0	314.985348641808940E-3	17.918911495849098E+0
125.000000000000030E+0	260.887631422841660E-3	17.951381847095551E+0
126.000000000000030E+0	333.044191538978630E-3	17.840161855988757E+0
127.000000000000030E+0	382.242448926897400E-3	17.716643635662681E+0
128.000000000000030E+0	769.521783330341050E-3	17.642885797803018E+0
129.000000000000030E+0	447.826972240507050E-3	17.928241109042805E+0
130.000000000000030E+0	449.005991991312750E-3	17.590427445906876E+0
131.000000000000030E+0	464.341844566923290E-3	17.303923210698404E+0
132.000000000000030E+0	668.272031223021590E-3	17.017620313323274E+0
133.000000000000030E+0	581.585661036009390E-3	17.214414524153476E+0
134.000000000000030E+0	579.280896213441810E-3	16.904299841264002E+0
135.000000000000030E+0	702.015194796685280E-3	16.880192897680534E+0
136.000000000000030E+0	651.179078083452320E-3	16.809077220719608E+0
137.000000000000030E+0	693.156189749425610E-3	16.550412160775931E+0
138.000000000000030E+0	730.529391865384790E-3	17.054465307834352E+0
139.000000000000030E+0	586.574469132046800E-3	16.734418465761010E+0
140.000000000000030E+0	550.367906788229330E-3	16.548907355826476E+0
141.000000000000030E+0	479.621848707411700E-3	16.471024513625572E+0
142.000000000000030E+0	450.817143445516160E-3	16.067064455237997E+0
143.000000000000030E+0	543.611277662601750E-3	16.056213294822420E+0
144.000000000000030E+0	492.643367810178090E-3	16.013800552261095E+0
145.000000000000030E+0	470.428937179654670E-3	16.010927286721657E+0
146.000000000000030E+0	468.804745231863270E-3	16.053653763203425E+0
147.000000000000030E+0	507.538425161806030E-3	15.855397969873461E+0
148.000000000000030E+0	547.249009676764600E-3	16.139486458046715E+0
149.000000000000030E+0	494.191543357727640E-3	16.119183944248611E+0
150.000000000000030E+0	458.640036811950700E-3	16.012097040857835E+0
151.000000000000030E+0	503.650346872619340E-3	15.826537416724797E+0
152.000000000000030E+0	514.043916979433970E-3	15.829827059059937E+0
153.000000000000030E+0	483.412550119855680E-3	15.758889052145731E+0
154.000000000000030E+0	472.409591885582900E-3	15.731915560246854E+0
155.000000000000030E+0	421.986204387753970E-3	15.721884467763591E+0
156.000000000000030E+0	386.207559038187320E-3	15.649357448067454E+0
157.000000000000030E+0	356.092733454074440E-3	15.680584987716902E+0
158.000000000000030E+0	321.000276300174030E-3	15.664939374062399E+0
159.000000000000030E+0	309.270492694098060E-3	15.592733175995754E+0
160.000000000000030E+0	363.746570755323240E-3	15.615466445147874E+0
161.000000000000030E+0	351.847501910190870E-3	15.712851772145530E+0
162.000000000000030E+0	382.763640430447690E-3	15.621981840772673E+0
163.000000000000030E+0	439.394237043800820E-3	15.634451754492526E+0
164.000000000000030E+0	450.970810561306890E-3	15.895569174743086E+0
165.000000000000030E+0	442.720372298996910E-3	15.868049446710003E+0
166.000000000000030E+0	390.353578323444030E-3	15.982453111061139E+0
167.000000000000030E+0	357.219354525100400E-3	15.701642143682326E+0
168.000000000000030E+0	384.609405665371880E-3	15.607335831332056E+0
169.000000000000030E+0	379.436379712886630E-3	15.252293116270343E+0
170.000000000000030E+0	628.514241524504520E-3	15.347284327478171E+0
171.000000000000030E+0	554.783594348738810E-3	15.412057946449877E+0
172.000000000000030E+0	550.575859948320030E-3	15.347092677421625E+0
173.000000000000030E+0	582.767306626029820E-3	15.354079801516903E+0
174.000000000000030E+0	495.498676319708900E-3	15.543567250932046E+0
175.000000000000030E+0	383.864059565609090E-3	15.180118153793043E+0
176.000000000000030E+0	434.496077062817680E-3	15.222926893027587E+0
177.000000000000030E+0	386.046345358052210E-3	15.272295374778601E+0
178.000000000000030E+0	390.328239500022040E-3	15.248769196394630E+0
179.000000000000030E+0	377.656667894224640E-3	15.131251074718609E+0
180.000000000000030E+0	507.982374101786590E-3	15.237926755350104E+0
181.000000000000030E+0	520.269733697309110E-3	15.172427581455992E+0
182.000000000000030E+0	526.811329878805520E-3	15.136693567366606E+0
183.000000000000030E+0	513.556150985669090E-3	14.986985541732547E+0
184.000000000000030E+0	518.237517709952300E-3	14.899921723295318E+0
185.000000000000030E+0	479.466504320103350E-3	14.771431490456036E+0
186.000000000000030E+0	450.080023438654440E-3	14.667451234281554E+0
187.000000000000030E+0	447.822230085844260E-3	14.459174874129278E+0
188.000000000000030E+0	690.089446628253440E-3	14.514183898978914E+0
189.000000000000030E+0	538.371188891345940E-3	15.135829101783269E+0
190.000000000000030E+0	373.219208983194440E-3	14.975139255995479E+0
191.000000000000030E+0	387.399450242772450E-3	14.931844005465233E+0
192.000000000000030E+0	354.940286881984700E-3	15.037877486994169E+0
193.000000000000030E+0	397.729147265859510E-3	14.613466918715785E+0
194.000000000000030E+0	499.380807353663970E-3	14.647169140777711E+0
195.000000000000030E+0	569.794379756610960E-3	14.667759236181265E+0
196.000000000000030E+0	586.069902319739100E-3	14.714437654548977E+0
197.000000000000030E+0	497.220258239001680E-3	14.746712672286979E+0
198.000000000000030E+0	549.333717416205290E-3	14.090854087724150E+0
199.000000000000030E+0	571.886456855998810E-3	14.334358088563995E+0
200.000000000000030E+0	547.544571386559650E-3	14.177302084746412E+0
201.000000000000030E+0	706.539696913489610E-3	14.144306745545281E+0
202.000000000000030E+0	548.963392234284920E-3	14.392647865324548E+0
203.000000000000030E+0	468.823513496135880E-3	13.762189705843889E+0
204.000000000000030E+0	516.710374731748970E-3	13.831299136412388E+0
205.000000000000030E+0	518.441801810322290E-3	13.532562112930494E+0
206.000000000000030E+0	571.616868635249630E-3	13.617688319249959E+0
207.000000000000030E+0	475.700161482183190E-3	13.747260304021394E+0
208.000000000000030E+0	353.242998965144490E-3	13.439478215145034E+0
209.000000000000030E+0	343.812999924801470E-3	13.378789201499549E+0
210.000000000000030E+0	264.330411468514600E-3	13.065914843924688E+0
211.000000000000030E+0	511.683838206063670E-3	12.328672918730016E+0
212.000000000000030E+0	513.140433630095090E-3	13.306091516055968E+0
213.000000000000030E+0	323.277725180177110E-3	13.665487916777694E+0
214.000000000000030E+0	146.396068660743980E-3	13.656181291107670E+0
215.000000000000030E+0	83.233428756467595E-3	13.781473854738248E+0
216.000000000000030E+0	18.573965826569817E-3	15.707074308601793E+0
217.000000000000030E+0	247.032329659469720E-3	12.603861803428980E+0
218.000000000000030E+0	247.577874919397140E-3	13.643602716687255E+0
219.000000000000030E+0	299.235135010687050E-3	14.143461907569977E+0
220.000000000000030E+0	301.194454144060540E-3	14.585688267178208E+0
221.000000000000030E+0	227.305000512992880E-3	14.885909615453880E+0
222.000000000000030E+0	147.202124979374130E-3	13.629532512222795E+0
223.000000000000030E+0	251.328881546467210E-3	13.476847359895920E+0
224.000000000000030E+0	272.176892474161550E-3	13.327064421141387E+0
225.000000000000030E+0	293.033463098869300E-3	13.376584487288376E+0
226.000000000000030E+0	229.382203387388430E-3	13.749703100303929E+0
227.000000000000030E+0	222.528371692869710E-3	12.833931577025496E+0
228.000000000000030E+0	239.216160590774750E-3	12.971850109051555E+0
229.000000000000030E+0	239.136751103308560E-3	13.022442402758873E+0
230.000000000000030E+0	142.610176594224620E-3	13.138726359325968E+0
231.000000000000030E+0	199.322209879751470E-3	12.495809884199177E+0
232.000000000000030E+0	249.225849493666660E-3	12.505305928001423E+0
233.000000000000030E+0	256.568926016607360E-3	12.523639733892216E+0
234.000000000000030E+0	249.550863788998180E-3	12.486359931136484E+0
235.000000000000030E+0	227.010155343851130E-3	12.349372156682545E+0
236.000000000000030E+0	196.553562825766530E-3	12.100475217867519E+0
237.000000000000030E+0	166.940199421911020E-3	11.676786807958429E+0
238.000000000000030E+0	157.724267956264600E-3	11.275786599644457E+0
239.000000000000030E+0	145.623846635717150E-3	10.803353280973766E+0
240.000000000000030E+0	182.275503502165790E-3	11.057256272359794E+0
241.000000000000030E+0	85.891245066182412E-3	10.969297493365506E+0
242.000000000000030E+0	42.133245314882918E-3	10.454325534861255E+0
243.000000000000030E+0	59.211773299807230E-3	10.267569485800227E+0
244.000000000000030E+0	38.019119076292449E-3	11.434796880558974E+0
245.000000000000030E+0	91.135029270025342E-3	13.281683426179647E+0
246.000000000000030E+0	103.906460511424890E-3	14.942476668350693E+0
247.000000000000030E+0	117.529588018035060E-3	15.456815539049989E+0
248.000000000000030E+0	109.998881268172480E-3	16.109183198108379E+0
249.000000000000030E+0	117.792829689613300E-3	16.329655964382869E+0
250.000000000000030E+0	75.436598932179480E-3	17.048939037705100E+0
251.000000000000030E+0	52.802855544852284E-3	16.762919009766762E+0
252.000000000000030E+0	73.232254973831651E-3	17.207737629872600E+0
253.000000000000030E+0	85.943045184123198E-3	19.087807936985193E+0
254.000000000000030E+0	145.146161905115530E-3	20.407467192768259E+0
255.000000000000030E+0	190.003397130368600E-3	21.078430733749819E+0
256.000000000000060E+0	181.751645845375980E-3	21.649454188377000E+0
257.000000000000060E+0	147.810008674522870E-3	21.516623201340806E+0
258.000000000000060E+0	263.039422724844320E-3	21.408859419606120E+0
259.000000000000060E+0	163.747299913805960E-3	22.513921607537412E+0
260.000000000000060E+0	96.247609812204232E-3	21.943256204979612E+0
261.000000000000060E+0	62.225988513685458E-3	22.093674954962456E+0
262.000000000000060E+0	58.290582369306829E-3	20.441324932938588E+0
263.000000000000060E+0	125.425934597194560E-3	20.457874898105306E+0
264.000000000000060E+0	199.448773837057780E-3	20.825041256425244E+0
265.000000000000060E+0	203.243876577396590E-3	21.055239016441512E+0
266.000000000000060E+0	223.191975688050940E-3	21.128179794310643E+0
267.000000000000060E+0	248.415950505955800E-3	21.299583818039387E+0
268.000000000000060E+0	258.283002927909570E-3	21.853731538050177E+0
269.000000000000060E+0	103.758905644635180E-3	21.544616333043823E+0
270.000000000000060E+0	125.065335469017820E-3	21.363426915764148E+0
271.000000000000060E+0	78.504793616154325E-3	21.422921224843357E+0
272.000000000000060E+0	163.547047960609120E-3	20.836308123302164E+0
273.000000000000060E+0	192.532961955501760E-3	20.920603983540808E+0
274.000000000000060E+0	254.302745714412910E-3	20.931915503325843E+0
275.000000000000060E+0	291.254773680061140E-3	21.014670448139007E+0
276.000000000000060E+0	335.585098817355710E-3	20.997318502680201E+0
277.000000000000060E+0	466.471398628256480E-3	21.161456935894787E+0
278.000000000000060E+0	264.127723663953980E-3	21.235009931542791E+0
279.000000000000060E+0	310.386029642707390E-3	20.953973611128816E+0
280.000000000000060E+0	332.429943591466600E-3	20.914118676880062E+0
281.000000000000060E+0	351.450503542369340E-3	20.809606629394640E+0
282.000000000000060E+0	352.001837795412610E-3	20.698168459143996E+0
283.000000000000060E+0	400.625296115150190E-3	20.563601680929764E+0
284.000000000000060E+0	513.358776550653870E-3	20.549828171838133E+0
285.000000000000060E+0	481.663426874147540E-3	20.663577808406064E+0
286.000000000000060E+0	490.223486805097420E-3	20.517590033324296E+0
287.000000000000060E+0	538.838155618478590E-3	20.566382875490952E+0
288.000000000000060E+0	464.633132664994120E-3	20.379372169809560E+0
289.000000000000060E+0	503.800959701862230E-3	20.219826529956745E+0
290.000000000000060E+0	574.509825988204210E-3	20.153617002001877E+0
291.000000000000060E+0	553.030374446351950E-3	20.164545855513747E+0
292.000000000000060E+0	571.315327980451480E-3	19.993541125039705E+0
293.000000000000060E+0	613.115997230956890E-3	19.902718325936640E+0
294.000000000000060E+0	630.043173404721050E-3	19.790673135829095E+0
295.000000000000060E+0	614.008295021016390E-3	19.681298589868884E+0
296.000000000000060E+0	607.833029844750960E-3	19.514938621829970E+0
297.000000000000060E+0	589.357808525158510E-3	19.405360960683701E+0
298.000000000000060E+0	510.187351342031190E-3	19.277336653452505E+0
299.000000000000060E+0	482.301685286315670E-3	19.135726975369778E+0
300.000000000000060E+0	433.133995267102500E-3	19.180143251987115E+0
301.000000000000060E+0	415.630390403769420E-3	19.020770746111037E+0
302.000000000000060E+0	415.031853333117100E-3	19.038551857485590E+0
303.000000000000060E+0	424.438480906598580E-3	19.068546707689261E+0
304.000000000000060E+0	360.252689289293710E-3	19.015407753683966E+0
305.000000000000060E+0	321.545265304052310E-3	18.844074059919031E+0
306.000000000000060E+0	345.803146993283180E-3	18.724810621415319E+0
307.000000000000060E+0	306.376366531026900E-3	18.727197212723862E+0
308.000000000000060E+0	259.986886702200490E-3	18.680153296443880E+0
309.000000000000060E+0	232.863879153623940E-3	18.566711728811029E+0
310.000000000000060E+0	219.767771661267600E-3	18.653220936931017E+0
311.000000000000060E+0	178.118051496071350E-3	18.842519584939609E+0
312.000000000000060E+0	135.195784051864830E-3	18.978803201978987E+0
313.000000000000060E+0	107.512841122771100E-3	19.170261956785577E+0
314.000000000000060E+0	96.287320186637756E-3	19.133946697814157E+0
315.000000000000060E+0	94.341902728145119E-3	19.222657755306322E+0
316.000000000000060E+0	73.422501395761744E-3	19.070035139251527E+0
317.000000000000060E+0	103.891686298786760E-3	18.860284958799269E+0
318.000000000000060E+0	119.413922714788290E-3	18.864001200630675E+0
319.000000000000060E+0	177.010317602725900E-3	18.961579841896192E+0
320.000000000000060E+0	136.867896271156810E-3	19.154444017768540E+0
321.000000000000060E+0	116.879407435870520E-3	19.199116546360795E+0
322.000000000000060E+0	76.238141581560892E-3	19.262456840801313E+0
323.000000000000060E+0	70.347010957111725E-3	19.292272958051758E+0
324.000000000000060E+0	16.346315848818772E-3	21.906708104504094E+0
325.000000000000060E+0	69.146825280619315E-3	24.267565191597207E+0
326.000000000000060E+0	56.175443415939344E-3	24.500562615080980E+0
327.000000000000060E+0	68.702980320902163E-3	24.713594883810231E+0
328.000000000000060E+0	80.652500818150466E-3	25.255960801980486E+0
329.000000000000060E+0	167.038330942941990E-3	26.844821416956059E+0
330.000000000000060E+0	159.175838017881850E-3	27.334956968463697E+0
331.000000000000060E+0	248.739400998278790E-3	27.441639431368568E+0
332.000000000000060E+0	401.745703195791610E-3	27.827505963665075E+0
333.000000000000060E+0	357.938366892995800E-3	28.179980878366784E+0
334.000000000000060E+0	274.164666632507270E-3	27.875804481539696E+0
335.000000000000060E+0	302.907394298262360E-3	27.250094995815164E+0
336.000000000000060E+0	459.728039552588060E-3	26.998712326511303E+0
337.000000000000060E+0	464.895924718649660E-3	26.658311590434661E+0
338.000000000000060E+0	1.036702416595870E+0	26.371933771157110E+0
339.000000000000060E+0	1.022138884597799E+0	26.399432049778959E+0
340.000000000000060E+0	1.069604788284530E+0	26.268489684419851E+0
341.000000000000060E+0	1.034552134410639E+0	26.081304435842991E+0
342.000000000000060E+0	904.662019115945900E-3	25.873126689351977E+0
343.000000000000060E+0	841.382996641121820E-3	25.599417234604264E+0
344.000000000000060E+0	740.527364141152390E-3	25.389432795407107E+0
345.000000000000060E+0	839.095169581266730E-3	25.110377642019149E+0
346.000000000000060E+0	852.458913548227450E-3	25.105758054807449E+0
347.000000000000060E+0	858.247549995763800E-3	25.066004641889780E+0
348.000000000000060E+0	651.406320825766990E-3	25.175618850587472E+0
349.000000000000060E+0	569.495921286535260E-3	25.000250072389715E+0
350.000000000000060E+0	578.349231544677100E-3	24.824957210715713E+0
351.000000000000060E+0	524.878368888394790E-3	25.000682288548486E+0
352.000000000000060E+0	411.115191660761100E-3	24.605485079954427E+0
353.000000000000060E+0	521.674425454986660E-3	24.532198884929741E+0
354.000000000000060E+0	467.472947916746480E-3	24.643198503045841E+0
355.000000000000060E+0	337.886397971365270E-3	24.757731454341428E+0
356.000000000000060E+0	223.027910456961210E-3	24.890131248615894E+0
357.000000000000060E+0	236.025817488617170E-3	24.921494643876233E+0
358.000000000000060E+0	319.189231491757870E-3	24.972875503575050E+0
359.000000000000060E+0	404.812963083121540E-3	24.870709935588316E+0
360.000000000000060E+0	491.282253827652500E-3	24.808831534649961E+0
361.000000000000060E+0	547.791254695570110E-3	25.105938480376363E+0
362.000000000000060E+0	465.744577933755900E-3	24.874040415947405E+0
363.000000000000060E+0	474.951853236020350E-3	24.716411138940064E+0
364.000000000000060E+0	389.566649421955570E-3	24.603258246192805E+0
365.000000000000060E+0	368.670267642837220E-3	24.137779505309211E+0
366.000000000000060E+0	479.385952727852060E-3	23.902386535179929E+0
367.000000000000060E+0	463.784071588770550E-3	23.842489365985916E+0
368.000000000000060E+0	408.362150098076640E-3	23.758190726586513E+0
369.000000000000060E+0	420.185877861566530E-3	23.739850762508500E+0
370.000000000000060E+0	385.789484005528090E-3	24.097976781382627E+0
371.000000000000060E+0	268.178981109230330E-3	24.515102709466507E+0
372.000000000000060E+0	220.820116913550080E-3	24.710674532015304E+0
373.000000000000060E+0	227.421725513359760E-3	24.991455259369630E+0
374.000000000000060E+0	143.053254088676530E-3	25.687314088014940E+0
375.000000000000060E+0	66.341882980576666E-3	26.062801132789826E+0
376.000000000000060E+0	110.836186651150470E-3	23.369420791125474E+0
377.000000000000060E+0	256.954001748026070E-3	24.100732104341549E+0
378.000000000000060E+0	285.692962707332960E-3	24.344599483288810E+0
379.000000000000060E+0	376.067498364903880E-3	24.264062590824661E+0
380.000000000000060E+0	388.267366795980400E-3	24.873914092323062E+0
381.000000000000060E+0	302.353333284635710E-3	24.801861718203689E+0
382.000000000000060E+0	223.108434509343510E-3	24.931446945173061E+0
383.000000000000060E+0	159.557449559315140E-3	24.378303779920309E+0
384.000000000000060E+0	163.015912669062070E-3	24.329695827676019E+0
385.000000000000060E+0	234.486396222005590E-3	24.182346837926815E+0
386.000000000000060E+0	293.512132960164710E-3	24.267398606303484E+0
387.000000000000060E+0	395.441526923719530E-3	24.432966350742362E+0
388.000000000000060E+0	393.531373842898550E-3	24.498488183135965E+0
389.000000000000060E+0	409.676128761131800E-3	24.685628957286784E+0
390.000000000000060E+0	274.289514466046820E-3	24.559980285010564E+0
391.000000000000060E+0	256.095604075129930E-3	24.327786308135689E+0
392.000000000000060E+0	223.863999550678730E-3	24.034128279152476E+0
393.000000000000060E+0	310.677204741397820E-3	23.813424646171565E+0
394.000000000000060E+0	298.827575932771820E-3	23.739809316071852E+0
395.000000000000060E+0	378.017215539970140E-3	23.716723741775851E+0
396.000000000000060E+0	364.691916390224520E-3	23.891435191904922E+0
397.000000000000060E+0	350.018232063343810E-3	23.916064970268170E+0
398.000000000000060E+0	392.364739903503180E-3	24.092999346593860E+0
399.000000000000060E+0	219.502963772053720E-3	24.242297098835948E+0
400.000000000000060E+0	201.800192158801630E-3	23.916897915100229E+0
401.000000000000060E+0	203.444604218576820E-3	23.830391852261187E+0
402.000000000000060E+0	186.603060713833950E-3	23.737046554225248E+0
403.000000000000060E+0	206.011302705055880E-3	23.124866054952481E+0
404.000000000000060E+0	260.858911708804650E-3	23.263937705148656E+0
405.000000000000060E+0	285.240130097996810E-3	23.043805072512878E+0
406.000000000000060E+0	327.583953711112820E-3	23.130822532755651E+0
407.000000000000060E+0	347.942153906911190E-3	23.089056022407068E+0
408.000000000000060E+0	313.059475669871190E-3	23.605621654218591E+0
409.000000000000060E+0	146.947461534420590E-3	23.140441737440518E+0
410.000000000000060E+0	135.637091128202440E-3	22.771403300850281E+0
411.000000000000060E+0	75.494244732166302E-3	22.698008663003559E+0
412.000000000000060E+0	170.911812476477410E-3	21.848364335618005E+0
413.000000000000060E+0	192.914115508629390E-3	22.260053642206213E+0
414.000000000000060E+0	161.335251335013000E-3	22.412231540417665E+0
415.000000000000060E+0	145.737819400580170E-3	22.229448901430288E+0
416.000000000000060E+0	211.122289009290950E-3	22.226855701492624E+0
417.000000000000060E+0	164.573728388792390E-3	22.918996570132780E+0
418.000000000000060E+0	60.487713891413636E-3	22.101603198820584E+0
419.000000000000060E+0	140.115778688635980E-3	21.627279939402371E+0
420.000000000000060E+0	148.617116437925360E-3	21.802112711567002E+0
421.000000000000060E+0	145.100975480284280E-3	20.979624643424405E+0
422.000000000000060E+0	244.844200405705760E-3	21.518042662512897E+0
423.000000000000060E+0	215.194575582344230E-3	21.584122738079760E+0
424.000000000000060E+0	206.533754302946510E-3	21.383832638758633E+0
425.000000000000060E+0	201.078534644492350E-3	21.387938473404134E+0
426.000000000000060E+0	172.227788276143320E-3	20.697630550254907E+0
427.000000000000060E+0	414.709569775636000E-3	20.913996510044008E+0
428.000000000000060E+0	348.268716067396900E-3	20.890581521526258E+0
429.000000000000060E+0	381.394837108480770E-3	20.606838217746862E+0
430.000000000000060E+0	493.304970549080120E-3	20.525624748987564E+0
431.000000000000060E+0	576.690110371358310E-3	20.537929876423160E+0
432.000000000000060E+0	578.874862453049530E-3	20.364584255178382E+0
433.000000000000060E+0	639.242877156138370E-3	20.140672573895394E+0
434.000000000000060E+0	731.817785782030940E-3	19.927402863134048E+0
435.000000000000060E+0	765.643418444567850E-3	19.687729900239557E+0
436.000000000000060E+0	957.676199197538100E-3	19.567526884054519E+0
437.000000000000060E+0	959.302068787292180E-3	19.552613913712797E+0
438.000000000000060E+0	890.737598684035570E-3	19.396305108663284E+0
439.000000000000060E+0	914.662117297283750E-3	19.248047760501489E+0
440.000000000000060E+0	713.985748037994420E-3	19.131212378123596E+0
441.000000000000060E+0	883.881395942959450E-3	18.976651547112290E+0
442.000000000000060E+0	897.035417476494400E-3	18.929207322686160E+0
443.000000000000060E+0	950.050763035179550E-3	18.864198374466653E+0
444.000000000000060E+0	969.513522990996690E-3	18.867597727508365E+0
445.000000000000060E+0	975.054752364053920E-3	18.835499522046959E+0
446.000000000000060E+0	904.379487800120450E-3	18.735330297570332E+0
447.000000000000060E+0	917.408142211198710E-3	18.588428516609294E+0
448.000000000000060E+0	947.845221538197830E-3	18.526337355616832E+0
449.000000000000060E+0	886.930369428123530E-3	18.426062575942570E+0
450.000000000000060E+0	1.007817386501077E+0	18.337435795129583E+0
451.000000000000060E+0	930.685701456885450E-3	18.326014530163917E+0
452.000000000000060E+0	932.574579203806260E-3	18.206406454198511E+0
453.000000000000060E+0	990.611143137396840E-3	18.202361837784593E+0
454.000000000000060E+0	950.140565332226130E-3	18.145166682052725E+0
455.000000000000060E+0	913.627746085893250E-3	18.083153402045266E+0
456.000000000000060E+0	922.189271625387110E-3	17.996621319032428E+0
457.000000000000060E+0	926.164065258083370E-3	17.959162973480868E+0
458.000000000000060E+0	868.262209957452290E-3	17.875256522212243E+0
459.000000000000060E+0	1.016130218634213E+0	17.812947473063321E+0
460.000000000000060E+0	927.303042506201550E-3	17.800050354021863E+0
461.000000000000060E+0	917.940880256696070E-3	17.782614904848078E+0
462.000000000000060E+0	852.538356272810720E-3	17.732659375435762E+0
463.000000000000060E+0	908.759991142484070E-3	17.623136491753776E+0
464.000000000000060E+0	934.292767295090480E-3	17.693335847855899E+0
465.000000000000060E+0	930.656995781607990E-3	17.647121174237434E+0
466.000000000000060E+0	1.008467986495623E+0	17.629567113553303E+0
467.000000000000060E+0	1.015473525137329E+0	17.624201719934891E+0
468.000000000000060E+0	1.121670802509507E+0	17.528756701108520E+0
469.000000000000060E+0	1.226711328130542E+0	17.567609292318419E+0
470.000000000000060E+0	1.327876325508054E+0	17.456734343924431E+0
471.000000000000060E+0	1.447096311367450E+0	17.363872410065195E+0
472.000000000000060E+0	1.593520640851866E+0	17.156939767474022E+0
473.000000000000060E+0	1.672091783585812E+0	17.005038227445162E+0
474.000000000000060E+0	1.690530407104834E+0	16.766961489194788E+0
475.000000000000060E+0	1.732091058890845E+0	16.553016711805231E+0
476.000000000000060E+0	1.652300602644669E+0	16.411255275096156E+0
477.000000000000060E+0	1.421320716547092E+0	16.308189877906280E+0
478.000000000000060E+0	1.207244513706387E+0	16.213746407641999E+0
479.000000000000060E+0	1.036640087866747E+0	16.125271403899141E+0
480.000000000000060E+0	941.960493490649360E-3	16.039895323172718E+0
481.000000000000060E+0	904.745917382343560E-3	15.922709298511721E+0
482.000000000000060E+0	1.002751674796708E+0	16.039059374749606E+0
483.000000000000060E+0	807.254498825687560E-3	16.018960736614115E+0
484.000000000000060E+0	767.509915147155720E-3	15.932155377619408E+0
485.000000000000060E+0	704.248668198764750E-3	15.928461043035089E+0
486.000000000000060E+0	658.561356028486870E-3	15.791421527002276E+0
487.000000000000060E+0	742.723234468185780E-3	15.837657026742150E+0
488.000000000000060E+0	608.150329208476450E-3	15.909891832928480E+0
489.000000000000060E+0	566.343648720677880E-3	15.834786264734497E+0
490.000000000000060E+0	618.621929079277930E-3	15.758211951202304E+0
491.000000000000060E+0	650.229891616426640E-3	15.960223985027881E+0
492.000000000000060E+0	547.903755359668510E-3	15.865867414864979E+0
493.000000000000060E+0	561.643344501667200E-3	15.772254674783490E+0
494.000000000000060E+0	540.802527022420600E-3	15.700355640891454E+0
495.000000000000060E+0	535.766230859219040E-3	15.579373712613904E+0
496.000000000000060E+0	598.170797418383190E-3	15.509518208780467E+0
497.000000000000060E+0	591.204167624741040E-3	15.591987308853399E+0
498.000000000000060E+0	553.926277266436840E-3	15.558738034818338E+0
499.000000000000060E+0	535.096558878089380E-3	15.513717185624664E+0
500.000000000000060E+0	493.148930573338420E-3	15.516786929376613E+0
501.000000000000060E+0	497.706910984557050E-3	15.342084651021151E+0
502.000000000000060E+0	495.656269310069950E-3	15.317214942599730E+0
503.000000000000060E+0	497.476242297701540E-3	15.357274994122093E+0
504.000000000000060E+0	405.509923801058100E-3	15.181159457151747E+0
505.000000000000060E+0	513.956379067476380E-3	14.997269870108674E+0
506.000000000000060E+0	584.399725158911140E-3	15.297427802470892E+0
507.000000000000060E+0	465.803518721619680E-3	15.176696651439267E+0
508.000000000000060E+0	465.831987254434530E-3	15.074673852807393E+0
509.000000000000060E+0	414.911909580655440E-3	14.941204984346193E+0
510.000000000000060E+0	503.495539077273510E-3	14.820013229242253E+0
511.000000000000060E+0	406.912951879645880E-3	14.901994002056430E+0
512.000000000000110E+0	340.298297288132600E-3	14.738237389869406E+0
513.000000000000110E+0	358.097101480302720E-3	14.441113201436359E+0
514.000000000000110E+0	364.660017374288380E-3	14.709229605208549E+0
515.000000000000110E+0	191.056682436215820E-3	14.480421390749786E+0
516.000000000000110E+0	206.547028842236610E-3	13.937659986466034E+0
517.000000000000110E+0	218.260881440784730E-3	13.989899409376406E+0
518.000000000000110E+0	192.761496560440090E-3	13.828294265761745E+0
519.000000000000110E+0	311.939258241835600E-3	14.589500633129010E+0
520.000000000000110E+0	112.959955049439370E-3	15.811987402970345E+0
521.000000000000110E+0	96.832796895890957E-3	16.336190449685766E+0
522.000000000000110E+0	103.700978802056710E-3	16.018475077391351E+0
523.000000000000110E+0	295.148419458675650E-3	15.945430625396872E+0
524.000000000000110E+0	304.547423908312800E-3	16.478619990058800E+0
525.000000000000110E+0	158.766239315125040E-3	15.919234780055312E+0
526.000000000000110E+0	239.300157104593740E-3	15.436888253837555E+0
527.000000000000110E+0	264.640332748236670E-3	15.530781366948624E+0
528.000000000000110E+0	191.443404286998020E-3	15.320043793926523E+0
529.000000000000110E+0	305.110892444222630E-3	15.189149038785850E+0
530.000000000000110E+0	249.642813517734010E-3	15.255410865059348E+0
531.000000000000110E+0	259.370435410642640E-3	15.110011380098408E+0
532.000000000000110E+0	331.641991014096140E-3	15.170305102425964E+0
533.000000000000110E+0	218.434466858980600E-3	15.260969946273285E+0
534.000000000000110E+0	253.849386170214020E-3	14.733579292100270E+0
535.000000000000110E+0	296.224593799664430E-3	14.820225978942215E+0
536.000000000000110E+0	272.009633825122830E-3	14.748893560318605E+0
537.000000000000110E+0	313.232574485655170E-3	14.527512377976162E+0
538.000000000000110E+0	381.941291622145300E-3	14.814175998093313E+0
539.000000000000110E+0	252.018341783501580E-3	14.570298399691223E+0
540.000000000000110E+0	287.837087202907960E-3	14.295988643455232E+0
541.000000000000110E+0	336.087820521844990E-3	14.298700968281185E+0
542.000000000000110E+0	337.537808594603030E-3	14.563586369629689E+0
543.000000000000110E+0	200.260154648459920E-3	14.209577119162081E+0
544.000000000000110E+0	221.959140969084530E-3	13.876030596216692E+0
545.000000000000110E+0	285.067429096611700E-3	13.892962366814388E+0
546.000000000000110E+0	255.571307451455400E-3	13.987684473790294E+0
547.000000000000110E+0	239.317072399066630E-3	13.938732212302801E+0
548.000000000000110E+0	219.390275768695850E-3	13.993689626487530E+0
549.000000000000110E+0	207.915408174104450E-3	13.868919048059240E+0
550.000000000000110E+0	229.103615835717340E-3	13.876205621322955E+0
551.000000000000110E+0	201.993112140132880E-3	14.161342987371347E+0
552.000000000000110E+0	166.365109433904620E-3	13.635506303897266E+0
553.000000000000110E+0	230.995322257651990E-3	13.768241625989292E+0
554.000000000000110E+0	203.204438340747330E-3	13.783302752294228E+0
555.000000000000110E+0	211.233914403316490E-3	13.596117476937993E+0
556.000000000000110E+0	219.883741998532250E-3	13.460104799010328E+0
557.000000000000110E+0	246.907861908352840E-3	13.359329387275922E+0
558.000000000000110E+0	267.769765670849650E-3	13.281696091020596E+0
559.000000000000110E+0	269.359437359327990E-3	13.283604736434391E+0
560.000000000000110E+0	255.759834358853800E-3	13.450296995274257E+0
561.000000000000110E+0	88.764021663103709E-3	11.577464818140767E+0
562.000000000000110E+0	211.518319315400830E-3	12.473300585066820E+0
563.000000000000110E+0	213.908993540367960E-3	12.428875603822362E+0
564.000000000000110E+0	232.789552338354690E-3	12.551933028964925E+0
565.000000000000110E+0	185.167589260652160E-3	12.675411720475202E+0
566.000000000000110E+0	118.612310669267780E-3	13.190980061369753E+0
567.000000000000110E+0	70.584408544010907E-3	12.047097982096020E+0
568.000000000000110E+0	72.922910366136559E-3	11.712044687117627E+0
569.000000000000110E+0	107.380218118692850E-3	11.597275168061689E+0
570.000000000000110E+0	152.097065493347260E-3	11.502156174645579E+0
571.000000000000110E+0	148.876409767072670E-3	12.362930786254754E+0
572.000000000000110E+0	87.712667660494195E-3	12.488705659422099E+0
573.000000000000110E+0	77.981250463937016E-3	12.469650752937170E+0
574.000000000000110E+0	105.849914800831380E-3	13.465423517548809E+0
575.000000000000110E+0	62.007211491295663E-3	14.462133513271448E+0
576.000000000000110E+0	72.607190352638337E-3	14.970676554474810E+0
577.000000000000110E+0	68.410578394128105E-3	15.268465397223279E+0
578.000000000000110E+0	67.127147815446361E-3	15.312339293898551E+0
579.000000000000110E+0	36.420116941332493E-3	15.551699806238551E+0
580.000000000000110E+0	121.381561629914740E-3	13.819767649585597E+0
581.000000000000110E+0	172.228381799105380E-3	14.192887281770640E+0
582.000000000000110E+0	238.775487708893120E-3	14.228676432505868E+0
583.000000000000110E+0	305.369598315311960E-3	14.429891527649817E+0
584.000000000000110E+0	324.377654773277960E-3	14.508382645351817E+0
585.000000000000110E+0	260.418011912018970E-3	14.350609867602369E+0
586.000000000000110E+0	293.929894991840360E-3	13.990826945319384E+0
587.000000000000110E+0	393.349610512026330E-3	13.661583299141848E+0
588.000000000000110E+0	497.021917381106630E-3	13.577315299454677E+0
589.000000000000110E+0	638.898976247565750E-3	13.396485091167879E+0
590.000000000000110E+0	612.432344219024260E-3	13.456167741069452E+0
591.000000000000110E+0	608.378131340027490E-3	13.263967849130463E+0
592.000000000000110E+0	637.740095662039040E-3	13.017446895552412E+0
593.000000000000110E+0	674.172597297210240E-3	12.947924917883107E+0
594.000000000000110E+0	618.825996966652190E-3	12.728087700830782E+0
595.000000000000110E+0	663.835973321112770E-3	12.546636946437411E+0
596.000000000000110E+0	659.280391007122550E-3	12.434183832000100E+0
597.000000000000110E+0	688.422181120509790E-3	12.284093848286245E+0
598.000000000000110E+0	797.940054209055670E-3	12.288741736389287E+0
599.000000000000110E+0	661.492049661299710E-3	12.352361701754686E+0
600.000000000000110E+0	599.203444187327960E-3	12.169654171287956E+0
601.000000000000110E+0	582.638261950899180E-3	12.024510478622830E+0
602.000000000000110E+0	543.996121760674690E-3	11.775236483717743E+0
603.000000000000110E+0	658.740014589025760E-3	11.732218527497018E+0
604.000000000000110E+0	575.426194337315230E-3	11.728083519466102E+0
605.000000000000110E+0	506.705240609701460E-3	11.646954374936026E+0
606.000000000000110E+0	390.334633682571150E-3	11.618462791414094E+0
607.000000000000110E+0	281.429777214787900E-3	11.359315831281762E+0
608.000000000000110E+0	497.302161020998720E-3	10.832650056441938E+0
609.000000000000110E+0	393.690228048673040E-3	11.455114975414556E+0
610.000000000000110E+0	335.962238137527510E-3	11.469609913995493E+0
611.000000000000110E+0	342.176602115058240E-3	11.546971728618264E+0
612.000000000000110E+0	347.150161104383790E-3	11.606514438959637E+0
613.000000000000110E+0	382.517857433819720E-3	11.729103727414138E+0
614.000000000000110E+0	373.805765569699470E-3	11.889273224537785E+0
615.000000000000110E+0	326.264746470461660E-3	12.019395720805731E+0
616.000000000000110E+0	242.264452506805760E-3	11.883848467437923E+0
617.000000000000110E+0	235.183553639108920E-3	11.350119988652089E+0
618.000000000000110E+0	373.917983598004040E-3	11.363711448588129E+0
619.000000000000110E+0	403.892010841108760E-3	11.559585053169199E+0
620.000000000000110E+0	378.724506780894810E-3	11.649346099445149E+0
621.000000000000110E+0	343.228451676125530E-3	11.484047523599939E+0
622.000000000000110E+0	429.724368450899560E-3	11.643041626778098E+0
623.000000000000110E+0	427.795943609684540E-3	11.686389338335342E+0
624.000000000000110E+0	453.392424925143810E-3	11.792912502168546E+0
625.000000000000110E+0	383.726873567434460E-3	11.926855882844537E+0
626.000000000000110E+0	274.343846398025950E-3	11.677707932986255E+0
627.000000000000110E+0	546.542049326713690E-3	11.431055307347549E+0
628.000000000000110E+0	528.337423433405840E-3	11.661149927711364E+0
629.000000000000110E+0	531.864068735535040E-3	11.715482680964163E+0
630.000000000000110E+0	471.967034639485030E-3	11.809609553196129E+0
631.000000000000110E+0	491.143232408959350E-3	11.329138458365506E+0
632.000000000000110E+0	640.706005803663440E-3	11.533261505115913E+0
633.000000000000110E+0	643.850222774925760E-3	11.566022947412881E+0
634.000000000000110E+0	645.638078952918690E-3	11.579610952692434E+0
635.000000000000110E+0	634.855054611711430E-3	11.479674165212860E+0
636.000000000000110E+0	660.809549322216250E-3	11.323657726910950E+0
637.000000000000110E+0	793.344763063463020E-3	11.345431804537453E+0
638.000000000000110E+0	854.950752531143830E-3	11.353255773880601E+0
639.000000000000110E+0	923.613683166571000E-3	11.366952770885112E+0
640.000000000000110E+0	878.604749292157700E-3	11.489417124390298E+0
641.000000000000110E+0	949.778325599782480E-3	11.191715459965549E+0
642.000000000000110E+0	1.098305851710723E+0	11.114295037025748E+0
643.000000000000110E+0	1.252402691276379E+0	11.088715515511094E+0
644.000000000000110E+0	1.309380655489841E+0	11.056909600991839E+0
645.000000000000110E+0	1.246607104056783E+0	10.882779868526189E+0
646.000000000000110E+0	1.520678289851470E+0	10.678069876217982E+0
647.000000000000110E+0	1.708443894846536E+0	10.633793476595388E+0
648.000000000000110E+0	1.698289678860777E+0	10.538717577382972E+0
649.000000000000110E+0	1.649824423112072E+0	10.463122081538204E+0
650.000000000000110E+0	1.557951860814134E+0	10.052305842293521E+0
651.000000000000110E+0	1.619484450630658E+0	10.026917045994297E+0
652.000000000000110E+0	1.569318284791991E+0	9.899379380294354E+0
653.000000000000110E+0	1.527023579644568E+0	9.802264768146323E+0
654.000000000000110E+0	1.369368691914119E+0	9.714624610641017E+0
655.000000000000110E+0	1.285639550797760E+0	9.622748148812191E+0
656.000000000000110E+0	1.195493807406100E+0	9.544057881366136E+0
657.000000000000110E+0	1.089689393858433E+0	9.487543377759238E+0
658.000000000000110E+0	1.044676721505281E+0	9.409947177828737E+0
659.000000000000110E+0	883.550718393380950E-3	9.376507094714388E+0
660.000000000000110E+0	921.264081710731490E-3	9.273548372540079E+0
661.000000000000110E+0	911.521033419509300E-3	9.218118837542599E+0
662.000000000000110E+0	941.325236482259740E-3	9.136942547395641E+0
663.000000000000110E+0	1.048413883091639E+0	9.264292130749194E+0
664.000000000000110E+0	855.950178394147660E-3	9.272297562665429E+0
665.000000000000110E+0	809.551288224969020E-3	9.183646844350644E+0
666.000000000000110E+0	786.502489525327750E-3	9.062523292637948E+0
667.000000000000110E+0	805.084029957296440E-3	9.032304309169200E+0
668.000000000000110E+0	733.804094986621690E-3	8.969923680364563E+0
669.000000000000110E+0	865.067911829222600E-3	8.885218230508141E+0
670.000000000000110E+0	828.409796803366350E-3	8.844397093836530E+0
671.000000000000110E+0	840.699176198810180E-3	8.761738753735527E+0
672.000000000000110E+0	896.441931794110470E-3	8.769764829903107E+0
673.000000000000110E+0	711.491166625948470E-3	8.658414854573966E+0
674.000000000000110E+0	731.860319887000840E-3	8.419589221638700E+0
675.000000000000110E+0	735.540672269029420E-3	8.263969007995293E+0
676.000000000000110E+0	749.932879598278920E-3	8.047082726393988E+0
677.000000000000110E+0	812.365545891134970E-3	7.928096757795067E+0
678.000000000000110E+0	794.318182334675990E-3	7.980398322859070E+0
679.000000000000110E+0	546.685884720895520E-3	7.879948030085830E+0
680.000000000000110E+0	405.987017867383170E-3	7.727974073924074E+0
681.000000000000110E+0	255.981955743196770E-3	7.694427459569074E+0
682.000000000000110E+0	146.517264519200440E-3	7.067431646741589E+0
683.000000000000110E+0	122.286990096890730E-3	7.246520355747615E+0
684.000000000000110E+0	88.973964465798083E-3	7.206729049847596E+0
685.000000000000110E+0	137.985065861576610E-3	7.279456746268040E+0
686.000000000000110E+0	168.700815413949770E-3	7.733171076499927E+0
687.000000000000110E+0	322.150102684182820E-3	8.226789060266562E+0
688.000000000000110E+0	152.465572335608650E-3	8.619384785954699E+0
689.000000000000110E+0	135.342712508225300E-3	8.437126499534161E+0
690.000000000000110E+0	139.464733880272530E-3	8.316389323360960E+0
691.000000000000110E+0	145.371759633253860E-3	8.190187581833584E+0
692.000000000000110E+0	176.821194801758150E-3	8.362410793721477E+0
693.000000000000110E+0	182.726138972392650E-3	8.414715298656995E+0
694.000000000000110E+0	203.731823660983800E-3	8.573209887023985E+0
695.000000000000110E+0	165.506002694930540E-3	8.788325482065687E+0
696.000000000000110E+0	143.118369660158670E-3	8.680184172094195E+0
697.000000000000110E+0	99.580028525461398E-3	8.662359457220315E+0
698.000000000000110E+0	104.874900898971100E-3	8.095458883330528E+0
699.000000000000110E+0	113.560793492727480E-3	7.968979512804415E+0
700.000000000000110E+0	117.372546832735570E-3	7.492195596068608E+0
701.000000000000110E+0	182.574132231656140E-3	7.901111103699740E+0
702.000000000000110E+0	158.834601652977770E-3	7.833784180262600E+0
703.000000000000110E+0	157.781709244318560E-3	7.893657143435187E+0
704.000000000000110E+0	130.195177493970640E-3	8.027624659027008E+0
705.000000000000110E+0	101.966220910204160E-3	8.069102854234497E+0
706.000000000000110E+0	61.148058440963736E-3	7.754825981643593E+0
707.000000000000110E+0	70.574092020859999E-3	7.580760876805718E+0
708.000000000000110E+0	72.617601201005036E-3	7.479847945516123E+0
709.000000000000110E+0	63.103299227412937E-3	7.617212966788705E+0
710.000000000000110E+0	69.946714432138041E-3	7.428978224088132E+0
711.000000000000110E+0	28.300280124329939E-3	7.892427540168826E+0
712.000000000000110E+0	12.572114192466196E-3	7.471769963706640E+0
713.000000000000110E+0	14.159733018325318E-3	5.130744003097212E+0
714.000000000000110E+0	33.512170750731943E-3	5.730385985813278E+0
715.000000000000110E+0	32.710989226730235E-3	5.478308558827736E+0
716.000000000000110E+0	39.427140907670286E-3	5.478108099288783E+0
717.000000000000110E+0	35.088749506864331E-3	5.186279608320824E+0
718.000000000000110E+0	40.917651880595894E-3	5.010847037595315E+0
719.000000000000110E+0	27.267899186505615E-3	4.165609932100137E+0
720.000000000000110E+0	84.882938240546435E-3	4.624857774316595E+0
721.000000000000110E+0	70.499837020287920E-3	4.615989316447227E+0
722.000000000000110E+0	66.564417886862251E-3	4.517126806519864E+0
723.000000000000110E+0	54.415954139216585E-3	4.651966135295268E+0
724.000000000000110E+0	80.429181822756296E-3	3.427213211509073E+0
725.000000000000110E+0	119.846623768796540E-3	3.906795147350513E+0
726.000000000000110E+0	136.067439462947360E-3	3.914001595185359E+0
727.000000000000110E+0	161.379221788396170E-3	3.948755927166301E+0
728.000000000000110E+0	196.785153910759180E-3	3.795593713439450E+0
729.000000000000110E+0	318.477912412972910E-3	4.241002372167030E+0
730.000000000000110E+0	187.255757812900770E-3	4.073405651295733E+0
731.000000000000110E+0	200.678143910476530E-3	3.805995107285791E+0
732.000000000000110E+0	237.365116943250270E-3	3.802616122704504E+0
733.000000000000110E+0	138.107923616220510E-3	3.775611246879712E+0
734.000000000000110E+0	146.428257753779570E-3	3.033315796714360E+0
735.000000000000110E+0	175.594313985943720E-3	3.002051748346725E+0
736.000000000000110E+0	195.733606708473230E-3	2.848556380780027E+0
737.000000000000110E+0	219.479358484206720E-3	2.925066746360570E+0
738.000000000000110E+0	251.429175494436110E-3	3.037295855820690E+0
739.000000000000110E+0	164.034700609674400E-3	3.309953679884151E+0
740.000000000000110E+0	137.374081176657000E-3	3.119810511098425E+0
741.000000000000110E+0	139.868487261878560E-3	2.994809416313353E+0
742.000000000000110E+0	133.927470765547150E-3	3.480860155268133E+0
743.000000000000110E+0	122.464910624603600E-3	2.546140058250035E+0
744.000000000000110E+0	124.813066089317010E-3	2.754064062298114E+0
745.000000000000110E+0	113.085367923830570E-3	2.629109722211386E+0
746.000000000000110E+0	129.538195584863040E-3	2.667142156347400E+0
747.000000000000110E+0	128.581133650879060E-3	2.626348460002732E+0
748.000000000000110E+0	141.770917668372130E-3	3.106457553472610E+0
749.000000000000110E+0	100.548768469935480E-3	3.061432777984975E+0
750.000000000000110E+0	87.008399453467930E-3	2.962609679152299E+0
751.000000000000110E+0	77.797602586839140E-3	3.015460782913315E+0
752.000000000000110E+0	74.893297990121191E-3	2.192197331495066E+0
753.000000000000110E+0	108.149456037201930E-3	2.734642385508624E+0
754.000000000000110E+0	93.479357222094939E-3	2.901076961924217E+0
755.000000000000110E+0	95.958441036905359E-3	2.865943717712403E+0
756.000000000000110E+0	107.241247369551430E-3	3.170248688150878E+0
757.000000000000110E+0	111.845115374474180E-3	3.597144007586359E+0
758.000000000000110E+0	50.147729046078081E-3	4.057039029192130E+0
759.000000000000110E+0	44.962682530805133E-3	4.059765396139518E+0
760.000000000000110E+0	45.654542217067925E-3	4.878064726674238E+0
761.000000000000110E+0	118.006308634744190E-3	7.032257068338605E+0
762.000000000000110E+0	81.034391141934281E-3	8.652839017529157E+0
763.000000000000110E+0	77.107572314335099E-3	8.853690129012865E+0
764.000000000000110E+0	129.288973643587960E-3	8.996856284245851E+0
765.000000000000110E+0	188.690990389239390E-3	9.358591550112347E+0
766.000000000000110E+0	414.733590047503430E-3	9.993993320802815E+0
767.000000000000110E+0	194.665046191033950E-3	10.965223341513470E+0
768.000000000000110E+0	170.324523602053470E-3	10.762599100429259E+0
769.000000000000110E+0	178.722903039571500E-3	10.865423087557090E+0
770.000000000000110E+0	251.016157723139730E-3	11.238329103647793E+0
771.000000000000110E+0	168.856084441225300E-3	8.108407176100629E+0
772.000000000000110E+0	124.246942125833620E-3	9.116904954364736E+0
773.000000000000110E+0	156.582453870099720E-3	9.087822124028850E+0
774.000000000000110E+0	242.603858438330380E-3	9.244396510180280E+0
775.000000000000110E+0	258.001520731243830E-3	9.404115283750588E+0
776.000000000000110E+0	244.315230325869660E-3	9.901395151116013E+0
777.000000000000110E+0	140.255444168036560E-3	9.754706418225339E+0
778.000000000000110E+0	134.583118184769900E-3	9.685766228053797E+0
779.000000000000110E+0	92.939187529536782E-3	9.887096771945737E+0
780.000000000000110E+0	119.833719438972560E-3	8.959897363547231E+0
781.000000000000110E+0	118.404144223209200E-3	9.489844654862068E+0
782.000000000000110E+0	108.321370370713780E-3	9.641467834960521E+0
783.000000000000110E+0	89.061688666049479E-3	9.882688177528482E+0
784.000000000000110E+0	94.583221338457424E-3	9.696453380076104E+0
785.000000000000110E+0	96.917511581635765E-3	10.295355085480018E+0
786.000000000000110E+0	64.531599419669100E-3	10.499848315366298E+0
787.000000000000110E+0	56.505653954012122E-3	10.189523598140525E+0
788.000000000000110E+0	73.978815502651118E-3	10.054279092870036E+0
789.000000000000110E+0	112.718706277168900E-3	9.475631403266128E+0
790.000000000000110E+0	186.724627192196870E-3	10.699412281188696E+0
791.000000000000110E+0	164.261812460437920E-3	10.565199341185966E+0
792.000000000000110E+0	173.772285902064280E-3	10.446386539562521E+0
793.000000000000110E+0	228.922369072540430E-3	10.383029381405056E+0
794.000000000000110E+0	267.682241214291410E-3	10.646373679404707E+0
795.000000000000110E+0	196.346371249959520E-3	10.718807587330868E+0
796.000000000000110E+0	207.931249990398160E-3	10.442988024093381E+0
797.000000000000110E+0	271.559938006015190E-3	10.430275270672533E+0
798.000000000000110E+0	273.508836699436870E-3	10.477613040354871E+0
799.000000000000110E+0	393.411872229130040E-3	10.277579083412707E+0
800.000000000000110E+0	451.023561221186140E-3	10.401279333178419E+0
801.000000000000110E+0	502.478164037821310E-3	10.354440438132194E+0
802.000000000000110E+0	611.142623567383470E-3	10.332961816589744E+0
803.000000000000110E+0	463.624073642979470E-3	10.273563964324120E+0
804.000000000000110E+0	576.166086844683070E-3	9.965301366312216E+0
805.000000000000110E+0	700.221895470141800E-3	9.797412255169409E+0
806.000000000000110E+0	776.991875067886250E-3	9.772644774085503E+0
807.000000000000110E+0	782.755868150592500E-3	9.666667049410709E+0
808.000000000000110E+0	953.293334693578800E-3	9.749937595536377E+0
809.000000000000110E+0	695.041315275689910E-3	9.575033053783091E+0
810.000000000000110E+0	709.624877534433480E-3	9.485927306329533E+0
811.000000000000110E+0	681.250323531304770E-3	9.400013691211250E+0
812.000000000000110E+0	649.520216889893360E-3	9.203100685713359E+0
813.000000000000110E+0	830.879078777698070E-3	9.032085597526919E+0
814.000000000000110E+0	841.084563358970970E-3	9.034384678030992E+0
815.000000000000110E+0	857.626154944634340E-3	8.968890870497479E+0
816.000000000000110E+0	796.410426469278730E-3	8.960310328123782E+0
817.000000000000110E+0	804.639529696326790E-3	8.815802750874765E+0
818.000000000000110E+0	625.667121828599740E-3	8.907918681710782E+0
819.000000000000110E+0	590.639603841111690E-3	8.629622215743888E+0
820.000000000000110E+0	563.961831571709650E-3	8.502769001564761E+0
821.000000000000110E+0	553.944777293323030E-3	8.332504233343625E+0
822.000000000000110E+0	613.009847843144270E-3	8.466567551048001E+0
823.000000000000110E+0	527.528907085850540E-3	8.446900971391706E+0
824.000000000000110E+0	499.556256647625260E-3	8.418845256384039E+0
825.000000000000110E+0	489.074810156066080E-3	8.406574885173312E+0
826.000000000000110E+0	489.987897666024130E-3	8.524157223753317E+0
827.000000000000110E+0	367.990295629202660E-3	8.431489990192832E+0
828.000000000000110E+0	385.741489615114120E-3	8.349092675945608E+0
829.000000000000110E+0	364.808672628299520E-3	8.328082896273184E+0
830.000000000000110E+0	340.347756635276280E-3	8.310695263425412E+0
831.000000000000110E+0	356.391099980128520E-3	7.995528346290440E+0
832.000000000000110E+0	371.337596341407950E-3	8.397298923356953E+0
833.000000000000110E+0	328.518263518283120E-3	8.450238139951626E+0
834.000000000000110E+0	305.356151015518720E-3	8.455338347326233E+0
835.000000000000110E+0	324.735539642298620E-3	8.544241882642520E+0
836.000000000000110E+0	283.769056369105710E-3	8.613861979905092E+0
837.000000000000110E+0	321.359617632211160E-3	8.514524539366795E+0
838.000000000000110E+0	322.934816749878170E-3	8.627454080714475E+0
839.000000000000110E+0	312.938395126291790E-3	8.665922259922189E+0
840.000000000000110E+0	298.901979662847370E-3	8.658984366690712E+0
841.000000000000110E+0	343.469461176274530E-3	8.594681238109374E+0
842.000000000000110E+0	350.072399297342130E-3	8.646815834922016E+0
843.000000000000110E+0	355.312813992879450E-3	8.653789844612414E+0
844.000000000000110E+0	362.387048536264690E-3	8.662762297055176E+0
845.000000000000110E+0	375.124579869610730E-3	8.594512981929261E+0
846.000000000000110E+0	412.177868750164710E-3	8.656546740850700E+0
847.000000000000110E+0	407.646705182871050E-3	8.707754530348041E+0
848.000000000000110E+0	400.642857356570130E-3	8.646298566100606E+0
849.000000000000110E+0	436.950338819071910E-3	8.628635131727020E+0
850.000000000000110E+0	413.502182926974660E-3	8.788258616207276E+0
851.000000000000110E+0	414.168581162612350E-3	8.650003603090724E+0
852.000000000000110E+0	417.121036680303430E-3	8.605599816051896E+0
853.000000000000110E+0	418.226641615516480E-3	8.491552477973766E+0
854.000000000000110E+0	514.033947438222280E-3	8.491617296170622E+0
855.000000000000110E+0	550.699399118060870E-3	8.502836475683724E+0
856.000000000000110E+0	540.242979510656470E-3	8.584211849946168E+0
857.000000000000110E+0	540.420049369632390E-3	8.558783339680030E+0
858.000000000000110E+0	556.541822940722300E-3	8.536659173987282E+0
859.000000000000110E+0	528.923458273326210E-3	8.524769309585734E+0
860.000000000000110E+0	635.450650559376440E-3	8.411545583955734E+0
861.000000000000110E+0	643.501484615204070E-3	8.446596315031853E+0
862.000000000000110E+0	620.856549892306540E-3	8.442683212346408E+0
863.000000000000110E+0	568.700544760474160E-3	8.214807325339480E+0
864.000000000000110E+0	732.137933246491230E-3	8.176586097560993E+0
865.000000000000110E+0	721.295542741891000E-3	8.191054945259891E+0
866.000000000000110E+0	697.811988130132900E-3	8.146744160507257E+0
867.000000000000110E+0	668.008661739840080E-3	8.065677693633477E+0
868.000000000000110E+0	632.587546315901860E-3	8.004392208510350E+0
869.000000000000110E+0	686.926148461742600E-3	7.946189921341086E+0
870.000000000000110E+0	624.158728030090090E-3	7.936023293985730E+0
871.000000000000110E+0	605.924414028161550E-3	7.900380057173090E+0
872.000000000000110E+0	624.073678270618660E-3	7.919649382987936E+0
873.000000000000110E+0	643.516428688458710E-3	7.936635071722258E+0
874.000000000000110E+0	650.849318390242630E-3	7.972794627454941E+0
875.000000000000110E+0	653.037553801926850E-3	7.975265284054351E+0
876.000000000000110E+0	709.342298321685940E-3	7.906670820450596E+0
877.000000000000110E+0	776.260239907465290E-3	7.951546191488323E+0
878.000000000000110E+0	760.337240830958330E-3	7.947575185972300E+0
879.000000000000110E+0	837.403354591962470E-3	7.847842608909583E+0
880.000000000000110E+0	893.268712602181100E-3	7.823342487157927E+0
881.000000000000110E+0	924.912521402747040E-3	7.819941011315352E+0
882.000000000000110E+0	810.092674921442430E-3	7.549503253120674E+0
883.000000000000110E+0	1.001975766930211E+0	7.493338355547378E+0
884.000000000000110E+0	1.075774386508772E+0	7.438180856993427E+0
885.000000000000110E+0	1.083573073137887E+0	7.361926507077987E+0
886.000000000000110E+0	1.122604844654931E+0	7.266025646360054E+0
887.000000000000110E+0	1.124323800944477E+0	7.246510056299704E+0
888.000000000000110E+0	943.970343690564100E-3	7.046867155976812E+0
889.000000000000110E+0	957.340253095359190E-3	6.874622768505043E+0
890.000000000000110E+0	982.959822333058900E-3	6.742582717323604E+0
891.000000000000110E+0	1.039070514844805E+0	6.658462333457066E+0
892.000000000000110E+0	817.968021642367590E-3	6.803355769038203E+0
893.000000000000110E+0	774.582522540323110E-3	6.607468236299561E+0
894.000000000000110E+0	726.908337178674980E-3	6.517348327525296E+0
895.000000000000110E+0	685.047925065588870E-3	6.419010928275390E+0
896.000000000000110E+0	679.805680857487050E-3	6.362664059756379E+0
897.000000000000110E+0	610.986783547488030E-3	6.338300081064554E+0
898.000000000000110E+0	590.982005525141020E-3	6.286387352644689E+0
899.000000000000110E+0	563.853193256074410E-3	6.202543597245033E+0
900.000000000000110E+0	600.850425042160570E-3	6.194881532227273E+0
901.000000000000110E+0	442.016299689111710E-3	6.444291949142477E+0
902.000000000000110E+0	416.406546864678980E-3	6.215532495687516E+0
903.000000000000110E+0	372.441910202187030E-3	6.204552112700670E+0
904.000000000000110E+0	270.990308065607420E-3	5.971113573487258E+0
905.000000000000110E+0	426.971316437799010E-3	5.616051144427925E+0
906.000000000000110E+0	494.030542250148310E-3	5.984116381785382E+0
907.000000000000110E+0	441.690267639295530E-3	6.187915068168762E+0
908.000000000000110E+0	339.745381505585810E-3	6.365886053256379E+0
909.000000000000110E+0	272.315980425742120E-3	6.399574377383028E+0
910.000000000000110E+0	199.548145979095680E-3	6.879180105291066E+0
911.000000000000110E+0	290.922592397015730E-3	5.792619708548740E+0
912.000000000000110E+0	241.159837440508370E-3	6.018626884111336E+0
913.000000000000110E+0	203.841223282583330E-3	5.928003930236785E+0
914.000000000000110E+0	324.547343722086380E-3	5.950972542633086E+0
915.000000000000110E+0	281.535641454444820E-3	6.308887511926434E+0
916.000000000000110E+0	251.578661347311830E-3	6.156273830060966E+0
917.000000000000110E+0	254.869402219525090E-3	6.312481303072240E+0
918.000000000000110E+0	200.372979791536320E-3	6.380432770710590E+0
919.000000000000110E+0	176.966981860715860E-3	6.343339437508074E+0
920.000000000000110E+0	165.129047433240720E-3	4.706999177099419E+0
921.000000000000110E+0	211.960119197040750E-3	5.562103747856874E+0
922.000000000000110E+0	214.410861988791200E-3	5.656296185427620E+0
923.000000000000110E+0	230.874971896969710E-3	5.607148238801124E+0
924.000000000000110E+0	241.516667845874110E-3	6.142703612616353E+0
925.000000000000110E+0	187.113008744376000E-3	6.035843308471005E+0
926.000000000000110E+0	153.603976403170920E-3	6.202403913444819E+0
927.000000000000110E+0	101.413703866950820E-3	5.979098640351482E+0
928.000000000000110E+0	98.859682710984817E-3	5.823063558674965E+0
929.000000000000110E+0	75.486144030070396E-3	5.948219509939224E+0
930.000000000000110E+0	72.906260762650735E-3	5.171740432421943E+0
931.000000000000110E+0	81.028908057409560E-3	4.972533032372731E+0
932.000000000000110E+0	119.076680195631810E-3	5.053127958525305E+0
933.000000000000110E+0	128.325620722825970E-3	5.926038573452816E+0
934.000000000000110E+0	53.991695411361888E-3	7.110701709546555E+0
935.000000000000110E+0	34.683772386805534E-3	7.570507738668245E+0
936.000000000000110E+0	44.526031850414260E-3	7.908623277799032E+0
937.000000000000110E+0	55.471553189347871E-3	8.448477555765114E+0
938.000000000000110E+0	43.637013075363294E-3	9.278084724382163E+0
939.000000000000110E+0	59.758868005496964E-3	6.211942234081188E+0
940.000000000000110E+0	38.910993077132146E-3	6.613044261481391E+0
941.000000000000110E+0	61.050717060140300E-3	6.025891078698211E+0
942.000000000000110E+0	183.094724239778990E-3	6.328413280377927E+0
943.000000000000110E+0	158.884567646079560E-3	7.516393585220641E+0
944.000000000000110E+0	106.855496094256310E-3	8.207051557343609E+0
945.000000000000110E+0	100.048689065430270E-3	8.760494221281588E+0
946.000000000000110E+0	96.666960191217038E-3	8.860472941930745E+0
947.000000000000110E+0	104.669019511155370E-3	8.960433876063624E+0
948.000000000000110E+0	102.055889947821460E-3	7.403421092839110E+0
949.000000000000110E+0	162.691073034555490E-3	7.696182663739570E+0
950.000000000000110E+0	197.427179797608460E-3	7.567368531467110E+0
951.000000000000110E+0	239.315857902102800E-3	7.529767829299085E+0
952.000000000000110E+0	166.854503139083150E-3	7.786727281873138E+0
953.000000000000110E+0	195.180428262263530E-3	7.141315480877505E+0
954.000000000000110E+0	211.058430643123210E-3	7.087598706517057E+0
955.000000000000110E+0	199.847137150823530E-3	7.114678836710817E+0
956.000000000000110E+0	173.695891380758030E-3	6.943600061296479E+0
957.000000000000110E+0	183.278001089180740E-3	6.866618061354131E+0
958.000000000000110E+0	157.967372656401460E-3	6.934683488645819E+0
959.000000000000110E+0	147.055329774582270E-3	6.882754335865224E+0
960.000000000000110E+0	150.231301040241380E-3	6.908837737757052E+0
961.000000000000110E+0	120.452463823146460E-3	7.593415385084151E+0
962.000000000000110E+0	98.263123250673254E-3	6.661056813579940E+0
963.000000000000110E+0	101.391274043179990E-3	6.735860835987335E+0
964.000000000000110E+0	100.895774553516060E-3	6.639182845449370E+0
965.000000000000110E+0	139.843566574385130E-3	6.717350592641344E+0
966.000000000000110E+0	133.535205154415500E-3	7.038078445105388E+0
967.000000000000110E+0	110.575280749966420E-3	7.391078633421836E+0
968.000000000000110E+0	90.075402357400969E-3	7.488475809671324E+0
969.000000000000110E+0	87.432002175018828E-3	7.598302071083133E+0
970.000000000000110E+0	82.603025631566199E-3	7.919754800974863E+0
971.000000000000110E+0	147.825594809155000E-3	7.316158505248384E+0
972.000000000000110E+0	126.281211140178760E-3	7.699695718292897E+0
973.000000000000110E+0	117.386604959076310E-3	7.759033978422024E+0
974.000000000000110E+0	164.303196999789930E-3	7.498573604119516E+0
975.000000000000110E+0	205.720931976713820E-3	7.754218899132999E+0
976.000000000000110E+0	224.657594295016970E-3	7.937324015623846E+0
977.000000000000110E+0	227.025884762214910E-3	7.886253748879354E+0
978.000000000000110E+0	267.432878855896170E-3	7.906319623495555E+0
979.000000000000110E+0	294.702565294428840E-3	8.104549734295174E+0
980.000000000000110E+0	144.080523604575630E-3	7.434363927664879E+0
981.000000000000110E+0	331.552398173848180E-3	7.317565310695009E+0
982.000000000000110E+0	366.583937785614380E-3	7.319247223654216E+0
983.000000000000110E+0	381.411277349707480E-3	7.241092404590797E+0
984.000000000000110E+0	571.357699867360960E-3	7.010242311934296E+0
985.000000000000110E+0	415.828341159586830E-3	7.129687053410114E+0
986.000000000000110E+0	400.609614981391690E-3	6.936251336533899E+0
987.000000000000110E+0	391.401123338023570E-3	6.952817843406502E+0
988.000000000000110E+0	343.395678959824040E-3	6.787386307490826E+0
989.000000000000110E+0	427.865930708435870E-3	6.587132008714658E+0
990.000000000000110E+0	263.148366070660940E-3	6.381544132188298E+0
991.000000000000110E+0	289.392237314395170E-3	6.503314472326917E+0
992.000000000000110E+0	305.771734855512290E-3	6.462916995847763E+0
993.000000000000110E+0	346.057973048706500E-3	6.705273124854636E+0
994.000000000000110E+0	218.086216664925950E-3	6.181904629979346E+0
995.000000000000110E+0	296.052877432595280E-3	6.560161849026770E+0
996.000000000000110E+0	236.958900235385180E-3	6.615287213000344E+0
997.000000000000110E+0	242.004661406805740E-3	6.383548258185481E+0
998.000000000000110E+0	265.143629223696280E-3	6.686341508572064E+0
999.000000000000110E+0	564.353512909381960E-3	6.692132767980809E+0
1.000000000000000E+3	244.703229205300740E-3	6.305719677482569E+0
