Freq (Hz)	accelerometre /source
source
source_Real	accelerometre /source
source
source_Imag
10.000000000000018E+0	63.817007042915083E-3	91.980233775240935E-3
11.000000000000020E+0	-77.559729968984858E-3	-6.949446510167983E-3
12.000000000000021E+0	5.173488464632975E-3	-23.989332853426231E-3
13.000000000000023E+0	21.916774523557048E-3	2.661068203435152E-3
14.000000000000025E+0	-19.591773160849462E-3	69.803860304091345E-3
15.000000000000027E+0	-89.198098918782026E-3	-26.896737380855747E-3
16.000000000000028E+0	6.542200078804835E-3	-17.524030433818224E-3
17.000000000000028E+0	-11.910649204648960E-3	50.915827251718920E-3
18.000000000000028E+0	-67.333717723188649E-3	48.436096479929629E-3
19.000000000000028E+0	-34.265071057559111E-3	-8.800392724342285E-3
20.000000000000028E+0	-47.598797015202830E-3	69.977803379900033E-3
21.000000000000028E+0	-46.226936115663801E-3	59.113564244387899E-3
22.000000000000028E+0	-43.059234534039106E-3	68.641580837038862E-3
23.000000000000028E+0	-61.791622635698540E-3	78.764118526455998E-3
24.000000000000028E+0	-46.904123639482591E-3	121.598852617580050E-3
25.000000000000028E+0	-53.553792398403223E-3	161.579046751085360E-3
26.000000000000028E+0	33.424720475469426E-3	202.774521054183840E-3
27.000000000000028E+0	84.008936683550153E-3	151.837187153414430E-3
28.000000000000028E+0	70.672887208732507E-3	123.675444223925900E-3
29.000000000000028E+0	46.038573945855712E-3	114.431747306435390E-3
30.000000000000028E+0	-25.157090386987133E-3	189.127536460464210E-3
31.000000000000028E+0	105.461838639326890E-3	305.643484345597630E-3
32.000000000000028E+0	239.728386396752900E-3	207.705928518047890E-3
33.000000000000028E+0	264.642214173973770E-3	125.829604950505940E-3
34.000000000000028E+0	219.633054070893510E-3	93.093222980296458E-3
35.000000000000028E+0	346.696173874281140E-3	36.829816576182839E-3
36.000000000000028E+0	313.697493678612330E-3	-155.923367778339790E-3
37.000000000000028E+0	127.199083906091470E-3	-137.359721892937690E-3
38.000000000000028E+0	122.757284770927980E-3	-16.504098894189710E-3
39.000000000000028E+0	155.857954824884710E-3	-4.751996806602369E-3
40.000000000000028E+0	108.168334756813140E-3	-32.934874503681141E-3
41.000000000000028E+0	101.602044712391510E-3	-15.264416078861517E-3
42.000000000000028E+0	112.649309576979520E-3	-5.947480221638159E-3
43.000000000000028E+0	137.569044781032930E-3	9.180698473273154E-3
44.000000000000028E+0	139.305407305274130E-3	17.156938396891825E-3
45.000000000000028E+0	150.123451993477820E-3	-1.184686333871576E-3
46.000000000000028E+0	160.928969612473220E-3	-24.501362394255821E-3
47.000000000000028E+0	177.562358360985630E-3	-46.832204881436711E-3
48.000000000000028E+0	165.674862859787360E-3	-104.186404554604940E-3
49.000000000000028E+0	155.320950153607140E-3	-134.148492753359600E-3
50.000000000000028E+0	129.390658473225310E-3	-113.931784879095550E-3
51.000000000000028E+0	127.244174434794660E-3	-92.998280954247212E-3
52.000000000000028E+0	121.670708729624540E-3	-86.969996227844043E-3
53.000000000000028E+0	81.063978968608827E-3	-60.415945912493066E-3
54.000000000000028E+0	102.069390280441390E-3	-72.295597059827368E-3
55.000000000000028E+0	124.541961367117220E-3	-88.569809900785348E-3
56.000000000000028E+0	118.858753747435760E-3	-106.355508688611500E-3
57.000000000000028E+0	130.615663550840920E-3	-123.688048344979120E-3
58.000000000000028E+0	186.164795167769460E-3	-109.606555976102010E-3
59.000000000000028E+0	163.247092704910030E-3	-115.169263466647770E-3
60.000000000000028E+0	135.951500014010550E-3	-157.137560672169140E-3
61.000000000000028E+0	132.712188103419230E-3	-190.309182256053450E-3
62.000000000000028E+0	128.492020420879590E-3	-251.830999875503060E-3
63.000000000000028E+0	104.617145475966470E-3	-259.397654734250470E-3
64.000000000000028E+0	64.125144599864597E-3	-279.381015715182980E-3
65.000000000000028E+0	13.426547751963364E-3	-276.976217622631080E-3
66.000000000000028E+0	-27.703224881492544E-3	-258.096110912319490E-3
67.000000000000028E+0	-84.892368292446591E-3	-223.494043341293020E-3
68.000000000000028E+0	-152.921144638006660E-3	-213.616542724730430E-3
69.000000000000028E+0	-125.689515282799670E-3	-179.035092666796930E-3
70.000000000000028E+0	-122.828310850916220E-3	-149.972364492945460E-3
71.000000000000028E+0	-117.017358448862730E-3	-98.393829531159174E-3
72.000000000000028E+0	-160.845131638717780E-3	-73.209988744055557E-3
73.000000000000028E+0	-144.047345121690820E-3	-66.224402437412025E-3
74.000000000000028E+0	-125.262965193620960E-3	-52.705199576922983E-3
75.000000000000028E+0	-111.685754628016300E-3	-70.876158113183124E-3
76.000000000000028E+0	-109.360443526482220E-3	-86.124870233921375E-3
77.000000000000028E+0	-74.797500974505868E-3	-37.794053941171149E-3
78.000000000000028E+0	-108.771272537120780E-3	-22.853040789916200E-3
79.000000000000028E+0	-107.881037234467010E-3	-30.651290127711599E-3
80.000000000000028E+0	-89.625618112480723E-3	-61.595490090602986E-3
81.000000000000028E+0	14.287389541734077E-3	-19.682354251486917E-3
82.000000000000028E+0	-8.046038098661383E-3	16.988404167494385E-3
83.000000000000028E+0	-43.336221730966407E-3	16.671511866475912E-3
84.000000000000028E+0	-71.947964635663802E-3	15.990667165087812E-3
85.000000000000028E+0	-45.867204027357396E-3	-13.312409182876739E-3
86.000000000000028E+0	-25.875093181071653E-3	-90.728899449994488E-3
87.000000000000028E+0	131.927864593999020E-3	51.825465215643851E-3
88.000000000000028E+0	59.086073371407186E-3	106.958500806144660E-3
89.000000000000028E+0	10.386149312160486E-3	98.986951517477495E-3
90.000000000000028E+0	-354.911707852388130E-3	-51.878284029142588E-3
91.000000000000028E+0	195.429552250522330E-3	63.320919125249120E-3
92.000000000000028E+0	127.405424832608080E-3	46.921553650167543E-3
93.000000000000028E+0	113.125215514634130E-3	37.046088026453559E-3
94.000000000000028E+0	150.602008344367380E-3	4.576985998201656E-3
95.000000000000028E+0	70.281896259739005E-3	-53.176125506828084E-3
96.000000000000028E+0	211.620438239773860E-3	-240.795894331154310E-3
97.000000000000028E+0	236.718478324259800E-3	-184.929060749642940E-3
98.000000000000028E+0	170.763097266762310E-3	-211.343190136562890E-3
99.000000000000028E+0	99.085026903314541E-3	-215.601937813694970E-3
100.000000000000030E+0	43.741676344028521E-3	-502.558688726525320E-3
101.000000000000030E+0	143.821303431990930E-3	-327.514442480411120E-3
102.000000000000030E+0	82.798977611486593E-3	-238.452380361287690E-3
103.000000000000030E+0	-60.623562946670616E-3	-110.256883698179350E-3
104.000000000000030E+0	-58.543969173993002E-3	-281.313339659690130E-3
105.000000000000030E+0	-88.575477445541215E-3	-162.876237791573560E-3
106.000000000000030E+0	-89.171997900114375E-3	-280.058176045684340E-3
107.000000000000030E+0	-60.572845631165148E-3	-227.802192129688250E-3
108.000000000000030E+0	-68.471182344774173E-3	-203.537509046103850E-3
109.000000000000030E+0	-68.684040563334575E-3	-242.907737738604000E-3
110.000000000000030E+0	-12.854614958037271E-3	-167.684238531337320E-3
111.000000000000030E+0	-460.083796775989660E-6	-164.859039340766620E-3
112.000000000000030E+0	28.769541891443724E-3	-132.522460671221000E-3
113.000000000000030E+0	83.436052963325749E-3	-89.453311440222991E-3
114.000000000000030E+0	82.528027150767555E-3	23.190569483322303E-3
115.000000000000030E+0	24.209910009247618E-3	-31.692155519401098E-3
116.000000000000030E+0	63.622223738650535E-3	-28.875155732764848E-3
117.000000000000030E+0	81.498014897224968E-3	-75.125443489016785E-3
118.000000000000030E+0	117.506878012806170E-3	-178.879003254556720E-3
119.000000000000030E+0	106.229631676160840E-3	272.632989615530060E-3
120.000000000000030E+0	48.297896975450505E-3	-86.992935860139078E-3
121.000000000000030E+0	66.936896198591958E-3	-172.015782084716600E-3
122.000000000000030E+0	171.631270147124760E-3	-201.780936546795020E-3
123.000000000000030E+0	81.901663662829235E-3	-186.692373431150890E-3
124.000000000000030E+0	188.146189707500020E-3	-252.619835241715220E-3
125.000000000000030E+0	162.543228443744280E-3	-204.063850587273890E-3
126.000000000000030E+0	177.303984596782730E-3	-281.925044229766390E-3
127.000000000000030E+0	162.080008656919160E-3	-346.178220798774080E-3
128.000000000000030E+0	274.052042645813180E-3	-719.068322860606730E-3
129.000000000000030E+0	270.833915106386820E-3	-356.648268598413810E-3
130.000000000000030E+0	137.686143790388350E-3	-427.374433784047600E-3
131.000000000000030E+0	11.683286766280674E-3	-464.194839939167770E-3
132.000000000000030E+0	-172.535391868951370E-3	-645.615246309727770E-3
133.000000000000030E+0	-37.396352664412331E-3	-580.382110277436910E-3
134.000000000000030E+0	-211.883441421442110E-3	-539.139837119512630E-3
135.000000000000030E+0	-272.450540965248510E-3	-646.989981725506700E-3
136.000000000000030E+0	-294.725654608311570E-3	-580.664257768047200E-3
137.000000000000030E+0	-461.390597333805830E-3	-517.285433856295220E-3
138.000000000000030E+0	-162.483165101082430E-3	-712.230590074551140E-3
139.000000000000030E+0	-303.760263286386780E-3	-501.796084366675330E-3
140.000000000000030E+0	-366.963041324727570E-3	-410.174303344521260E-3
141.000000000000030E+0	-346.634057885682630E-3	-331.484460678356020E-3
142.000000000000030E+0	-422.060903746961420E-3	-158.431973896285410E-3
143.000000000000030E+0	-510.979018994080160E-3	-185.509200175661750E-3
144.000000000000030E+0	-469.782344691495820E-3	-148.330834500163880E-3
145.000000000000030E+0	-449.003894058561780E-3	-140.352727284607130E-3
146.000000000000030E+0	-441.071055853376300E-3	-158.852802431370450E-3
147.000000000000030E+0	-502.032230845497970E-3	-74.557978835392100E-3
148.000000000000030E+0	-497.082540820604490E-3	-228.889550227902800E-3
149.000000000000030E+0	-452.992557020876870E-3	-197.542463308475520E-3
150.000000000000030E+0	-437.591539697168740E-3	-137.347470862512480E-3
151.000000000000030E+0	-500.113874488000040E-3	-59.580067552082276E-3
152.000000000000030E+0	-510.231660918696430E-3	-62.488405162138959E-3
153.000000000000030E+0	-482.785835949292420E-3	-24.607523648772001E-3
154.000000000000030E+0	-472.274084766032220E-3	-11.314210706434442E-3
155.000000000000030E+0	-421.945314626220040E-3	-5.874364524224377E-3
156.000000000000030E+0	-385.544506474368280E-3	22.621056245691967E-3
157.000000000000030E+0	-355.959283534442390E-3	9.747988738244681E-3
158.000000000000030E+0	-320.703227470897580E-3	13.806421496455640E-3
159.000000000000030E+0	-307.219520802874960E-3	35.558454534780438E-3
160.000000000000030E+0	-362.191633458219140E-3	33.597446169677997E-3
161.000000000000030E+0	-351.843297785425500E-3	-1.720001139005870E-3
162.000000000000030E+0	-381.349663223258140E-3	32.870028826830190E-3
163.000000000000030E+0	-438.207540971129790E-3	32.271451522040730E-3
164.000000000000030E+0	-443.057881095224700E-3	-84.109369143585147E-3
165.000000000000030E+0	-437.059550334416790E-3	-70.571081258825954E-3
166.000000000000030E+0	-375.740147154891400E-3	-105.807645876551350E-3
167.000000000000030E+0	-357.212217911290540E-3	2.258012893240995E-3
168.000000000000030E+0	-382.663793713199310E-3	38.636975907705949E-3
169.000000000000030E+0	-340.721089598043700E-3	166.976361658600580E-3
170.000000000000030E+0	-588.074022933029900E-3	221.808690881320910E-3
171.000000000000030E+0	-530.671887811531960E-3	161.778193972645230E-3
172.000000000000030E+0	-515.113149023034620E-3	194.402215165890150E-3
173.000000000000030E+0	-546.655548048792240E-3	201.954067697661440E-3
174.000000000000030E+0	-488.818056468093790E-3	81.091589609152040E-3
175.000000000000030E+0	-331.618024116902440E-3	193.341931062537530E-3
176.000000000000030E+0	-384.380426297576020E-3	202.579685216143390E-3
177.000000000000030E+0	-349.985131971258190E-3	162.917734342733600E-3
178.000000000000030E+0	-349.894135957194150E-3	173.003549599293150E-3
179.000000000000030E+0	-316.574449175131830E-3	205.925173144107240E-3
180.000000000000030E+0	-452.892575384820750E-3	230.074786883291280E-3
181.000000000000030E+0	-447.429573003459700E-3	265.494581872042500E-3
182.000000000000030E+0	-443.161659025699090E-3	284.847189310805100E-3
183.000000000000030E+0	-385.763183596776580E-3	339.008386911732570E-3
184.000000000000030E+0	-358.058382294796140E-3	374.652264947920420E-3
185.000000000000030E+0	-284.124784776463140E-3	386.213976236837120E-3
186.000000000000030E+0	-227.640849045392610E-3	388.267525482665740E-3
187.000000000000030E+0	-141.723163794714720E-3	424.805007742464490E-3
188.000000000000030E+0	-254.055448070676650E-3	641.622376209945440E-3
189.000000000000030E+0	-452.634174220324040E-3	291.489007264710830E-3
190.000000000000030E+0	-277.409428687456770E-3	249.672959748027580E-3
191.000000000000030E+0	-276.462744479802620E-3	271.379227213686510E-3
192.000000000000030E+0	-278.190978695682100E-3	220.436808687215680E-3
193.000000000000030E+0	-182.356475771603550E-3	353.460875245038000E-3
194.000000000000030E+0	-243.787306345541800E-3	435.831320602342920E-3
195.000000000000030E+0	-288.341191688011640E-3	491.451922753546990E-3
196.000000000000030E+0	-319.841174410697540E-3	491.100349782663310E-3
197.000000000000030E+0	-284.656141786705340E-3	407.674951580749730E-3
198.000000000000030E+0	25.432118188005354E-3	548.744695149555480E-3
199.000000000000030E+0	-112.041528740774480E-3	560.803722680884520E-3
200.000000000000030E+0	-21.969880597602843E-3	547.103630038604630E-3
201.000000000000030E+0	-5.044512371477960E-3	706.521688421197560E-3
202.000000000000030E+0	-138.728951734329360E-3	531.145068662100540E-3
203.000000000000030E+0	171.707242982751360E-3	436.247761615029820E-3
204.000000000000030E+0	155.592249127433160E-3	492.727778156347940E-3
205.000000000000030E+0	294.701503658609530E-3	426.535960507069160E-3
206.000000000000030E+0	283.766395027997050E-3	496.208099048355890E-3
207.000000000000030E+0	180.814611942244520E-3	439.996272418699820E-3
208.000000000000030E+0	226.940331764232780E-3	270.700391829470810E-3
209.000000000000030E+0	236.455556931134870E-3	249.591964040668520E-3
210.000000000000030E+0	232.029493892570580E-3	126.621010859461230E-3
211.000000000000030E+0	497.296651712326070E-3	-120.483984317412850E-3
212.000000000000030E+0	379.034630927115150E-3	345.898616915459260E-3
213.000000000000030E+0	146.891776908195240E-3	287.977939214834830E-3
214.000000000000030E+0	67.730612221026248E-3	129.785873990531930E-3
215.000000000000030E+0	28.985221860177553E-3	78.023461703991659E-3
216.000000000000030E+0	-18.573958487543934E-3	16.511498360872438E-6
217.000000000000030E+0	246.858736999772570E-3	9.259366277561657E-3
218.000000000000030E+0	117.294406445585890E-3	218.029416286386360E-3
219.000000000000030E+0	-1.883662684768862E-3	299.229206194439050E-3
220.000000000000030E+0	-130.608032853812950E-3	271.403096815780450E-3
221.000000000000030E+0	-154.730662223643070E-3	166.511217117780300E-3
222.000000000000030E+0	71.556622776487430E-3	128.639478136638760E-3
223.000000000000030E+0	154.157416969888490E-3	198.498608288748680E-3
224.000000000000030E+0	197.153470816575280E-3	187.645329656426800E-3
225.000000000000030E+0	202.000716516932300E-3	212.283586323489310E-3
226.000000000000030E+0	86.670110836895090E-3	212.378170060798760E-3
227.000000000000030E+0	214.610500012852090E-3	58.832044775900705E-3
228.000000000000030E+0	219.818926280129360E-3	94.361067908552143E-3
229.000000000000030E+0	214.694464618103070E-3	105.321757441621880E-3
230.000000000000030E+0	119.882022645225000E-3	77.239647298040462E-3
231.000000000000030E+0	198.826221349612810E-3	-14.052652958871160E-3
232.000000000000030E+0	248.761325240801940E-3	-15.209441813549234E-3
233.000000000000030E+0	256.334723444648580E-3	-10.960080012065476E-3
234.000000000000030E+0	248.752513766801240E-3	-19.945438389077589E-3
235.000000000000030E+0	221.686330829658360E-3	-48.875160895107926E-3
236.000000000000030E+0	175.604823394865880E-3	-88.296370593363066E-3
237.000000000000030E+0	105.128150644649610E-3	-129.680770066588040E-3
238.000000000000030E+0	43.620174022661516E-3	-151.572507799311280E-3
239.000000000000030E+0	-27.819901789438203E-3	-142.941798552448900E-3
240.000000000000030E+0	11.235986806609541E-3	-181.928864607707990E-3
241.000000000000030E+0	-2.256686853429525E-3	-85.861594112062484E-3
242.000000000000030E+0	-21.707328447924189E-3	-36.110971357996513E-3
243.000000000000030E+0	-39.398420785629579E-3	-44.201793367534707E-3
244.000000000000030E+0	16.167097212582790E-3	-34.410440029970589E-3
245.000000000000030E+0	68.796750856552208E-3	59.771235821504128E-3
246.000000000000030E+0	-74.921263310239627E-3	71.995533472640108E-3
247.000000000000030E+0	-113.842429912479840E-3	29.207964860824664E-3
248.000000000000030E+0	-101.263347124166460E-3	-42.959148146350337E-3
249.000000000000030E+0	-95.753057996365770E-3	-68.603954773984108E-3
250.000000000000030E+0	-17.184668631565123E-3	-73.453166184159854E-3
251.000000000000030E+0	-26.045865484127156E-3	-45.932063363986725E-3
252.000000000000030E+0	-5.196727248990988E-3	-73.047636474097399E-3
253.000000000000030E+0	83.515325289426789E-3	20.282935125900077E-3
254.000000000000030E+0	1.870164611342603E-3	145.134113150949100E-3
255.000000000000030E+0	-116.205648169587420E-3	150.324775917234030E-3
256.000000000000060E+0	-171.244266294926030E-3	60.902069165303711E-3
257.000000000000060E+0	-131.478434442815870E-3	67.536804342733694E-3
258.000000000000060E+0	-219.692090250161290E-3	144.655187908814180E-3
259.000000000000060E+0	-141.876879781160010E-3	-81.756523975913944E-3
260.000000000000060E+0	-96.137250342309494E-3	4.607764228172526E-3
261.000000000000060E+0	-61.899225726627830E-3	-6.368634151000538E-3
262.000000000000060E+0	-1.222420380556826E-3	58.277763180874943E-3
263.000000000000060E+0	-4.705209118844422E-3	125.337648281462790E-3
264.000000000000060E+0	-78.529545702529902E-3	183.338277064174710E-3
265.000000000000060E+0	-120.541169073970790E-3	163.639542667682880E-3
266.000000000000060E+0	-145.116013965797260E-3	169.575943170645700E-3
267.000000000000060E+0	-191.342148677494360E-3	158.425586965165230E-3
268.000000000000060E+0	-255.848201937187940E-3	35.380887029107383E-3
269.000000000000060E+0	-93.585349139625462E-3	44.807286538985025E-3
270.000000000000060E+0	-101.223840720253280E-3	73.451155238149671E-3
271.000000000000060E+0	-66.168254424409115E-3	42.246475913875328E-3
272.000000000000060E+0	-66.083553354173374E-3	149.601473497809830E-3
273.000000000000060E+0	-92.347750138705914E-3	168.940328174411430E-3
274.000000000000060E+0	-124.491613329553450E-3	221.746983493562560E-3
275.000000000000060E+0	-163.086360796898870E-3	241.313451994387110E-3
276.000000000000060E+0	-183.056236220905970E-3	281.261040545771780E-3
277.000000000000060E+0	-314.916369871004240E-3	344.126787282638900E-3
278.000000000000060E+0	-192.150481515391210E-3	181.222644449597790E-3
279.000000000000060E+0	-157.879268392534520E-3	267.233276388255340E-3
280.000000000000060E+0	-157.553770851640880E-3	292.722525075632510E-3
281.000000000000060E+0	-133.375002106826960E-3	325.159292121859680E-3
282.000000000000060E+0	-96.538703602562698E-3	338.504907672081630E-3
283.000000000000060E+0	-57.193272246356550E-3	396.521824742479880E-3
284.000000000000060E+0	-66.282046641010992E-3	509.061807401285040E-3
285.000000000000060E+0	-116.001167413281630E-3	467.486241451984420E-3
286.000000000000060E+0	-47.593162817079669E-3	487.907734995474800E-3
287.000000000000060E+0	-78.407506312030265E-3	533.103011531779520E-3
288.000000000000060E+0	19.035373321671486E-3	464.243042524700220E-3
289.000000000000060E+0	100.349363582522140E-3	493.705795211176520E-3
290.000000000000060E+0	151.431337270090090E-3	554.193188562967510E-3
291.000000000000060E+0	139.930866242034130E-3	535.034529477328440E-3
292.000000000000060E+0	236.507468067185030E-3	520.062901516595730E-3
293.000000000000060E+0	303.385381689511570E-3	532.793145824549950E-3
294.000000000000060E+0	371.023252455198790E-3	509.211298471918480E-3
295.000000000000060E+0	413.589089959269960E-3	453.817420358979210E-3
296.000000000000060E+0	478.170439731224030E-3	375.251945681161990E-3
297.000000000000060E+0	500.645287190410460E-3	310.961288400355140E-3
298.000000000000060E+0	464.213684740960700E-3	211.652517983172500E-3
299.000000000000060E+0	462.687316975391950E-3	136.144637573918010E-3
300.000000000000060E+0	409.680595065696210E-3	140.594693650434200E-3
301.000000000000060E+0	409.553255980101340E-3	70.814913283060443E-3
302.000000000000060E+0	407.641533234915860E-3	77.973198363341503E-3
303.000000000000060E+0	414.301698443381270E-3	92.206977725281788E-3
304.000000000000060E+0	355.309331451495960E-3	59.475029412850072E-3
305.000000000000060E+0	321.540433968825700E-3	-1.762657820629921E-3
306.000000000000060E+0	343.116045492384950E-3	-43.025524937249218E-3
307.000000000000060E+0	304.085746117299770E-3	-37.394344185173956E-3
308.000000000000060E+0	256.265345058065360E-3	-43.832113562701114E-3
309.000000000000060E+0	223.611159465508220E-3	-64.989503590692471E-3
310.000000000000060E+0	215.545619622086680E-3	-42.871427812585981E-3
311.000000000000060E+0	178.113642198983150E-3	-1.253288222927777E-3
312.000000000000060E+0	134.068141833729390E-3	17.425078784599105E-3
313.000000000000060E+0	102.031093184936570E-3	33.891990643469296E-3
314.000000000000060E+0	92.419724513593440E-3	27.015598263884416E-3
315.000000000000060E+0	87.851292211477555E-3	34.388153005655564E-3
316.000000000000060E+0	71.645145119822382E-3	16.057300270289114E-3
317.000000000000060E+0	103.885706753755460E-3	1.114636388354321E-3
318.000000000000060E+0	119.401464113375780E-3	1.724907451333504E-3
319.000000000000060E+0	175.900795659437230E-3	19.787941383448741E-3
320.000000000000060E+0	130.555624245545180E-3	41.085885746179961E-3
321.000000000000060E+0	109.810924583925500E-3	40.029448217326888E-3
322.000000000000060E+0	69.831136347456690E-3	30.591937307614836E-3
323.000000000000060E+0	63.564928228754064E-3	30.136387472179581E-3
324.000000000000060E+0	-16.288074273231132E-3	1.378650898179052E-3
325.000000000000060E+0	44.842139692356876E-3	-52.635215912919427E-3
326.000000000000060E+0	45.319093669167768E-3	-33.194279506906017E-3
327.000000000000060E+0	62.755823237059069E-3	-27.960796748541829E-3
328.000000000000060E+0	80.040999101647331E-3	9.912837688162431E-3
329.000000000000060E+0	-23.521385549374572E-3	165.373965381620720E-3
330.000000000000060E+0	-93.960078731384553E-3	128.485217100983930E-3
331.000000000000060E+0	-167.373010045121030E-3	184.004252987311020E-3
332.000000000000060E+0	-362.303240462851840E-3	173.597154315380560E-3
333.000000000000060E+0	-356.346277298882350E-3	33.722472466485860E-3
334.000000000000060E+0	-252.679115411479470E-3	106.393275466948910E-3
335.000000000000060E+0	-157.435897345660600E-3	258.779496381629110E-3
336.000000000000060E+0	-133.738135579925620E-3	439.845406299158030E-3
337.000000000000060E+0	21.018200084259968E-3	464.420559498851640E-3
338.000000000000060E+0	337.508692484676300E-3	980.224353438028050E-3
339.000000000000060E+0	306.069108720977420E-3	975.238227354516260E-3
340.000000000000060E+0	450.789017221636890E-3	969.970960943442480E-3
341.000000000000060E+0	602.989951201826630E-3	840.655242988008980E-3
342.000000000000060E+0	667.829275756070980E-3	610.260130824603180E-3
343.000000000000060E+0	751.412862203765240E-3	378.555223912627190E-3
344.000000000000060E+0	716.264149101807470E-3	188.006504550525140E-3
345.000000000000060E+0	838.885349988442890E-3	-18.763613441512460E-3
346.000000000000060E+0	852.148598258256730E-3	-22.999255951278903E-3
347.000000000000060E+0	856.337039772253620E-3	-57.234005519662672E-3
348.000000000000060E+0	650.807610408865260E-3	27.922196290132859E-3
349.000000000000060E+0	564.504789775143960E-3	-75.232617147884345E-3
350.000000000000060E+0	551.171002323338820E-3	-175.209474133691150E-3
351.000000000000060E+0	520.308191639770710E-3	-69.113586504343849E-3
352.000000000000060E+0	355.282019466183650E-3	-206.858375364147700E-3
353.000000000000060E+0	430.396666866376010E-3	-294.793004198037500E-3
354.000000000000060E+0	412.567301910993500E-3	-219.816237862120400E-3
355.000000000000060E+0	314.404658975554200E-3	-123.761578644300210E-3
356.000000000000060E+0	216.496374855673270E-3	-53.579553163031368E-3
357.000000000000060E+0	230.779032467214850E-3	-49.489642296810195E-3
358.000000000000060E+0	315.119143280733870E-3	-50.810343812213353E-3
359.000000000000060E+0	390.994987856424060E-3	-104.863981191310460E-3
360.000000000000060E+0	465.734745055366770E-3	-156.363039667916650E-3
361.000000000000060E+0	547.594503329304150E-3	-14.680553275664960E-3
362.000000000000060E+0	450.246069309441830E-3	-119.149019912417760E-3
363.000000000000060E+0	434.381101342393050E-3	-192.073740237701100E-3
364.000000000000060E+0	336.222635497894000E-3	-196.765123232495510E-3
365.000000000000060E+0	200.753861953692020E-3	-309.217808598598040E-3
366.000000000000060E+0	160.068605002000100E-3	-451.872695972553860E-3
367.000000000000060E+0	128.412008610330810E-3	-445.652354536715260E-3
368.000000000000060E+0	79.625962984291615E-3	-400.523846545431440E-3
369.000000000000060E+0	74.359822733349040E-3	-413.553852257913580E-3
370.000000000000060E+0	197.033669577349220E-3	-331.679452215743350E-3
371.000000000000060E+0	218.632455602376980E-3	-155.305554524168830E-3
372.000000000000060E+0	201.441887176589170E-3	-90.458223089160003E-3
373.000000000000060E+0	225.155633883050320E-3	-32.024705559860332E-3
374.000000000000060E+0	121.613210813475860E-3	75.329014735336403E-3
375.000000000000060E+0	39.658246266548999E-3	53.183352098850258E-3
376.000000000000060E+0	-21.207061030764616E-3	-108.788422333473020E-3
377.000000000000060E+0	131.841912911002640E-3	-220.551737726756960E-3
378.000000000000060E+0	201.460425746444960E-3	-202.568916170657030E-3
379.000000000000060E+0	242.877906049505270E-3	-287.118592361143840E-3
380.000000000000060E+0	375.334504545671580E-3	-99.375841209720775E-3
381.000000000000060E+0	285.952774900761540E-3	-98.227026193835262E-3
382.000000000000060E+0	218.603567902208030E-3	-44.607775663383406E-3
383.000000000000060E+0	116.262642613555090E-3	-109.277525788179150E-3
384.000000000000060E+0	113.217623375018420E-3	-117.285794283194220E-3
385.000000000000060E+0	136.321536709272860E-3	-190.788649144559370E-3
386.000000000000060E+0	190.307194046499790E-3	-223.455910839192810E-3
387.000000000000060E+0	302.507704662390960E-3	-254.682331220001280E-3
388.000000000000060E+0	316.995246884591190E-3	-233.197246234290330E-3
389.000000000000060E+0	369.404723023579130E-3	-177.128995606535970E-3
390.000000000000060E+0	230.515067856094800E-3	-148.652417529348410E-3
391.000000000000060E+0	177.511061974537560E-3	-184.593557047036700E-3
392.000000000000060E+0	101.820473537312200E-3	-199.368205748719610E-3
393.000000000000060E+0	77.308117327585774E-3	-300.904936053220380E-3
394.000000000000060E+0	52.870990486050193E-3	-294.113206950793850E-3
395.000000000000060E+0	58.275733763224716E-3	-373.498265188675290E-3
396.000000000000060E+0	118.000000584621390E-3	-345.074185853424640E-3
397.000000000000060E+0	121.374130326693290E-3	-328.300294340696070E-3
398.000000000000060E+0	198.710314100467470E-3	-338.325730900913390E-3
399.000000000000060E+0	138.082036608371870E-3	-170.630894830917950E-3
400.000000000000060E+0	70.134911702620276E-3	-189.220537246343630E-3
401.000000000000060E+0	53.960493607832678E-3	-196.158028424157080E-3
402.000000000000060E+0	32.507790116262383E-3	-183.749682583475040E-3
403.000000000000060E+0	-87.203499469313966E-3	-186.644599500064620E-3
404.000000000000060E+0	-76.592304176201789E-3	-249.361165298211840E-3
405.000000000000060E+0	-141.269449438686970E-3	-247.800069559337340E-3
406.000000000000060E+0	-136.894299117941880E-3	-297.609135609127380E-3
407.000000000000060E+0	-158.473742240007430E-3	-309.757672198491870E-3
408.000000000000060E+0	13.669074217003493E-3	-312.760917821815980E-3
409.000000000000060E+0	-60.120984472169854E-3	-134.085881723271410E-3
410.000000000000060E+0	-96.401942727664933E-3	-95.415333820368223E-3
411.000000000000060E+0	-57.406188711162529E-3	-49.029689835227541E-3
412.000000000000060E+0	-169.172551864508020E-3	24.320677203666010E-3
413.000000000000060E+0	-185.981239715670790E-3	-51.252652968397622E-3
414.000000000000060E+0	-147.242103203922450E-3	-65.945631905511892E-3
415.000000000000060E+0	-141.619354393267250E-3	-34.401605556576849E-3
416.000000000000060E+0	-205.284641345588940E-3	-49.303518577637991E-3
417.000000000000060E+0	-98.671443892888122E-3	-131.713546136609040E-3
418.000000000000060E+0	-60.119107051111079E-3	-6.667570711028130E-3
419.000000000000060E+0	-130.941978720486680E-3	49.866117216868101E-3
420.000000000000060E+0	-145.969630975596370E-3	27.926942746603713E-3
421.000000000000060E+0	-76.986165125730574E-3	122.993591152400310E-3
422.000000000000060E+0	-217.949868241804680E-3	111.564050686990490E-3
423.000000000000060E+0	-197.613672393043670E-3	85.191207547493264E-3
424.000000000000060E+0	-169.601941097019870E-3	117.861669946564400E-3
425.000000000000060E+0	-165.591954724243710E-3	114.069634983988320E-3
426.000000000000060E+0	-47.145449700930521E-3	165.649381607626540E-3
427.000000000000060E+0	-196.505239301044990E-3	365.198190289508620E-3
428.000000000000060E+0	-157.797311538658890E-3	310.469172483202490E-3
429.000000000000060E+0	-70.713250865256941E-3	374.782147287023030E-3
430.000000000000060E+0	-51.835580995899307E-3	490.574017362565170E-3
431.000000000000060E+0	-67.649732949265434E-3	572.708474733893300E-3
432.000000000000060E+0	32.265958403410483E-3	577.974925328380020E-3
433.000000000000060E+0	176.461579528449010E-3	614.404400167497750E-3
434.000000000000060E+0	346.315332965219100E-3	644.688267102871970E-3
435.000000000000060E+0	512.078738630937890E-3	569.196986683548120E-3
436.000000000000060E+0	721.266260766831650E-3	630.014828070638020E-3
437.000000000000060E+0	731.821427700071410E-3	620.240160855944470E-3
438.000000000000060E+0	760.885134726843830E-3	463.106123325005000E-3
439.000000000000060E+0	842.995826780171490E-3	354.915236147964110E-3
440.000000000000060E+0	685.852102725772570E-3	198.450350435595670E-3
441.000000000000060E+0	876.752200556671020E-3	112.035266381214280E-3
442.000000000000060E+0	894.191370189590720E-3	71.374601124566742E-3
443.000000000000060E+0	949.948918734816570E-3	13.910576489841136E-3
444.000000000000060E+0	969.355735667031810E-3	17.490825933654728E-3
445.000000000000060E+0	974.958427137279540E-3	-13.705307794010937E-3
446.000000000000060E+0	898.485957370339870E-3	-103.078816261693860E-3
447.000000000000060E+0	886.307575149178790E-3	-236.847169348898520E-3
448.000000000000060E+0	898.763947648503310E-3	-301.054696691604170E-3
449.000000000000060E+0	808.577985908461420E-3	-364.481989840545580E-3
450.000000000000060E+0	878.522024313252660E-3	-493.857203380093090E-3
451.000000000000060E+0	806.024162411664190E-3	-465.296598423919410E-3
452.000000000000060E+0	746.256376361271290E-3	-559.282367429280720E-3
453.000000000000060E+0	790.288534209433240E-3	-597.289267947353600E-3
454.000000000000060E+0	724.013954798508500E-3	-615.281144800379540E-3
455.000000000000060E+0	658.186885801295470E-3	-633.644759922452060E-3
456.000000000000060E+0	606.593599464882450E-3	-694.605829078046130E-3
457.000000000000060E+0	582.655953138395470E-3	-719.924937787105200E-3
458.000000000000060E+0	487.744389982876560E-3	-718.320732876638220E-3
459.000000000000060E+0	517.354804032628790E-3	-874.565393761937760E-3
460.000000000000060E+0	461.796793946037900E-3	-804.135967198594370E-3
461.000000000000060E+0	443.186740612218410E-3	-803.866265365052010E-3
462.000000000000060E+0	373.815701942031840E-3	-766.213723381363070E-3
463.000000000000060E+0	306.806664811303640E-3	-855.403058171206320E-3
464.000000000000060E+0	376.335104102355540E-3	-855.146107071877660E-3
465.000000000000060E+0	335.117860734415180E-3	-868.227195619923560E-3
466.000000000000060E+0	346.566333249120780E-3	-947.047758270296750E-3
467.000000000000060E+0	343.852249737691240E-3	-955.485274928485230E-3
468.000000000000060E+0	277.502652714759600E-3	-1.086801576617642E+0
469.000000000000060E+0	349.428434655167870E-3	-1.175891343457480E+0
470.000000000000060E+0	235.082812646860320E-3	-1.306901529206701E+0
471.000000000000060E+0	123.017788077863220E-3	-1.441857953541094E+0
472.000000000000060E+0	-193.642633652600790E-3	-1.581711276830581E+0
473.000000000000060E+0	-451.993374902283470E-3	-1.609842514589432E+0
474.000000000000060E+0	-827.930071299685320E-3	-1.473914805673562E+0
475.000000000000060E+0	-1.149573778854094E+0	-1.295615515213032E+0
476.000000000000060E+0	-1.260238217214027E+0	-1.068595768929088E+0
477.000000000000060E+0	-1.172884714345022E+0	-802.803852844351630E-3
478.000000000000060E+0	-1.056091847401093E+0	-584.901124744275910E-3
479.000000000000060E+0	-947.679021723011220E-3	-420.151334114856000E-3
480.000000000000060E+0	-890.543117621913070E-3	-306.956881260855960E-3
481.000000000000060E+0	-883.964398035734570E-3	-192.800721018724090E-3
482.000000000000060E+0	-948.288811475070600E-3	-325.974310857161440E-3
483.000000000000060E+0	-768.529539679255410E-3	-247.026663570359910E-3
484.000000000000060E+0	-748.302238416222010E-3	-170.631854676862040E-3
485.000000000000060E+0	-687.197891828044690E-3	-154.030010474663160E-3
486.000000000000060E+0	-656.269154525981450E-3	-54.898601729306169E-3
487.000000000000060E+0	-736.485507945601750E-3	-96.056752001057136E-3
488.000000000000060E+0	-595.793692883123450E-3	-121.970071890888860E-3
489.000000000000060E+0	-561.795193942816070E-3	-71.633012703671090E-3
490.000000000000060E+0	-617.841104808043990E-3	-31.071857803207252E-3
491.000000000000060E+0	-629.650528997417360E-3	-162.293324831252360E-3
492.000000000000060E+0	-541.087297033803760E-3	-86.157194278131857E-3
493.000000000000060E+0	-560.483000177709360E-3	-36.083970607629669E-3
494.000000000000060E+0	-540.786877357225970E-3	4.114184251664348E-3
495.000000000000060E+0	-531.342810463123260E-3	68.704234936745309E-3
496.000000000000060E+0	-586.431283946937780E-3	117.926469007133760E-3
497.000000000000060E+0	-587.232649077487290E-3	68.411867934588644E-3
498.000000000000060E+0	-547.770251305318640E-3	82.353338919327002E-3
499.000000000000060E+0	-525.033251927899290E-3	103.288003626692600E-3
500.000000000000060E+0	-484.164444374995840E-3	93.705168100158179E-3
501.000000000000060E+0	-464.763580531293130E-3	178.064548559004300E-3
502.000000000000060E+0	-458.295829210101760E-3	188.785778688443100E-3
503.000000000000060E+0	-467.198088457891740E-3	170.905113416578100E-3
504.000000000000060E+0	-350.530256108629590E-3	203.879468935835970E-3
505.000000000000060E+0	-389.532532055380850E-3	335.284306305372930E-3
506.000000000000060E+0	-535.840344786632340E-3	233.234139149383120E-3
507.000000000000060E+0	-401.599985263013770E-3	235.988071499788820E-3
508.000000000000060E+0	-375.500269956941360E-3	275.679138876484100E-3
509.000000000000060E+0	-298.804440593802180E-3	287.867676186978170E-3
510.000000000000060E+0	-317.707532966711890E-3	390.601691454248500E-3
511.000000000000060E+0	-281.751505645125410E-3	293.588554739642180E-3
512.000000000000110E+0	-192.447408680815560E-3	280.654460198375310E-3
513.000000000000110E+0	-107.174130307021790E-3	341.682952284025620E-3
514.000000000000110E+0	-197.415066795942780E-3	306.601075786386900E-3
515.000000000000110E+0	-64.300789098952968E-3	179.911268198478860E-3
516.000000000000110E+0	40.934747930741838E-3	202.450047012596030E-3
517.000000000000110E+0	32.026683389288060E-3	215.898364788598140E-3
518.000000000000110E+0	58.596575342346441E-3	183.639418193287880E-3
519.000000000000110E+0	-136.337954610673910E-3	280.567394693404140E-3
520.000000000000110E+0	-112.349334971128640E-3	-11.729380900818780E-3
521.000000000000110E+0	-78.344577274677238E-3	-56.909733493779389E-3
522.000000000000110E+0	-98.741719379268733E-3	-31.685420283315793E-3
523.000000000000110E+0	-286.865632405069460E-3	-69.431249836034978E-3
524.000000000000110E+0	-218.498568734050240E-3	-212.149732194884200E-3
525.000000000000110E+0	-155.236082287405740E-3	-33.293805765117201E-3
526.000000000000110E+0	-230.561776720699190E-3	64.076768845484827E-3
527.000000000000110E+0	-260.497205339699940E-3	46.644525158946959E-3
528.000000000000110E+0	-177.218785916314620E-3	72.416013169342694E-3
529.000000000000110E+0	-264.960665260728150E-3	151.289466099601140E-3
530.000000000000110E+0	-224.512260859051850E-3	109.159420413481370E-3
531.000000000000110E+0	-214.367157835795880E-3	146.012822746871500E-3
532.000000000000110E+0	-284.850738489514370E-3	169.842476977263040E-3
533.000000000000110E+0	-196.973462174277800E-3	94.419656380678729E-3
534.000000000000110E+0	-142.581572724440080E-3	210.023822406934710E-3
535.000000000000110E+0	-186.967692549304070E-3	229.765297454957500E-3
536.000000000000110E+0	-156.210189053928580E-3	222.682773759923570E-3
537.000000000000110E+0	-119.187466021823880E-3	289.670491528232990E-3
538.000000000000110E+0	-239.272675277032720E-3	297.704110001464850E-3
539.000000000000110E+0	-105.775914211944070E-3	228.745930166928350E-3
540.000000000000110E+0	-45.522830962334504E-3	284.214462388227450E-3
541.000000000000110E+0	-54.053828260759385E-3	331.712536322461340E-3
542.000000000000110E+0	-139.610201234318420E-3	307.312160420247560E-3
543.000000000000110E+0	-14.488204855860583E-3	199.735378588470650E-3
544.000000000000110E+0	57.305086518582578E-3	214.434109504135800E-3
545.000000000000110E+0	68.924907479724573E-3	276.609465240550190E-3
546.000000000000110E+0	38.061312508180400E-3	252.721248973253100E-3
547.000000000000110E+0	47.177775400501443E-3	234.620797564751150E-3
548.000000000000110E+0	31.369640705392422E-3	217.135991359974690E-3
549.000000000000110E+0	55.106398466287350E-3	200.479679280168490E-3
550.000000000000110E+0	59.110896267752761E-3	221.346716107158280E-3
551.000000000000110E+0	-4.882919119821335E-3	201.934084425897690E-3
552.000000000000110E+0	80.002023682989531E-3	145.866465795197210E-3
553.000000000000110E+0	83.299977422500809E-3	215.452901271547840E-3
554.000000000000110E+0	70.415448868845570E-3	190.614029709194220E-3
555.000000000000110E+0	108.793037159802290E-3	181.063087512870810E-3
556.000000000000110E+0	137.758465112254560E-3	171.381052876894290E-3
557.000000000000110E+0	173.265237543218570E-3	175.905229402784610E-3
558.000000000000110E+0	202.133990650572910E-3	175.620321236170830E-3
559.000000000000110E+0	202.996444669015760E-3	177.050698801989930E-3
560.000000000000110E+0	162.182432876315810E-3	197.762360770667500E-3
561.000000000000110E+0	48.785089297777147E-3	-74.155691649500879E-3
562.000000000000110E+0	210.602891339422890E-3	-19.657608335886090E-3
563.000000000000110E+0	211.890215240612880E-3	-29.318836995009395E-3
564.000000000000110E+0	232.765290981959500E-3	-3.360802281494291E-3
565.000000000000110E+0	184.067861675922870E-3	20.150891063546346E-3
566.000000000000110E+0	96.217306411087833E-3	69.362166844020467E-3
567.000000000000110E+0	61.279997549139584E-3	-35.027426823637603E-3
568.000000000000110E+0	47.890443887288740E-3	-54.993238134756491E-3
569.000000000000110E+0	60.782084231408420E-3	-88.521463384334212E-3
570.000000000000110E+0	73.796167093873627E-3	-132.994898601189400E-3
571.000000000000110E+0	145.806190012662620E-3	-30.078901893597340E-3
572.000000000000110E+0	87.448265985268142E-3	-6.805354089986790E-3
573.000000000000110E+0	77.616787883973526E-3	-7.530581816402831E-3
574.000000000000110E+0	65.875861273286512E-3	82.852732995634920E-3
575.000000000000110E+0	-19.797483142807361E-3	58.761840833456938E-3
576.000000000000110E+0	-53.750767174732143E-3	48.812489375486635E-3
577.000000000000110E+0	-61.909208207460986E-3	29.107682411081651E-3
578.000000000000110E+0	-61.941996827473041E-3	25.869731402975653E-3
579.000000000000110E+0	-35.976362905601710E-3	5.668000538530281E-3
580.000000000000110E+0	37.882798788045256E-3	115.318589393476670E-3
581.000000000000110E+0	-9.591659005238682E-3	171.961087385098940E-3
582.000000000000110E+0	-21.819740612270783E-3	237.776433757075660E-3
583.000000000000110E+0	-88.118055565414355E-3	292.379547606575140E-3
584.000000000000110E+0	-117.667539728711230E-3	302.283332339717440E-3
585.000000000000110E+0	-55.163291776462453E-3	254.508452057281060E-3
586.000000000000110E+0	42.860338025722887E-3	290.788195417618470E-3
587.000000000000110E+0	180.098029114176880E-3	349.697892471704630E-3
588.000000000000110E+0	263.948705344582980E-3	421.143523402782600E-3
589.000000000000110E+0	431.123457730602950E-3	471.512954270183970E-3
590.000000000000110E+0	385.568823165058190E-3	475.825660141108330E-3
591.000000000000110E+0	466.253627429630060E-3	390.808783935949260E-3
592.000000000000110E+0	573.952333669779820E-3	278.012856339487250E-3
593.000000000000110E+0	625.690817276996050E-3	251.037232540735180E-3
594.000000000000110E+0	610.751719353078590E-3	99.639107929714921E-3
595.000000000000110E+0	663.706722793323430E-3	-13.099068445336808E-3
596.000000000000110E+0	653.528856204793730E-3	-86.894580234663607E-3
597.000000000000110E+0	661.177013323340670E-3	-191.755199438103730E-3
598.000000000000110E+0	767.385340860339830E-3	-218.696293392939560E-3
599.000000000000110E+0	646.401669867792900E-3	-140.487056191081950E-3
600.000000000000110E+0	552.666131140237990E-3	-231.527352631255010E-3
601.000000000000110E+0	499.175817606111290E-3	-300.484354678300870E-3
602.000000000000110E+0	382.450614430249520E-3	-386.863422944815790E-3
603.000000000000110E+0	442.545491844518860E-3	-487.946610264732520E-3
604.000000000000110E+0	384.808987768297580E-3	-427.828643340138980E-3
605.000000000000110E+0	307.207530538466390E-3	-402.956243333929100E-3
606.000000000000110E+0	227.714833328553470E-3	-317.028517541018910E-3
607.000000000000110E+0	100.125245085473320E-3	-263.016453477228410E-3
608.000000000000110E+0	-80.664599677569990E-3	-490.716477933045070E-3
609.000000000000110E+0	174.615982821867720E-3	-352.847352553720290E-3
610.000000000000110E+0	153.360252189491290E-3	-298.916808665475320E-3
611.000000000000110E+0	179.258818239232290E-3	-291.463725218903960E-3
612.000000000000110E+0	199.138454699549770E-3	-284.353846843461880E-3
613.000000000000110E+0	256.093993478114620E-3	-284.140419089209170E-3
614.000000000000110E+0	291.342188270949430E-3	-234.201792705871020E-3
615.000000000000110E+0	278.663308318856160E-3	-169.692207794656070E-3
616.000000000000110E+0	187.993421014181230E-3	-152.808830254691580E-3
617.000000000000110E+0	81.647347317535285E-3	-220.556148357576700E-3
618.000000000000110E+0	134.564867250905190E-3	-348.865238967346060E-3
619.000000000000110E+0	215.912614613238770E-3	-341.336343321582690E-3
620.000000000000110E+0	230.334477841142610E-3	-300.629806163793760E-3
621.000000000000110E+0	161.069638971979840E-3	-303.088009398964020E-3
622.000000000000110E+0	259.196098192272130E-3	-342.754161933048580E-3
623.000000000000110E+0	272.576848556703280E-3	-329.713862310635100E-3
624.000000000000110E+0	324.401857506879000E-3	-316.746153608198910E-3
625.000000000000110E+0	307.896865327549620E-3	-229.010553947425310E-3
626.000000000000110E+0	172.960257920142080E-3	-212.953739663480860E-3
627.000000000000110E+0	230.556891617288260E-3	-495.531766297598650E-3
628.000000000000110E+0	326.254705022266280E-3	-415.569850267177130E-3
629.000000000000110E+0	350.666383351638520E-3	-399.890579032564360E-3
630.000000000000110E+0	343.150041487991330E-3	-324.038471193126560E-3
631.000000000000110E+0	160.806590523726090E-3	-464.072101278729890E-3
632.000000000000110E+0	328.138173391494650E-3	-550.299486676280150E-3
633.000000000000110E+0	347.685379535118240E-3	-541.902192489421730E-3
634.000000000000110E+0	356.002242757536720E-3	-538.619468777001400E-3
635.000000000000110E+0	295.469068619826910E-3	-561.906549040826820E-3
636.000000000000110E+0	212.932189811776860E-3	-625.563060783956400E-3
637.000000000000110E+0	271.929992083747800E-3	-745.285175275582130E-3
638.000000000000110E+0	299.321164268862900E-3	-800.841825752315220E-3
639.000000000000110E+0	335.179669478832600E-3	-860.649071864124870E-3
640.000000000000110E+0	416.470131078229110E-3	-773.627129435374700E-3
641.000000000000110E+0	185.098454195121030E-3	-931.567190294775860E-3
642.000000000000110E+0	130.085606158689250E-3	-1.090574838776479E+0
643.000000000000110E+0	116.481735160606310E-3	-1.246974140265263E+0
644.000000000000110E+0	80.260926926694731E-3	-1.306918468987210E+0
645.000000000000110E+0	-140.312359305940940E-3	-1.238685478122206E+0
646.000000000000110E+0	-474.750717062053910E-3	-1.444670972185244E+0
647.000000000000110E+0	-604.687194462983580E-3	-1.597852915224329E+0
648.000000000000110E+0	-749.165448894107970E-3	-1.524119077863777E+0
649.000000000000110E+0	-837.529408512852510E-3	-1.421430658517394E+0
650.000000000000110E+0	-1.261133167768073E+0	-914.744299664932980E-3
651.000000000000110E+0	-1.334659095345510E+0	-917.286751809917140E-3
652.000000000000110E+0	-1.395869282740767E+0	-717.153278235032280E-3
653.000000000000110E+0	-1.419511799292812E+0	-562.838577621498910E-3
654.000000000000110E+0	-1.312249194843321E+0	-391.372795461869650E-3
655.000000000000110E+0	-1.260528207604610E+0	-252.859036636176810E-3
656.000000000000110E+0	-1.186999322691851E+0	-142.260505676804320E-3
657.000000000000110E+0	-1.087543684055888E+0	-68.349911175543107E-3
658.000000000000110E+0	-1.044561834179933E+0	15.492805739293566E-3
659.000000000000110E+0	-882.521547866809250E-3	42.633197443198344E-3
660.000000000000110E+0	-910.749310725124220E-3	138.791935154851410E-3
661.000000000000110E+0	-892.125592382192130E-3	187.036151005341710E-3
662.000000000000110E+0	-902.599679634281230E-3	267.220918272644050E-3
663.000000000000110E+0	-1.034941518634436E+0	167.534245054367950E-3
664.000000000000110E+0	-846.018905699756570E-3	130.010457623837530E-3
665.000000000000110E+0	-786.129742330010980E-3	193.321795178033360E-3
666.000000000000110E+0	-735.458622699560750E-3	278.723483629211620E-3
667.000000000000110E+0	-743.870091611201320E-3	307.924637043910320E-3
668.000000000000110E+0	-659.194605391022370E-3	322.383191315101290E-3
669.000000000000110E+0	-742.172001518609620E-3	444.435835907088630E-3
670.000000000000110E+0	-692.760894426924120E-3	454.252280778647040E-3
671.000000000000110E+0	-662.576203714586480E-3	517.462925370045230E-3
672.000000000000110E+0	-710.914246162008710E-3	546.085223827434630E-3
673.000000000000110E+0	-512.585049743555450E-3	493.433123093849400E-3
674.000000000000110E+0	-392.225080650934310E-3	617.882686222450570E-3
675.000000000000110E+0	-293.184855826167380E-3	674.583368366108770E-3
676.000000000000110E+0	-143.914570284841060E-3	735.994511095222960E-3
677.000000000000110E+0	-60.153466692387442E-3	810.135384115451160E-3
678.000000000000110E+0	-100.147829614867760E-3	787.979560021004000E-3
679.000000000000110E+0	-14.193867061037700E-3	546.501592578577780E-3
680.000000000000110E+0	51.022162156352892E-3	402.768168610357970E-3
681.000000000000110E+0	40.669916422407644E-3	252.730527567024080E-3
682.000000000000110E+0	103.722615360325980E-3	103.483949794174470E-3
683.000000000000110E+0	69.799550045467520E-3	100.409814064200550E-3
684.000000000000110E+0	53.651029305684189E-3	70.978400990736018E-3
685.000000000000110E+0	74.986054837216903E-3	115.831644988636560E-3
686.000000000000110E+0	20.331298682996640E-3	167.471201748821070E-3
687.000000000000110E+0	-117.337197010905230E-3	300.021117351851660E-3
688.000000000000110E+0	-105.632382330873350E-3	109.943397031058250E-3
689.000000000000110E+0	-74.526706230768389E-3	112.975306538539090E-3
690.000000000000110E+0	-62.215808304620632E-3	124.818288697201480E-3
691.000000000000110E+0	-47.959283235443961E-3	137.232851935719100E-3
692.000000000000110E+0	-86.077566031118477E-3	154.455131210587320E-3
693.000000000000110E+0	-97.175159667433938E-3	154.744402830496170E-3
694.000000000000110E+0	-134.219395747323920E-3	153.270381279141610E-3
695.000000000000110E+0	-133.101461581729500E-3	98.367870022999584E-3
696.000000000000110E+0	-105.243988239149450E-3	96.987476891089386E-3
697.000000000000110E+0	-72.013063537145192E-3	68.777181980121838E-3
698.000000000000110E+0	-25.079498010372948E-3	101.832036305460910E-3
699.000000000000110E+0	-13.030485693937827E-3	112.810727598389230E-3
700.000000000000110E+0	41.543451643569346E-3	109.774570714446980E-3
701.000000000000110E+0	-8.601436979062660E-3	182.371404123665930E-3
702.000000000000110E+0	3.207836405084745E-3	158.802205488016910E-3
703.000000000000110E+0	-6.258427449778931E-3	157.657539806742300E-3
704.000000000000110E+0	-22.494045852867291E-3	128.237288429908810E-3
705.000000000000110E+0	-21.766306636363166E-3	99.615953050303990E-3
706.000000000000110E+0	6.053245140957327E-3	60.847705580103779E-3
707.000000000000110E+0	19.043298008718009E-3	67.956274658930296E-3
708.000000000000110E+0	26.539284736950691E-3	67.594248052916930E-3
709.000000000000110E+0	14.801678644831479E-3	61.342780200114452E-3
710.000000000000110E+0	28.840701267039727E-3	63.724067747409546E-3
711.000000000000110E+0	-1.087761900802163E-3	28.279367552381852E-3
712.000000000000110E+0	4.689064936494574E-3	11.664935717343113E-3
713.000000000000110E+0	5.752503279931450E-3	-12.938575855349388E-3
714.000000000000110E+0	28.520801489590769E-3	-17.596291393858265E-3
715.000000000000110E+0	22.675260130400967E-3	-23.576288813337645E-3
716.000000000000110E+0	27.325199975697951E-3	-28.422401137859630E-3
717.000000000000110E+0	16.012807311210544E-3	-31.221952917290647E-3
718.000000000000110E+0	12.031703851098856E-3	-39.108724574717160E-3
719.000000000000110E+0	-14.177632838296742E-3	-23.292338936823916E-3
720.000000000000110E+0	-7.420421959393207E-3	-84.557971488754241E-3
721.000000000000110E+0	-6.785639484798633E-3	-70.172516818691216E-3
722.000000000000110E+0	-12.915076867297200E-3	-65.299483291436783E-3
723.000000000000110E+0	-3.285966448479341E-3	-54.316650203973284E-3
724.000000000000110E+0	-77.170753849266291E-3	-22.661157053732804E-3
725.000000000000110E+0	-86.438431590847728E-3	-83.015726057740449E-3
726.000000000000110E+0	-97.455805192469241E-3	-94.956380071537741E-3
727.000000000000110E+0	-111.601842876901700E-3	-116.568786094338780E-3
728.000000000000110E+0	-156.179727153039650E-3	-119.717541012515220E-3
729.000000000000110E+0	-144.627860146519210E-3	-283.744537858201080E-3
730.000000000000110E+0	-111.675526196450130E-3	-150.310663902564560E-3
731.000000000000110E+0	-157.990965981119970E-3	-123.735896617378270E-3
732.000000000000110E+0	-187.367552155398300E-3	-145.724394460148570E-3
733.000000000000110E+0	-111.267126109728900E-3	-81.813355956503131E-3
734.000000000000110E+0	-145.570742533330910E-3	15.823829722983969E-3
735.000000000000110E+0	-173.887529417185240E-3	24.423149210978663E-3
736.000000000000110E+0	-187.389723979408920E-3	56.539686433762747E-3
737.000000000000110E+0	-214.354451498053520E-3	47.152496472695364E-3
738.000000000000110E+0	-250.062913752892690E-3	26.175741732094131E-3
739.000000000000110E+0	-161.715369434334820E-3	-27.486765775953444E-3
740.000000000000110E+0	-137.341493092960650E-3	2.992065194307725E-3
741.000000000000110E+0	-138.364435043587450E-3	20.456706577432159E-3
742.000000000000110E+0	-126.293429664044140E-3	-44.570585023641078E-3
743.000000000000110E+0	-101.388054162328280E-3	68.688549318419390E-3
744.000000000000110E+0	-115.557657424102360E-3	47.167035917789202E-3
745.000000000000110E+0	-98.557257694289427E-3	55.450585156962558E-3
746.000000000000110E+0	-115.229911192506970E-3	59.179487003092439E-3
747.000000000000110E+0	-111.887756556746150E-3	63.358013413012962E-3
748.000000000000110E+0	-141.683420324794700E-3	4.980110601171863E-3
749.000000000000110E+0	-100.225898044256080E-3	8.051347840149216E-3
750.000000000000110E+0	-85.618463033114364E-3	15.490008499076700E-3
751.000000000000110E+0	-77.179571898213506E-3	9.786758905186696E-3
752.000000000000110E+0	-43.600993585403786E-3	60.893016366432934E-3
753.000000000000110E+0	-99.317128704492455E-3	42.806690914364690E-3
754.000000000000110E+0	-90.788578643796386E-3	22.267110600507452E-3
755.000000000000110E+0	-92.335892669119082E-3	26.117146307170745E-3
756.000000000000110E+0	-107.197218825283750E-3	-3.072688318321610E-3
757.000000000000110E+0	-100.438993070484930E-3	-49.207098107046716E-3
758.000000000000110E+0	-30.561868211939666E-3	-39.758859891537317E-3
759.000000000000110E+0	-27.304619216789429E-3	-35.722550158017868E-3
760.000000000000110E+0	7.529295146738859E-3	-45.029400835935318E-3
761.000000000000110E+0	86.418530649263067E-3	80.357491486611768E-3
762.000000000000110E+0	-58.065967195502791E-3	56.523588008855125E-3
763.000000000000110E+0	-64.871637550355424E-3	41.680311296171148E-3
764.000000000000110E+0	-117.631009945077710E-3	53.652438948415121E-3
765.000000000000110E+0	-188.277847501268970E-3	12.479663231070656E-3
766.000000000000110E+0	-349.340111591898370E-3	-223.529499499843710E-3
767.000000000000110E+0	-5.907361260339098E-3	-194.575392307190840E-3
768.000000000000110E+0	-39.323393350438628E-3	-165.723004063024230E-3
769.000000000000110E+0	-23.195384919187632E-3	-177.211315071422020E-3
770.000000000000110E+0	60.338656171627994E-3	-243.656229162092670E-3
771.000000000000110E+0	-42.499300973460906E-3	163.420276188695120E-3
772.000000000000110E+0	-118.404884818566670E-3	37.650841673489935E-3
773.000000000000110E+0	-147.777115502991050E-3	51.768610118464127E-3
774.000000000000110E+0	-238.667690961560850E-3	43.524308383274007E-3
775.000000000000110E+0	-257.946446303551120E-3	5.330622759457536E-3
776.000000000000110E+0	-217.086775722680310E-3	-112.085965113895670E-3
777.000000000000110E+0	-132.690840276466740E-3	-45.439305953088802E-3
778.000000000000110E+0	-130.025520366974900E-3	-34.727219203862805E-3
779.000000000000110E+0	-83.182492742398625E-3	-41.453172132072183E-3
780.000000000000110E+0	-107.116378206098370E-3	53.723382568361087E-3
781.000000000000110E+0	-118.153590325187640E-3	-7.698731226523651E-3
782.000000000000110E+0	-105.788217617053120E-3	-23.288887744938778E-3
783.000000000000110E+0	-79.886401698226514E-3	-39.371908916865074E-3
784.000000000000110E+0	-91.114160078841044E-3	-25.381008488374868E-3
785.000000000000110E+0	-62.452222369370529E-3	-74.112913667613953E-3
786.000000000000110E+0	-30.695769053374632E-3	-56.763518970220000E-3
787.000000000000110E+0	-40.772134322578264E-3	-39.121886349615109E-3
788.000000000000110E+0	-59.798653293212739E-3	-43.554405144525049E-3
789.000000000000110E+0	-112.572988304653190E-3	-5.729663948181530E-3
790.000000000000110E+0	-54.495855769067153E-3	-178.595319378929810E-3
791.000000000000110E+0	-68.531931383606984E-3	-149.282676200625050E-3
792.000000000000110E+0	-90.708193452187058E-3	-148.218861783071920E-3
793.000000000000110E+0	-131.619266358014050E-3	-187.301414263647690E-3
794.000000000000110E+0	-91.586614510441436E-3	-251.526687061277620E-3
795.000000000000110E+0	-53.651023351858666E-3	-188.874204687472460E-3
796.000000000000110E+0	-109.141102723931210E-3	-176.984814090852870E-3
797.000000000000110E+0	-145.466060748533600E-3	-229.312941414423320E-3
798.000000000000110E+0	-135.416915734398870E-3	-237.632789584396240E-3
799.000000000000110E+0	-258.816280342546830E-3	-296.288768333323020E-3
800.000000000000110E+0	-252.539246989159920E-3	-373.692629719652220E-3
801.000000000000110E+0	-300.534457648010400E-3	-402.695101908423890E-3
802.000000000000110E+0	-375.961856929037160E-3	-481.817380835617810E-3
803.000000000000110E+0	-306.406698192978440E-3	-347.939961722978700E-3
804.000000000000110E+0	-494.027539677833530E-3	-296.486339769274130E-3
805.000000000000110E+0	-652.166724298495650E-3	-254.929924907940590E-3
806.000000000000110E+0	-730.451646837518620E-3	-264.871224473076370E-3
807.000000000000110E+0	-759.967653583932700E-3	-187.499105678718770E-3
808.000000000000110E+0	-903.340517583443250E-3	-304.539145699334600E-3
809.000000000000110E+0	-687.210232747078490E-3	-104.040982059317390E-3
810.000000000000110E+0	-708.298561159350750E-3	-43.366059024924242E-3
811.000000000000110E+0	-681.041439338561980E-3	16.868942325091136E-3
812.000000000000110E+0	-633.626486850560330E-3	142.807518394903880E-3
813.000000000000110E+0	-767.634311082151630E-3	317.958500436624160E-3
814.000000000000110E+0	-777.800912338586060E-3	320.076527546169940E-3
815.000000000000110E+0	-770.037509330018690E-3	377.577615689727200E-3
816.000000000000110E+0	-712.038836974048020E-3	356.749578877990470E-3
817.000000000000110E+0	-659.993228047674020E-3	460.275690951778230E-3
818.000000000000110E+0	-543.939641114657530E-3	309.174730793674970E-3
819.000000000000110E+0	-413.550244046509090E-3	421.700530322951020E-3
820.000000000000110E+0	-340.757358505912210E-3	449.374420827210240E-3
821.000000000000110E+0	-255.073968455851170E-3	491.723587909643320E-3
822.000000000000110E+0	-352.471518959142640E-3	501.542522499647700E-3
823.000000000000110E+0	-294.774947505589250E-3	437.486546232303040E-3
824.000000000000110E+0	-267.412777941890170E-3	421.955992668891220E-3
825.000000000000110E+0	-256.713548086384690E-3	416.283946553421050E-3
826.000000000000110E+0	-304.343051137171860E-3	384.009696601123550E-3
827.000000000000110E+0	-200.899912084976570E-3	308.311665367232980E-3
828.000000000000110E+0	-183.277107781448480E-3	339.420091588218340E-3
829.000000000000110E+0	-166.549394504759500E-3	324.571512636152030E-3
830.000000000000110E+0	-150.093685490077230E-3	305.464369481402880E-3
831.000000000000110E+0	-50.277705640939238E-3	352.826825029686540E-3
832.000000000000110E+0	-191.973525869904990E-3	317.864398481005340E-3
833.000000000000110E+0	-184.479064678101550E-3	271.830322371439890E-3
834.000000000000110E+0	-172.758814261054190E-3	251.787154275445240E-3
835.000000000000110E+0	-206.771417907245850E-3	250.397187371188320E-3
836.000000000000110E+0	-195.469975821462330E-3	205.709421040869260E-3
837.000000000000110E+0	-197.168796331582380E-3	253.764594847027350E-3
838.000000000000110E+0	-225.609995082833080E-3	231.056326440115950E-3
839.000000000000110E+0	-227.075568791519190E-3	215.330270055622140E-3
840.000000000000110E+0	-215.458272336430970E-3	207.171731489046500E-3
841.000000000000110E+0	-231.774697563734560E-3	253.479309471127680E-3
842.000000000000110E+0	-249.372412820316470E-3	245.691034581995700E-3
843.000000000000110E+0	-254.838329374437460E-3	247.597701259895140E-3
844.000000000000110E+0	-262.167426380890020E-3	250.185158416013300E-3
845.000000000000110E+0	-253.089126639602980E-3	276.883268543180410E-3
846.000000000000110E+0	-296.413945395018700E-3	286.407696235256360E-3
847.000000000000110E+0	-307.269859543130240E-3	267.882566925874420E-3
848.000000000000110E+0	-285.250553400702160E-3	281.330447935217550E-3
849.000000000000110E+0	-305.632991449490080E-3	312.272434152836560E-3
850.000000000000110E+0	-332.525854681142650E-3	245.785701890791080E-3
851.000000000000110E+0	-295.956129732732050E-3	289.733641291227530E-3
852.000000000000110E+0	-284.819367483943760E-3	304.742329103288910E-3
853.000000000000110E+0	-248.947428365639160E-3	336.063538139930670E-3
854.000000000000110E+0	-306.003046009746200E-3	413.029096979472150E-3
855.000000000000110E+0	-332.773530895443700E-3	438.784235501199940E-3
856.000000000000110E+0	-360.364308261583830E-3	402.492288425134680E-3
857.000000000000110E+0	-350.128851287237250E-3	411.659589050170920E-3
858.000000000000110E+0	-351.107070117980870E-3	431.813184137943560E-3
859.000000000000110E+0	-328.780509744371400E-3	414.322822354799060E-3
860.000000000000110E+0	-336.230072714093720E-3	539.209483873392180E-3
861.000000000000110E+0	-359.416019013657720E-3	533.773628028161200E-3
862.000000000000110E+0	-344.750245018526470E-3	516.343029490903490E-3
863.000000000000110E+0	-200.777950154856440E-3	532.079434241236270E-3
864.000000000000110E+0	-232.115355735292320E-3	694.369076882260350E-3
865.000000000000110E+0	-238.551563586687330E-3	680.705818610114250E-3
866.000000000000110E+0	-201.387356801421340E-3	668.120276072105000E-3
867.000000000000110E+0	-140.360909855438700E-3	653.096001476050620E-3
868.000000000000110E+0	-94.789501486404443E-3	625.445404621324360E-3
869.000000000000110E+0	-63.250564777049420E-3	684.007967421336630E-3
870.000000000000110E+0	-51.149593164459176E-3	622.059351585723120E-3
871.000000000000110E+0	-28.103851129387056E-3	605.272309846624500E-3
872.000000000000110E+0	-40.952066242875680E-3	622.728579864983200E-3
873.000000000000110E+0	-53.128305024019148E-3	641.319559344031620E-3
874.000000000000110E+0	-77.147547200132394E-3	646.260853843126370E-3
875.000000000000110E+0	-79.008745762613117E-3	648.240437467937690E-3
876.000000000000110E+0	-37.357378081864463E-3	708.357905645966790E-3
877.000000000000110E+0	-75.615391628155795E-3	772.568620000913750E-3
878.000000000000110E+0	-71.058814022347719E-3	757.009487882531200E-3
879.000000000000110E+0	5.140807892319257E-3	837.387574768151400E-3
880.000000000000110E+0	27.364709292911953E-3	892.849464131144850E-3
881.000000000000110E+0	31.478517949629643E-3	924.376695484736780E-3
882.000000000000110E+0	242.862211064941770E-3	772.831215983170170E-3
883.000000000000110E+0	353.573403714965980E-3	937.518685520879470E-3
884.000000000000110E+0	434.529592720251210E-3	984.111052533552580E-3
885.000000000000110E+0	511.921311189900700E-3	955.022081409166450E-3
886.000000000000110E+0	622.665584686324380E-3	934.092718572391070E-3
887.000000000000110E+0	641.756396833756740E-3	923.175355224125080E-3
888.000000000000110E+0	681.824680808072240E-3	652.836207948251030E-3
889.000000000000110E+0	794.726508009726000E-3	533.769742176674280E-3
890.000000000000110E+0	881.046403901137090E-3	435.852321886568640E-3
891.000000000000110E+0	966.757565180828230E-3	380.850817230952760E-3
892.000000000000110E+0	709.779046066527420E-3	406.553059506897630E-3
893.000000000000110E+0	734.210855283020210E-3	246.804587091703140E-3
894.000000000000110E+0	707.070198525932780E-3	168.663763198750730E-3
895.000000000000110E+0	678.738546601410310E-3	92.761225703813358E-3
896.000000000000110E+0	677.659688104644940E-3	53.973241926225081E-3
897.000000000000110E+0	610.059040001570180E-3	33.657352570687499E-3
898.000000000000110E+0	590.978975830359300E-3	1.892348017007767E-3
899.000000000000110E+0	562.020793870752880E-3	-45.420819036656054E-3
900.000000000000110E+0	598.509364228316240E-3	-52.988434628338681E-3
901.000000000000110E+0	436.292352459893950E-3	70.904106904087702E-3
902.000000000000110E+0	415.453984096904090E-3	-28.149589158200049E-3
903.000000000000110E+0	371.291065825360370E-3	-29.256126081931393E-3
904.000000000000110E+0	257.901347827988680E-3	-83.202414952930404E-3
905.000000000000110E+0	335.427850442042210E-3	-264.183008932175720E-3
906.000000000000110E+0	472.101132336608050E-3	-145.556509722059630E-3
907.000000000000110E+0	439.687300462512750E-3	-42.016310395613578E-3
908.000000000000110E+0	338.584213982982330E-3	28.065179420450469E-3
909.000000000000110E+0	270.473608898159410E-3	31.623094169272156E-3
910.000000000000110E+0	165.144149127399410E-3	112.012823251098080E-3
911.000000000000110E+0	256.613082195763340E-3	-137.060865359119070E-3
912.000000000000110E+0	232.769418816161450E-3	-63.059217076640320E-3
913.000000000000110E+0	191.118152998739270E-3	-70.887910843037832E-3
914.000000000000110E+0	306.802067675797650E-3	-105.846443430648020E-3
915.000000000000110E+0	281.442654882583240E-3	7.235290029351659E-3
916.000000000000110E+0	249.555350493589620E-3	-31.842579753013807E-3
917.000000000000110E+0	254.760038524459720E-3	7.465584957245292E-3
918.000000000000110E+0	199.426255683249760E-3	19.455065527993386E-3
919.000000000000110E+0	176.646899168847020E-3	10.638876017800572E-3
920.000000000000110E+0	-890.008773211800330E-6	-165.126648941329470E-3
921.000000000000110E+0	159.201576538098800E-3	-139.935521429719880E-3
922.000000000000110E+0	173.641998755886820E-3	-125.779465759865040E-3
923.000000000000110E+0	180.095977379022800E-3	-144.459999931887930E-3
924.000000000000110E+0	239.137406043792660E-3	-33.817183176907559E-3
925.000000000000110E+0	181.418523388306360E-3	-45.810450914387131E-3
926.000000000000110E+0	153.103067255130260E-3	-12.394852316060525E-3
927.000000000000110E+0	96.760926537079017E-3	-30.365480857374800E-3
928.000000000000110E+0	88.578121573604091E-3	-43.899353573924119E-3
929.000000000000110E+0	71.290741442280106E-3	-24.815078584169318E-3
930.000000000000110E+0	32.324221411930476E-3	-65.348814591422555E-3
931.000000000000110E+0	20.842236252952877E-3	-78.302523132733268E-3
932.000000000000110E+0	39.793482726802880E-3	-112.230719942823200E-3
933.000000000000110E+0	120.228035995445670E-3	-44.862950132335273E-3
934.000000000000110E+0	36.536525906833102E-3	39.751546486301512E-3
935.000000000000110E+0	9.700793793544866E-3	33.299529527530194E-3
936.000000000000110E+0	-2.431765061075279E-3	44.459577494976699E-3
937.000000000000110E+0	-31.069130549737110E-3	45.954350611471406E-3
938.000000000000110E+0	-43.168344034914673E-3	6.378321364016860E-3
939.000000000000110E+0	59.607276817363941E-3	-4.253804851724652E-3
940.000000000000110E+0	36.813225135621554E-3	12.603643812908521E-3
941.000000000000110E+0	59.041052056365090E-3	-15.535257501402845E-3
942.000000000000110E+0	182.907489662606090E-3	8.278180341376696E-3
943.000000000000110E+0	52.624514508548284E-3	149.916531139235000E-3
944.000000000000110E+0	-36.948492302786975E-3	100.264180852887420E-3
945.000000000000110E+0	-78.774191584913764E-3	61.679550289009462E-3
946.000000000000110E+0	-81.679763048684864E-3	51.700265965670171E-3
947.000000000000110E+0	-93.586192786661082E-3	46.874600426291942E-3
948.000000000000110E+0	44.442299152870804E-3	91.871033079249653E-3
949.000000000000110E+0	25.566073350122721E-3	160.669726889016680E-3
950.000000000000110E+0	55.813674050982781E-3	189.373506889870590E-3
951.000000000000110E+0	76.237332880379038E-3	226.847854119684670E-3
952.000000000000110E+0	11.213233855114428E-3	166.477291557439820E-3
953.000000000000110E+0	127.619378972534860E-3	147.677668207840840E-3
954.000000000000110E+0	146.376188241420930E-3	152.051546067279970E-3
955.000000000000110E+0	134.651582254457970E-3	147.674742673725380E-3
956.000000000000110E+0	137.174223428969340E-3	106.552780861014090E-3
957.000000000000110E+0	152.959511540254500E-3	100.966397938187760E-3
958.000000000000110E+0	125.611899284453380E-3	95.788003330890825E-3
959.000000000000110E+0	121.405774889153690E-3	82.981370431412391E-3
960.000000000000110E+0	121.774670014599730E-3	87.979392786487087E-3
961.000000000000110E+0	31.031894574809107E-3	116.386500764325500E-3
962.000000000000110E+0	91.330859691531471E-3	36.253488921520284E-3
963.000000000000110E+0	91.179156887891258E-3	44.345820561948537E-3
964.000000000000110E+0	94.569537617672228E-3	35.164753341003510E-3
965.000000000000110E+0	126.869087955888940E-3	58.825654552120396E-3
966.000000000000110E+0	97.259668337555727E-3	91.499770111735781E-3
967.000000000000110E+0	49.377112255081852E-3	98.938331794522091E-3
968.000000000000110E+0	32.194908059013996E-3	84.125299434351569E-3
969.000000000000110E+0	22.111810260838999E-3	84.589732540782697E-3
970.000000000000110E+0	-5.429146109570676E-3	82.424415169354504E-3
971.000000000000110E+0	75.726270587913244E-3	126.956443016991520E-3
972.000000000000110E+0	19.406206584323304E-3	124.781182207242190E-3
973.000000000000110E+0	11.128844136180444E-3	116.857878861507840E-3
974.000000000000110E+0	57.173063890966817E-3	154.035000274844040E-3
975.000000000000110E+0	20.489256376578072E-3	204.698051350037440E-3
976.000000000000110E+0	-18.701831068088346E-3	223.877815312560900E-3
977.000000000000110E+0	-7.325333741999918E-3	226.907672496182460E-3
978.000000000000110E+0	-13.990509883286442E-3	267.066677678736430E-3
979.000000000000110E+0	-73.072785602237664E-3	285.499509623828420E-3
980.000000000000110E+0	58.700041369672239E-3	131.580782887804120E-3
981.000000000000110E+0	169.442819202355710E-3	284.984427215923100E-3
982.000000000000110E+0	186.815772750584110E-3	315.410289137829650E-3
983.000000000000110E+0	219.400436030792650E-3	311.990402350831200E-3
984.000000000000110E+0	426.880630388710660E-3	379.766439534430570E-3
985.000000000000110E+0	275.530882620370070E-3	311.441715307974710E-3
986.000000000000110E+0	318.173987325240600E-3	243.420166389509580E-3
987.000000000000110E+0	306.877973572778460E-3	242.941862769947110E-3
988.000000000000110E+0	300.663780628632140E-3	165.897207168705210E-3
989.000000000000110E+0	408.253720981542890E-3	128.055276992869590E-3
990.000000000000110E+0	261.876482997388190E-3	25.841250329216324E-3
991.000000000000110E+0	282.408986604943730E-3	63.190436797033803E-3
992.000000000000110E+0	300.846269889818720E-3	54.661464762043033E-3
993.000000000000110E+0	315.686410077940850E-3	141.768160045482150E-3
994.000000000000110E+0	216.968632749003940E-3	-22.050176921033407E-3
995.000000000000110E+0	284.769293956673330E-3	80.955268238312075E-3
996.000000000000110E+0	224.011263632758500E-3	77.255900528166735E-3
997.000000000000110E+0	240.786861304703280E-3	24.247547621404571E-3
998.000000000000110E+0	243.886355397642860E-3	104.022063855547330E-3
999.000000000000110E+0	517.816846990121760E-3	224.411676403811100E-3
1.000000000000000E+3	244.641101948153140E-3	5.513766507142677E-3
