Freq (Hz)	Gxyaccelerometre /source
source
source_Real	Gxyaccelerometre /source
source
source_Imag
10.000000000000018E+0	11.900364432869338E-3	17.152140992914296E-3
11.000000000000020E+0	-27.742700187549457E-3	-2.485779812256942E-3
12.000000000000021E+0	5.172951220638637E-3	-23.986841666852273E-3
13.000000000000023E+0	22.512951618788711E-3	2.733454215803536E-3
14.000000000000025E+0	-34.604290448445506E-3	123.292212325755630E-3
15.000000000000027E+0	-223.877744601429650E-3	-67.507951121758850E-3
16.000000000000028E+0	20.660616072132355E-3	-55.341820865806322E-3
17.000000000000028E+0	-53.953520015472087E-3	230.641340999086260E-3
18.000000000000028E+0	-326.580177003129580E-3	234.923445439111980E-3
19.000000000000028E+0	-176.917459475056990E-3	-45.438199166668275E-3
20.000000000000028E+0	-289.368435097697330E-3	425.417630810049020E-3
21.000000000000028E+0	-382.732566458124870E-3	489.426469864515990E-3
22.000000000000028E+0	-417.749940228531510E-3	665.943475358271470E-3
23.000000000000028E+0	-644.277687501588980E-3	821.243430383861610E-3
24.000000000000028E+0	-804.015606917616090E-3	2.084408953875252E+0
25.000000000000028E+0	-1.251621922721483E+0	3.776312901644808E+0
26.000000000000028E+0	1.367195984936830E+0	8.294235735979649E+0
27.000000000000028E+0	2.789034549300617E+0	5.040882286543910E+0
28.000000000000028E+0	2.281274725548126E+0	3.992162712210767E+0
29.000000000000028E+0	804.398956867796170E-3	1.999383783566169E+0
30.000000000000028E+0	-375.921042822909780E-3	2.826122561833367E+0
31.000000000000028E+0	2.500532278983624E+0	7.246900000302053E+0
32.000000000000028E+0	7.140743402958543E+0	6.186896600413269E+0
33.000000000000028E+0	7.628315001318373E+0	3.627039873626885E+0
34.000000000000028E+0	4.249898331428854E+0	1.801353328554963E+0
35.000000000000028E+0	5.385591269853900E+0	572.115741591473380E-3
36.000000000000028E+0	11.610479523321271E+0	-5.770989903580267E+0
37.000000000000028E+0	7.332772398906313E+0	-7.918512826409946E+0
38.000000000000028E+0	4.655560733885484E+0	-625.916701426986190E-3
39.000000000000028E+0	2.707692848866946E+0	-82.555605105511284E-3
40.000000000000028E+0	3.653341871180720E+0	-1.112362100395578E+0
41.000000000000028E+0	7.637494421807446E+0	-1.147436481071471E+0
42.000000000000028E+0	8.100891739427619E+0	-427.698079808946580E-3
43.000000000000028E+0	4.415627614734839E+0	294.677816260654150E-3
44.000000000000028E+0	2.650301405883264E+0	326.412727499440110E-3
45.000000000000028E+0	6.902664172275790E+0	-54.471781747700218E-3
46.000000000000028E+0	12.403440935152791E+0	-1.888418238305623E+0
47.000000000000028E+0	11.777031983480501E+0	-3.106200997985721E+0
48.000000000000028E+0	4.143559297401596E+0	-2.605721458302533E+0
49.000000000000028E+0	3.692231413688536E+0	-3.188927691680236E+0
50.000000000000028E+0	10.863042068461578E+0	-9.565186441435680E+0
51.000000000000028E+0	14.642772881916013E+0	-10.701886451544217E+0
52.000000000000028E+0	7.338669813180874E+0	-5.245667528641041E+0
53.000000000000028E+0	2.272324173324018E+0	-1.693534120800515E+0
54.000000000000028E+0	6.742923949066612E+0	-4.776002986668095E+0
55.000000000000028E+0	11.562062408465575E+0	-8.222527237708912E+0
56.000000000000028E+0	12.145362621599398E+0	-10.867741576465246E+0
57.000000000000028E+0	9.315107853523585E+0	-8.821051619715195E+0
58.000000000000028E+0	4.591702087691782E+0	-2.703414743086218E+0
59.000000000000028E+0	18.239217421220388E+0	-12.867593546716947E+0
60.000000000000028E+0	32.006538384236670E+0	-36.994291101906121E+0
61.000000000000028E+0	20.256034487125977E+0	-29.047138880652987E+0
62.000000000000028E+0	9.232706309397932E+0	-18.095144382014304E+0
63.000000000000028E+0	23.112954410944560E+0	-57.308447299931274E+0
64.000000000000028E+0	20.528547473141312E+0	-89.438963139830207E+0
65.000000000000028E+0	5.507352228984820E+0	-113.611154384545490E+0
66.000000000000028E+0	-9.979846459144380E+0	-92.976885168629209E+0
67.000000000000028E+0	-8.502073564842313E+0	-22.383199291199400E+0
68.000000000000028E+0	-16.093705268207781E+0	-22.481401686885377E+0
69.000000000000028E+0	-45.697948935992962E+0	-65.093229964565538E+0
70.000000000000028E+0	-46.149704434518149E+0	-56.348412241017414E+0
71.000000000000028E+0	-16.128480079669991E+0	-13.561602659568226E+0
72.000000000000028E+0	-21.103687717545462E+0	-9.605517584019076E+0
73.000000000000028E+0	-44.375486107574957E+0	-20.401209393072744E+0
74.000000000000028E+0	-37.376163328836277E+0	-15.726261506112788E+0
75.000000000000028E+0	-30.213010074685560E+0	-19.173278510413034E+0
76.000000000000028E+0	-20.850760532899901E+0	-16.420645228452443E+0
77.000000000000028E+0	-5.688838988281423E+0	-2.874484906374453E+0
78.000000000000028E+0	-37.165455665342755E+0	-7.808529352325468E+0
79.000000000000028E+0	-42.001616841956498E+0	-11.933549923679013E+0
80.000000000000028E+0	-10.333430248639225E+0	-7.101682687233375E+0
81.000000000000028E+0	908.324642579438010E-3	-1.251310978704782E+0
82.000000000000028E+0	-1.136168984714217E+0	2.398907099148349E+0
83.000000000000028E+0	-9.062708715326682E+0	3.486438130853965E+0
84.000000000000028E+0	-9.691323386947342E+0	2.153927876273645E+0
85.000000000000028E+0	-2.546402042682848E+0	-739.062837056481350E-3
86.000000000000028E+0	-1.130745411599534E+0	-3.964866369161720E+0
87.000000000000028E+0	6.711595102789824E+0	2.636528224052991E+0
88.000000000000028E+0	13.130857220615059E+0	23.769675703245646E+0
89.000000000000028E+0	1.804568889191448E+0	17.198748812054610E+0
90.000000000000028E+0	-1.332115319310532E+0	-194.718447900587620E-3
91.000000000000028E+0	13.736366093393965E+0	4.450705210436201E+0
92.000000000000028E+0	14.400581606082531E+0	5.303523482702438E+0
93.000000000000028E+0	7.679159197148538E+0	2.514760359063481E+0
94.000000000000028E+0	8.823624505065165E+0	268.161137139196310E-3
95.000000000000028E+0	1.907936358648325E+0	-1.443567528280300E+0
96.000000000000028E+0	6.237389995978494E+0	-7.097319686447699E+0
97.000000000000028E+0	27.963407593181017E+0	-21.845555692035003E+0
98.000000000000028E+0	19.339118722143532E+0	-23.934861282017064E+0
99.000000000000028E+0	4.108766328355156E+0	-8.940381913419040E+0
100.000000000000030E+0	353.080189971599400E-3	-4.056623616613255E+0
101.000000000000030E+0	19.010686699957269E+0	-43.291739868360345E+0
102.000000000000030E+0	14.673880279674767E+0	-42.259237767926145E+0
103.000000000000030E+0	-1.886506445562797E+0	-3.431014471176117E+0
104.000000000000030E+0	-4.014572316706109E+0	-19.290676079059349E+0
105.000000000000030E+0	-2.846934380381567E+0	-5.235060250181879E+0
106.000000000000030E+0	-7.162081094180086E+0	-22.493601300423258E+0
107.000000000000030E+0	-12.124618408739385E+0	-45.598231740093908E+0
108.000000000000030E+0	-7.443970829268997E+0	-22.127955559057277E+0
109.000000000000030E+0	-546.646782499872420E-3	-1.933269099925592E+0
110.000000000000030E+0	-1.144493369340448E+0	-14.929540851165280E+0
111.000000000000030E+0	-81.620752136466093E-3	-29.246669588845215E+0
112.000000000000030E+0	3.035318462838133E+0	-13.981726686295591E+0
113.000000000000030E+0	4.610786830473652E+0	-4.943308506121813E+0
114.000000000000030E+0	2.531726707027656E+0	711.421151566466010E-3
115.000000000000030E+0	2.219018031878230E+0	-2.904821395031107E+0
116.000000000000030E+0	7.701790929005926E+0	-3.495483172826283E+0
117.000000000000030E+0	14.728748254523953E+0	-13.577063761056968E+0
118.000000000000030E+0	11.516641111263445E+0	-17.531614469399337E+0
119.000000000000030E+0	1.277283815744446E+0	3.278084464563640E+0
120.000000000000030E+0	13.831174008377411E+0	-24.912356618607738E+0
121.000000000000030E+0	20.750628239017914E+0	-53.325381784866181E+0
122.000000000000030E+0	8.929048717741633E+0	-10.497573147325733E+0
123.000000000000030E+0	13.108125146886294E+0	-29.879576133877755E+0
124.000000000000030E+0	18.658667410579774E+0	-25.052590724364418E+0
125.000000000000030E+0	53.216678595379321E+0	-66.810536825266382E+0
126.000000000000030E+0	67.286429706582126E+0	-106.989866664482410E+0
127.000000000000030E+0	42.593147013869405E+0	-90.972476949287710E+0
128.000000000000030E+0	12.494019374873066E+0	-32.782290075060516E+0
129.000000000000030E+0	83.105651704101078E+0	-109.437869992640030E+0
130.000000000000030E+0	70.146828483901089E+0	-217.734045560122010E+0
131.000000000000030E+0	3.284995578341581E+0	-130.517895108945280E+0
132.000000000000030E+0	-11.619554540079118E+0	-43.479552137919818E+0
133.000000000000030E+0	-7.758218378817067E+0	-120.405623379843750E+0
134.000000000000030E+0	-45.397225434225049E+0	-115.513758706625480E+0
135.000000000000030E+0	-46.336103147328217E+0	-110.034630220627650E+0
136.000000000000030E+0	-70.448921582512042E+0	-138.797454926799840E+0
137.000000000000030E+0	-32.109235103150233E+0	-35.999085605791279E+0
138.000000000000030E+0	-11.625810223073909E+0	-50.960711345839698E+0
139.000000000000030E+0	-87.744193804407786E+0	-144.948823788222370E+0
140.000000000000030E+0	-53.781393824114374E+0	-60.114352838008713E+0
141.000000000000030E+0	-19.877074796997142E+0	-19.008349782867921E+0
142.000000000000030E+0	-21.341047522629655E+0	-8.010939307592734E+0
143.000000000000030E+0	-54.682126695695729E+0	-19.852160676171003E+0
144.000000000000030E+0	-60.009700342500949E+0	-18.947687222586818E+0
145.000000000000030E+0	-37.875879083980749E+0	-11.839502948821558E+0
146.000000000000030E+0	-37.781572631835225E+0	-13.607124324264243E+0
147.000000000000030E+0	-16.443427342486252E+0	-2.442051789618462E+0
148.000000000000030E+0	-68.050130701676650E+0	-31.334763404772417E+0
149.000000000000030E+0	-104.813394274845340E+0	-45.707364882423832E+0
150.000000000000030E+0	-35.969081557626531E+0	-11.289666122444485E+0
151.000000000000030E+0	-15.509767444914413E+0	-1.847725166655540E+0
152.000000000000030E+0	-67.035292215081881E+0	-8.209856073133636E+0
153.000000000000030E+0	-62.655339204353808E+0	-3.193533501581241E+0
154.000000000000030E+0	-46.558280378413016E+0	-1.115390853155926E+0
155.000000000000030E+0	-49.287272990335552E+0	-686.182303521179040E-3
156.000000000000030E+0	-13.983446533083576E+0	820.450882379619050E-3
157.000000000000030E+0	-50.776146676635747E+0	1.390511018734003E+0
158.000000000000030E+0	-61.168865427490935E+0	2.633347800120142E+0
159.000000000000030E+0	-38.830477922169081E+0	4.494349122578027E+0
160.000000000000030E+0	-16.624678951077218E+0	1.542130476107278E+0
161.000000000000030E+0	-26.410344987460537E+0	-129.108110758085310E-3
162.000000000000030E+0	-91.060160572336002E+0	7.848833738804565E+0
163.000000000000030E+0	-45.568924638130923E+0	3.355887804011698E+0
164.000000000000030E+0	-26.785774155704672E+0	-5.084966688076257E+0
165.000000000000030E+0	-36.654696087690823E+0	-5.918556256562145E+0
166.000000000000030E+0	-15.684169956266771E+0	-4.416629719145294E+0
167.000000000000030E+0	-79.894642405818402E+0	505.030689342257140E-3
168.000000000000030E+0	-80.029272757312427E+0	8.080432834868564E+0
169.000000000000030E+0	-17.201429510496542E+0	8.429863024851304E+0
170.000000000000030E+0	-33.483875455792280E+0	12.629387272439127E+0
171.000000000000030E+0	-89.569069545270182E+0	27.305615088452392E+0
172.000000000000030E+0	-84.729534254881997E+0	31.976681589983361E+0
173.000000000000030E+0	-45.862423987319531E+0	16.943216092425494E+0
174.000000000000030E+0	-24.822044255314587E+0	4.117808250693299E+0
175.000000000000030E+0	-21.541130837664046E+0	12.559039408414540E+0
176.000000000000030E+0	-67.873515989198182E+0	35.771320709655370E+0
177.000000000000030E+0	-51.236849513841001E+0	23.850703001692310E+0
178.000000000000030E+0	-55.432857726243014E+0	27.408522080078217E+0
179.000000000000030E+0	-6.423697361911477E+0	4.178483118026940E+0
180.000000000000030E+0	-71.795396577491587E+0	36.472910938608855E+0
181.000000000000030E+0	-130.658023388019390E+0	77.529513873598020E+0
182.000000000000030E+0	-41.621638200056978E+0	26.752780648629944E+0
183.000000000000030E+0	-38.056565870000455E+0	33.444080605873424E+0
184.000000000000030E+0	-33.403411614104122E+0	34.951461652720717E+0
185.000000000000030E+0	-46.346305153282813E+0	62.999047447472016E+0
186.000000000000030E+0	-65.579508335926420E+0	111.853358176865230E+0
187.000000000000030E+0	-32.576432516275197E+0	97.645517477604002E+0
188.000000000000030E+0	-18.711564934247441E+0	47.256450695671020E+0
189.000000000000030E+0	-50.209663455946895E+0	32.334202297206986E+0
190.000000000000030E+0	-98.277964363761853E+0	88.451752908357704E+0
191.000000000000030E+0	-121.464469261704760E+0	119.231015608217630E+0
192.000000000000030E+0	-43.637243195302105E+0	34.577881263371168E+0
193.000000000000030E+0	-27.327262539021383E+0	52.968330815908153E+0
194.000000000000030E+0	-81.051699544561330E+0	144.900363267894420E+0
195.000000000000030E+0	-94.640781386653799E+0	161.306796684446540E+0
196.000000000000030E+0	-128.550974670336670E+0	197.383681890936320E+0
197.000000000000030E+0	-83.626770167079826E+0	119.767447365546370E+0
198.000000000000030E+0	1.726299898880655E+0	37.248093326129251E+0
199.000000000000030E+0	-64.553137565667072E+0	323.109120916365270E+0
200.000000000000030E+0	-11.672029300288086E+0	290.662007548703630E+0
201.000000000000030E+0	-835.526893506890470E-3	117.021790819566900E+0
202.000000000000030E+0	-20.613839435907938E+0	78.923245837987949E+0
203.000000000000030E+0	19.314527169237003E+0	49.071425863373356E+0
204.000000000000030E+0	56.088445329818420E+0	177.620255524235660E+0
205.000000000000030E+0	66.084797454889696E+0	95.647773110753235E+0
206.000000000000030E+0	58.548271327789813E+0	102.380433085685100E+0
207.000000000000030E+0	17.193322272272795E+0	41.838420186471652E+0
208.000000000000030E+0	22.765723001926180E+0	27.155552690850044E+0
209.000000000000030E+0	73.977714592733179E+0	78.087583646079466E+0
210.000000000000030E+0	51.965721022027438E+0	28.358257458840047E+0
211.000000000000030E+0	23.520290877320008E+0	-5.698446485506011E+0
212.000000000000030E+0	51.647032242375943E+0	47.131938780182779E+0
213.000000000000030E+0	28.564715637192346E+0	56.000465898084471E+0
214.000000000000030E+0	8.612019522148696E+0	16.502412186355635E+0
215.000000000000030E+0	5.209664350906512E+0	14.023561694107903E+0
216.000000000000030E+0	-1.180676767435212E+0	1.049573924874757E-3
217.000000000000030E+0	15.631871524798729E+0	586.332190673207080E-3
218.000000000000030E+0	27.003160915896736E+0	50.194067993443426E+0
219.000000000000030E+0	-358.189141960491120E-3	56.900130518568673E+0
220.000000000000030E+0	-14.271607396261817E+0	29.656356957920281E+0
221.000000000000030E+0	-10.149093002369455E+0	10.921803113745479E+0
222.000000000000030E+0	10.153163432312621E+0	18.252645173716413E+0
223.000000000000030E+0	31.882313539525036E+0	41.052808168532110E+0
224.000000000000030E+0	16.913756443548621E+0	16.098054933716973E+0
225.000000000000030E+0	30.872117066837443E+0	32.443665752034647E+0
226.000000000000030E+0	6.224452918406540E+0	15.252523709454366E+0
227.000000000000030E+0	26.764271784903336E+0	7.336998124274035E+0
228.000000000000030E+0	56.382262111278734E+0	24.203059099379693E+0
229.000000000000030E+0	28.411911175281297E+0	13.937911359655814E+0
230.000000000000030E+0	6.208693472948339E+0	4.000243601589557E+0
231.000000000000030E+0	26.765602337441994E+0	-1.891741030584926E+0
232.000000000000030E+0	41.885737944504967E+0	-2.560923380946956E+0
233.000000000000030E+0	31.210288395856629E+0	-1.334455408231462E+0
234.000000000000030E+0	39.683667609246228E+0	-3.181910145820162E+0
235.000000000000030E+0	18.438371799614472E+0	-4.065105796001625E+0
236.000000000000030E+0	22.479451921294981E+0	-11.302958422247872E+0
237.000000000000030E+0	18.157883630594434E+0	-22.398646961405682E+0
238.000000000000030E+0	10.264566043310918E+0	-35.667579314287209E+0
239.000000000000030E+0	-3.000621731092926E+0	-15.417533471696956E+0
240.000000000000030E+0	763.217747263676860E-3	-12.357734180183860E+0
241.000000000000030E+0	-580.770908991328550E-3	-22.096958638335252E+0
242.000000000000030E+0	-3.695603647763436E+0	-6.147778055463776E+0
243.000000000000030E+0	-3.603677846778676E+0	-4.043030669000151E+0
244.000000000000030E+0	3.041299884738721E+0	-6.473176100871562E+0
245.000000000000030E+0	4.684468227101437E+0	4.069908122321688E+0
246.000000000000030E+0	-12.957974209904510E+0	12.451955890061503E+0
247.000000000000030E+0	-24.271630942865581E+0	6.227247119014701E+0
248.000000000000030E+0	-12.694749776029692E+0	-5.385518569128540E+0
249.000000000000030E+0	-6.334468695751794E+0	-4.538440996182783E+0
250.000000000000030E+0	-2.588021601075307E+0	-11.062091729997265E+0
251.000000000000030E+0	-6.158481145454704E+0	-10.860523961905985E+0
252.000000000000030E+0	-601.064955557166550E-3	-8.448851030114064E+0
253.000000000000030E+0	9.163174652658274E+0	2.225412837500969E+0
254.000000000000030E+0	229.232336750922420E-3	17.789574082454855E+0
255.000000000000030E+0	-14.238487786867614E+0	18.419048640712433E+0
256.000000000000060E+0	-25.012237739448985E+0	8.895462988310728E+0
257.000000000000060E+0	-31.259758522779400E+0	16.057266000320944E+0
258.000000000000060E+0	-16.244587153894287E+0	10.696169373107239E+0
259.000000000000060E+0	-15.381550638768624E+0	-8.863615520195644E+0
260.000000000000060E+0	-28.570917565150694E+0	1.369376089434815E+0
261.000000000000060E+0	-6.999448389178648E+0	-720.153209126697110E-3
262.000000000000060E+0	-139.857573085022920E-3	6.667580689049222E+0
263.000000000000060E+0	-543.821926810953760E-3	14.486361746896955E+0
264.000000000000060E+0	-9.979050096473335E+0	23.297496949171411E+0
265.000000000000060E+0	-20.118747280322030E+0	27.312018203326822E+0
266.000000000000060E+0	-24.383170153240133E+0	28.493058506972041E+0
267.000000000000060E+0	-32.421543966698984E+0	26.844070523628137E+0
268.000000000000060E+0	-15.189110737172552E+0	2.100480702992939E+0
269.000000000000060E+0	-17.112415639836946E+0	8.193172521100573E+0
270.000000000000060E+0	-32.464146697554639E+0	23.556990742389829E+0
271.000000000000060E+0	-5.365332707032723E+0	3.425606447522808E+0
272.000000000000060E+0	-8.593382524798512E+0	19.453897721724111E+0
273.000000000000060E+0	-15.390783449633384E+0	28.155791591424681E+0
274.000000000000060E+0	-17.991959523902903E+0	32.047642767728703E+0
275.000000000000060E+0	-27.869889272588448E+0	41.238146183451654E+0
276.000000000000060E+0	-42.339622247840701E+0	65.053704017883504E+0
277.000000000000060E+0	-19.621033969453048E+0	21.441004752586213E+0
278.000000000000060E+0	-34.315311850443123E+0	32.363757351041585E+0
279.000000000000060E+0	-43.070389927796533E+0	72.902804357491163E+0
280.000000000000060E+0	-27.943830683439053E+0	51.917441478723127E+0
281.000000000000060E+0	-14.472246139125266E+0	35.282363528978088E+0
282.000000000000060E+0	-10.812320919786643E+0	37.912500977236405E+0
283.000000000000060E+0	-17.282100770335877E+0	119.817067002553780E+0
284.000000000000060E+0	-8.726319073704353E+0	67.020196037092219E+0
285.000000000000060E+0	-21.954029991616672E+0	88.475031711878515E+0
286.000000000000060E+0	-9.929831225614219E+0	101.797005607665130E+0
287.000000000000060E+0	-4.770478694431330E+0	32.435115948322533E+0
288.000000000000060E+0	6.571929400034966E+0	160.279099777690080E+0
289.000000000000060E+0	31.769359381285927E+0	156.301109212208470E+0
290.000000000000060E+0	15.382558341518555E+0	56.295540997152862E+0
291.000000000000060E+0	20.681173086437536E+0	79.075775120281591E+0
292.000000000000060E+0	59.423094153352757E+0	130.667107533820600E+0
293.000000000000060E+0	63.115314001414767E+0	110.840563606761860E+0
294.000000000000060E+0	66.015907835786464E+0	90.603610222306685E+0
295.000000000000060E+0	76.139495312382138E+0	83.545311491419312E+0
296.000000000000060E+0	64.783862829207834E+0	50.840178638115653E+0
297.000000000000060E+0	84.263786000526437E+0	52.338004832251237E+0
298.000000000000060E+0	137.319612870555830E+0	62.609187940561995E+0
299.000000000000060E+0	98.263774656548634E+0	28.913880922248136E+0
300.000000000000060E+0	28.238959026017220E+0	9.691080908124018E+0
301.000000000000060E+0	83.141663218478257E+0	14.375834119389868E+0
302.000000000000060E+0	148.042331262862060E+0	28.317364941021491E+0
303.000000000000060E+0	36.595221175253855E+0	8.144631693368575E+0
304.000000000000060E+0	80.440406912815661E+0	13.464874529405483E+0
305.000000000000060E+0	42.135145669519296E+0	-230.981351617382730E-3
306.000000000000060E+0	42.772130523918122E+0	-5.363472191559053E+0
307.000000000000060E+0	84.225156065360949E+0	-10.357422257283890E+0
308.000000000000060E+0	52.120042618300843E+0	-8.914711532378861E+0
309.000000000000060E+0	23.895443331995601E+0	-6.944881480592912E+0
310.000000000000060E+0	23.386983031508255E+0	-4.651606265751925E+0
311.000000000000060E+0	47.125515226514587E+0	-331.596460010694980E-3
312.000000000000060E+0	31.748779704239904E+0	4.126446298833381E+0
313.000000000000060E+0	9.483419208569732E+0	3.150137326298824E+0
314.000000000000060E+0	14.177417941072539E+0	4.144260649239095E+0
315.000000000000060E+0	13.606379296776760E+0	5.326025848136739E+0
316.000000000000060E+0	9.802016185682636E+0	2.196853909424118E+0
317.000000000000060E+0	27.932069619874483E+0	299.695715351456120E-3
318.000000000000060E+0	20.542949747330493E+0	296.769284653776500E-3
319.000000000000060E+0	8.290595105237060E+0	932.649618560928980E-3
320.000000000000060E+0	35.070643252709331E+0	11.036739704264557E+0
321.000000000000060E+0	31.373874664364155E+0	11.436739067743982E+0
322.000000000000060E+0	7.675553917208925E+0	3.362541074344479E+0
323.000000000000060E+0	9.483187507666210E+0	4.496017240417227E+0
324.000000000000060E+0	-1.762875361834861E+0	149.212832665283900E-3
325.000000000000060E+0	9.788977984935116E+0	-11.490195903646761E+0
326.000000000000060E+0	9.272282853960997E+0	-6.791546869148270E+0
327.000000000000060E+0	11.497190813032367E+0	-5.122562320440776E+0
328.000000000000060E+0	10.541005885018516E+0	1.305471965379340E+0
329.000000000000060E+0	-2.364128026124275E+0	16.621692014244058E+0
330.000000000000060E+0	-39.748329790644412E+0	54.353645202370309E+0
331.000000000000060E+0	-36.916036674089739E+0	40.584248019658936E+0
332.000000000000060E+0	-35.246253939498480E+0	16.888199444083007E+0
333.000000000000060E+0	-60.244217530999890E+0	5.701151089197866E+0
334.000000000000060E+0	-60.414231280742058E+0	25.438065747177824E+0
335.000000000000060E+0	-29.693855021392558E+0	48.808187825131178E+0
336.000000000000060E+0	-42.708822927225007E+0	140.463148312378560E+0
337.000000000000060E+0	3.451811263065608E+0	76.271617533886186E+0
338.000000000000060E+0	44.470831659323487E+0	129.156354134763290E+0
339.000000000000060E+0	127.110543636051100E+0	405.016572145149610E+0
340.000000000000060E+0	161.866998476697490E+0	348.292176737479280E+0
341.000000000000060E+0	126.187417601970990E+0	175.923519114679580E+0
342.000000000000060E+0	87.491996327603417E+0	79.949889984294529E+0
343.000000000000060E+0	184.639700619216510E+0	93.019865278954640E+0
344.000000000000060E+0	245.630853716919320E+0	64.473697692379488E+0
345.000000000000060E+0	134.869784943451800E+0	-3.016675055362106E+0
346.000000000000060E+0	191.715318475336460E+0	-5.174343639604156E+0
347.000000000000060E+0	90.047363891452647E+0	-6.018391220546928E+0
348.000000000000060E+0	121.167366779992950E+0	5.198554757317567E+0
349.000000000000060E+0	224.469874448456720E+0	-29.915523183321625E+0
350.000000000000060E+0	88.544322852025672E+0	-28.146989190346005E+0
351.000000000000060E+0	47.598690179543453E+0	-6.322630018277581E+0
352.000000000000060E+0	59.199816474715774E+0	-34.468329909335594E+0
353.000000000000060E+0	98.795160433672706E+0	-67.668094078227497E+0
354.000000000000060E+0	89.600217173502983E+0	-47.739078107933679E+0
355.000000000000060E+0	50.940425743622413E+0	-20.052080422045048E+0
356.000000000000060E+0	25.032392095139233E+0	-6.195135525726388E+0
357.000000000000060E+0	36.276008590630425E+0	-7.779245236940481E+0
358.000000000000060E+0	77.272060767048700E+0	-12.459477814568029E+0
359.000000000000060E+0	94.301196653343695E+0	-25.291370015734152E+0
360.000000000000060E+0	70.270646912542546E+0	-23.592253031003363E+0
361.000000000000060E+0	38.821363871320798E+0	-1.040768483032363E+0
362.000000000000060E+0	158.267128760663720E+0	-41.882371799731011E+0
363.000000000000060E+0	88.463372894377215E+0	-39.116551924924252E+0
364.000000000000060E+0	51.686515005192440E+0	-30.248122585186923E+0
365.000000000000060E+0	34.104249030465979E+0	-52.530203137681703E+0
366.000000000000060E+0	16.611871463883190E+0	-46.895211858944073E+0
367.000000000000060E+0	28.893505301922193E+0	-100.274567838079690E+0
368.000000000000060E+0	24.726372427623424E+0	-124.375284450630350E+0
369.000000000000060E+0	9.371385637164973E+0	-52.119175231787288E+0
370.000000000000060E+0	22.541607725171044E+0	-37.945738504412454E+0
371.000000000000060E+0	38.811413665876138E+0	-27.569685866805333E+0
372.000000000000060E+0	66.067024488586838E+0	-29.667641242789795E+0
373.000000000000060E+0	46.325296704492310E+0	-6.589015612663363E+0
374.000000000000060E+0	13.572158172619201E+0	8.406794756398778E+0
375.000000000000060E+0	6.448978841531651E+0	8.648347940098127E+0
376.000000000000060E+0	-4.193260959549156E+0	-21.510677201340165E+0
377.000000000000060E+0	32.760141119011458E+0	-54.802800508887230E+0
378.000000000000060E+0	59.231037752849161E+0	-59.556943140579335E+0
379.000000000000060E+0	27.066217256523590E+0	-31.996381744373092E+0
380.000000000000060E+0	65.558372719194352E+0	-17.357632614130200E+0
381.000000000000060E+0	126.027388097084180E+0	-43.291398574639125E+0
382.000000000000060E+0	44.472503336836816E+0	-9.074963739503763E+0
383.000000000000060E+0	21.023033370421086E+0	-19.759959172079686E+0
384.000000000000060E+0	15.438931089959450E+0	-15.993687570807486E+0
385.000000000000060E+0	30.155374444232518E+0	-42.203919450624411E+0
386.000000000000060E+0	68.138432523136842E+0	-80.007146229543508E+0
387.000000000000060E+0	66.210546605692727E+0	-55.742898779082907E+0
388.000000000000060E+0	66.608776957126523E+0	-49.000682231336633E+0
389.000000000000060E+0	35.614346096190808E+0	-17.077024087748793E+0
390.000000000000060E+0	65.679192258059885E+0	-42.354587929282403E+0
391.000000000000060E+0	67.826353892855280E+0	-70.532550407530167E+0
392.000000000000060E+0	15.751604998358015E+0	-30.842217847615966E+0
393.000000000000060E+0	8.007556279713834E+0	-31.167661218287993E+0
394.000000000000060E+0	12.262853052226214E+0	-68.216369778587477E+0
395.000000000000060E+0	11.064023358584999E+0	-70.911051025602887E+0
396.000000000000060E+0	35.560673895712831E+0	-103.992123153950980E+0
397.000000000000060E+0	22.610003259105881E+0	-61.156942628787512E+0
398.000000000000060E+0	14.904607094275430E+0	-25.376700307625406E+0
399.000000000000060E+0	30.053041048887586E+0	-37.137178828741945E+0
400.000000000000060E+0	22.489394168429410E+0	-60.675277740971559E+0
401.000000000000060E+0	10.716171801424538E+0	-38.955594959881139E+0
402.000000000000060E+0	4.232938085131164E+0	-23.926604261827400E+0
403.000000000000060E+0	-7.904247753866223E+0	-16.917728822210677E+0
404.000000000000060E+0	-26.149874434800004E+0	-85.136009832822509E+0
405.000000000000060E+0	-26.240386467603248E+0	-46.028137136317682E+0
406.000000000000060E+0	-26.681382689696921E+0	-58.005507097821180E+0
407.000000000000060E+0	-26.925914811554218E+0	-52.630224893725860E+0
408.000000000000060E+0	1.065061347433942E+0	-24.369577578678385E+0
409.000000000000060E+0	-21.738101085013916E+0	-48.481781803206317E+0
410.000000000000060E+0	-27.411082880215428E+0	-27.130548922464516E+0
411.000000000000060E+0	-5.538806786682846E+0	-4.730604572525955E+0
412.000000000000060E+0	-18.710200859927738E+0	2.689826159828255E+0
413.000000000000060E+0	-40.860059314537686E+0	-11.260202607089555E+0
414.000000000000060E+0	-36.314790723422938E+0	-16.264382059633274E+0
415.000000000000060E+0	-31.349502749333897E+0	-7.615295470014361E+0
416.000000000000060E+0	-23.895564895017429E+0	-5.739033470805543E+0
417.000000000000060E+0	-11.416048262927383E+0	-15.238939861963644E+0
418.000000000000060E+0	-14.112210150946671E+0	-1.565129019470141E+0
419.000000000000060E+0	-34.712860140036035E+0	13.219561592014958E+0
420.000000000000060E+0	-35.546067561882452E+0	6.800681669419039E+0
421.000000000000060E+0	-3.515934672783695E+0	5.617079782538426E+0
422.000000000000060E+0	-46.400783973710773E+0	23.751606077668818E+0
423.000000000000060E+0	-70.667115249642705E+0	30.464576712288572E+0
424.000000000000060E+0	-28.757357263784677E+0	19.984383011399277E+0
425.000000000000060E+0	-34.540601982877959E+0	23.793630957949365E+0
426.000000000000060E+0	-5.944487637064015E+0	20.886442006605773E+0
427.000000000000060E+0	-29.112710774541284E+0	54.104965990226482E+0
428.000000000000060E+0	-66.535891183853465E+0	130.910614856847790E+0
429.000000000000060E+0	-13.990334164644571E+0	74.149150482129215E+0
430.000000000000060E+0	-7.573648861679549E+0	71.677316561021698E+0
431.000000000000060E+0	-7.439369038007482E+0	62.980140630194171E+0
432.000000000000060E+0	11.246114076839998E+0	201.449833367075400E+0
433.000000000000060E+0	56.917728385414172E+0	198.176299118409640E+0
434.000000000000060E+0	54.359144694764325E+0	101.193044195884540E+0
435.000000000000060E+0	68.233894152530723E+0	75.844834029120108E+0
436.000000000000060E+0	150.204920448719040E+0	131.201655032711500E+0
437.000000000000060E+0	187.471651513748670E+0	158.887732566464310E+0
438.000000000000060E+0	284.415649841557580E+0	173.107113018275900E+0
439.000000000000060E+0	186.078682831200550E+0	78.342214233000604E+0
440.000000000000060E+0	35.342895445507281E+0	10.226417559550594E+0
441.000000000000060E+0	360.894735548516560E+0	46.116722384140147E+0
442.000000000000060E+0	331.006477265940700E+0	26.421028061918452E+0
443.000000000000060E+0	198.963042246626880E+0	2.913515204069422E+0
444.000000000000060E+0	207.049087271433390E+0	3.735944825967046E+0
445.000000000000060E+0	111.742448481378990E+0	-1.570799951532776E+0
446.000000000000060E+0	283.776594001048640E+0	-32.556274421934560E+0
447.000000000000060E+0	276.527942325166240E+0	-73.896311192609758E+0
448.000000000000060E+0	192.500244195192830E+0	-64.480893766233194E+0
449.000000000000060E+0	107.018825205743310E+0	-48.240782016297373E+0
450.000000000000060E+0	108.365749407733620E+0	-60.917318477617115E+0
451.000000000000060E+0	383.849422544638970E+0	-221.586199206007310E+0
452.000000000000060E+0	208.765410566195210E+0	-156.459384143718380E+0
453.000000000000060E+0	82.083601415658265E+0	-62.037663559279395E+0
454.000000000000060E+0	124.750650136296870E+0	-106.015529565053190E+0
455.000000000000060E+0	147.775986677042740E+0	-142.265793531090000E+0
456.000000000000060E+0	183.306920037867480E+0	-209.903393772979200E+0
457.000000000000060E+0	170.043758567421460E+0	-210.104679525446950E+0
458.000000000000060E+0	77.751060308068801E+0	-114.507106118408540E+0
459.000000000000060E+0	50.629767624668169E+0	-85.587380872084665E+0
460.000000000000060E+0	206.117467126700920E+0	-358.916456236424270E+0
461.000000000000060E+0	123.014564654494960E+0	-223.127746416135270E+0
462.000000000000060E+0	80.847504252599251E+0	-165.713925171288790E+0
463.000000000000060E+0	31.209346466516457E+0	-87.014310550920371E+0
464.000000000000060E+0	93.245866601746002E+0	-211.882545518101270E+0
465.000000000000060E+0	117.914615808113670E+0	-305.494538492575090E+0
466.000000000000060E+0	77.027833500018772E+0	-210.490835496628560E+0
467.000000000000060E+0	89.382856213831147E+0	-248.374128738481150E+0
468.000000000000060E+0	31.067977790826337E+0	-121.673529658464760E+0
469.000000000000060E+0	100.380685504973610E+0	-337.799581914706830E+0
470.000000000000060E+0	144.767284865293730E+0	-804.808245398034270E+0
471.000000000000060E+0	31.904994415262013E+0	-373.949740717275180E+0
472.000000000000060E+0	-23.986068951635911E+0	-195.922948536745760E+0
473.000000000000060E+0	-103.259749409661230E+0	-367.775157504158870E+0
474.000000000000060E+0	-272.794683973295550E+0	-485.640197832289400E+0
475.000000000000060E+0	-396.517384426145840E+0	-446.890912757508770E+0
476.000000000000060E+0	-288.594756933762600E+0	-244.708605073324090E+0
477.000000000000060E+0	-157.521140923046970E+0	-107.818421785877670E+0
478.000000000000060E+0	-158.252509726705600E+0	-87.645853114516527E+0
479.000000000000060E+0	-369.924745458353580E+0	-164.005292682160220E+0
480.000000000000060E+0	-251.115454216405770E+0	-86.555737883313540E+0
481.000000000000060E+0	-131.847240309577050E+0	-28.757089145786853E+0
482.000000000000060E+0	-82.843215385995521E+0	-28.477358076844940E+0
483.000000000000060E+0	-290.368446718332620E+0	-93.332454896754342E+0
484.000000000000060E+0	-222.700132185606520E+0	-50.781268103699155E+0
485.000000000000060E+0	-118.737310473677780E+0	-26.614035627120835E+0
486.000000000000060E+0	-127.339270570787180E+0	-10.652257311430967E+0
487.000000000000060E+0	-47.263732473449956E+0	-6.164412713986265E+0
488.000000000000060E+0	-203.083014815651180E+0	-41.574877701403508E+0
489.000000000000060E+0	-191.984039480867580E+0	-24.479374845693123E+0
490.000000000000060E+0	-98.111525304259047E+0	-4.934128434295170E+0
491.000000000000060E+0	-54.729868963847977E+0	-14.106702039724791E+0
492.000000000000060E+0	-119.287762298089360E+0	-18.994160401954545E+0
493.000000000000060E+0	-175.960546114385180E+0	-11.328363522320526E+0
494.000000000000060E+0	-121.980103488344040E+0	927.997038760645990E-3
495.000000000000060E+0	-67.587229895781206E+0	8.739233560789561E+0
496.000000000000060E+0	-83.016131444966447E+0	16.693855733697163E+0
497.000000000000060E+0	-108.653752940036950E+0	12.658026096485662E+0
498.000000000000060E+0	-196.008801681958540E+0	29.468521223304208E+0
499.000000000000060E+0	-138.763416211034330E+0	27.298454305949043E+0
500.000000000000060E+0	-41.598470727743958E+0	8.050966438241122E+0
501.000000000000060E+0	-63.386385922070964E+0	24.285182115814315E+0
502.000000000000060E+0	-189.090351247297060E+0	77.891979213991391E+0
503.000000000000060E+0	-105.026404091619770E+0	38.419569656761197E+0
504.000000000000060E+0	-53.953532017573636E+0	31.381078418368030E+0
505.000000000000060E+0	-63.837165540154423E+0	54.946886340134789E+0
506.000000000000060E+0	-74.589641413148683E+0	32.466481805105957E+0
507.000000000000060E+0	-156.840746742199310E+0	92.162715922507672E+0
508.000000000000060E+0	-82.240082888732004E+0	60.377786770955154E+0
509.000000000000060E+0	-50.309599913757019E+0	48.468180687975476E+0
510.000000000000060E+0	-19.916303624597482E+0	24.485859087575495E+0
511.000000000000060E+0	-92.572353599004813E+0	96.461537764453624E+0
512.000000000000110E+0	-78.396236325939071E+0	114.328654973643280E+0
513.000000000000110E+0	-16.185999600489602E+0	51.602752579565404E+0
514.000000000000110E+0	-25.823487609325799E+0	40.105900780914652E+0
515.000000000000110E+0	-10.779896943196135E+0	30.161759401035134E+0
516.000000000000110E+0	8.511228951074775E+0	42.093790444133049E+0
517.000000000000110E+0	10.668765724172399E+0	71.920312389632983E+0
518.000000000000110E+0	14.122766819592204E+0	44.260209182483095E+0
519.000000000000110E+0	-7.232092384364597E+0	14.882791253964772E+0
520.000000000000110E+0	-30.762224584570379E+0	-3.211606455896519E+0
521.000000000000110E+0	-30.495166302685181E+0	-22.151779325449738E+0
522.000000000000110E+0	-24.119083107413530E+0	-7.739618976769324E+0
523.000000000000110E+0	-31.922164129442859E+0	-7.726250559873941E+0
524.000000000000110E+0	-26.999352606657425E+0	-26.214841855140254E+0
525.000000000000110E+0	-42.537368901597517E+0	-9.123078069871022E+0
526.000000000000110E+0	-70.995861529123701E+0	19.730874184312665E+0
527.000000000000110E+0	-56.327294295254568E+0	10.085942735793335E+0
528.000000000000110E+0	-32.061087605799209E+0	13.100959530223642E+0
529.000000000000110E+0	-21.940177883199912E+0	12.527587046980335E+0
530.000000000000110E+0	-105.058531157465150E+0	51.080187455063857E+0
531.000000000000110E+0	-74.270498300398856E+0	50.588183437897484E+0
532.000000000000110E+0	-24.817505302482676E+0	14.797457065835124E+0
533.000000000000110E+0	-28.017624789690238E+0	13.430309220562592E+0
534.000000000000110E+0	-28.082101926729496E+0	41.365165744604724E+0
535.000000000000110E+0	-59.706607698634954E+0	73.373673766047574E+0
536.000000000000110E+0	-43.079874026281480E+0	61.411780495884294E+0
537.000000000000110E+0	-19.589967905734195E+0	47.611009963390551E+0
538.000000000000110E+0	-17.451982489273373E+0	21.713833009618998E+0
539.000000000000110E+0	-34.854249619522413E+0	75.374132276586721E+0
540.000000000000110E+0	-15.365027484758139E+0	95.929074133682349E+0
541.000000000000110E+0	-12.499841250271670E+0	76.707870250252071E+0
542.000000000000110E+0	-7.967437225380709E+0	17.538047543065723E+0
543.000000000000110E+0	-3.624078754508547E+0	49.961796459096320E+0
544.000000000000110E+0	20.999901388260664E+0	78.581072422010933E+0
545.000000000000110E+0	14.343673376533204E+0	57.564035518438722E+0
546.000000000000110E+0	8.748051041465931E+0	58.085710649255020E+0
547.000000000000110E+0	4.974330609851870E+0	24.737949280707220E+0
548.000000000000110E+0	4.745846287321731E+0	32.850042756865832E+0
549.000000000000110E+0	28.133646742818541E+0	102.351535084122050E+0
550.000000000000110E+0	15.151793909125027E+0	56.737421299207952E+0
551.000000000000110E+0	-457.813750883977130E-3	18.932978071880264E+0
552.000000000000110E+0	12.612403550573132E+0	22.996002431074398E+0
553.000000000000110E+0	25.230603735414213E+0	65.258202268844585E+0
554.000000000000110E+0	26.919669427681505E+0	72.871319440243354E+0
555.000000000000110E+0	15.849106658709207E+0	26.377498605278426E+0
556.000000000000110E+0	22.177258615931777E+0	27.590042676683833E+0
557.000000000000110E+0	20.714259732110897E+0	21.029876862500764E+0
558.000000000000110E+0	64.573575604097968E+0	56.103538323566489E+0
559.000000000000110E+0	81.328787889406556E+0	70.933846905625515E+0
560.000000000000110E+0	29.050086086022681E+0	35.423155905820280E+0
561.000000000000110E+0	2.508604825909391E+0	-3.813200480275903E+0
562.000000000000110E+0	86.578538213935644E+0	-8.081213812777836E+0
563.000000000000110E+0	75.124524013818402E+0	-10.394834284290475E+0
564.000000000000110E+0	42.776627955900807E+0	-617.634133604422760E-3
565.000000000000110E+0	35.382196092261950E+0	3.873477817108080E+0
566.000000000000110E+0	7.861187051874649E+0	5.667057083831932E+0
567.000000000000110E+0	19.896988819981960E+0	-11.373047450659357E+0
568.000000000000110E+0	17.228481298407623E+0	-19.783695824022313E+0
569.000000000000110E+0	15.396033014314407E+0	-22.422386299750833E+0
570.000000000000110E+0	6.643601791609998E+0	-11.973049298046851E+0
571.000000000000110E+0	30.048146551223073E+0	-6.198744045915895E+0
572.000000000000110E+0	41.571350630996520E+0	-3.235144320535606E+0
573.000000000000110E+0	24.020219779711532E+0	-2.330503944191757E+0
574.000000000000110E+0	6.457022611674394E+0	8.121062253326130E+0
575.000000000000110E+0	-3.762969374972847E+0	11.169046382224710E+0
576.000000000000110E+0	-8.409212482653064E+0	7.636627652798856E+0
577.000000000000110E+0	-24.298993598390286E+0	11.424591091533483E+0
578.000000000000110E+0	-22.979541223417492E+0	9.597277931953112E+0
579.000000000000110E+0	-4.088595704879536E+0	644.149680107921280E-3
580.000000000000110E+0	4.687095508697594E+0	14.267933196796324E+0
581.000000000000110E+0	-4.691345084935997E+0	84.107327174967423E+0
582.000000000000110E+0	-7.699237983020876E+0	83.900967604545784E+0
583.000000000000110E+0	-15.141654369931455E+0	50.240668910462034E+0
584.000000000000110E+0	-15.080090012947551E+0	38.740164633393803E+0
585.000000000000110E+0	-10.582835028210345E+0	48.826327702159347E+0
586.000000000000110E+0	16.330600510024279E+0	110.795809625813260E+0
587.000000000000110E+0	51.823647232468247E+0	100.626421657851780E+0
588.000000000000110E+0	71.785811095707146E+0	114.537896201100380E+0
589.000000000000110E+0	24.885315907989593E+0	27.216679146823576E+0
590.000000000000110E+0	140.693057564860340E+0	173.627541883519910E+0
591.000000000000110E+0	260.197426939314940E+0	218.094689291750230E+0
592.000000000000110E+0	117.190764728767860E+0	56.765235242685868E+0
593.000000000000110E+0	72.004126725009158E+0	28.889215256864617E+0
594.000000000000110E+0	112.676354917969390E+0	18.382218392590474E+0
595.000000000000110E+0	170.165360753469340E+0	-3.358422675235176E+0
596.000000000000110E+0	226.668390773445420E+0	-30.138309091822407E+0
597.000000000000110E+0	176.657511728418260E+0	-51.234383094252905E+0
598.000000000000110E+0	68.881259885205125E+0	-19.630393518126542E+0
599.000000000000110E+0	131.718026078405440E+0	-28.627212140154370E+0
600.000000000000110E+0	241.040548747492270E+0	-100.978650551920280E+0
601.000000000000110E+0	203.965759452372200E+0	-122.779424491025820E+0
602.000000000000110E+0	37.632468298857162E+0	-38.066680901131932E+0
603.000000000000110E+0	58.694056749758410E+0	-64.715529954584895E+0
604.000000000000110E+0	117.977361331107400E+0	-131.166620446840200E+0
605.000000000000110E+0	92.514210915578772E+0	-121.348519094575270E+0
606.000000000000110E+0	51.571232597364109E+0	-71.798359286133163E+0
607.000000000000110E+0	21.655870572100344E+0	-56.887254258138078E+0
608.000000000000110E+0	-4.364796908924226E+0	-26.552884097879179E+0
609.000000000000110E+0	90.020393389470911E+0	-181.904639941936690E+0
610.000000000000110E+0	70.098009093668764E+0	-136.629099606545450E+0
611.000000000000110E+0	30.235918075413501E+0	-49.161728300097010E+0
612.000000000000110E+0	18.377680710410210E+0	-26.241863802500642E+0
613.000000000000110E+0	58.849331852844578E+0	-65.294283511636507E+0
614.000000000000110E+0	107.890653681608190E+0	-86.730262645454573E+0
615.000000000000110E+0	70.170077726620192E+0	-42.730115717021640E+0
616.000000000000110E+0	35.209074307140483E+0	-28.619392264896298E+0
617.000000000000110E+0	8.709589455205837E+0	-23.527445374865273E+0
618.000000000000110E+0	29.287953207101147E+0	-75.930285543317126E+0
619.000000000000110E+0	100.343860047902400E+0	-158.633650585339840E+0
620.000000000000110E+0	86.487645824313091E+0	-112.882641120094650E+0
621.000000000000110E+0	9.517141037359103E+0	-17.908597489835838E+0
622.000000000000110E+0	59.745153810050851E+0	-79.005433594662094E+0
623.000000000000110E+0	115.498975978309770E+0	-139.709640288139840E+0
624.000000000000110E+0	81.261526177009202E+0	-79.343799233189742E+0
625.000000000000110E+0	68.276848223382203E+0	-50.783624629587848E+0
626.000000000000110E+0	23.721726078068336E+0	-29.206884519851787E+0
627.000000000000110E+0	31.585930976914092E+0	-67.887071418040534E+0
628.000000000000110E+0	152.867525009312030E+0	-194.716378035063570E+0
629.000000000000110E+0	129.418575692314930E+0	-147.585487597973810E+0
630.000000000000110E+0	57.754631902519939E+0	-54.538016503982455E+0
631.000000000000110E+0	15.300433692082057E+0	-44.155556005726986E+0
632.000000000000110E+0	123.277633957513490E+0	-206.741013958616860E+0
633.000000000000110E+0	179.591074805194470E+0	-279.910525195485380E+0
634.000000000000110E+0	53.246090890617154E+0	-80.559552006780137E+0
635.000000000000110E+0	57.655278035411229E+0	-109.645583093341000E+0
636.000000000000110E+0	23.333763101355284E+0	-68.551120796693397E+0
637.000000000000110E+0	83.929139484692854E+0	-230.026643814683980E+0
638.000000000000110E+0	133.848836594619850E+0	-358.116162400646430E+0
639.000000000000110E+0	100.030552435590340E+0	-256.850906994475050E+0
640.000000000000110E+0	16.090390304326615E+0	-29.889208213812527E+0
641.000000000000110E+0	67.608111939710028E+0	-340.259453568524120E+0
642.000000000000110E+0	58.994174927093880E+0	-494.578644860850260E+0
643.000000000000110E+0	33.877838379188248E+0	-362.673069118399890E+0
644.000000000000110E+0	14.243418235578755E+0	-231.930866816288390E+0
645.000000000000110E+0	-17.526539027438343E+0	-154.725282095023060E+0
646.000000000000110E+0	-138.942527984501960E+0	-422.803441400614700E+0
647.000000000000110E+0	-209.326632829416300E+0	-553.134204863752300E+0
648.000000000000110E+0	-236.848144777779540E+0	-481.849205065889240E+0
649.000000000000110E+0	-106.328833719012280E+0	-180.458217462441210E+0
650.000000000000110E+0	-90.565688461623651E+0	-65.690483275542448E+0
651.000000000000110E+0	-701.032636394415700E+0	-481.806891507757770E+0
652.000000000000110E+0	-569.601315847489670E+0	-292.643054760076490E+0
653.000000000000110E+0	-129.369714038399420E+0	-51.295287487534914E+0
654.000000000000110E+0	-232.350795244410620E+0	-69.297646072056338E+0
655.000000000000110E+0	-206.040770269849020E+0	-41.331300929167121E+0
656.000000000000110E+0	-380.950925629145670E+0	-45.656530953318722E+0
657.000000000000110E+0	-366.275599709328160E+0	-23.019677345314644E+0
658.000000000000110E+0	-143.523275750337520E+0	2.128718623931687E+0
659.000000000000110E+0	-46.464045275720416E+0	2.244603342589942E+0
660.000000000000110E+0	-289.597190828744090E+0	44.132621410966053E+0
661.000000000000110E+0	-358.010734464781420E+0	75.057761333901553E+0
662.000000000000110E+0	-190.413085910836800E+0	56.373119574824557E+0
663.000000000000110E+0	-80.765549303794131E+0	13.074164177765436E+0
664.000000000000110E+0	-143.001218778180540E+0	21.975459140289853E+0
665.000000000000110E+0	-303.678035724928410E+0	74.679254404595696E+0
666.000000000000110E+0	-152.482105582317980E+0	57.787538751017607E+0
667.000000000000110E+0	-248.680064255043670E+0	102.940983095491860E+0
668.000000000000110E+0	-47.819420247695000E+0	23.386382686104191E+0
669.000000000000110E+0	-160.004526915593890E+0	95.815721319510217E+0
670.000000000000110E+0	-368.104146651195780E+0	241.370651151877010E+0
671.000000000000110E+0	-169.569084895886530E+0	132.431129024284530E+0
672.000000000000110E+0	-54.507919903481266E+0	41.869986150308684E+0
673.000000000000110E+0	-75.186362956707811E+0	72.377143863943729E+0
674.000000000000110E+0	-90.597914855437210E+0	142.721324460251790E+0
675.000000000000110E+0	-111.717681650057100E+0	257.049054533129320E+0
676.000000000000110E+0	-29.859001365283142E+0	152.702127853610080E+0
677.000000000000110E+0	-8.736613012844225E+0	117.663033042189180E+0
678.000000000000110E+0	-9.366482808817418E+0	73.697023999614814E+0
679.000000000000110E+0	-5.071426230183528E+0	195.263383792566230E+0
680.000000000000110E+0	23.919187503966675E+0	188.817700749298470E+0
681.000000000000110E+0	6.179399859564581E+0	38.399955641288166E+0
682.000000000000110E+0	6.472702021414586E+0	6.457808344783848E+0
683.000000000000110E+0	21.652234586425173E+0	31.147720113972003E+0
684.000000000000110E+0	16.112620383997587E+0	21.316422917271431E+0
685.000000000000110E+0	12.904399453100106E+0	19.933543903434991E+0
686.000000000000110E+0	4.210687885777129E+0	34.683911314039264E+0
687.000000000000110E+0	-4.010023221355119E+0	10.253284364428955E+0
688.000000000000110E+0	-31.358599326825828E+0	32.638390425844172E+0
689.000000000000110E+0	-32.058999201743553E+0	48.598354137921966E+0
690.000000000000110E+0	-13.675343761758054E+0	27.435679969488085E+0
691.000000000000110E+0	-4.121806583022439E+0	11.794322899670712E+0
692.000000000000110E+0	-12.418266289719387E+0	22.282983100302921E+0
693.000000000000110E+0	-45.855496818569215E+0	73.021557113666759E+0
694.000000000000110E+0	-32.356068610178454E+0	36.948661145160869E+0
695.000000000000110E+0	-20.439172662000516E+0	15.105453057393754E+0
696.000000000000110E+0	-14.640968641769371E+0	13.492367892597144E+0
697.000000000000110E+0	-8.991574129484601E+0	8.587540924048200E+0
698.000000000000110E+0	-8.721216315309963E+0	35.411363340729629E+0
699.000000000000110E+0	-5.351508028750360E+0	46.330392331639118E+0
700.000000000000110E+0	3.029103239209641E+0	8.004113634728537E+0
701.000000000000110E+0	-895.725084768617560E-3	18.991552436607432E+0
702.000000000000110E+0	1.075888675445361E+0	53.261286719448741E+0
703.000000000000110E+0	-2.038340150583172E+0	51.348313295794206E+0
704.000000000000110E+0	-3.981923685338535E+0	22.700722648235988E+0
705.000000000000110E+0	-2.910477166909232E+0	13.320126453077245E+0
706.000000000000110E+0	656.925379344216910E-3	6.603466593476371E+0
707.000000000000110E+0	6.733468964492940E+0	24.028477953187771E+0
708.000000000000110E+0	7.755048260046022E+0	19.751725072757996E+0
709.000000000000110E+0	3.423586713653492E+0	14.188412835527370E+0
710.000000000000110E+0	1.004899408109556E+0	2.220343998184547E+0
711.000000000000110E+0	-323.412662277528300E-3	8.408003204465960E+0
712.000000000000110E+0	2.443933398421319E+0	6.079746468890803E+0
713.000000000000110E+0	793.328596087619630E-3	-1.784360950215715E+0
714.000000000000110E+0	3.310541012874853E+0	-2.042482724587010E+0
715.000000000000110E+0	2.307492260120108E+0	-2.399183235220990E+0
716.000000000000110E+0	4.747358499985191E+0	-4.937981341465377E+0
717.000000000000110E+0	5.929534797230473E+0	-11.561474054018992E+0
718.000000000000110E+0	3.198496395978121E+0	-10.396625129042672E+0
719.000000000000110E+0	-1.013250806637793E+0	-1.664663028405314E+0
720.000000000000110E+0	-1.130648039098266E+0	-12.884079258169979E+0
721.000000000000110E+0	-2.754761330253540E+0	-28.487887724031232E+0
722.000000000000110E+0	-4.449764791773976E+0	-22.498305248730333E+0
723.000000000000110E+0	-360.778254339342300E-3	-5.963623350816258E+0
724.000000000000110E+0	-8.000861838059020E+0	-2.349449469310797E+0
725.000000000000110E+0	-24.105954562207454E+0	-23.151430254646595E+0
726.000000000000110E+0	-22.941735182222541E+0	-22.353354129714074E+0
727.000000000000110E+0	-34.023018423298424E+0	-35.537244319915004E+0
728.000000000000110E+0	-23.871566781835284E+0	-18.298439415488126E+0
729.000000000000110E+0	-4.111804968986102E+0	-8.066925691260710E+0
730.000000000000110E+0	-44.197059475031402E+0	-59.487423775794831E+0
731.000000000000110E+0	-71.987130264871354E+0	-56.379123027200819E+0
732.000000000000110E+0	-19.941480603571382E+0	-15.509409992099915E+0
733.000000000000110E+0	-12.919428962149983E+0	-9.499497986429196E+0
734.000000000000110E+0	-16.141918346494357E+0	1.754658682590381E+0
735.000000000000110E+0	-62.224067060480401E+0	8.739601278053842E+0
736.000000000000110E+0	-49.564709701411616E+0	14.954785594359615E+0
737.000000000000110E+0	-41.824467442376950E+0	9.200313031833389E+0
738.000000000000110E+0	-17.646219521226477E+0	1.847146695218892E+0
739.000000000000110E+0	-32.321672988449130E+0	-5.493715643899941E+0
740.000000000000110E+0	-68.339414376179064E+0	1.488814330975260E+0
741.000000000000110E+0	-42.973180449912270E+0	6.353437159527084E+0
742.000000000000110E+0	-6.396237539993672E+0	-2.257314967738632E+0
743.000000000000110E+0	-18.995558086717882E+0	12.869142614981001E+0
744.000000000000110E+0	-35.247296422712502E+0	14.386848378844752E+0
745.000000000000110E+0	-19.225594544966533E+0	10.816762686475112E+0
746.000000000000110E+0	-27.407910098591564E+0	14.076085303509265E+0
747.000000000000110E+0	-11.084548305493925E+0	6.276781140575382E+0
748.000000000000110E+0	-13.583028418379854E+0	477.437541155650010E-3
749.000000000000110E+0	-42.530849592263408E+0	3.416588633141273E+0
750.000000000000110E+0	-28.469305385976270E+0	5.150638854858002E+0
751.000000000000110E+0	-9.441030172936205E+0	1.197170233607611E+0
752.000000000000110E+0	-2.320388413729416E+0	3.240647472332094E+0
753.000000000000110E+0	-27.063139257456648E+0	11.664487812704488E+0
754.000000000000110E+0	-38.056369913399251E+0	9.333832631527702E+0
755.000000000000110E+0	-16.739762397091219E+0	4.734830747115550E+0
756.000000000000110E+0	-18.714320711356965E+0	-536.425060885512890E-3
757.000000000000110E+0	-9.285072679117441E+0	-4.548945268017162E+0
758.000000000000110E+0	-7.262565886542778E+0	-9.448091901113091E+0
759.000000000000110E+0	-14.540662368845613E+0	-19.023504289797845E+0
760.000000000000110E+0	1.368133722149129E+0	-8.182205713969994E+0
761.000000000000110E+0	2.786444309800491E+0	2.591014603239151E+0
762.000000000000110E+0	-13.967605045666691E+0	13.596590071659344E+0
763.000000000000110E+0	-25.049730822359979E+0	16.094561783657905E+0
764.000000000000110E+0	-21.572750193556509E+0	9.839502893408879E+0
765.000000000000110E+0	-30.657663680296377E+0	2.032088868972998E+0
766.000000000000110E+0	-16.782171765055757E+0	-10.738275768187856E+0
767.000000000000110E+0	-1.236451457489542E+0	-40.725971683000878E+0
768.000000000000110E+0	-11.413721904679928E+0	-48.101552801581967E+0
769.000000000000110E+0	-7.543820421963429E+0	-57.634324340654629E+0
770.000000000000110E+0	6.817570802276249E+0	-27.530337914772854E+0
771.000000000000110E+0	-3.358739783485024E+0	12.915181438062660E+0
772.000000000000110E+0	-55.202761177749281E+0	17.553586781725443E+0
773.000000000000110E+0	-55.162400050714815E+0	19.324242266498988E+0
774.000000000000110E+0	-24.935937706782664E+0	4.547408315736027E+0
775.000000000000110E+0	-40.003389561146811E+0	826.694772910925080E-3
776.000000000000110E+0	-25.133420140333651E+0	-12.976855193800734E+0
777.000000000000110E+0	-46.583294614161090E+0	-15.952213218828685E+0
778.000000000000110E+0	-58.248343711293238E+0	-15.556969082800112E+0
779.000000000000110E+0	-10.651398438858289E+0	-5.308019011892688E+0
780.000000000000110E+0	-5.095702109512222E+0	2.555709579323173E+0
781.000000000000110E+0	-36.325828599289146E+0	-2.366942808906546E+0
782.000000000000110E+0	-40.412609866953503E+0	-8.896687701823692E+0
783.000000000000110E+0	-15.518444516024937E+0	-7.648245145956072E+0
784.000000000000110E+0	-6.749990897153142E+0	-1.880295841050969E+0
785.000000000000110E+0	-7.796926637341993E+0	-9.252720380843529E+0
786.000000000000110E+0	-7.695940147156904E+0	-14.231558876313363E+0
787.000000000000110E+0	-10.410374408399868E+0	-9.989015567351021E+0
788.000000000000110E+0	-16.286541862019504E+0	-11.862318022171539E+0
789.000000000000110E+0	-8.351890779240744E+0	-425.088897591141820E-3
790.000000000000110E+0	-9.868585929388846E+0	-32.341601595291046E+0
791.000000000000110E+0	-42.200166114673323E+0	-91.924357106566063E+0
792.000000000000110E+0	-21.776404082510560E+0	-35.583046073332795E+0
793.000000000000110E+0	-15.188826321891238E+0	-21.614530530483591E+0
794.000000000000110E+0	-11.142545960254122E+0	-30.601062019725845E+0
795.000000000000110E+0	-13.387796404055109E+0	-47.130683449416679E+0
796.000000000000110E+0	-36.694862144102068E+0	-59.504927040098096E+0
797.000000000000110E+0	-44.211973920103468E+0	-69.695829619548576E+0
798.000000000000110E+0	-15.337151147308276E+0	-26.913993659114034E+0
799.000000000000110E+0	-24.048358025123868E+0	-27.530178434959186E+0
800.000000000000110E+0	-94.433173227569597E+0	-139.736620176493630E+0
801.000000000000110E+0	-163.929893557146730E+0	-219.654563767687480E+0
802.000000000000110E+0	-53.814951166588955E+0	-68.967046371878794E+0
803.000000000000110E+0	-22.110899463722134E+0	-25.108020021882176E+0
804.000000000000110E+0	-121.258053628384540E+0	-72.771968362878653E+0
805.000000000000110E+0	-164.871803150180800E+0	-64.447870200251032E+0
806.000000000000110E+0	-169.021142108141330E+0	-61.289254485012634E+0
807.000000000000110E+0	-168.930253898058170E+0	-41.678446942566659E+0
808.000000000000110E+0	-19.361717868971347E+0	-6.527329289802850E+0
809.000000000000110E+0	-198.703815180846480E+0	-30.082992198337955E+0
810.000000000000110E+0	-322.534497537797390E+0	-19.747393013059682E+0
811.000000000000110E+0	-135.230031846424080E+0	3.349557715684822E+0
812.000000000000110E+0	-43.223834509586766E+0	9.741841084496702E+0
813.000000000000110E+0	-77.997875267412496E+0	32.307163839912384E+0
814.000000000000110E+0	-307.615978896347430E+0	126.588504565802850E+0
815.000000000000110E+0	-214.296564343045930E+0	105.077460298716350E+0
816.000000000000110E+0	-129.009405902352060E+0	64.636995676460955E+0
817.000000000000110E+0	-87.926031424184245E+0	61.319136540429518E+0
818.000000000000110E+0	-51.400100231572551E+0	29.215763938989216E+0
819.000000000000110E+0	-182.366791210943320E+0	185.960892718759450E+0
820.000000000000110E+0	-142.252977432911050E+0	187.596387133490200E+0
821.000000000000110E+0	-22.905762419167129E+0	44.157009626437876E+0
822.000000000000110E+0	-37.019117337445216E+0	52.675636161924636E+0
823.000000000000110E+0	-108.825875853819950E+0	161.512560585191350E+0
824.000000000000110E+0	-64.325133447671916E+0	101.499919885539040E+0
825.000000000000110E+0	-60.447862603286389E+0	98.021608102847182E+0
826.000000000000110E+0	-26.289986126088291E+0	33.171809108848926E+0
827.000000000000110E+0	-16.690437141825072E+0	25.614030476661526E+0
828.000000000000110E+0	-53.040773910097826E+0	98.228876243199167E+0
829.000000000000110E+0	-56.120704300581430E+0	109.368046273655910E+0
830.000000000000110E+0	-28.081189420756164E+0	57.149658179765353E+0
831.000000000000110E+0	-953.585293927648240E-3	6.691842186560190E+0
832.000000000000110E+0	-41.299802458184452E+0	68.383058582001766E+0
833.000000000000110E+0	-82.442932185025199E+0	121.479848524852090E+0
834.000000000000110E+0	-21.038612982978623E+0	30.662704624043080E+0
835.000000000000110E+0	-27.936694186565056E+0	33.830931371292692E+0
836.000000000000110E+0	-15.810088522156160E+0	16.638279832132365E+0
837.000000000000110E+0	-28.000568373314156E+0	36.037917870082325E+0
838.000000000000110E+0	-97.936454529378267E+0	100.300686588904800E+0
839.000000000000110E+0	-57.525765914638306E+0	54.550292554494305E+0
840.000000000000110E+0	-11.871318607870917E+0	11.414746829541452E+0
841.000000000000110E+0	-28.813098978572867E+0	31.511310378491807E+0
842.000000000000110E+0	-97.242896473254319E+0	95.807341197274880E+0
843.000000000000110E+0	-82.319510725193737E+0	79.980596617589327E+0
844.000000000000110E+0	-35.659958388357708E+0	34.030132811152420E+0
845.000000000000110E+0	-23.833023836644077E+0	26.073682527477455E+0
846.000000000000110E+0	-62.980630740366692E+0	60.854550327425066E+0
847.000000000000110E+0	-79.140267041543211E+0	68.995696205966354E+0
848.000000000000110E+0	-109.441898512927610E+0	107.937874140673830E+0
849.000000000000110E+0	-59.798603470046771E+0	61.097643209168403E+0
850.000000000000110E+0	-8.563106745505660E+0	6.329400171989791E+0
851.000000000000110E+0	-143.540208373633590E+0	140.522270247794780E+0
852.000000000000110E+0	-116.746339672457040E+0	124.912683362636470E+0
853.000000000000110E+0	-34.401530408229817E+0	46.439925498799980E+0
854.000000000000110E+0	-38.254667322503288E+0	51.634422942837020E+0
855.000000000000110E+0	-35.013657334024444E+0	46.167857233326728E+0
856.000000000000110E+0	-107.361713938988300E+0	119.912713167977930E+0
857.000000000000110E+0	-112.356307017554210E+0	132.101513497088860E+0
858.000000000000110E+0	-53.694338748636277E+0	66.036617768588186E+0
859.000000000000110E+0	-18.986740292784606E+0	23.926721908000140E+0
860.000000000000110E+0	-50.375580583260131E+0	80.786916491017308E+0
861.000000000000110E+0	-183.639728482038070E+0	272.725863446389950E+0
862.000000000000110E+0	-86.499859338581558E+0	129.553495803955340E+0
863.000000000000110E+0	-8.161761075956443E+0	21.629393129861107E+0
864.000000000000110E+0	-25.659385792962020E+0	76.759609332971806E+0
865.000000000000110E+0	-56.479601980828832E+0	161.164291372010270E+0
866.000000000000110E+0	-36.154831886439226E+0	119.946836012785070E+0
867.000000000000110E+0	-39.489650494880358E+0	183.744411919639500E+0
868.000000000000110E+0	-8.987850759279681E+0	59.304140929784566E+0
869.000000000000110E+0	-4.550666027319242E+0	49.212079460979140E+0
870.000000000000110E+0	-23.526801881399315E+0	286.122845125541630E+0
871.000000000000110E+0	-8.254798081614178E+0	177.783488788536910E+0
872.000000000000110E+0	-5.417575944647728E+0	82.381175941472392E+0
873.000000000000110E+0	-2.494076792542519E+0	30.106366631504926E+0
874.000000000000110E+0	-17.178735675990232E+0	143.905344872607490E+0
875.000000000000110E+0	-28.721424976032459E+0	235.649723476259170E+0
876.000000000000110E+0	-7.551804959178686E+0	143.194758824028890E+0
877.000000000000110E+0	-14.753424015396718E+0	150.736935780403510E+0
878.000000000000110E+0	-3.934213703972431E+0	41.912282694838709E+0
879.000000000000110E+0	1.215620787257498E+0	198.012795693105030E+0
880.000000000000110E+0	16.339366610057048E+0	533.117109554330790E+0
881.000000000000110E+0	8.153751092084097E+0	239.437495194859650E+0
882.000000000000110E+0	12.439320325212341E+0	39.584153544444803E+0
883.000000000000110E+0	86.599301808835989E+0	229.622654718385230E+0
884.000000000000110E+0	142.831326674504620E+0	323.480585864041980E+0
885.000000000000110E+0	140.802468137617100E+0	262.676046589614660E+0
886.000000000000110E+0	122.406899827316210E+0	183.628895901346540E+0
887.000000000000110E+0	51.292053620041955E+0	73.784320739888514E+0
888.000000000000110E+0	136.269150657680340E+0	130.475528504270780E+0
889.000000000000110E+0	349.540768972653610E+0	234.765399485688850E+0
890.000000000000110E+0	253.497793186224100E+0	125.404974430535050E+0
891.000000000000110E+0	98.441385177303658E+0	38.780645059767878E+0
892.000000000000110E+0	58.347077632077138E+0	33.420517351232213E+0
893.000000000000110E+0	344.805885392183030E+0	115.906314321930070E+0
894.000000000000110E+0	175.593467591017630E+0	41.885876534977015E+0
895.000000000000110E+0	81.337650259767059E+0	11.116180408116527E+0
896.000000000000110E+0	90.191662311884727E+0	7.183452837961992E+0
897.000000000000110E+0	37.759598289308357E+0	2.083221506802865E+0
898.000000000000110E+0	195.673941169892150E+0	626.558997352942960E-3
899.000000000000110E+0	212.303740910768510E+0	-17.157745588556850E+0
900.000000000000110E+0	64.404758477546281E+0	-5.702011594658260E+0
901.000000000000110E+0	15.503500118876634E+0	2.519553284898375E+0
902.000000000000110E+0	95.627499369509337E+0	-6.479357335636588E+0
903.000000000000110E+0	115.029342003815640E+0	-9.063813386687139E+0
904.000000000000110E+0	39.923180381997753E+0	-12.879750526155183E+0
905.000000000000110E+0	21.349431928799220E+0	-16.814814746330647E+0
906.000000000000110E+0	40.275547242326098E+0	-12.417610724049364E+0
907.000000000000110E+0	65.297184056802578E+0	-6.239768013322550E+0
908.000000000000110E+0	91.201604185452794E+0	7.559683172430145E+0
909.000000000000110E+0	63.598993115972213E+0	7.435834337295918E+0
910.000000000000110E+0	6.126173352060792E+0	4.155218192808031E+0
911.000000000000110E+0	33.839156172636578E+0	-18.073996806233438E+0
912.000000000000110E+0	111.903260269753370E+0	-30.315545817070255E+0
913.000000000000110E+0	38.143726165499089E+0	-14.147944699209109E+0
914.000000000000110E+0	26.881200875941641E+0	-9.273990652728886E+0
915.000000000000110E+0	29.173810040621088E+0	749.996396222055270E-3
916.000000000000110E+0	27.834683181713501E+0	-3.551629397488522E+0
917.000000000000110E+0	85.829889254631368E+0	2.515191683172414E+0
918.000000000000110E+0	49.452280049008117E+0	4.824326393562939E+0
919.000000000000110E+0	24.148237620533209E+0	1.454370879432614E+0
920.000000000000110E+0	-27.305072416601649E-3	-5.066011979840143E+0
921.000000000000110E+0	55.950621774256753E+0	-49.179660167648976E+0
922.000000000000110E+0	77.191882392625686E+0	-55.914777518728769E+0
923.000000000000110E+0	31.360568073057674E+0	-25.155185183084285E+0
924.000000000000110E+0	16.932180132172004E+0	-2.394433587730716E+0
925.000000000000110E+0	35.959603254659711E+0	-9.080250511534070E+0
926.000000000000110E+0	36.109774215789599E+0	-2.923359581197448E+0
927.000000000000110E+0	32.897946539062318E+0	-10.324022326264432E+0
928.000000000000110E+0	25.037197755540188E+0	-12.408445530845961E+0
929.000000000000110E+0	2.531453514990731E+0	-881.155345502008250E-3
930.000000000000110E+0	9.777246368464553E+0	-19.766337199745447E+0
931.000000000000110E+0	10.869653578543128E+0	-40.836371416626918E+0
932.000000000000110E+0	9.656883262957439E+0	-27.235589517162833E+0
933.000000000000110E+0	12.133475536700734E+0	-4.527592116330796E+0
934.000000000000110E+0	5.143832973660955E+0	5.596463005039372E+0
935.000000000000110E+0	3.462372293109245E+0	11.885147840830712E+0
936.000000000000110E+0	-883.730770967111060E-3	16.157110456687924E+0
937.000000000000110E+0	-6.958970691239939E+0	10.293013463258934E+0
938.000000000000110E+0	-6.428306841651526E+0	949.811899881989110E-3
939.000000000000110E+0	4.847998112129137E+0	-345.971817395949950E-3
940.000000000000110E+0	22.116518089333791E+0	7.571972174477746E+0
941.000000000000110E+0	26.674559134743770E+0	-7.018779822876932E+0
942.000000000000110E+0	14.755909490642527E+0	667.835308930729620E-3
943.000000000000110E+0	8.011535286010687E+0	22.823233437777414E+0
944.000000000000110E+0	-13.499659633167408E+0	36.632951185675992E+0
945.000000000000110E+0	-22.247458884209188E+0	17.419579070793617E+0
946.000000000000110E+0	-23.088993066359073E+0	14.614477783178362E+0
947.000000000000110E+0	-13.464185499235791E+0	6.743818682536545E+0
948.000000000000110E+0	4.168644551263994E+0	8.617413787424841E+0
949.000000000000110E+0	10.194651456266449E+0	64.068182969489271E+0
950.000000000000110E+0	24.110982979556159E+0	81.807576351804982E+0
951.000000000000110E+0	17.472559510339305E+0	51.990441967823145E+0
952.000000000000110E+0	374.685541057892200E-3	5.562769390794569E+0
953.000000000000110E+0	36.570463808206526E+0	42.318344313816588E+0
954.000000000000110E+0	60.499874367444079E+0	62.845600401028562E+0
955.000000000000110E+0	20.598358227354915E+0	22.590579329231335E+0
956.000000000000110E+0	22.985901219826410E+0	17.854751675246877E+0
957.000000000000110E+0	14.374506270576134E+0	9.488407132484951E+0
958.000000000000110E+0	25.756258472125278E+0	19.640978174625630E+0
959.000000000000110E+0	67.233166557015266E+0	45.954159136485728E+0
960.000000000000110E+0	25.072075657158152E+0	18.113996875944554E+0
961.000000000000110E+0	726.083517372861360E-3	2.723208524892345E+0
962.000000000000110E+0	15.915602886129182E+0	6.317647012854097E+0
963.000000000000110E+0	29.474364256890443E+0	14.335127820063812E+0
964.000000000000110E+0	26.461646302527196E+0	9.839503170536391E+0
965.000000000000110E+0	11.945217383623618E+0	5.538663851696819E+0
966.000000000000110E+0	8.124918235561742E+0	7.643745485028381E+0
967.000000000000110E+0	6.121867100622266E+0	12.266560168086741E+0
968.000000000000110E+0	7.717461171051656E+0	20.165727160880287E+0
969.000000000000110E+0	5.787478882462811E+0	22.140262826874569E+0
970.000000000000110E+0	-477.323305106847400E-3	7.246644955968305E+0
971.000000000000110E+0	3.575135761963519E+0	5.993778857956533E+0
972.000000000000110E+0	8.867813763254233E+0	57.019710687115797E+0
973.000000000000110E+0	3.020781012954383E+0	31.719562010158665E+0
974.000000000000110E+0	3.940236050417720E+0	10.615737898296160E+0
975.000000000000110E+0	1.347978330688734E+0	13.466986428530555E+0
976.000000000000110E+0	-768.553981652037140E-3	9.200285562178147E+0
977.000000000000110E+0	-1.421461446352882E+0	44.030827767709681E+0
978.000000000000110E+0	-3.599304847012275E+0	68.707602186314233E+0
979.000000000000110E+0	-6.385069320305741E+0	24.946827260484476E+0
980.000000000000110E+0	251.219538515221770E-3	563.128454141501810E-3
981.000000000000110E+0	22.246083983621254E+0	37.415498229514142E+0
982.000000000000110E+0	58.720079158171856E+0	99.140007681269694E+0
983.000000000000110E+0	32.970278730036071E+0	46.884184519848993E+0
984.000000000000110E+0	1.998472102256623E+0	1.777903659137207E+0
985.000000000000110E+0	19.272375478066916E+0	21.784206619112258E+0
986.000000000000110E+0	31.200785701290393E+0	23.870274596420593E+0
987.000000000000110E+0	45.995377840447574E+0	36.412527889414761E+0
988.000000000000110E+0	59.892905756414066E+0	33.047099233014009E+0
989.000000000000110E+0	13.273808819854349E+0	4.163541390609128E+0
990.000000000000110E+0	14.852365501733525E+0	1.465590535348455E+0
991.000000000000110E+0	82.413107971585106E+0	18.440349059467245E+0
992.000000000000110E+0	37.040730560355946E+0	6.730017257740137E+0
993.000000000000110E+0	7.542353625107220E+0	3.387113165814861E+0
994.000000000000110E+0	2.504809927221539E+0	-254.559847425914640E-3
995.000000000000110E+0	24.030005499465059E+0	6.831338849592709E+0
996.000000000000110E+0	35.525040405618022E+0	12.251700844538171E+0
997.000000000000110E+0	14.260864500042185E+0	1.436087455991173E+0
998.000000000000110E+0	14.829639353482364E+0	6.325116832663896E+0
999.000000000000110E+0	1.953435969893488E+0	846.580877581345480E-3
1.000000000000000E+3	40.227237152349062E+0	906.648928243114940E-3
