Freq (Hz)	accelerometre (V^2 )	source
source
source(V^2 )
10.000000000000020E+0	2.346098770751088E-3	187.196874778468660E-3
11.000000000000021E+0	2.179581145891394E-3	359.449645675290700E-3
12.000000000000023E+0	609.877069668134310E-6	1.012824140091872E+0
13.000000000000025E+0	511.072591375261150E-6	1.048964056217871E+0
14.000000000000027E+0	9.294966743721256E-3	1.768311013795160E+0
15.000000000000028E+0	21.800855572749179E-3	2.511697186370904E+0
16.000000000000032E+0	1.112609428501383E-3	3.180016770645563E+0
17.000000000000036E+0	12.394327713737724E-3	4.532933947180284E+0
18.000000000000039E+0	33.377947250256945E-3	4.851527304003218E+0
19.000000000000043E+0	6.467993285152550E-3	5.168023831981535E+0
20.000000000000046E+0	43.561515384910210E-3	6.081855376594096E+0
21.000000000000050E+0	46.633618572840076E-3	8.281083145911939E+0
22.000000000000053E+0	63.717997818428213E-3	9.704582794957743E+0
23.000000000000057E+0	104.515756641077600E-3	10.428642435116288E+0
24.000000000000060E+0	291.195442740510460E-3	17.142981429783056E+0
25.000000000000064E+0	677.220323872817050E-3	23.371930845515983E+0
26.000000000000067E+0	1.727571475305693E+0	40.904060541205197E+0
27.000000000000071E+0	999.734675014998460E-3	33.200504315097916E+0
28.000000000000075E+0	655.003241547587270E-3	32.281638659864463E+0
29.000000000000078E+0	265.866087228100900E-3	17.474893756840967E+0
30.000000000000082E+0	544.080372127808690E-3	14.946399733581933E+0
31.000000000000085E+0	2.478791043118984E+0	23.711380849026781E+0
32.000000000000085E+0	2.997007087626131E+0	29.787932017051638E+0
33.000000000000085E+0	2.475357061609316E+0	28.827270225711761E+0
34.000000000000085E+0	1.101275039509992E+0	19.352860887148307E+0
35.000000000000085E+0	1.888517587933084E+0	15.536363954568040E+0
36.000000000000085E+0	4.542416711812806E+0	37.015016713305201E+0
37.000000000000085E+0	2.020484087512350E+0	57.650206495734871E+0
38.000000000000085E+0	581.931927314932600E-3	37.931296331627941E+0
39.000000000000085E+0	422.514856708181620E-3	17.377229433507132E+0
40.000000000000085E+0	431.878915800067210E-3	33.779877253716656E+0
41.000000000000085E+0	793.573075787319610E-3	75.177599928731297E+0
42.000000000000085E+0	915.166056149323560E-3	71.917393981634603E+0
43.000000000000085E+0	610.212843515590240E-3	32.100369379385008E+0
44.000000000000085E+0	374.838742152952820E-3	19.027002662322541E+0
45.000000000000085E+0	1.036394174936663E+0	45.983374284092122E+0
46.000000000000085E+0	2.042385280024113E+0	77.075650818494410E+0
47.000000000000085E+0	2.236688236772039E+0	66.327966430304542E+0
48.000000000000085E+0	958.038039764303790E-3	25.012110510624538E+0
49.000000000000085E+0	1.001333215428508E+0	23.773108682039698E+0
50.000000000000085E+0	2.495467684382163E+0	83.959175044526660E+0
51.000000000000085E+0	2.858604241364258E+0	115.081797350201330E+0
52.000000000000085E+0	1.349247647593208E+0	60.321678797111801E+0
53.000000000000085E+0	286.698693059447560E-3	28.048726785443442E+0
54.000000000000085E+0	1.033691411909544E+0	66.072466645667106E+0
55.000000000000085E+0	2.168376349110786E+0	92.842965138292072E+0
56.000000000000085E+0	2.599546260785023E+0	102.187850673764740E+0
57.000000000000085E+0	2.307868009716458E+0	71.320338395199229E+0
58.000000000000085E+0	1.151257321547414E+0	24.667547534182955E+0
59.000000000000085E+0	4.459565120223953E+0	111.730542799267740E+0
60.000000000000085E+0	10.164848501052235E+0	235.433538352784580E+0
61.000000000000085E+0	8.216430703662834E+0	152.636335965058780E+0
62.000000000000085E+0	5.743614117360596E+0	71.858905000179476E+0
63.000000000000085E+0	17.284253710601114E+0	220.936163484079830E+0
64.000000000000085E+0	26.304475006382205E+0	320.139029415824380E+0
65.000000000000085E+0	31.542479394028639E+0	410.196102593227070E+0
66.000000000000085E+0	24.274704735117574E+0	360.260001670707990E+0
67.000000000000085E+0	5.725019354724141E+0	100.164273955547570E+0
68.000000000000085E+0	7.264130763116318E+0	105.251473530051270E+0
69.000000000000085E+0	17.399045232751224E+0	363.605632199453680E+0
70.000000000000085E+0	14.119860235847351E+0	375.743011094227600E+0
71.000000000000085E+0	3.222382364784591E+0	137.859428641790150E+0
72.000000000000085E+0	4.098187346859177E+0	131.222373412962500E+0
73.000000000000085E+0	7.743821163539489E+0	308.085377962985490E+0
74.000000000000085E+0	5.511022369534669E+0	298.398791031885480E+0
75.000000000000085E+0	4.734052658601689E+0	270.561556748954160E+0
76.000000000000085E+0	3.694879905606555E+0	190.681830852610740E+0
77.000000000000085E+0	534.454752320855930E-3	76.100044819836853E+0
78.000000000000085E+0	4.221200565767190E+0	341.702129046291590E+0
79.000000000000085E+0	4.897425825063175E+0	389.370014452021680E+0
80.000000000000085E+0	1.363855348401976E+0	115.319486425368880E+0
81.000000000000085E+0	38.357422244017413E-3	64.870896335750217E+0
82.000000000000085E+0	50.694196293436800E-3	143.506357312777880E+0
83.000000000000085E+0	451.880999411324870E-3	209.596525938555630E+0
84.000000000000085E+0	732.140903316554350E-3	134.777744436616930E+0
85.000000000000085E+0	127.376166385473330E-3	55.843654719353388E+0
86.000000000000085E+0	390.029610149583870E-3	43.817694976339844E+0
87.000000000000085E+0	1.023493263795679E+0	50.943374668222631E+0
88.000000000000085E+0	3.319105554715286E+0	222.292039829388930E+0
89.000000000000085E+0	1.721618061331990E+0	173.790429834350020E+0
90.000000000000085E+0	484.120778003000240E-3	3.763001268865379E+0
91.000000000000085E+0	2.967076093402485E+0	70.306118297230427E+0
92.000000000000085E+0	2.085154998355959E+0	113.116075089994720E+0
93.000000000000085E+0	962.535758414723160E-3	67.929058896951588E+0
94.000000000000085E+0	1.330493207652339E+0	58.607100298029515E+0
95.000000000000085E+0	211.367732622758150E-3	27.212862073204754E+0
96.000000000000085E+0	3.030276702974058E+0	29.487194480771091E+0
97.000000000000085E+0	10.660949315539309E+0	118.147292976987190E+0
98.000000000000085E+0	8.361846611463532E+0	113.264284349681470E+0
99.000000000000085E+0	2.336070989231141E+0	41.491780659436799E+0
100.000000000000090E+0	2.056422406097765E+0	8.080935677601841E+0
101.000000000000090E+0	16.915253514020900E+0	132.201775692682330E+0
102.000000000000090E+0	11.293293685528621E+0	177.246440345858080E+0
103.000000000000090E+0	494.150959514238490E-3	31.212849293395038E+0
104.000000000000090E+0	5.662995910667933E+0	68.588678118905634E+0
105.000000000000090E+0	1.105272218276971E+0	32.154048347106468E+0
106.000000000000090E+0	6.938925945668617E+0	80.326307865710078E+0
107.000000000000090E+0	11.123965459057368E+0	200.204888617082960E+0
108.000000000000090E+0	5.015672669002858E+0	108.762535517491870E+0
109.000000000000090E+0	507.559612165965010E-3	7.965264692102112E+0
110.000000000000090E+0	2.518857438126428E+0	89.058296986431998E+0
111.000000000000090E+0	4.822516085386712E+0	177.437245916779910E+0
112.000000000000090E+0	1.940751846460235E+0	105.533643006573780E+0
113.000000000000090E+0	827.465061265126200E-3	55.299035164370721E+0
114.000000000000090E+0	226.241441104207240E-3	30.787079132252426E+0
115.000000000000090E+0	146.578770470496670E-3	92.160954017794225E+0
116.000000000000090E+0	592.509064587766530E-3	121.377800305384680E+0
117.000000000000090E+0	2.221830533601657E+0	180.846098453607940E+0
118.000000000000090E+0	4.489604183866372E+0	98.014384963671460E+0
119.000000000000090E+0	1.032042407464115E+0	12.054751085619035E+0
120.000000000000090E+0	2.839140733982575E+0	286.769182742081000E+0
121.000000000000090E+0	10.563614233921665E+0	310.056400619449850E+0
122.000000000000090E+0	3.651893528536403E+0	52.041415865803401E+0
123.000000000000090E+0	6.652862779544972E+0	160.071097755458540E+0
124.000000000000090E+0	9.840523594774291E+0	99.183060833067444E+0
125.000000000000090E+0	22.286322047799210E+0	327.439771536411510E+0
126.000000000000090E+0	42.095314193543722E+0	379.515946603795330E+0
127.000000000000090E+0	38.397718177311575E+0	262.801347545735720E+0
128.000000000000090E+0	27.002330085455856E+0	45.599431088949714E+0
129.000000000000090E+0	61.542781151907533E+0	306.871549241319260E+0
130.000000000000090E+0	102.716742755081440E+0	509.491527624246030E+0
131.000000000000090E+0	60.631574916196200E+0	281.205111946944210E+0
132.000000000000090E+0	30.093150965598795E+0	67.384690364524545E+0
133.000000000000090E+0	70.176902316026130E+0	207.475498051153780E+0
134.000000000000090E+0	71.906057479635436E+0	214.282681156734500E+0
135.000000000000090E+0	83.830036114623951E+0	170.100911752775030E+0
136.000000000000090E+0	101.368290361524760E+0	239.056881303911100E+0
137.000000000000090E+0	33.447128493756352E+0	69.614012890270430E+0
138.000000000000090E+0	38.187994164345568E+0	71.556890960458645E+0
139.000000000000090E+0	99.397634969349966E+0	288.888159979013270E+0
140.000000000000090E+0	44.403552924554617E+0	146.592429545388770E+0
141.000000000000090E+0	13.197272467919799E+0	57.370199814671402E+0
142.000000000000090E+0	10.284008963248823E+0	50.601319087115101E+0
143.000000000000090E+0	31.632634324329437E+0	107.043050248478150E+0
144.000000000000090E+0	31.011300220625049E+0	127.777601952504060E+0
145.000000000000090E+0	18.676629026570271E+0	84.393796817882332E+0
146.000000000000090E+0	18.831264614129651E+0	85.683169598176960E+0
147.000000000000090E+0	8.448585439247505E+0	32.797967786976471E+0
148.000000000000090E+0	41.007703313368225E+0	136.929019683493320E+0
149.000000000000090E+0	56.517515035544740E+0	231.415502999825920E+0
150.000000000000090E+0	17.301103288765781E+0	82.248888738022146E+0
151.000000000000090E+0	7.873216729751510E+0	31.038035566958637E+0
152.000000000000090E+0	34.725157904935962E+0	131.414657506100270E+0
153.000000000000090E+0	30.339323849603556E+0	129.828523877126200E+0
154.000000000000090E+0	22.008642405950106E+0	98.617932632117174E+0
155.000000000000090E+0	20.806841136161303E+0	116.844879333817830E+0
156.000000000000090E+0	5.416842682333979E+0	36.316619791326232E+0
157.000000000000090E+0	18.093258997167730E+0	142.689040233534800E+0
158.000000000000090E+0	19.657290328645900E+0	190.771219758523760E+0
159.000000000000090E+0	12.093447177975317E+0	126.436711255333050E+0
160.000000000000090E+0	6.080223110145634E+0	45.953891298253609E+0
161.000000000000090E+0	9.299752777798997E+0	75.121235568716159E+0
162.000000000000090E+0	34.988676405979461E+0	238.817511942611050E+0
163.000000000000090E+0	20.082979522587152E+0	104.020628038150650E+0
164.000000000000090E+0	12.299347261385481E+0	60.476304384947696E+0
165.000000000000090E+0	16.442453654123319E+0	83.889507507230704E+0
166.000000000000090E+0	6.366007858241482E+0	41.778338858036378E+0
167.000000000000090E+0	28.547174680140802E+0	223.714015728088360E+0
168.000000000000090E+0	30.946676856547139E+0	209.206062429264930E+0
169.000000000000090E+0	7.284089315624046E+0	50.594036527736520E+0
170.000000000000090E+0	22.498092516506766E+0	56.952852594955530E+0
171.000000000000090E+0	51.967717898818158E+0	168.844329871595110E+0
172.000000000000090E+0	49.886132882702483E+0	164.568083856618950E+0
173.000000000000090E+0	28.511420827762969E+0	83.951544072749115E+0
174.000000000000090E+0	12.478195389584423E+0	50.823797400138019E+0
175.000000000000090E+0	9.588824402273916E+0	65.074653683435002E+0
176.000000000000090E+0	33.368670370232039E+0	176.753330115448560E+0
177.000000000000090E+0	21.853895524266239E+0	146.639563062601470E+0
178.000000000000090E+0	24.173201447645230E+0	158.662824371314140E+0
179.000000000000090E+0	2.925280854057978E+0	20.512750034267299E+0
180.000000000000090E+0	40.938757230550543E+0	158.649105549851410E+0
181.000000000000090E+0	79.070457297288300E+0	292.117231267037990E+0
182.000000000000090E+0	26.096051201252983E+0	94.029727311278037E+0
183.000000000000090E+0	26.043523400304700E+0	98.747080792190758E+0
184.000000000000090E+0	25.073083872920034E+0	93.357728950929228E+0
185.000000000000090E+0	37.516150987551285E+0	163.193109678715070E+0
186.000000000000090E+0	58.373458365850141E+0	288.161516653742070E+0
187.000000000000090E+0	46.112914386947025E+0	229.938304753671130E+0
188.000000000000090E+0	35.080137406218739E+0	73.663190475107370E+0
189.000000000000090E+0	32.163231756086859E+0	110.967580102081200E+0
190.000000000000090E+0	49.372731892355262E+0	354.453523568537890E+0
191.000000000000090E+0	65.956546059445912E+0	439.480836077498110E+0
192.000000000000090E+0	19.775262657666865E+0	156.968270216266720E+0
193.000000000000090E+0	23.720372135589304E+0	149.950124299806840E+0
194.000000000000090E+0	82.926098678295617E+0	332.527489348782520E+0
195.000000000000090E+0	106.584861870530320E+0	328.291185296219740E+0
196.000000000000090E+0	138.068499743319560E+0	401.971974666163420E+0
197.000000000000090E+0	72.656744306320149E+0	293.885634876695920E+0
198.000000000000090E+0	20.555601361799308E+0	68.118180755962868E+0
199.000000000000090E+0	188.493581523829280E+0	576.337644054900460E+0
200.000000000000090E+0	159.350437197432310E+0	531.513613522001150E+0
201.000000000000090E+0	82.754270303223819E+0	165.774453194137830E+0
202.000000000000090E+0	44.837209721855878E+0	148.782733122186100E+0
203.000000000000090E+0	24.805730648987559E+0	112.859475830549370E+0
204.000000000000090E+0	96.340083313142998E+0	360.838671358137050E+0
205.000000000000090E+0	60.385813982673611E+0	224.665526151934590E+0
206.000000000000090E+0	67.471040133270165E+0	206.494087645992350E+0
207.000000000000090E+0	21.561538391227547E+0	95.282898767637405E+0
208.000000000000090E+0	12.550322120016697E+0	100.579792660471910E+0
209.000000000000090E+0	37.016681831507569E+0	313.150615800989380E+0
210.000000000000080E+0	15.684103470079119E+0	224.474857374455410E+0
211.000000000000080E+0	12.450000244328548E+0	47.553076988066920E+0
212.000000000000080E+0	35.907978685350038E+0	136.369978034830070E+0
213.000000000000080E+0	20.335695846729518E+0	194.584234030096750E+0
214.000000000000080E+0	2.738459926171552E+0	127.778573490912460E+0
215.000000000000080E+0	1.256766069723602E+0	181.424753999134590E+0
216.000000000000080E+0	30.206419650652416E-3	102.099784072629620E+0
217.000000000000080E+0	3.871316248103777E+0	63.438440282842023E+0
218.000000000000080E+0	14.115964251631729E+0	230.296288938214190E+0
219.000000000000080E+0	17.032183387183849E+0	190.215190435145530E+0
220.000000000000080E+0	9.916082815527869E+0	109.306565951764740E+0
221.000000000000080E+0	3.395748576026934E+0	65.723287744223057E+0
222.000000000000080E+0	3.087639397440151E+0	142.497190710857670E+0
223.000000000000080E+0	13.075164160829095E+0	206.996346666896810E+0
224.000000000000080E+0	6.371761789624548E+0	86.012175343851453E+0
225.000000000000080E+0	13.132048147374338E+0	152.931946980851480E+0
226.000000000000080E+0	3.782975792305260E+0	71.897643799034810E+0
227.000000000000080E+0	6.188323654042582E+0	124.969519251042850E+0
228.000000000000080E+0	14.689332774152792E+0	256.697305633300350E+0
229.000000000000080E+0	7.571753141478209E+0	132.404855874804180E+0
230.000000000000080E+0	1.057774691463546E+0	52.011576338484893E+0
231.000000000000080E+0	5.360519064378694E+0	134.926647402658460E+0
232.000000000000080E+0	10.467682474296009E+0	168.525143264644130E+0
233.000000000000080E+0	8.021439795139445E+0	121.855322751693960E+0
234.000000000000080E+0	9.943363969202169E+0	159.667122571099470E+0
235.000000000000080E+0	4.296015367258947E+0	83.363803975567251E+0
236.000000000000080E+0	4.951282367381116E+0	128.161164583444530E+0
237.000000000000080E+0	4.819544694080307E+0	172.935766561648140E+0
238.000000000000080E+0	5.858725193973052E+0	235.508384787743490E+0
239.000000000000080E+0	2.291093635476439E+0	108.038624023222470E+0
240.000000000000080E+0	2.258638569133358E+0	67.981448477656073E+0
241.000000000000080E+0	1.900504954172825E+0	257.615299073785140E+0
242.000000000000080E+0	304.182679195423520E-3	171.357414173034020E+0
243.000000000000080E+0	321.547538673259080E-3	91.713268462964294E+0
244.000000000000080E+0	272.608757605988240E-3	188.598632989128760E+0
245.000000000000080E+0	567.293133446902690E-3	68.303196289426239E+0
246.000000000000080E+0	1.868828520232984E+0	173.095045385477850E+0
247.000000000000080E+0	2.946480864177834E+0	213.309060654008050E+0
248.000000000000080E+0	1.518035573574175E+0	125.460111395755380E+0
249.000000000000080E+0	918.407774797911360E-3	66.190852571292254E+0
250.000000000000080E+0	857.403175933385220E-3	150.667983139824230E+0
251.000000000000080E+0	659.930219872805530E-3	236.692044254511980E+0
252.000000000000080E+0	621.428308158408100E-3	115.874447282115210E+0
253.000000000000080E+0	812.518066448283840E-3	110.005527478919390E+0
254.000000000000080E+0	2.584973099136533E+0	122.700230831665100E+0
255.000000000000080E+0	4.427106714351554E+0	122.630234447592170E+0
256.000000000000110E+0	4.828537135338755E+0	146.170290711371820E+0
257.000000000000110E+0	5.196185443217274E+0	237.835678979914660E+0
258.000000000000110E+0	5.117150235032642E+0	73.958228786543032E+0
259.000000000000110E+0	2.908122421564254E+0	108.458716604617210E+0
260.000000000000110E+0	2.755785023182626E+0	297.485540412148280E+0
261.000000000000110E+0	441.813439409190160E-3	114.111905718669920E+0
262.000000000000110E+0	392.419029245530900E-3	115.502694055059040E+0
263.000000000000110E+0	1.822226841892563E+0	115.832340161878700E+0
264.000000000000110E+0	5.059467282168795E+0	127.186903370624880E+0
265.000000000000110E+0	6.900447110264525E+0	167.048514868249330E+0
266.000000000000110E+0	8.380000913987649E+0	168.223830356903160E+0
267.000000000000110E+0	10.467857734677240E+0	169.628717127745800E+0
268.000000000000110E+0	3.968333523925037E+0	59.486476300431512E+0
269.000000000000110E+0	1.976160068394765E+0	183.559888209668770E+0
270.000000000000110E+0	5.024790665604863E+0	321.251581344332750E+0
271.000000000000110E+0	509.591405799442950E-3	82.717754569088584E+0
272.000000000000110E+0	3.492377652053857E+0	130.569873717104510E+0
273.000000000000110E+0	6.194205272131599E+0	167.100756040133800E+0
274.000000000000110E+0	9.368857433021944E+0	144.872868026264260E+0
275.000000000000110E+0	14.530129081876421E+0	171.287512606663260E+0
276.000000000000110E+0	26.085511573369605E+0	231.630071567636380E+0
277.000000000000110E+0	13.597022157732024E+0	62.488121927185034E+0
278.000000000000110E+0	12.491783876126263E+0	179.060394962774670E+0
279.000000000000110E+0	26.313059288307279E+0	273.128877911254050E+0
280.000000000000110E+0	19.625261238240107E+0	177.588930853325510E+0
281.000000000000110E+0	13.432496721527006E+0	108.750324358229730E+0
282.000000000000110E+0	13.913193691737385E+0	112.289684755647240E+0
283.000000000000110E+0	48.540530246337944E+0	302.432254242029390E+0
284.000000000000110E+0	34.748790105093107E+0	131.855641954268150E+0
285.000000000000110E+0	43.958608862915618E+0	189.477298838310220E+0
286.000000000000110E+0	50.205021704535149E+0	208.910205911269570E+0
287.000000000000110E+0	17.730429024886661E+0	61.067264456244835E+0
288.000000000000110E+0	74.603785312210050E+0	345.573870820970510E+0
289.000000000000110E+0	80.425814973676353E+0	316.867595802980990E+0
290.000000000000110E+0	33.600812966725655E+0	101.802140879061000E+0
291.000000000000110E+0	45.275368452664210E+0	148.035256691561610E+0
292.000000000000110E+0	82.086821200785579E+0	251.490784613257890E+0
293.000000000000110E+0	78.294801481105111E+0	208.280314893037650E+0
294.000000000000110E+0	70.759216960880536E+0	178.255876236943780E+0
295.000000000000110E+0	69.587163279563001E+0	184.579580704974120E+0
296.000000000000110E+0	50.231449256414102E+0	135.960413255860150E+0
297.000000000000110E+0	58.580678547422643E+0	168.654573625836350E+0
298.000000000000110E+0	77.100300495273487E+0	296.208472979197380E+0
299.000000000000110E+0	49.498293631557672E+0	212.791523101913700E+0
300.000000000000110E+0	12.994793371045915E+0	69.268414982680696E+0
301.000000000000110E+0	35.122172477957399E+0	203.314232242580000E+0
302.000000000000110E+0	62.612855309109513E+0	363.497146560039080E+0
303.000000000000110E+0	15.953287698227466E+0	88.557134246896865E+0
304.000000000000110E+0	29.407375095170170E+0	226.590720660824760E+0
305.000000000000110E+0	13.572011279308054E+0	131.268727395942760E+0
306.000000000000110E+0	14.927640422303108E+0	124.834363245435910E+0
307.000000000000110E+0	26.016095675359157E+0	277.160787487009030E+0
308.000000000000110E+0	13.765478356727073E+0	203.652234442661720E+0
309.000000000000110E+0	5.811512261208957E+0	107.173789775757570E+0
310.000000000000110E+0	5.255348260954214E+0	108.812060352516110E+0
311.000000000000110E+0	8.405539992156090E+0	264.941842679961610E+0
312.000000000000110E+0	4.335630732352566E+0	237.206835238597390E+0
313.000000000000110E+0	1.079632376828252E+0	93.404037598426512E+0
314.000000000000110E+0	1.426089464886303E+0	153.819631114673910E+0
315.000000000000110E+0	1.381796206990025E+0	155.252010197192870E+0
316.000000000000110E+0	741.332440319076860E-3	137.520081478181340E+0
317.000000000000110E+0	2.908006946638518E+0	269.423616878273380E+0
318.000000000000110E+0	2.459597417292001E+0	172.487209529005670E+0
319.000000000000110E+0	1.482571691151783E+0	47.317874307033072E+0
320.000000000000110E+0	5.036624398347529E+0	268.866521434040240E+0
321.000000000000110E+0	3.907367299305056E+0	286.028151214110550E+0
322.000000000000110E+0	642.464163385394250E-3	110.539662275385010E+0
323.000000000000110E+0	741.586171805570740E-3	149.857668663869790E+0
324.000000000000110E+0	30.259746760547490E-3	113.490419506551490E+0
325.000000000000110E+0	1.044675508497911E+0	218.492868235808060E+0
326.000000000000110E+0	646.687280951470210E-3	204.928526658101790E+0
327.000000000000110E+0	866.029420581888030E-3	183.477345238167860E+0
328.000000000000110E+0	859.034932072560210E-3	132.062192758942300E+0
329.000000000000110E+0	2.808812617067550E+0	100.668027135216790E+0
330.000000000000110E+0	10.723134248116448E+0	423.221320651143170E+0
331.000000000000110E+0	13.656989767980605E+0	220.732395326643880E+0
332.000000000000110E+0	15.717381037025950E+0	97.381876944749280E+0
333.000000000000110E+0	21.685838669159715E+0	169.262337110772850E+0
334.000000000000110E+0	18.016148937627548E+0	239.685429611076930E+0
335.000000000000110E+0	17.370696142206601E+0	189.323118412959560E+0
336.000000000000110E+0	67.568242108201375E+0	319.698914601575100E+0
337.000000000000110E+0	35.613922714254933E+0	164.783315513192060E+0
338.000000000000110E+0	141.813679697725860E+0	131.950423813460670E+0
339.000000000000110E+0	434.117813754156370E+0	415.516146044119980E+0
340.000000000000110E+0	411.056767390923430E+0	359.298408719531270E+0
341.000000000000110E+0	224.306133770074610E+0	209.573952473202500E+0
342.000000000000110E+0	107.526770654316280E+0	131.385501856811460E+0
343.000000000000110E+0	174.182381073725710E+0	246.046680707615620E+0
344.000000000000110E+0	188.268579754516710E+0	343.317679228734390E+0
345.000000000000110E+0	113.424509495567530E+0	161.096544099676490E+0
346.000000000000110E+0	163.646428877405640E+0	225.195663384808450E+0
347.000000000000110E+0	77.596741434781833E+0	105.346421231932570E+0
348.000000000000110E+0	79.094547874253337E+0	186.398841883554950E+0
349.000000000000110E+0	129.042412021978120E+0	397.879343630734470E+0
350.000000000000110E+0	53.797172691770370E+0	160.834685272378690E+0
351.000000000000110E+0	25.249977855843383E+0	91.652678664194028E+0
352.000000000000110E+0	28.205776603632728E+0	166.882972873393190E+0
353.000000000000110E+0	62.506274818998420E+0	229.680792136144020E+0
354.000000000000110E+0	47.504282321849040E+0	217.380294428822170E+0
355.000000000000110E+0	18.535502824734696E+0	162.354667562368350E+0
356.000000000000110E+0	5.780130441198082E+0	116.206408797540650E+0
357.000000000000110E+0	8.783590991194703E+0	157.672941130792680E+0
358.000000000000110E+0	25.025188727890981E+0	245.630413362691880E+0
359.000000000000110E+0	39.565933810677976E+0	241.442155431328960E+0
360.000000000000110E+0	36.475501827062303E+0	151.126374737157500E+0
361.000000000000110E+0	21.343502555806186E+0	71.127932376597528E+0
362.000000000000110E+0	76.321527695908600E+0	351.845360083047690E+0
363.000000000000110E+0	46.000390636380430E+0	203.921536615073530E+0
364.000000000000110E+0	23.378630673532804E+0	154.048481167583470E+0
365.000000000000110E+0	23.131829965894557E+0	170.190455059061260E+0
366.000000000000110E+0	23.895389276717360E+0	103.978870538526480E+0
367.000000000000110E+0	48.439525988682554E+0	225.200084152812280E+0
368.000000000000110E+0	51.820368955395978E+0	310.749007284543150E+0
369.000000000000110E+0	22.273041680549078E+0	126.152846477838610E+0
370.000000000000110E+0	17.037271031391022E+0	114.472037058027210E+0
371.000000000000110E+0	12.776145082002630E+0	177.644013708368760E+0
372.000000000000110E+0	16.001903745094442E+0	328.166721100605400E+0
373.000000000000110E+0	10.652857185038803E+0	205.969401223655500E+0
374.000000000000110E+0	2.295222224384404E+0	112.160533280783940E+0
375.000000000000110E+0	722.582191089237820E-3	164.191922058707290E+0
376.000000000000110E+0	2.437321412051983E+0	198.405954514592790E+0
377.000000000000110E+0	16.424424439009236E+0	248.759648874596140E+0
378.000000000000110E+0	24.020963357482309E+0	294.301018264604520E+0
379.000000000000110E+0	15.785713495143142E+0	111.617867716554360E+0
380.000000000000110E+0	26.351622035747955E+0	174.801772455008940E+0
381.000000000000110E+0	40.304596420722945E+0	440.884783548769350E+0
382.000000000000110E+0	10.137700162871543E+0	203.661050899257560E+0
383.000000000000110E+0	4.614275090886607E+0	181.247357970507240E+0
384.000000000000110E+0	3.640749019802688E+0	137.006209778718930E+0
385.000000000000110E+0	12.185958826940524E+0	221.628684762701200E+0
386.000000000000110E+0	30.862434235783912E+0	358.243397121021250E+0
387.000000000000110E+0	34.249643953026421E+0	219.024007354727250E+0
388.000000000000110E+0	32.569544343017569E+0	210.306783924746380E+0
389.000000000000110E+0	16.202580747949931E+0	96.539190554939978E+0
390.000000000000110E+0	21.453059520143782E+0	285.148503254105780E+0
391.000000000000110E+0	25.073702990339363E+0	382.308860581702330E+0
392.000000000000110E+0	7.762764481754518E+0	154.898999011911740E+0
393.000000000000110E+0	10.016090292489940E+0	103.772181394685250E+0
394.000000000000110E+0	20.735646839799216E+0	232.207811370627500E+0
395.000000000000110E+0	27.159499697492748E+0	190.063675857091600E+0
396.000000000000110E+0	40.111950680065590E+0	301.593352510078720E+0
397.000000000000110E+0	22.845525548659822E+0	186.474854344675040E+0
398.000000000000110E+0	11.562244294811871E+0	75.103975275392443E+0
399.000000000000110E+0	10.496576130025909E+0	217.854874176766490E+0
400.000000000000110E+0	13.069577675826244E+0	320.936215616050330E+0
401.000000000000110E+0	8.239801082935060E+0	199.079697523099270E+0
402.000000000000110E+0	4.554002153821356E+0	130.786845710081540E+0
403.000000000000110E+0	3.870894723587833E+0	91.210783690307608E+0
404.000000000000110E+0	23.262815680373471E+0	341.862656636404440E+0
405.000000000000110E+0	15.130278124049472E+0	185.962871837764110E+0
406.000000000000110E+0	20.933306167575854E+0	195.071085100915330E+0
407.000000000000110E+0	20.584510948260071E+0	170.030442225311730E+0
408.000000000000110E+0	7.644008074325846E+0	77.995197123517045E+0
409.000000000000110E+0	7.814630930419620E+0	361.896717474960720E+0
410.000000000000110E+0	5.239130908220726E+0	284.775960827651660E+0
411.000000000000110E+0	555.150115133127510E-3	97.414208351712901E+0
412.000000000000110E+0	3.237485138566029E+0	110.832098457526920E+0
413.000000000000110E+0	8.182597728525126E+0	219.868718346184320E+0
414.000000000000110E+0	6.425227864664897E+0	246.848404356840030E+0
415.000000000000110E+0	4.708438505325260E+0	221.683447756442040E+0
416.000000000000110E+0	5.197861540946400E+0	116.615960966959930E+0
417.000000000000110E+0	3.139834691810308E+0	115.927769401073050E+0
418.000000000000110E+0	863.354006466222960E-3	235.975283252099810E+0
419.000000000000110E+0	5.209773409282070E+0	265.365938788415970E+0
420.000000000000110E+0	5.386685719885442E+0	243.884930187290760E+0
421.000000000000110E+0	970.701818614849390E-3	46.108880967399159E+0
422.000000000000110E+0	12.771250553596738E+0	213.036476087687050E+0
423.000000000000110E+0	16.566959335798714E+0	357.750493076883800E+0
424.000000000000110E+0	7.240047698006369E+0	169.730463378673450E+0
425.000000000000110E+0	8.442997529850595E+0	208.816954770145290E+0
426.000000000000110E+0	3.753808443390206E+0	126.552726993504510E+0
427.000000000000110E+0	25.494537003927906E+0	148.237867763764370E+0
428.000000000000110E+0	51.160034369504437E+0	421.795504447560520E+0
429.000000000000110E+0	28.815556903995827E+0	198.097089849116370E+0
430.000000000000110E+0	35.604639538894851E+0	146.310817244013860E+0
431.000000000000110E+0	36.635755405110949E+0	110.159369397203250E+0
432.000000000000110E+0	116.886574544897400E+0	348.815288794184200E+0
433.000000000000110E+0	131.891589442688540E+0	322.764303899961930E+0
434.000000000000110E+0	84.170805604563128E+0	157.165157757421270E+0
435.000000000000110E+0	78.258404882437901E+0	133.499430988663960E+0
436.000000000000110E+0	191.178155412696240E+0	208.449698109712470E+0
437.000000000000110E+0	235.947196354398730E+0	256.391947230168510E+0
438.000000000000110E+0	296.771327389859830E+0	374.043886695432090E+0
439.000000000000110E+0	184.810823646891980E+0	220.905371611520790E+0
440.000000000000110E+0	26.375563345621295E+0	51.740395844463798E+0
441.000000000000110E+0	321.730517687482460E+0	411.817089251711880E+0
442.000000000000110E+0	298.026942509817560E+0	370.370568758286820E+0
443.000000000000110E+0	189.229377314225270E+0	209.650233306628930E+0
444.000000000000110E+0	200.943009353775040E+0	213.779217937079520E+0
445.000000000000110E+0	109.086954368959100E+0	114.740132518627290E+0
446.000000000000110E+0	258.448259325374180E+0	315.989246285685110E+0
447.000000000000110E+0	262.744436690155740E+0	312.182458859501250E+0
448.000000000000110E+0	192.577096358767190E+0	214.353242378363030E+0
449.000000000000110E+0	104.266875978710910E+0	132.546487159116940E+0
450.000000000000110E+0	125.398742827596950E+0	123.461014272344870E+0
451.000000000000110E+0	412.579347148306910E+0	476.322853440255240E+0
452.000000000000110E+0	243.366663360937250E+0	279.829809614675300E+0
453.000000000000110E+0	102.017133828615270E+0	103.960189231763930E+0
454.000000000000110E+0	155.660943158173210E+0	172.426556735506810E+0
455.000000000000110E+0	187.534416787162540E+0	224.668720772321820E+0
456.000000000000110E+0	257.128481366411510E+0	302.350140424672760E+0
457.000000000000110E+0	250.468391909824900E+0	291.996196688646590E+0
458.000000000000110E+0	120.260315581242590E+0	159.522062839581340E+0
459.000000000000110E+0	101.129625255797240E+0	97.944480316338186E+0
460.000000000000110E+0	383.917393599265320E+0	446.472237024601160E+0
461.000000000000110E+0	234.014679540579350E+0	277.724258096384690E+0
462.000000000000110E+0	157.352010161141150E+0	216.493507976135650E+0
463.000000000000110E+0	84.225085774237087E+0	101.987272407680900E+0
464.000000000000110E+0	216.491157572577240E+0	248.013084835519520E+0
465.000000000000110E+0	304.923135977225230E+0	352.055569193876120E+0
466.000000000000110E+0	226.237875374589210E+0	222.454611719354570E+0
467.000000000000110E+0	268.238033932233520E+0	260.125755939279200E+0
468.000000000000110E+0	140.989144948289630E+0	112.061190479288340E+0
469.000000000000110E+0	432.477249021861270E+0	287.394593858621990E+0
470.000000000000110E+0	1.086121373153546E+3	615.975067337231620E+0
471.000000000000110E+0	543.406360810027880E+0	259.495586870376940E+0
472.000000000000110E+0	314.861727292385580E+0	123.995220827690940E+0
473.000000000000110E+0	639.173036425498370E+0	228.611686016589540E+0
474.000000000000110E+0	942.291579410173650E+0	329.715633776394950E+0
475.000000000000110E+0	1.035473953417848E+3	345.142078525448370E+0
476.000000000000110E+0	625.565795494183480E+0	229.136896509757490E+0
477.000000000000110E+0	271.535515754227730E+0	134.413461726165740E+0
478.000000000000110E+0	218.546827662325710E+0	149.952682917711850E+0
479.000000000000110E+0	419.613611330598360E+0	390.475342537831980E+0
480.000000000000110E+0	250.309957742011820E+0	282.106333651707810E+0
481.000000000000110E+0	122.200210179730940E+0	149.285980814946610E+0
482.000000000000110E+0	87.957601721070105E+0	87.475681977457484E+0
483.000000000000110E+0	246.269091622450280E+0	377.910521611743600E+0
484.000000000000110E+0	175.366893786945180E+0	297.700567780739500E+0
485.000000000000110E+0	85.760703331858593E+0	172.916532328528520E+0
486.000000000000110E+0	84.243949129100571E+0	194.243605839285920E+0
487.000000000000110E+0	35.489443294891913E+0	64.335083045317376E+0
488.000000000000110E+0	126.143248658568790E+0	341.069025422216440E+0
489.000000000000110E+0	109.647787552173100E+0	341.853363893970880E+0
490.000000000000110E+0	60.819055895878975E+0	158.923941661881400E+0
491.000000000000110E+0	36.805302605936575E+0	87.051751002152770E+0
492.000000000000110E+0	66.247769132346349E+0	220.680082862353570E+0
493.000000000000110E+0	99.104564386901018E+0	314.175748601141490E+0
494.000000000000110E+0	66.024443874597964E+0	225.749934720805920E+0
495.000000000000110E+0	36.547294924459834E+0	127.322442347018320E+0
496.000000000000110E+0	50.673871703708365E+0	141.622988697444070E+0
497.000000000000110E+0	64.710499137636162E+0	185.139862988565990E+0
498.000000000000110E+0	109.840152578107980E+0	357.978765986414660E+0
499.000000000000110E+0	75.702506909743832E+0	264.390595271794500E+0
500.000000000000110E+0	20.918208035414615E+0	86.013936916501365E+0
501.000000000000110E+0	33.813696978195978E+0	136.504085305858670E+0
502.000000000000110E+0	101.400184451168610E+0	412.740981158059010E+0
503.000000000000110E+0	55.675367903589311E+0	224.966909652676070E+0
504.000000000000110E+0	25.351756639675109E+0	154.172263435245500E+0
505.000000000000110E+0	43.347399308378996E+0	164.101028252219750E+0
506.000000000000110E+0	47.589796716323207E+0	139.345937546251350E+0
507.000000000000110E+0	84.777302145298464E+0	390.727665557090520E+0
508.000000000000110E+0	47.574095712307532E+0	219.236253403374890E+0
509.000000000000110E+0	29.026945278326394E+0	168.612759129580410E+0
510.000000000000110E+0	15.923832146590811E+0	62.814239163505626E+0
511.000000000000110E+0	54.442368218841537E+0	328.801822372832080E+0
512.000000000000110E+0	47.216603234669250E+0	407.732699699878650E+0
513.000000000000110E+0	19.397484172224061E+0	151.267248123005200E+0
514.000000000000110E+0	17.418567116473806E+0	130.989644635850080E+0
515.000000000000110E+0	6.147981159383135E+0	168.429208234572510E+0
516.000000000000110E+0	8.907456165960978E+0	208.796595047973970E+0
517.000000000000110E+0	15.900746216829258E+0	333.785461792852290E+0
518.000000000000110E+0	8.973610007660422E+0	241.506261592026480E+0
519.000000000000110E+0	5.175583760886786E+0	53.189075666031172E+0
520.000000000000110E+0	3.514282273965097E+0	275.424498627125220E+0
521.000000000000110E+0	3.673539867760416E+0	391.794383977152280E+0
522.000000000000110E+0	2.638700653725414E+0	245.376709562418060E+0
523.000000000000110E+0	9.704950597683247E+0	111.407127934583700E+0
524.000000000000110E+0	11.468078668860020E+0	123.646258284114040E+0
525.000000000000110E+0	6.917845479663053E+0	274.445173356932230E+0
526.000000000000110E+0	17.650933974874910E+0	308.235148977491460E+0
527.000000000000110E+0	15.157460676125467E+0	216.428648969702920E+0
528.000000000000110E+0	6.639924629373576E+0	181.168714066907430E+0
529.000000000000110E+0	7.720579450928239E+0	82.934556233822121E+0
530.000000000000110E+0	29.174383622482203E+0	468.126924735037280E+0
531.000000000000110E+0	23.319591371382746E+0	346.641142381008590E+0
532.000000000000110E+0	9.598820444991379E+0	87.273038527785147E+0
533.000000000000110E+0	6.804861787754108E+0	142.619873247087810E+0
534.000000000000110E+0	12.719824203984817E+0	197.392665940133870E+0
535.000000000000110E+0	28.054703604074849E+0	319.715766451125660E+0
536.000000000000110E+0	20.429732664326249E+0	276.118024338761980E+0
537.000000000000110E+0	16.151625568618073E+0	164.620327815468500E+0
538.000000000000110E+0	10.657991209991337E+0	73.060621716841283E+0
539.000000000000110E+0	20.943005606349168E+0	329.742499031991090E+0
540.000000000000110E+0	27.985436955379054E+0	337.783823871814490E+0
541.000000000000110E+0	26.156013436289516E+0	231.561737790145340E+0
542.000000000000110E+0	6.542011211508831E+0	57.422604237043721E+0
543.000000000000110E+0	10.063938654914882E+0	250.947796821658580E+0
544.000000000000110E+0	18.073814028616148E+0	366.863300554763780E+0
545.000000000000110E+0	16.940299801630790E+0	208.462126097279960E+0
546.000000000000110E+0	15.032845145569087E+0	230.153612207320290E+0
547.000000000000110E+0	6.054796898426817E+0	105.719547843956020E+0
548.000000000000110E+0	7.306159000867707E+0	151.795616498143830E+0
549.000000000000110E+0	22.088784591697731E+0	510.973988728237320E+0
550.000000000000110E+0	13.465943104701122E+0	256.550706300174620E+0
551.000000000000110E+0	3.839182732678933E+0	94.096021258360409E+0
552.000000000000110E+0	4.377905552041491E+0	158.178230117240900E+0
553.000000000000110E+0	16.178818145896052E+0	303.208174385253930E+0
554.000000000000110E+0	15.812693218885579E+0	382.948807567696860E+0
555.000000000000110E+0	6.528050048359779E+0	146.306667038099310E+0
556.000000000000110E+0	7.805656030249674E+0	161.445775336739250E+0
557.000000000000110E+0	7.310672473767417E+0	119.919986945820300E+0
558.000000000000110E+0	22.932751860481162E+0	319.840689090198790E+0
559.000000000000110E+0	29.088477236772469E+0	400.919151673842970E+0
560.000000000000110E+0	11.739093685113779E+0	179.461568676444670E+0
561.000000000000110E+0	431.584001718952780E-3	55.010252715553953E+0
562.000000000000110E+0	18.425839179707147E+0	411.843982846061120E+0
563.000000000000110E+0	16.259940619119320E+0	355.355571220346690E+0
564.000000000000110E+0	9.995158409061519E+0	184.445659390271490E+0
565.000000000000110E+0	6.627359875170873E+0	193.296498989895700E+0
566.000000000000110E+0	1.174438089532129E+0	83.517155184605727E+0
567.000000000000110E+0	1.639240562078758E+0	329.080736035456940E+0
568.000000000000110E+0	1.934132746940976E+0	363.756736723360350E+0
569.000000000000110E+0	2.938128439183171E+0	254.822480874453420E+0
570.000000000000110E+0	2.099903870125710E+0	90.779467981072130E+0
571.000000000000110E+0	4.586343697601384E+0	206.929349282979960E+0
572.000000000000110E+0	3.669751266901531E+0	476.998458853105150E+0
573.000000000000110E+0	1.890392085238957E+0	310.871062178724910E+0
574.000000000000110E+0	1.105030308200674E+0	98.630195598063807E+0
575.000000000000110E+0	735.781737386728580E-3	191.374775113518670E+0
576.000000000000110E+0	827.650704671494040E-3	156.997647568177400E+0
577.000000000000110E+0	1.839866477170489E+0	393.134297588866670E+0
578.000000000000110E+0	1.676091780811114E+0	371.967019696685840E+0
579.000000000000110E+0	157.487025004619920E-3	118.968506049262640E+0
580.000000000000110E+0	1.830724311049511E+0	124.258318238004650E+0
581.000000000000110E+0	14.520905467292902E+0	489.535949084747980E+0
582.000000000000110E+0	20.136912641812088E+0	353.194394078111200E+0
583.000000000000110E+0	16.045228294871261E+0	172.066013354743460E+0
584.000000000000110E+0	13.513702303093376E+0	128.432360217244340E+0
585.000000000000110E+0	13.046268043569507E+0	192.374516746871510E+0
586.000000000000110E+0	32.955502000778452E+0	381.452947200840070E+0
587.000000000000110E+0	44.579350865980146E+0	288.122389148823120E+0
588.000000000000110E+0	67.247622625852571E+0	272.223890265885980E+0
589.000000000000110E+0	23.632790094714522E+0	57.896801407501698E+0
590.000000000000110E+0	136.948906288813590E+0	365.125782169258680E+0
591.000000000000110E+0	206.644192124083390E+0	558.310894281118410E+0
592.000000000000110E+0	83.172189416097211E+0	204.499256658384100E+0
593.000000000000110E+0	52.464545790572103E+0	115.432416385741860E+0
594.000000000000110E+0	70.814622732109711E+0	184.921852774160100E+0
595.000000000000110E+0	113.115904659923400E+0	256.686305869188230E+0
596.000000000000110E+0	150.804166297196270E+0	346.954937495993700E+0
597.000000000000110E+0	126.676104581453270E+0	267.291443916508740E+0
598.000000000000110E+0	57.206421968075425E+0	89.847221986651874E+0
599.000000000000110E+0	89.193388483469661E+0	203.837202835798140E+0
600.000000000000110E+0	156.652951088006690E+0	436.304849023636680E+0
601.000000000000110E+0	138.784519258988840E+0	408.830374264861060E+0
602.000000000000110E+0	29.202319760628505E+0	98.680033090319767E+0
603.000000000000110E+0	57.627348921220893E+0	132.800981544804610E+0
604.000000000000110E+0	101.614994536094030E+0	306.887330189859940E+0
605.000000000000110E+0	77.436240524147280E+0	301.602170840419030E+0
606.000000000000110E+0	34.596190297960980E+0	227.068605238003470E+0
607.000000000000110E+0	17.208714841619333E+0	217.278812347788370E+0
608.000000000000110E+0	13.457359950509675E+0	54.416792660598574E+0
609.000000000000110E+0	79.952906775878063E+0	515.852040725029950E+0
610.000000000000110E+0	51.617698932851887E+0	457.317504594879840E+0
611.000000000000110E+0	19.771930164756899E+0	168.868652902349650E+0
612.000000000000110E+0	11.141090123721451E+0	92.447307763620259E+0
613.000000000000110E+0	33.648981255557253E+0	229.968703380703970E+0
614.000000000000110E+0	51.796227717314331E+0	370.686319173526040E+0
615.000000000000110E+0	26.868746030812929E+0	252.411751539308680E+0
616.000000000000110E+0	11.035232393139742E+0	188.022012658140140E+0
617.000000000000110E+0	5.929811148730474E+0	107.210637020440610E+0
618.000000000000110E+0	30.467736981323760E+0	217.915508827618080E+0
619.000000000000110E+0	75.850666696306419E+0	464.974337744845970E+0
620.000000000000110E+0	53.886507147102350E+0	375.693211161356090E+0
621.000000000000110E+0	6.991913696275306E+0	59.352384513398135E+0
622.000000000000110E+0	42.608806292258052E+0	230.738391188761540E+0
623.000000000000110E+0	77.585771679700059E+0	423.944368492797820E+0
624.000000000000110E+0	51.526768208203215E+0	250.659730601309860E+0
625.000000000000110E+0	32.696272198839665E+0	222.051954661343470E+0
626.000000000000110E+0	10.388069746709643E+0	138.026305541383440E+0
627.000000000000110E+0	41.026717036041106E+0	137.348024724879170E+0
628.000000000000110E+0	130.902471807464280E+0	468.948778859983690E+0
629.000000000000110E+0	104.501193522923510E+0	369.419953349879110E+0
630.000000000000110E+0	37.561451605413779E+0	168.624460639727490E+0
631.000000000000110E+0	23.006711067352008E+0	95.376350042712346E+0
632.000000000000110E+0	154.265861989451250E+0	375.796106402077780E+0
633.000000000000110E+0	214.159960423023820E+0	516.616875758309330E+0
634.000000000000110E+0	62.422737143384623E+0	149.749431075812340E+0
635.000000000000110E+0	78.744419749315313E+0	195.376040934647990E+0
636.000000000000110E+0	47.926704983218720E+0	109.755431669718720E+0
637.000000000000110E+0	194.335770288296540E+0	308.765591194424360E+0
638.000000000000110E+0	326.953480006436000E+0	447.305052065944780E+0
639.000000000000110E+0	254.674177045092250E+0	298.541180752994310E+0
640.000000000000110E+0	29.910145700720353E+0	38.746728206474515E+0
641.000000000000110E+0	329.614615940390650E+0	365.394508009759360E+0
642.000000000000110E+0	547.306449791134240E+0	453.715971223476290E+0
643.000000000000110E+0	456.578835714796870E+0	291.090550408981130E+0
644.000000000000110E+0	304.641407541036240E+0	177.687870375258110E+0
645.000000000000110E+0	194.665663741313270E+0	125.266127845293870E+0
646.000000000000110E+0	677.544061132926120E+0	292.997161075571110E+0
647.000000000000110E+0	1.011030881855387E+3	346.388245448962270E+0
648.000000000000110E+0	912.300907840947500E+0	316.311280593811550E+0
649.000000000000110E+0	345.818859098529970E+0	127.049645083599070E+0
650.000000000000110E+0	174.594617039500260E+0	71.932304986386470E+0
651.000000000000110E+0	1.378091915831258E+3	525.441869872453710E+0
652.000000000000110E+0	1.005733349014508E+3	408.376778775678590E+0
653.000000000000110E+0	213.276527372181420E+0	91.465472724796285E+0
654.000000000000110E+0	332.562456834344520E+0	177.350973308472220E+0
655.000000000000110E+0	270.570199280124480E+0	163.697655705234500E+0
656.000000000000110E+0	459.035449022139630E+0	321.182459234092900E+0
657.000000000000110E+0	400.126521823818390E+0	336.970601969016570E+0
658.000000000000110E+0	150.079174645507380E+0	137.517165010123080E+0
659.000000000000110E+0	41.204124755180985E+0	52.781344323465440E+0
660.000000000000110E+0	269.983771762074300E+0	318.104235384409320E+0
661.000000000000110E+0	333.582859564823760E+0	401.486022983789720E+0
662.000000000000110E+0	187.145575412572130E+0	211.203316008358110E+0
663.000000000000110E+0	85.981228209009046E+0	78.224096580721621E+0
664.000000000000110E+0	123.983522184407480E+0	169.226195012745900E+0
665.000000000000110E+0	253.265379708104400E+0	386.444522728566080E+0
666.000000000000110E+0	128.338001982279650E+0	207.469982450446050E+0
667.000000000000110E+0	216.817117095114720E+0	334.511695386357640E+0
668.000000000000110E+0	39.231058672958589E+0	72.858115154677421E+0
669.000000000000110E+0	161.544677976414330E+0	215.870344149736180E+0
670.000000000000110E+0	364.821473073295810E+0	531.606196709723920E+0
671.000000000000110E+0	180.962127500081550E+0	256.039244990973710E+0
672.000000000000110E+0	61.656878716096102E+0	76.725090630349456E+0
673.000000000000110E+0	74.380811837717246E+0	146.934297930424150E+0
674.000000000000110E+0	123.906099338425360E+0	231.332828300095630E+0
675.000000000000110E+0	206.319061215292270E+0	381.352188902031800E+0
676.000000000000110E+0	116.819825757609510E+0	207.717144366948700E+0
677.000000000000110E+0	95.945927092746316E+0	145.386472879758290E+0
678.000000000000110E+0	59.064874150563085E+0	93.613967944523466E+0
679.000000000000110E+0	106.851604145064310E+0	357.524247007061890E+0
680.000000000000110E+0	77.311228740701580E+0	469.049206306240990E+0
681.000000000000110E+0	9.986531986126730E+0	152.405287362939820E+0
682.000000000000110E+0	1.373944964705078E+0	64.043716746946515E+0
683.000000000000110E+0	4.664193019887975E+0	311.909758706664770E+0
684.000000000000110E+0	2.390516625413601E+0	301.980551705349970E+0
685.000000000000110E+0	3.289017017941072E+0	172.746080436601940E+0
686.000000000000110E+0	5.910763156362368E+0	207.688590050748100E+0
687.000000000000110E+0	3.563701425831946E+0	34.339558774182905E+0
688.000000000000110E+0	6.917535915204165E+0	297.584551677997130E+0
689.000000000000110E+0	7.895031960581626E+0	431.008456832049600E+0
690.000000000000110E+0	4.290443422375249E+0	220.586446858700180E+0
691.000000000000110E+0	1.832543391979716E+0	86.721970102010857E+0
692.000000000000110E+0	4.522390283049458E+0	144.644637427668980E+0
693.000000000000110E+0	15.762920061569071E+0	472.101531491026610E+0
694.000000000000110E+0	10.013584499327916E+0	241.252640048967210E+0
695.000000000000110E+0	4.211627382396311E+0	153.752830050562860E+0
696.000000000000110E+0	2.851408274261176E+0	139.209491459820190E+0
697.000000000000110E+0	1.242077729472202E+0	125.258925019383330E+0
698.000000000000110E+0	3.835434641276867E+0	348.718395947229910E+0
699.000000000000110E+0	5.313605649690948E+0	412.037858168147180E+0
700.000000000000110E+0	1.015946828629316E+0	73.755506043415991E+0
701.000000000000110E+0	3.483702625036687E+0	104.512491486774410E+0
702.000000000000110E+0	8.475601119583986E+0	335.955291689812160E+0
703.000000000000110E+0	8.116881841000943E+0	326.044146954747590E+0
704.000000000000110E+0	3.005551586770928E+0	177.310947264262210E+0
705.000000000000110E+0	1.392396927845665E+0	133.921852197815180E+0
706.000000000000110E+0	406.912812160232450E-3	108.827685086778470E+0
707.000000000000110E+0	1.762414221984680E+0	353.848718370352460E+0
708.000000000000110E+0	1.541674780858610E+0	292.354024114423050E+0
709.000000000000110E+0	922.022523775488320E-3	231.546329622033820E+0
710.000000000000110E+0	171.920208983873500E-3	35.141772576404399E+0
711.000000000000110E+0	238.929683065859100E-3	298.327713903227620E+0
712.000000000000110E+0	82.904396722140047E-3	524.539929550656210E+0
713.000000000000110E+0	28.729016553955052E-3	143.506509497509480E+0
714.000000000000110E+0	131.858810192032300E-3	117.425249721973610E+0
715.000000000000110E+0	109.898998472072180E-3	102.717373833196920E+0
716.000000000000110E+0	271.288845795541860E-3	174.522002402594860E+0
717.000000000000110E+0	457.090693273409450E-3	371.252561352558870E+0
718.000000000000110E+0	446.595422948309230E-3	266.745979453050210E+0
719.000000000000110E+0	55.700938519900309E-3	75.087816643313630E+0
720.000000000000110E+0	1.101646699056461E+0	152.899739787393940E+0
721.000000000000110E+0	2.020633718587373E+0	406.548395128470820E+0
722.000000000000110E+0	1.529035277250668E+0	345.091559152321110E+0
723.000000000000110E+0	330.241592501830160E-3	111.554605762241680E+0
724.000000000000110E+0	676.380227796868680E-3	104.567095233901110E+0
725.000000000000110E+0	4.009073220801332E+0	279.121123345537680E+0
726.000000000000110E+0	4.363508076627310E+0	235.682836559770830E+0
727.000000000000110E+0	7.948552787855628E+0	305.206223859077570E+0
728.000000000000110E+0	5.927762860171035E+0	153.076010065779260E+0
729.000000000000110E+0	2.893697649262916E+0	28.529871268138084E+0
730.000000000000110E+0	13.891082043017622E+0	396.155912785168770E+0
731.000000000000110E+0	18.362277716004133E+0	455.959861485455180E+0
732.000000000000110E+0	6.008598124113523E+0	106.645157158044480E+0
733.000000000000110E+0	2.222814280588353E+0	116.539144486170060E+0
734.000000000000110E+0	2.385073917122650E+0	111.238825485880430E+0
735.000000000000110E+0	11.040898444471011E+0	358.083010771314150E+0
736.000000000000110E+0	10.140842145433600E+0	264.693609137104030E+0
737.000000000000110E+0	9.407565366989866E+0	195.294599766433120E+0
738.000000000000110E+0	4.469106077055953E+0	70.695333750370239E+0
739.000000000000110E+0	5.386896314861185E+0	200.201979348833480E+0
740.000000000000110E+0	9.398955993410349E+0	498.047064369786430E+0
741.000000000000110E+0	6.082693019559484E+0	310.925743491369190E+0
742.000000000000110E+0	913.840697164978620E-3	50.950290823177241E+0
743.000000000000110E+0	2.815583522902250E+0	187.735697777837320E+0
744.000000000000110E+0	4.757337674863958E+0	305.382742111194720E+0
745.000000000000110E+0	2.498363426725748E+0	195.363650667392820E+0
746.000000000000110E+0	3.994519131217833E+0	238.050509114679930E+0
747.000000000000110E+0	1.641545386225799E+0	99.288862175102508E+0
748.000000000000110E+0	1.931523278455358E+0	96.101060652565380E+0
749.000000000000110E+0	4.294750442121588E+0	424.800393248739510E+0
750.000000000000110E+0	2.519437533380608E+0	332.798648575130870E+0
751.000000000000110E+0	742.320372373003190E-3	122.648421215149100E+0
752.000000000000110E+0	301.292887917779030E-3	53.720603016597728E+0
753.000000000000110E+0	3.190425919768005E+0	272.772412383573110E+0
754.000000000000110E+0	3.667761071755193E+0	419.730337056643410E+0
755.000000000000110E+0	1.674741634830780E+0	181.880439535885410E+0
756.000000000000110E+0	2.013729417290071E+0	175.098016000387730E+0
757.000000000000110E+0	1.163054554779315E+0	92.978025992658019E+0
758.000000000000110E+0	602.321236087596020E-3	239.526025072219990E+0
759.000000000000110E+0	1.081851624440695E+0	535.147654356684260E+0
760.000000000000110E+0	385.608583099263380E-3	185.063822392403320E+0
761.000000000000110E+0	454.923929562990830E-3	32.674107442696538E+0
762.000000000000110E+0	1.595150104969305E+0	242.943375354592580E+0
763.000000000000110E+0	2.322627203733470E+0	390.701033875293550E+0
764.000000000000110E+0	3.077903737059314E+0	184.136177881838680E+0
765.000000000000110E+0	5.804958333597847E+0	163.041249144264670E+0
766.000000000000110E+0	8.289497089209430E+0	48.194138858678819E+0
767.000000000000110E+0	7.952318846978147E+0	209.855714927488780E+0
768.000000000000110E+0	8.430701767032721E+0	290.609639608641490E+0
769.000000000000110E+0	10.420678102614186E+0	326.241904448899220E+0
770.000000000000110E+0	7.163682797566170E+0	113.697226344336370E+0
771.000000000000110E+0	2.292127725127507E+0	80.414440137108471E+0
772.000000000000110E+0	7.244150637687096E+0	469.282705472262930E+0
773.000000000000110E+0	9.196751286826148E+0	375.109942865863270E+0
774.000000000000110E+0	6.167985476196077E+0	104.797744090855260E+0
775.000000000000110E+0	10.334989585796730E+0	155.262324548371740E+0
776.000000000000110E+0	6.924145474480175E+0	116.002341602303460E+0
777.000000000000110E+0	6.915200758367218E+0	351.533001454843770E+0
778.000000000000110E+0	8.122064665183013E+0	448.420746094491280E+0
779.000000000000110E+0	1.115203705761854E+0	129.117838301025070E+0
780.000000000000110E+0	694.902228061133890E-3	48.405478306048550E+0
781.000000000000110E+0	4.318791732813962E+0	308.056346633234000E+0
782.000000000000110E+0	4.488026793468332E+0	382.496830646043920E+0
783.000000000000110E+0	1.545196947456372E+0	194.807406831468430E+0
784.000000000000110E+0	667.248082506129320E-3	74.589757498421676E+0
785.000000000000110E+0	1.178871321874092E+0	125.508746856094230E+0
786.000000000000110E+0	1.049379537957616E+0	251.999094953781960E+0
787.000000000000110E+0	820.019682721920160E-3	256.835693845981100E+0
788.000000000000110E+0	1.497657096658212E+0	273.657566915873420E+0
789.000000000000110E+0	950.893165266397890E-3	74.846773796488463E+0
790.000000000000110E+0	6.324769839018631E+0	181.402313563491080E+0
791.000000000000110E+0	16.622076428315044E+0	616.044575440450780E+0
792.000000000000110E+0	7.254016248067499E+0	240.224707715926850E+0
793.000000000000110E+0	6.057973538314829E+0	115.598498411225360E+0
794.000000000000110E+0	8.730004150211268E+0	121.836166349169690E+0
795.000000000000110E+0	9.635324774381511E+0	249.931902822128310E+0
796.000000000000110E+0	14.552130678503653E+0	336.579427055513010E+0
797.000000000000110E+0	22.434230506927094E+0	304.214666319115390E+0
798.000000000000110E+0	8.504082784289777E+0	113.681754457982070E+0
799.000000000000110E+0	14.434642209605272E+0	93.264667239708075E+0
800.000000000000110E+0	76.122082309972114E+0	374.207451390332100E+0
801.000000000000110E+0	137.794237046194300E+0	545.753830017300740E+0
802.000000000000110E+0	53.566419348278863E+0	143.419805319934030E+0
803.000000000000110E+0	15.585851061077403E+0	72.511798194107541E+0
804.000000000000110E+0	81.554126654377555E+0	245.669312040924980E+0
805.000000000000110E+0	124.059659475682340E+0	253.022725342717420E+0
806.000000000000110E+0	139.870853830888480E+0	231.683419871437140E+0
807.000000000000110E+0	136.438249259938320E+0	222.681862722253920E+0
808.000000000000110E+0	19.679202386046548E+0	21.657119767351020E+0
809.000000000000110E+0	139.909855520902280E+0	289.619787229794840E+0
810.000000000000110E+0	229.635664550391910E+0	456.018609584446490E+0
811.000000000000110E+0	92.464474258834144E+0	199.235350813518320E+0
812.000000000000110E+0	28.985772421934417E+0	68.710317677033970E+0
813.000000000000110E+0	70.368189270964450E+0	101.930716864685790E+0
814.000000000000110E+0	279.997970380430050E+0	395.800025099691770E+0
815.000000000000110E+0	204.923794061186610E+0	278.610137102297530E+0
816.000000000000110E+0	115.175745137772450E+0	181.588911513793450E+0
817.000000000000110E+0	86.534221843461495E+0	133.656393441255370E+0
818.000000000000110E+0	37.234067985328338E+0	95.120148844779521E+0
819.000000000000110E+0	154.031797381386920E+0	441.535824935139200E+0
820.000000000000110E+0	132.892949350828020E+0	417.833117712324450E+0
821.000000000000110E+0	27.655585684519686E+0	90.127146634355640E+0
822.000000000000110E+0	39.544803418617754E+0	105.234028191768560E+0
823.000000000000110E+0	102.829057278043590E+0	369.507846132959630E+0
824.000000000000110E+0	60.133336234919319E+0	240.961570200512230E+0
825.000000000000110E+0	56.411326328715724E+0	235.839637379283600E+0
826.000000000000110E+0	20.812634273713865E+0	86.688552380805547E+0
827.000000000000110E+0	11.302183451665561E+0	83.463941264983788E+0
828.000000000000110E+0	43.104337832825742E+0	289.686789651606090E+0
829.000000000000110E+0	44.874356805195745E+0	337.184901209030500E+0
830.000000000000110E+0	21.702099028984104E+0	187.351335943211380E+0
831.000000000000110E+0	2.438810714904994E+0	19.203963848580340E+0
832.000000000000110E+0	29.689318963581719E+0	215.309247633414170E+0
833.000000000000110E+0	48.255970807815338E+0	447.128278253688340E+0
834.000000000000110E+0	11.385893661297409E+0	122.111615206490160E+0
835.000000000000110E+0	14.273240909786784E+0	135.351898421744120E+0
836.000000000000110E+0	6.545307160527587E+0	81.285038183371185E+0
837.000000000000110E+0	14.696920674484497E+0	142.313361948928500E+0
838.000000000000110E+0	45.289490899379665E+0	434.277944979806020E+0
839.000000000000110E+0	24.835435798398468E+0	253.603110134720000E+0
840.000000000000110E+0	4.958994769182165E+0	55.508542625137615E+0
841.000000000000110E+0	14.709068830238900E+0	124.684576893062060E+0
842.000000000000110E+0	47.848278768887134E+0	390.437256516622030E+0
843.000000000000110E+0	40.849811054780076E+0	323.570963297523690E+0
844.000000000000110E+0	17.923281364936436E+0	136.482566261400880E+0
845.000000000000110E+0	13.298562178489581E+0	94.505956385925032E+0
846.000000000000110E+0	36.131763891401931E+0	212.676847999133600E+0
847.000000000000110E+0	42.838862654879776E+0	257.792580716217570E+0
848.000000000000110E+0	61.636794415839937E+0	383.994980285221860E+0
849.000000000000110E+0	37.432603312679774E+0	196.059422693737790E+0
850.000000000000110E+0	4.484438430947931E+0	26.236177983164517E+0
851.000000000000110E+0	83.267538275602504E+0	485.424564130775820E+0
852.000000000000110E+0	71.381852818087026E+0	410.264538872020580E+0
853.000000000000110E+0	24.224206299056323E+0	138.493144673215790E+0
854.000000000000110E+0	33.076371131457975E+0	125.180020260935090E+0
855.000000000000110E+0	31.968281145172273E+0	105.412366231396500E+0
856.000000000000110E+0	87.038878754607566E+0	298.219092909325810E+0
857.000000000000110E+0	93.798811795481939E+0	321.169827277088700E+0
858.000000000000110E+0	47.449383360732860E+0	153.192055741682910E+0
859.000000000000110E+0	16.227278616388514E+0	58.005412939256551E+0
860.000000000000110E+0	60.580365922559579E+0	150.026861215694370E+0
861.000000000000110E+0	211.629639310039690E+0	511.066497735576380E+0
862.000000000000110E+0	96.777405438263173E+0	251.068149573606150E+0
863.000000000000110E+0	13.230981857343469E+0	40.911216958790575E+0
864.000000000000110E+0	59.409182173828206E+0	110.833406028663600E+0
865.000000000000110E+0	123.381389329033250E+0	237.150658262854760E+0
866.000000000000110E+0	87.609284187090665E+0	179.918290010000760E+0
867.000000000000110E+0	125.702915452897470E+0	281.696755723549470E+0
868.000000000000110E+0	38.073160864921810E+0	95.144290773539112E+0
869.000000000000110E+0	34.128443393356029E+0	72.328336734772279E+0
870.000000000000110E+0	179.367606437870620E+0	460.420179115533410E+0
871.000000000000110E+0	107.951947008684060E+0	294.031628644640990E+0
872.000000000000110E+0	51.619424267961257E+0	132.538773416814450E+0
873.000000000000110E+0	19.572220473885242E+0	47.265125854202793E+0
874.000000000000110E+0	94.511563077684698E+0	223.113435480799350E+0
875.000000000000110E+0	155.225114005149120E+0	363.987428332588360E+0
876.000000000000110E+0	101.877425618827470E+0	202.473108526412350E+0
877.000000000000110E+0	117.731063976292690E+0	195.378691870275670E+0
878.000000000000110E+0	32.153935867018362E+0	55.619963507734134E+0
879.000000000000110E+0	165.962018248448880E+0	236.668051301461530E+0
880.000000000000110E+0	476.726173338240020E+0	597.454596871418630E+0
881.000000000000110E+0	221.929794507364480E+0	259.427094577531360E+0
882.000000000000110E+0	34.061894397614878E+0	51.913090316547745E+0
883.000000000000110E+0	246.280077790598080E+0	245.310372746059930E+0
884.000000000000110E+0	380.876176910399350E+0	329.110755258940460E+0
885.000000000000110E+0	323.387837218305660E+0	275.428009824055270E+0
886.000000000000110E+0	248.233599637159440E+0	196.973784948134550E+0
887.000000000000110E+0	101.559146494878490E+0	80.342995078738838E+0
888.000000000000110E+0	178.546054386056820E+0	200.371705212575160E+0
889.000000000000110E+0	403.559348013000890E+0	440.327019632205240E+0
890.000000000000110E+0	278.437427191535680E+0	288.175560897922310E+0
891.000000000000110E+0	110.309326805772680E+0	102.170879140914440E+0
892.000000000000110E+0	55.276755701542015E+0	82.619170805890548E+0
893.000000000000110E+0	281.995638229324580E+0	470.010209110473740E+0
894.000000000000110E+0	131.328486030080310E+0	248.542078685176280E+0
895.000000000000110E+0	56.343104503115931E+0	120.060562867380170E+0
896.000000000000110E+0	61.651093972474655E+0	133.405456421096830E+0
897.000000000000110E+0	23.204677917761476E+0	62.161270484872375E+0
898.000000000000110E+0	115.735905170075900E+0	331.375116953616270E+0
899.000000000000110E+0	120.219560564259840E+0	378.132050109621500E+0
900.000000000000110E+0	38.953393526527904E+0	107.898570109479540E+0
901.000000000000110E+0	7.019634236697089E+0	35.932814854385377E+0
902.000000000000110E+0	39.994582251309524E+0	230.657702419848560E+0
903.000000000000110E+0	43.039300789243825E+0	310.276656336070170E+0
904.000000000000110E+0	11.426592887878325E+0	155.604025025455880E+0
905.000000000000110E+0	11.659026757097054E+0	63.955056311061341E+0
906.000000000000110E+0	20.859884562844940E+0	85.468438874714309E+0
907.000000000000110E+0	29.029949753706113E+0	148.803220617857080E+0
908.000000000000110E+0	31.161129684951693E+0	269.965484914932060E+0
909.000000000000110E+0	17.494011485928958E+0	235.910784696627100E+0
910.000000000000110E+0	1.529182972857280E+0	38.450633715671366E+0
911.000000000000110E+0	11.235624766957903E+0	132.758349821972670E+0
912.000000000000110E+0	28.020525798955436E+0	481.801775404574530E+0
913.000000000000110E+0	8.314377494268602E+0	200.100707497837280E+0
914.000000000000110E+0	9.269384492362231E+0	88.004152851065498E+0
915.000000000000110E+0	8.265688996199094E+0	104.286493176108050E+0
916.000000000000110E+0	7.102274341411650E+0	112.218864346694320E+0
917.000000000000110E+0	21.935642574172483E+0	337.689303235692760E+0
918.000000000000110E+0	10.001867264852681E+0	249.121961660613860E+0
919.000000000000110E+0	4.324104654772054E+0	138.087815903174540E+0
920.000000000000110E+0	893.230956436909420E-3	32.908991944004406E+0
921.000000000000110E+0	15.837965030415585E+0	352.529266052254290E+0
922.000000000000110E+0	20.457056322675278E+0	444.989749376741370E+0
923.000000000000110E+0	9.296617240089791E+0	174.410385355924750E+0
924.000000000000110E+0	4.141064581637138E+0	70.993870385122449E+0
925.000000000000110E+0	6.952226947912662E+0	198.571716302038960E+0
926.000000000000110E+0	5.576999223834219E+0	236.372947404570540E+0
927.000000000000110E+0	3.505305756327489E+0	340.827971279331680E+0
928.000000000000110E+0	2.775464588830349E+0	283.992502747911260E+0
929.000000000000110E+0	219.405445493696010E-3	38.780656250079971E+0
930.000000000000110E+0	1.623147773999471E+0	305.399453390860510E+0
931.000000000000110E+0	3.439874731356832E+0	523.928262760977990E+0
932.000000000000110E+0	3.454275270507246E+0	243.618362228961530E+0
933.000000000000110E+0	1.677332606711465E+0	101.866144534361140E+0
934.000000000000110E+0	422.300338004109600E-3	144.988129563987970E+0
935.000000000000110E+0	444.906019891272490E-3	370.327133954962680E+0
936.000000000000110E+0	737.188789767393440E-3	372.035315595035400E+0
937.000000000000110E+0	707.981058817651170E-3	230.251769826800170E+0
938.000000000000110E+0	301.004543954270510E-3	158.675652632302670E+0
939.000000000000110E+0	309.536523432289050E-3	87.053679965921489E+0
940.000000000000110E+0	923.268425934479330E-3	609.931714635547220E+0
941.000000000000110E+0	1.693109476609950E+0	454.272451207075680E+0
942.000000000000110E+0	2.712620376970456E+0	80.917280611720145E+0
943.000000000000110E+0	3.855444248688340E+0	152.726857144346300E+0
944.000000000000110E+0	4.194888310945022E+0	367.400730413638140E+0
945.000000000000110E+0	2.859370901405419E+0	285.696412546490140E+0
946.000000000000110E+0	2.674011973652714E+0	286.202299774716830E+0
947.000000000000110E+0	1.605452945958953E+0	146.592293097710950E+0
948.000000000000110E+0	1.014171637976511E+0	97.513786492168421E+0
949.000000000000110E+0	10.591254888394591E+0	400.152240138547310E+0
950.000000000000110E+0	16.873969671559930E+0	432.917729911138390E+0
951.000000000000110E+0	13.175337067676395E+0	230.051421005033030E+0
952.000000000000110E+0	983.883531883237290E-3	35.457847746526248E+0
953.000000000000110E+0	10.960527432128803E+0	287.717289667977810E+0
954.000000000000110E+0	18.451934326870290E+0	414.227172654555320E+0
955.000000000000110E+0	6.151065494437831E+0	154.019048506820610E+0
956.000000000000110E+0	5.088600737857246E+0	168.670002250977520E+0
957.000000000000110E+0	3.177546901902572E+0	94.599791897870929E+0
958.000000000000110E+0	5.135489744639565E+0	205.803594843014710E+0
959.000000000000110E+0	11.994667873078807E+0	554.661168680833610E+0
960.000000000000110E+0	4.661677598369267E+0	206.550299133319640E+0
961.000000000000110E+0	350.984088044147100E-3	24.218953925402467E+0
962.000000000000110E+0	1.695740081178753E+0	175.632366665539760E+0
963.000000000000110E+0	3.333081133862602E+0	324.226570811812680E+0
964.000000000000110E+0	2.853400234520982E+0	280.296733523482430E+0
965.000000000000110E+0	1.845452541616479E+0	94.366992167341664E+0
966.000000000000110E+0	1.492876021986026E+0	83.720970036033790E+0
967.000000000000110E+0	1.518963066468191E+0	124.231826585560800E+0
968.000000000000110E+0	1.947630640051615E+0	240.046305412151180E+0
969.000000000000110E+0	2.005517939262417E+0	262.354252194253550E+0
970.000000000000110E+0	604.973103864947290E-3	88.669715603541164E+0
971.000000000000110E+0	1.035975445245426E+0	47.408664151414129E+0
972.000000000000110E+0	7.292991531728148E+0	457.328764934604010E+0
973.000000000000110E+0	3.750008752129101E+0	272.143599079120580E+0
974.000000000000110E+0	1.872143423929196E+0	69.352829610488214E+0
975.000000000000110E+0	2.801266202843484E+0	66.193229469544235E+0
976.000000000000110E+0	2.097982948727663E+0	41.573565182326725E+0
977.000000000000110E+0	10.042202653126370E+0	194.843299508753550E+0
978.000000000000110E+0	18.457463820866458E+0	258.075443563004570E+0
979.000000000000110E+0	7.648873886025815E+0	88.075843106550408E+0
980.000000000000110E+0	149.581967625315750E-3	13.528731936079961E+0
981.000000000000110E+0	14.543716605780020E+0	132.311304816679860E+0
982.000000000000110E+0	42.376935942626822E+0	315.345964672482180E+0
983.000000000000110E+0	21.951257673811988E+0	150.896696870011080E+0
984.000000000000110E+0	1.603681196909351E+0	4.924473404539176E+0
985.000000000000110E+0	12.130668072054119E+0	70.155286176900489E+0
986.000000000000110E+0	15.789688378439527E+0	98.386507816319849E+0
987.000000000000110E+0	23.037172221855911E+0	150.379903267374830E+0
988.000000000000110E+0	23.577769373050227E+0	199.948946282740910E+0
989.000000000000110E+0	6.026631643547860E+0	32.925097335339949E+0
990.000000000000110E+0	3.991276244655205E+0	57.653474200618689E+0
991.000000000000110E+0	24.489151318607252E+0	292.416433363517740E+0
992.000000000000110E+0	11.547003735497814E+0	123.503361197652450E+0
993.000000000000110E+0	2.890028037657230E+0	24.135061867119695E+0
994.000000000000110E+0	598.708175129974210E-3	12.691749156601745E+0
995.000000000000110E+0	7.454352726636992E+0	85.054709007867729E+0
996.000000000000110E+0	8.949006784934880E+0	159.382128961743290E+0
997.000000000000110E+0	3.504884568322436E+0	59.851308650205354E+0
998.000000000000110E+0	4.298900271272482E+0	61.151751199255976E+0
999.000000000000110E+0	1.227897385643657E+0	3.857173871713073E+0
1.000000000000000E+3	9.876185817216035E+0	164.935396937919390E+0
