Freq (Hz)	Coh_accelerometre /source
source
source
10.000000000000018E+0	979.950056750369280E-3
11.000000000000020E+0	978.507837332969640E-3
12.000000000000021E+0	984.190446961038520E-3
13.000000000000023E+0	979.651159675387850E-3
14.000000000000025E+0	995.024947634861930E-3
15.000000000000027E+0	989.662679418831900E-3
16.000000000000028E+0	915.588695503368850E-3
17.000000000000028E+0	994.871333438643420E-3
18.000000000000028E+0	997.420670092358570E-3
19.000000000000028E+0	995.629799888618220E-3
20.000000000000028E+0	998.526480190283340E-3
21.000000000000028E+0	996.961396919471610E-3
22.000000000000028E+0	994.863784439669160E-3
23.000000000000028E+0	999.165140329379640E-3
24.000000000000028E+0	999.661316530231050E-3
25.000000000000028E+0	999.751691155217340E-3
26.000000000000028E+0	999.729006429133980E-3
27.000000000000028E+0	999.606622877248660E-3
28.000000000000028E+0	999.731625391015340E-3
29.000000000000028E+0	999.549154370784950E-3
30.000000000000028E+0	999.430036631313250E-3
31.000000000000028E+0	999.831540172323340E-3
32.000000000000028E+0	999.604894400106580E-3
33.000000000000028E+0	999.514484929642680E-3
34.000000000000028E+0	996.763005793406260E-3
35.000000000000028E+0	990.733932226649180E-3
36.000000000000028E+0	996.847483403928040E-3
37.000000000000028E+0	999.464838814258740E-3
38.000000000000028E+0	999.389243575217410E-3
39.000000000000028E+0	998.712371372214690E-3
40.000000000000028E+0	999.784441722689100E-3
41.000000000000028E+0	999.902547615299060E-3
42.000000000000028E+0	999.898069377338490E-3
43.000000000000028E+0	999.931852396281570E-3
44.000000000000028E+0	999.879160996599570E-3
45.000000000000028E+0	999.841362364555670E-3
46.000000000000028E+0	998.270302682883640E-3
47.000000000000028E+0	999.044995318816630E-3
48.000000000000028E+0	999.568053039983530E-3
49.000000000000028E+0	999.558948392819450E-3
50.000000000000028E+0	999.836071756585060E-3
51.000000000000028E+0	999.883461854251920E-3
52.000000000000028E+0	999.916584331206110E-3
53.000000000000028E+0	999.699628134189220E-3
54.000000000000028E+0	999.863118458980900E-3
55.000000000000028E+0	999.915936722653110E-3
56.000000000000028E+0	999.876581928658580E-3
57.000000000000028E+0	999.902794737667520E-3
58.000000000000028E+0	999.909514435538330E-3
59.000000000000028E+0	999.910767648432900E-3
60.000000000000028E+0	999.935009539187790E-3
61.000000000000028E+0	999.924526064254640E-3
62.000000000000028E+0	999.901531846394960E-3
63.000000000000028E+0	999.948013992879140E-3
64.000000000000028E+0	999.964944497093830E-3
65.000000000000028E+0	999.943684694178710E-3
66.000000000000028E+0	999.919171756266210E-3
67.000000000000028E+0	999.361355966377980E-3
68.000000000000028E+0	999.719944111299940E-3
69.000000000000028E+0	999.936850918342720E-3
70.000000000000028E+0	999.820137134571960E-3
71.000000000000028E+0	999.225193008525750E-3
72.000000000000028E+0	999.443828859187590E-3
73.000000000000028E+0	999.563122209944590E-3
74.000000000000028E+0	999.209770753531010E-3
75.000000000000028E+0	999.780777989825120E-3
76.000000000000028E+0	999.938169537194390E-3
77.000000000000028E+0	999.590633993016400E-3
78.000000000000028E+0	999.845343248842330E-3
79.000000000000028E+0	999.969834584431890E-3
80.000000000000028E+0	999.915563505399120E-3
81.000000000000028E+0	999.840386445957740E-3
82.000000000000028E+0	999.943097132517060E-3
83.000000000000028E+0	999.889688295681700E-3
84.000000000000028E+0	999.786492263468610E-3
85.000000000000028E+0	999.379294095096630E-3
86.000000000000028E+0	999.376280126639480E-3
87.000000000000028E+0	999.301187308215490E-3
88.000000000000028E+0	999.909598606216530E-3
89.000000000000028E+0	999.896333552018900E-3
90.000000000000028E+0	995.824882112243290E-3
91.000000000000028E+0	999.516796399979150E-3
92.000000000000028E+0	999.625877234498470E-3
93.000000000000028E+0	999.423195798098240E-3
94.000000000000028E+0	999.599413822209850E-3
95.000000000000028E+0	999.030760560627780E-3
96.000000000000028E+0	998.932976634365310E-3
97.000000000000028E+0	999.711920423295040E-3
98.000000000000028E+0	999.693998549393230E-3
99.000000000000028E+0	999.211226829387120E-3
100.000000000000030E+0	994.382132235214320E-3
101.000000000000030E+0	999.534327339055340E-3
102.000000000000030E+0	999.231981425779290E-3
103.000000000000030E+0	988.559045158001080E-3
104.000000000000030E+0	998.453426671693680E-3
105.000000000000030E+0	990.371476735730890E-3
106.000000000000030E+0	996.646348602309720E-3
107.000000000000030E+0	998.874929939634230E-3
108.000000000000030E+0	998.789844408450310E-3
109.000000000000030E+0	997.794030129729890E-3
110.000000000000030E+0	997.623432540152180E-3
111.000000000000030E+0	998.159380944053990E-3
112.000000000000030E+0	997.978752619739450E-3
113.000000000000030E+0	996.801042340173190E-3
114.000000000000030E+0	998.784386626616730E-3
115.000000000000030E+0	999.323320979514930E-3
116.000000000000030E+0	999.635910568992040E-3
117.000000000000030E+0	999.471100469597750E-3
118.000000000000030E+0	999.162211173172280E-3
119.000000000000030E+0	706.215907960463630E-3
120.000000000000030E+0	999.486680455145990E-3
121.000000000000030E+0	999.722804102437860E-3
122.000000000000030E+0	997.728793649411030E-3
123.000000000000030E+0	999.613457153801230E-3
124.000000000000030E+0	999.084184847067070E-3
125.000000000000030E+0	999.796093219382450E-3
126.000000000000030E+0	999.906732592074410E-3
127.000000000000030E+0	999.892173393006510E-3
128.000000000000030E+0	999.836495572706710E-3
129.000000000000030E+0	999.928028903612540E-3
130.000000000000030E+0	999.946889853946090E-3
131.000000000000030E+0	999.828555293089000E-3
132.000000000000030E+0	999.183800579678480E-3
133.000000000000030E+0	999.886865676488660E-3
134.000000000000030E+0	999.827753627386410E-3
135.000000000000030E+0	999.896451284211780E-3
136.000000000000030E+0	999.952062873579070E-3
137.000000000000030E+0	999.241515835216700E-3
138.000000000000030E+0	999.486797381608500E-3
139.000000000000030E+0	999.914700709193300E-3
140.000000000000030E+0	999.716963173498120E-3
141.000000000000030E+0	999.000098849670340E-3
142.000000000000030E+0	998.350812459637530E-3
143.000000000000030E+0	999.583381902109160E-3
144.000000000000030E+0	999.780103190567870E-3
145.000000000000030E+0	999.675605462757800E-3
146.000000000000030E+0	999.639123542916400E-3
147.000000000000030E+0	998.426696285467540E-3
148.000000000000030E+0	999.656808039415920E-3
149.000000000000030E+0	999.758160559025000E-3
150.000000000000030E+0	998.759444701377450E-3
151.000000000000030E+0	993.914426410104300E-3
152.000000000000030E+0	998.766311281951810E-3
153.000000000000030E+0	998.912022612600260E-3
154.000000000000030E+0	998.823310649245900E-3
155.000000000000030E+0	998.917253555502200E-3
156.000000000000030E+0	994.676752542617000E-3
157.000000000000030E+0	999.241294273298660E-3
158.000000000000030E+0	999.480736786437340E-3
159.000000000000030E+0	999.263015433647930E-3
160.000000000000030E+0	997.607243023561520E-3
161.000000000000030E+0	997.666324365974020E-3
162.000000000000030E+0	999.833392684776670E-3
163.000000000000030E+0	999.656091410660920E-3
164.000000000000030E+0	998.999852033736650E-3
165.000000000000030E+0	999.361750756956320E-3
166.000000000000030E+0	994.692503352392230E-3
167.000000000000030E+0	998.843658289471750E-3
168.000000000000030E+0	999.047330821151380E-3
169.000000000000030E+0	996.554207273937730E-3
170.000000000000030E+0	998.626546158632890E-3
171.000000000000030E+0	999.340454253646260E-3
172.000000000000030E+0	999.154911969039830E-3
173.000000000000030E+0	998.124334226027530E-3
174.000000000000030E+0	997.216024595415920E-3
175.000000000000030E+0	974.459742614535500E-3
176.000000000000030E+0	985.397163910665780E-3
177.000000000000030E+0	986.614957818663600E-3
178.000000000000030E+0	994.394843661518090E-3
179.000000000000030E+0	973.269006639057470E-3
180.000000000000030E+0	997.809079089136630E-3
181.000000000000030E+0	999.757494644533450E-3
182.000000000000030E+0	999.588029646031220E-3
183.000000000000030E+0	999.193422586913130E-3
184.000000000000030E+0	999.378820863858980E-3
185.000000000000030E+0	986.340965415680170E-3
186.000000000000030E+0	997.277206828087070E-3
187.000000000000030E+0	998.541100968923900E-3
188.000000000000030E+0	997.240915486188650E-3
189.000000000000030E+0	999.220577820604920E-3
190.000000000000030E+0	999.422393438272330E-3
191.000000000000030E+0	999.503659917903460E-3
192.000000000000030E+0	999.295560091332800E-3
193.000000000000030E+0	998.240566779741930E-3
194.000000000000030E+0	998.513772768728660E-3
195.000000000000030E+0	998.868048314550450E-3
196.000000000000030E+0	999.256316095436860E-3
197.000000000000030E+0	998.822454468189960E-3
198.000000000000030E+0	936.996792419638180E-3
199.000000000000030E+0	998.190451042611060E-3
200.000000000000030E+0	996.618513368231930E-3
201.000000000000030E+0	998.376338044009380E-3
202.000000000000030E+0	999.054131389622180E-3
203.000000000000030E+0	966.035676756271670E-3
204.000000000000030E+0	987.372063042229460E-3
205.000000000000030E+0	981.288537911304210E-3
206.000000000000030E+0	984.747495678281680E-3
207.000000000000030E+0	976.132826685127020E-3
208.000000000000030E+0	998.148257101304950E-3
209.000000000000030E+0	999.064178941750260E-3
210.000000000000030E+0	998.190349906214580E-3
211.000000000000030E+0	996.898744221505710E-3
212.000000000000030E+0	993.858722073183040E-3
213.000000000000030E+0	999.119294337813100E-3
214.000000000000030E+0	998.964412588359220E-3
215.000000000000030E+0	997.578260953996040E-3
216.000000000000030E+0	995.005155134917940E-3
217.000000000000030E+0	994.477541019130770E-3
218.000000000000030E+0	998.809901032094770E-3
219.000000000000030E+0	994.701704888725670E-3
220.000000000000030E+0	898.416028980616230E-3
221.000000000000030E+0	992.670559587171990E-3
222.000000000000030E+0	998.104071407000080E-3
223.000000000000030E+0	998.631623377714270E-3
224.000000000000030E+0	997.897943848541910E-3
225.000000000000030E+0	996.912559176839190E-3
226.000000000000030E+0	991.126351891640560E-3
227.000000000000030E+0	996.656880721418560E-3
228.000000000000030E+0	998.681450992980000E-3
229.000000000000030E+0	998.239798968725280E-3
230.000000000000030E+0	997.718225657181600E-3
231.000000000000030E+0	998.821040775119460E-3
232.000000000000030E+0	996.668703479480220E-3
233.000000000000030E+0	984.029891983642880E-3
234.000000000000030E+0	994.512245318302290E-3
235.000000000000030E+0	993.315956634279300E-3
236.000000000000030E+0	994.075465466536360E-3
237.000000000000030E+0	832.078208626216060E-3
238.000000000000030E+0	969.558516523156280E-3
239.000000000000030E+0	992.190671505145390E-3
240.000000000000030E+0	984.313425112337770E-3
241.000000000000030E+0	998.496723101651940E-3
242.000000000000030E+0	997.625884086452250E-3
243.000000000000030E+0	995.150001392181020E-3
244.000000000000030E+0	998.387972897101570E-3
245.000000000000030E+0	940.504305004246640E-3
246.000000000000030E+0	998.163044804466270E-3
247.000000000000030E+0	999.338495520253670E-3
248.000000000000030E+0	999.040990028787320E-3
249.000000000000030E+0	995.941076762641320E-3
250.000000000000030E+0	988.003928874446320E-3
251.000000000000030E+0	994.838950206632820E-3
252.000000000000030E+0	994.107110657477250E-3
253.000000000000030E+0	995.784348141962700E-3
254.000000000000030E+0	996.499779515920610E-3
255.000000000000030E+0	998.119551129556860E-3
256.000000000000060E+0	999.480749146070210E-3
257.000000000000060E+0	999.476554321398370E-3
258.000000000000060E+0	998.569211341785440E-3
259.000000000000060E+0	997.552140010091400E-3
260.000000000000060E+0	998.508290216684630E-3
261.000000000000060E+0	994.538171585231830E-3
262.000000000000060E+0	980.667515010673400E-3
263.000000000000060E+0	992.624732045317760E-3
264.000000000000060E+0	995.641509383804690E-3
265.000000000000060E+0	997.680913435782800E-3
266.000000000000060E+0	998.701897655052680E-3
267.000000000000060E+0	999.274985771953510E-3
268.000000000000060E+0	997.992753055871760E-3
269.000000000000060E+0	998.097362761298120E-3
270.000000000000060E+0	998.785417270448670E-3
271.000000000000060E+0	993.886213735431070E-3
272.000000000000060E+0	994.246117098217090E-3
273.000000000000060E+0	996.911532641985060E-3
274.000000000000060E+0	998.143975328852240E-3
275.000000000000060E+0	998.501695345903050E-3
276.000000000000060E+0	998.446586778385710E-3
277.000000000000060E+0	995.628519480563970E-3
278.000000000000060E+0	992.481167347714960E-3
279.000000000000060E+0	997.267115741970130E-3
280.000000000000060E+0	996.354135399951320E-3
281.000000000000060E+0	994.914991533366820E-3
282.000000000000060E+0	993.842169382909260E-3
283.000000000000060E+0	998.155056359960710E-3
284.000000000000060E+0	997.053963108251890E-3
285.000000000000060E+0	997.021827368543720E-3
286.000000000000060E+0	996.415533154772270E-3
287.000000000000060E+0	974.882833893027660E-3
288.000000000000060E+0	996.851932672391580E-3
289.000000000000060E+0	996.099992628818990E-3
290.000000000000060E+0	991.022266879030280E-3
291.000000000000060E+0	992.648245319996960E-3
292.000000000000060E+0	996.262572830494350E-3
293.000000000000060E+0	996.807901761206150E-3
294.000000000000060E+0	996.261605933617460E-3
295.000000000000060E+0	994.583017715995890E-3
296.000000000000060E+0	997.336395958915430E-3
297.000000000000060E+0	999.288916976525550E-3
298.000000000000060E+0	998.970083750104990E-3
299.000000000000060E+0	995.979696496755440E-3
300.000000000000060E+0	973.858437521329170E-3
301.000000000000060E+0	997.995592854584170E-3
302.000000000000060E+0	999.241449980949990E-3
303.000000000000060E+0	984.083562522598320E-3
304.000000000000060E+0	997.130149236858610E-3
305.000000000000060E+0	996.632714831046210E-3
306.000000000000060E+0	997.315424496219900E-3
307.000000000000060E+0	998.595448398533200E-3
308.000000000000060E+0	998.207075897383560E-3
309.000000000000060E+0	992.352708925697930E-3
310.000000000000060E+0	993.786331421804610E-3
311.000000000000060E+0	998.304314232101640E-3
312.000000000000060E+0	997.848367573231700E-3
313.000000000000060E+0	994.704377394993070E-3
314.000000000000060E+0	996.383788818376190E-3
315.000000000000060E+0	997.788233475385370E-3
316.000000000000060E+0	997.284861248805660E-3
317.000000000000060E+0	998.638973914980690E-3
318.000000000000060E+0	997.916338675703170E-3
319.000000000000060E+0	994.730727703906030E-3
320.000000000000060E+0	998.429210495527020E-3
321.000000000000060E+0	998.522465183236060E-3
322.000000000000060E+0	995.093072071240310E-3
323.000000000000060E+0	996.383325581370880E-3
324.000000000000060E+0	993.029908843092500E-3
325.000000000000060E+0	998.632908542264720E-3
326.000000000000060E+0	998.422478438490630E-3
327.000000000000060E+0	995.799129392784480E-3
328.000000000000060E+0	991.844133111045240E-3
329.000000000000060E+0	993.472571473545950E-3
330.000000000000060E+0	998.611916332948770E-3
331.000000000000060E+0	997.439191746516070E-3
332.000000000000060E+0	993.395551201539550E-3
333.000000000000060E+0	998.085840558939450E-3
334.000000000000060E+0	998.252454697391660E-3
335.000000000000060E+0	997.562488348558540E-3
336.000000000000060E+0	998.854712660640190E-3
337.000000000000060E+0	998.488595772426100E-3
338.000000000000060E+0	998.576638548951400E-3
339.000000000000060E+0	999.231619153316490E-3
340.000000000000060E+0	998.836797602124290E-3
341.000000000000060E+0	997.750535895192360E-3
342.000000000000060E+0	996.021959530147940E-3
343.000000000000060E+0	998.400839035826660E-3
344.000000000000060E+0	999.097126587549460E-3
345.000000000000060E+0	998.628295926793920E-3
346.000000000000060E+0	998.808711670585380E-3
347.000000000000060E+0	996.041878720657410E-3
348.000000000000060E+0	998.403330472070080E-3
349.000000000000060E+0	998.875477162043060E-3
350.000000000000060E+0	996.840921060209830E-3
351.000000000000060E+0	996.757147473649180E-3
352.000000000000060E+0	997.506995013246240E-3
353.000000000000060E+0	997.349448044795420E-3
354.000000000000060E+0	997.419319627580680E-3
355.000000000000060E+0	997.501777158307010E-3
356.000000000000060E+0	996.801781961592640E-3
357.000000000000060E+0	996.203366286592560E-3
358.000000000000060E+0	998.615369889829350E-3
359.000000000000060E+0	998.468787394424020E-3
360.000000000000060E+0	997.624689195177220E-3
361.000000000000060E+0	995.299180132250830E-3
362.000000000000060E+0	998.988369980462140E-3
363.000000000000060E+0	999.024548714311460E-3
364.000000000000060E+0	998.304138912307630E-3
365.000000000000060E+0	996.915556429969320E-3
366.000000000000060E+0	995.897782840390210E-3
367.000000000000060E+0	998.326343999316970E-3
368.000000000000060E+0	998.850543762617500E-3
369.000000000000060E+0	997.517691936598890E-3
370.000000000000060E+0	997.097246938352000E-3
371.000000000000060E+0	998.024023756707960E-3
372.000000000000060E+0	999.077824899069490E-3
373.000000000000060E+0	998.876503019443860E-3
374.000000000000060E+0	997.203350525200480E-3
375.000000000000060E+0	996.903645753402730E-3
376.000000000000060E+0	998.365642005388460E-3
377.000000000000060E+0	999.146593804790870E-3
378.000000000000060E+0	999.102895537673170E-3
379.000000000000060E+0	998.078901720814590E-3
380.000000000000060E+0	998.116186500779710E-3
381.000000000000060E+0	999.157432905362070E-3
382.000000000000060E+0	998.215173155322380E-3
383.000000000000060E+0	995.468059194164260E-3
384.000000000000060E+0	983.978371817103130E-3
385.000000000000060E+0	996.584058833228870E-3
386.000000000000060E+0	998.641736321898230E-3
387.000000000000060E+0	998.501832476534460E-3
388.000000000000060E+0	998.797304436886750E-3
389.000000000000060E+0	998.718445317127610E-3
390.000000000000060E+0	999.077327086431710E-3
391.000000000000060E+0	998.690370443034770E-3
392.000000000000060E+0	996.006856277832590E-3
393.000000000000060E+0	995.924515054410710E-3
394.000000000000060E+0	998.910011305584430E-3
395.000000000000060E+0	999.597310728810420E-3
396.000000000000060E+0	999.749375544703220E-3
397.000000000000060E+0	998.946104727085000E-3
398.000000000000060E+0	996.338031052809490E-3
399.000000000000060E+0	996.008395478420460E-3
400.000000000000060E+0	997.289297040622970E-3
401.000000000000060E+0	997.008191502268380E-3
402.000000000000060E+0	996.279862589549150E-3
403.000000000000060E+0	997.554035104802340E-3
404.000000000000060E+0	999.092464856060510E-3
405.000000000000060E+0	998.137284745698290E-3
406.000000000000060E+0	998.808748081324250E-3
407.000000000000060E+0	999.125420806433740E-3
408.000000000000060E+0	993.135827758379830E-3
409.000000000000060E+0	997.253909137016500E-3
410.000000000000060E+0	988.799921036689340E-3
411.000000000000060E+0	963.076266114211710E-3
412.000000000000060E+0	939.649219895065890E-3
413.000000000000060E+0	995.297027462882400E-3
414.000000000000060E+0	997.739720746043670E-3
415.000000000000060E+0	998.451150683131060E-3
416.000000000000060E+0	997.471499490416250E-3
417.000000000000060E+0	996.808710857468920E-3
418.000000000000060E+0	998.878812198898290E-3
419.000000000000060E+0	998.875598956472820E-3
420.000000000000060E+0	998.987313023609550E-3
421.000000000000060E+0	996.774589853164470E-3
422.000000000000060E+0	999.316202093773360E-3
423.000000000000060E+0	999.097680246476270E-3
424.000000000000060E+0	996.928932507854190E-3
425.000000000000060E+0	997.354084042405330E-3
426.000000000000060E+0	996.859112353529640E-3
427.000000000000060E+0	998.695219587586000E-3
428.000000000000060E+0	999.393692240156840E-3
429.000000000000060E+0	998.168822475188450E-3
430.000000000000060E+0	997.545442953949530E-3
431.000000000000060E+0	998.541761930781700E-3
432.000000000000060E+0	999.319121817976440E-3
433.000000000000060E+0	998.553090690406210E-3
434.000000000000060E+0	998.269200545752850E-3
435.000000000000060E+0	998.638329567635650E-3
436.000000000000060E+0	999.070138171534560E-3
437.000000000000060E+0	998.848403278803640E-3
438.000000000000060E+0	999.065737407163530E-3
439.000000000000060E+0	998.637373190856100E-3
440.000000000000060E+0	992.294703898747300E-3
441.000000000000060E+0	999.465031863116300E-3
442.000000000000060E+0	999.274619929009570E-3
443.000000000000060E+0	998.805811262275300E-3
444.000000000000060E+0	998.995155203488920E-3
445.000000000000060E+0	998.040185736586150E-3
446.000000000000060E+0	999.016128931640820E-3
447.000000000000060E+0	999.017794389732260E-3
448.000000000000060E+0	998.443120992191680E-3
449.000000000000060E+0	995.377589589578450E-3
450.000000000000060E+0	995.788229414108270E-3
451.000000000000060E+0	999.142659481079280E-3
452.000000000000060E+0	998.659651642124890E-3
453.000000000000060E+0	996.638072315605860E-3
454.000000000000060E+0	997.651757051214340E-3
455.000000000000060E+0	997.842529406037790E-3
456.000000000000060E+0	998.641690841013620E-3
457.000000000000060E+0	997.121719706543620E-3
458.000000000000060E+0	983.828103239116510E-3
459.000000000000060E+0	994.325955240779820E-3
460.000000000000060E+0	998.211703767611040E-3
461.000000000000060E+0	996.295395812484390E-3
462.000000000000060E+0	995.745545563010870E-3
463.000000000000060E+0	996.133079240023590E-3
464.000000000000060E+0	998.216330037713480E-3
465.000000000000060E+0	998.458786890972000E-3
466.000000000000060E+0	997.803024517296300E-3
467.000000000000060E+0	998.575090050968890E-3
468.000000000000060E+0	997.172671939115960E-3
469.000000000000060E+0	998.521803391963060E-3
470.000000000000060E+0	999.302353370759340E-3
471.000000000000060E+0	998.657015043528770E-3
472.000000000000060E+0	996.400431028303670E-3
473.000000000000060E+0	998.346628473180560E-3
474.000000000000060E+0	998.918625300007300E-3
475.000000000000060E+0	999.160466049969110E-3
476.000000000000060E+0	999.182349412564230E-3
477.000000000000060E+0	998.336837588667090E-3
478.000000000000060E+0	998.770262733431720E-3
479.000000000000060E+0	999.719484930052910E-3
480.000000000000060E+0	999.517317226192640E-3
481.000000000000060E+0	998.446420506441720E-3
482.000000000000060E+0	996.652456878757140E-3
483.000000000000060E+0	998.785446785564800E-3
484.000000000000060E+0	998.722033575322850E-3
485.000000000000060E+0	998.131271538591490E-3
486.000000000000060E+0	998.260506937831420E-3
487.000000000000060E+0	995.950573605594250E-3
488.000000000000060E+0	998.754903154669860E-3
489.000000000000060E+0	998.386985557723760E-3
490.000000000000060E+0	996.302520287128070E-3
491.000000000000060E+0	995.040596921815900E-3
492.000000000000060E+0	997.551903966026550E-3
493.000000000000060E+0	998.290359255135760E-3
494.000000000000060E+0	998.131355228088160E-3
495.000000000000060E+0	996.097066258260000E-3
496.000000000000060E+0	997.049365285899490E-3
497.000000000000060E+0	998.317491330626530E-3
498.000000000000060E+0	999.238687644395500E-3
499.000000000000060E+0	998.857129624591500E-3
500.000000000000060E+0	996.913494276514880E-3
501.000000000000060E+0	997.793263782065900E-3
502.000000000000060E+0	999.172218655082660E-3
503.000000000000060E+0	998.972874419684740E-3
504.000000000000060E+0	998.706799991659680E-3
505.000000000000060E+0	998.192634497549140E-3
506.000000000000060E+0	997.572513899328770E-3
507.000000000000060E+0	999.211660486280740E-3
508.000000000000060E+0	999.030055909531200E-3
509.000000000000060E+0	998.395261285568880E-3
510.000000000000060E+0	995.588634822690890E-3
511.000000000000060E+0	999.251372302300540E-3
512.000000000000110E+0	999.504076597781290E-3
513.000000000000110E+0	998.844260169128530E-3
514.000000000000110E+0	998.379130001061150E-3
515.000000000000110E+0	998.645401617668790E-3
516.000000000000110E+0	999.255244176592170E-3
517.000000000000110E+0	999.447628473768560E-3
518.000000000000110E+0	999.077720647082890E-3
519.000000000000110E+0	995.555202325411610E-3
520.000000000000110E+0	998.801662699202010E-3
521.000000000000110E+0	999.145015707253780E-3
522.000000000000110E+0	998.629319414320870E-3
523.000000000000110E+0	998.326295122217930E-3
524.000000000000110E+0	998.838906649635480E-3
525.000000000000110E+0	999.014575872736450E-3
526.000000000000110E+0	999.107123434119230E-3
527.000000000000110E+0	998.730777623549340E-3
528.000000000000110E+0	998.700519623488490E-3
529.000000000000110E+0	997.062566903871410E-3
530.000000000000110E+0	999.225274963247310E-3
531.000000000000110E+0	998.941014119508860E-3
532.000000000000110E+0	995.585758995822360E-3
533.000000000000110E+0	996.980800458494130E-3
534.000000000000110E+0	998.288642403576180E-3
535.000000000000110E+0	998.904683218265090E-3
536.000000000000110E+0	998.524978082789620E-3
537.000000000000110E+0	996.192588481705780E-3
538.000000000000110E+0	993.619419306079110E-3
539.000000000000110E+0	998.005956614190230E-3
540.000000000000110E+0	989.265524602816580E-3
541.000000000000110E+0	961.631159749458790E-3
542.000000000000110E+0	983.455858834904270E-3
543.000000000000110E+0	973.161912130083070E-3
544.000000000000110E+0	987.955739456764850E-3
545.000000000000110E+0	989.985729091938940E-3
546.000000000000110E+0	990.796050105940960E-3
547.000000000000110E+0	988.741868055310610E-3
548.000000000000110E+0	985.896731180834430E-3
549.000000000000110E+0	997.669325632972500E-3
550.000000000000110E+0	995.303320210726320E-3
551.000000000000110E+0	987.409111630553340E-3
552.000000000000110E+0	983.510283322406090E-3
553.000000000000110E+0	997.974723673853090E-3
554.000000000000110E+0	998.601954105867490E-3
555.000000000000110E+0	996.018832458605450E-3
556.000000000000110E+0	996.607361545763900E-3
557.000000000000110E+0	994.049005574064610E-3
558.000000000000110E+0	998.580331968560220E-3
559.000000000000110E+0	998.811041164037290E-3
560.000000000000110E+0	995.666572270578090E-3
561.000000000000110E+0	996.244876337351150E-3
562.000000000000110E+0	999.517493009301370E-3
563.000000000000110E+0	999.019314670090090E-3
564.000000000000110E+0	998.051227949305010E-3
565.000000000000110E+0	998.020849343299490E-3
566.000000000000110E+0	993.528637632979380E-3
567.000000000000110E+0	998.241852433997320E-3
568.000000000000110E+0	998.699855476141260E-3
569.000000000000110E+0	998.077964755673900E-3
570.000000000000110E+0	995.263327566488390E-3
571.000000000000110E+0	998.164726635960340E-3
572.000000000000110E+0	999.345332523583370E-3
573.000000000000110E+0	999.074801531280590E-3
574.000000000000110E+0	997.228309829546020E-3
575.000000000000110E+0	997.636562651241790E-3
576.000000000000110E+0	991.510454485445390E-3
577.000000000000110E+0	998.021406226740400E-3
578.000000000000110E+0	998.403661124908640E-3
579.000000000000110E+0	996.595684403261630E-3
580.000000000000110E+0	996.676902091101820E-3
581.000000000000110E+0	999.313316072505400E-3
582.000000000000110E+0	999.263369107977750E-3
583.000000000000110E+0	998.004046269331810E-3
584.000000000000110E+0	995.313410779408820E-3
585.000000000000110E+0	995.585361277725900E-3
586.000000000000110E+0	998.703738433148750E-3
587.000000000000110E+0	998.946567609140910E-3
588.000000000000110E+0	998.994388142786630E-3
589.000000000000110E+0	995.035438422231740E-3
590.000000000000110E+0	998.797286272106730E-3
591.000000000000110E+0	999.388289957460760E-3
592.000000000000110E+0	998.325779368392280E-3
593.000000000000110E+0	997.197868153046900E-3
594.000000000000110E+0	998.443663915896230E-3
595.000000000000110E+0	999.026992294487660E-3
596.000000000000110E+0	999.079327732694700E-3
597.000000000000110E+0	998.953088974010030E-3
598.000000000000110E+0	998.167033702176410E-3
599.000000000000110E+0	999.285027414758440E-3
600.000000000000110E+0	999.427300543576200E-3
601.000000000000110E+0	999.092488820346960E-3
602.000000000000110E+0	996.788036012314360E-3
603.000000000000110E+0	996.787619882551050E-3
604.000000000000110E+0	998.173132938119380E-3
605.000000000000110E+0	998.461016496095980E-3
606.000000000000110E+0	998.386111357350890E-3
607.000000000000110E+0	997.889671463812020E-3
608.000000000000110E+0	992.601705814118000E-3
609.000000000000110E+0	999.342709572471290E-3
610.000000000000110E+0	999.210293206401760E-3
611.000000000000110E+0	997.838111843693860E-3
612.000000000000110E+0	994.293625796302980E-3
613.000000000000110E+0	997.535498730357070E-3
614.000000000000110E+0	998.526550840517780E-3
615.000000000000110E+0	998.506136757574490E-3
616.000000000000110E+0	998.351544672975490E-3
617.000000000000110E+0	997.310613638790140E-3
618.000000000000110E+0	998.499966272077930E-3
619.000000000000110E+0	999.185635034390620E-3
620.000000000000110E+0	999.273552691564480E-3
621.000000000000110E+0	995.122604963533000E-3
622.000000000000110E+0	999.234365493286590E-3
623.000000000000110E+0	999.627783911107290E-3
624.000000000000110E+0	999.075694209449640E-3
625.000000000000110E+0	998.258982467963410E-3
626.000000000000110E+0	996.735311981808870E-3
627.000000000000110E+0	998.157959620648460E-3
628.000000000000110E+0	999.510185218752900E-3
629.000000000000110E+0	999.411097836450320E-3
630.000000000000110E+0	997.972977819843180E-3
631.000000000000110E+0	996.231321345192650E-3
632.000000000000110E+0	999.092303009804450E-3
633.000000000000110E+0	999.130984498126320E-3
634.000000000000110E+0	997.786030600999020E-3
635.000000000000110E+0	998.420192554361320E-3
636.000000000000110E+0	997.084506011543640E-3
637.000000000000110E+0	998.892230963578260E-3
638.000000000000110E+0	998.838964131050330E-3
639.000000000000110E+0	998.182300092390950E-3
640.000000000000110E+0	985.681232625045700E-3
641.000000000000110E+0	998.742267325253170E-3
642.000000000000110E+0	999.361006557435200E-3
643.000000000000110E+0	998.954678724372050E-3
644.000000000000110E+0	998.201335167918310E-3
645.000000000000110E+0	996.505420328033460E-3
646.000000000000110E+0	998.785573093906480E-3
647.000000000000110E+0	999.174554460576120E-3
648.000000000000110E+0	999.018367231393920E-3
649.000000000000110E+0	997.688991805172680E-3
650.000000000000110E+0	994.579112677895230E-3
651.000000000000110E+0	999.382559686545100E-3
652.000000000000110E+0	999.410948362108200E-3
653.000000000000110E+0	997.433538946087330E-3
654.000000000000110E+0	998.144000800631810E-3
655.000000000000110E+0	997.527277676630740E-3
656.000000000000110E+0	998.972353639270950E-3
657.000000000000110E+0	999.106252133978520E-3
658.000000000000110E+0	997.663343911919690E-3
659.000000000000110E+0	991.962104153003680E-3
660.000000000000110E+0	998.438818781691050E-3
661.000000000000110E+0	998.755184554868450E-3
662.000000000000110E+0	998.109616771130530E-3
663.000000000000110E+0	997.214127654779130E-3
664.000000000000110E+0	998.647112778471180E-3
665.000000000000110E+0	999.393953069020570E-3
666.000000000000110E+0	998.559517532199620E-3
667.000000000000110E+0	998.711556413495400E-3
668.000000000000110E+0	991.263169224586350E-3
669.000000000000110E+0	997.556087729137060E-3
670.000000000000110E+0	999.393639819499140E-3
671.000000000000110E+0	999.223712016771630E-3
672.000000000000110E+0	996.985756218135120E-3
673.000000000000110E+0	997.349712539435380E-3
674.000000000000110E+0	998.389123825667690E-3
675.000000000000110E+0	999.068964747135580E-3
676.000000000000110E+0	998.123707088813590E-3
677.000000000000110E+0	997.724095093889260E-3
678.000000000000110E+0	989.015922354778310E-3
679.000000000000110E+0	996.594064975755870E-3
680.000000000000110E+0	998.810844797045070E-3
681.000000000000110E+0	996.668572566232420E-3
682.000000000000110E+0	993.193546641379600E-3
683.000000000000110E+0	998.828426288352330E-3
684.000000000000110E+0	999.184692457460110E-3
685.000000000000110E+0	995.286449841008110E-3
686.000000000000110E+0	993.364906925450320E-3
687.000000000000110E+0	978.117838614711350E-3
688.000000000000110E+0	998.921054767932470E-3
689.000000000000110E+0	998.750443770507920E-3
690.000000000000110E+0	997.643721016124860E-3
691.000000000000110E+0	996.202898056442130E-3
692.000000000000110E+0	998.023413254772730E-3
693.000000000000110E+0	999.427020135953860E-3
694.000000000000110E+0	999.054526145550570E-3
695.000000000000110E+0	997.706457072894180E-3
696.000000000000110E+0	997.105013679755350E-3
697.000000000000110E+0	995.838773803535360E-3
698.000000000000110E+0	998.794712741392860E-3
699.000000000000110E+0	999.212069463244260E-3
700.000000000000110E+0	996.322292187309830E-3
701.000000000000110E+0	995.143423095848360E-3
702.000000000000110E+0	998.138389931348730E-3
703.000000000000110E+0	998.321763537907360E-3
704.000000000000110E+0	997.539729669348780E-3
705.000000000000110E+0	995.610786885437250E-3
706.000000000000110E+0	995.437484820824720E-3
707.000000000000110E+0	998.753812942531740E-3
708.000000000000110E+0	998.702990263963250E-3
709.000000000000110E+0	998.204069735835530E-3
710.000000000000110E+0	991.537684209113810E-3
711.000000000000110E+0	998.978921184059730E-3
712.000000000000110E+0	999.092533203268410E-3
713.000000000000110E+0	997.142365335737520E-3
714.000000000000110E+0	996.988591556778990E-3
715.000000000000110E+0	993.661812406717250E-3
716.000000000000110E+0	998.593608771671690E-3
717.000000000000110E+0	998.463218166956050E-3
718.000000000000110E+0	997.915038002307190E-3
719.000000000000110E+0	996.496089854168380E-3
720.000000000000110E+0	997.620080292547340E-3
721.000000000000110E+0	999.247932426118090E-3
722.000000000000110E+0	998.363452713793230E-3
723.000000000000110E+0	995.569599588304270E-3
724.000000000000110E+0	952.737664216692590E-3
725.000000000000110E+0	995.134529631038320E-3
726.000000000000110E+0	995.863621336035680E-3
727.000000000000110E+0	996.674792126452380E-3
728.000000000000110E+0	994.688012575683510E-3
729.000000000000110E+0	982.039537970212370E-3
730.000000000000110E+0	998.217132359798810E-3
731.000000000000110E+0	998.813453489654450E-3
732.000000000000110E+0	995.782157742775900E-3
733.000000000000110E+0	993.778150610348580E-3
734.000000000000110E+0	994.229052378132750E-3
735.000000000000110E+0	998.403699416489430E-3
736.000000000000110E+0	997.703855869542470E-3
737.000000000000110E+0	997.376194926202890E-3
738.000000000000110E+0	994.912665093643070E-3
739.000000000000110E+0	995.510771394000680E-3
740.000000000000110E+0	998.524402667886890E-3
741.000000000000110E+0	998.430249528495130E-3
742.000000000000110E+0	990.807579606567180E-3
743.000000000000110E+0	997.134316194555720E-3
744.000000000000110E+0	997.717209377245060E-3
745.000000000000110E+0	995.230237623544680E-3
746.000000000000110E+0	996.621734269819150E-3
747.000000000000110E+0	996.063540805174900E-3
748.000000000000110E+0	991.038935901641600E-3
749.000000000000110E+0	998.210606928454090E-3
750.000000000000110E+0	998.311923778372410E-3
751.000000000000110E+0	996.832573731221920E-3
752.000000000000110E+0	993.086708128985470E-3
753.000000000000110E+0	998.469727833227070E-3
754.000000000000110E+0	999.168138725007430E-3
755.000000000000110E+0	997.553031930693450E-3
756.000000000000110E+0	994.804790341165310E-3
757.000000000000110E+0	992.674767524079900E-3
758.000000000000110E+0	994.023359316279160E-3
759.000000000000110E+0	997.811531709642980E-3
760.000000000000110E+0	995.686051922920150E-3
761.000000000000110E+0	994.108094988097710E-3
762.000000000000110E+0	998.907846907499340E-3
763.000000000000110E+0	999.008214246734800E-3
764.000000000000110E+0	997.983593090247200E-3
765.000000000000110E+0	998.575019445391620E-3
766.000000000000110E+0	994.289688928327250E-3
767.000000000000110E+0	992.852289855035370E-3
768.000000000000110E+0	994.065372144799170E-3
769.000000000000110E+0	997.797658613408190E-3
770.000000000000110E+0	997.185640705822720E-3
771.000000000000110E+0	999.032313381058690E-3
772.000000000000110E+0	999.617204603043820E-3
773.000000000000110E+0	998.983830123162160E-3
774.000000000000110E+0	997.759477536387610E-3
775.000000000000110E+0	998.872082203503650E-3
776.000000000000110E+0	994.171434378097520E-3
777.000000000000110E+0	997.543398003812860E-3
778.000000000000110E+0	998.180974194751270E-3
779.000000000000110E+0	995.191171605664950E-3
780.000000000000110E+0	995.323800233594120E-3
781.000000000000110E+0	998.657454839797840E-3
782.000000000000110E+0	998.577205709990980E-3
783.000000000000110E+0	998.213434663468900E-3
784.000000000000110E+0	989.989416943570900E-3
785.000000000000110E+0	994.359347958372220E-3
786.000000000000110E+0	994.455233664984120E-3
787.000000000000110E+0	996.050690438947010E-3
788.000000000000110E+0	996.781685139903280E-3
789.000000000000110E+0	996.815033574419470E-3
790.000000000000110E+0	997.897728490691470E-3
791.000000000000110E+0	998.821984944728850E-3
792.000000000000110E+0	997.209521998693170E-3
793.000000000000110E+0	995.681457271282990E-3
794.000000000000110E+0	996.611826872143560E-3
795.000000000000110E+0	996.493733757273900E-3
796.000000000000110E+0	996.560152560857500E-3
797.000000000000110E+0	997.461298492924970E-3
798.000000000000110E+0	994.061038180655940E-3
799.000000000000110E+0	991.134398201827250E-3
800.000000000000110E+0	997.005460413029180E-3
801.000000000000110E+0	997.953096113730400E-3
802.000000000000110E+0	994.519313749391060E-3
803.000000000000110E+0	993.593208338803050E-3
804.000000000000110E+0	998.033713877039760E-3
805.000000000000110E+0	998.325136103590530E-3
806.000000000000110E+0	997.033154520003960E-3
807.000000000000110E+0	996.085506574052040E-3
808.000000000000110E+0	964.855023253644360E-3
809.000000000000110E+0	997.607976247728230E-3
810.000000000000110E+0	998.551424829927540E-3
811.000000000000110E+0	996.616320630895000E-3
812.000000000000110E+0	991.564306134942730E-3
813.000000000000110E+0	992.869677624566680E-3
814.000000000000110E+0	998.851090835821240E-3
815.000000000000110E+0	998.282906927838610E-3
816.000000000000110E+0	997.161278408762450E-3
817.000000000000110E+0	997.823778166329610E-3
818.000000000000110E+0	997.626534023073770E-3
819.000000000000110E+0	999.057083668250190E-3
820.000000000000110E+0	998.358453682409500E-3
821.000000000000110E+0	992.913479963361540E-3
822.000000000000110E+0	995.158705816771790E-3
823.000000000000110E+0	998.348743487436960E-3
824.000000000000110E+0	997.624395381227050E-3
825.000000000000110E+0	997.978338908399820E-3
826.000000000000110E+0	995.382391682139160E-3
827.000000000000110E+0	992.674268348731400E-3
828.000000000000110E+0	997.599585213030600E-3
829.000000000000110E+0	998.146866338320390E-3
830.000000000000110E+0	996.597259086325130E-3
831.000000000000110E+0	955.497277122779100E-3
832.000000000000110E+0	996.682220096179790E-3
833.000000000000110E+0	998.322997980815920E-3
834.000000000000110E+0	995.114480512801710E-3
835.000000000000110E+0	995.643642661792950E-3
836.000000000000110E+0	991.087160684203660E-3
837.000000000000110E+0	997.476270491142620E-3
838.000000000000110E+0	999.234957202989600E-3
839.000000000000110E+0	997.825642050293120E-3
840.000000000000110E+0	987.805028996549980E-3
841.000000000000110E+0	994.759890998577200E-3
842.000000000000110E+0	997.680430663223760E-3
843.000000000000110E+0	997.332649299977560E-3
844.000000000000110E+0	996.936013715197470E-3
845.000000000000110E+0	996.413154582790340E-3
846.000000000000110E+0	997.497553785445020E-3
847.000000000000110E+0	997.445107541331870E-3
848.000000000000110E+0	998.445926468413010E-3
849.000000000000110E+0	996.507973747815860E-3
850.000000000000110E+0	980.407740413577590E-3
851.000000000000110E+0	998.586400833023630E-3
852.000000000000110E+0	998.384273875900120E-3
853.000000000000110E+0	995.757490237830330E-3
854.000000000000110E+0	995.380674906831690E-3
855.000000000000110E+0	993.845127299468280E-3
856.000000000000110E+0	996.969638842902460E-3
857.000000000000110E+0	997.094157000848020E-3
858.000000000000110E+0	996.022338596932230E-3
859.000000000000110E+0	991.466253973636750E-3
860.000000000000110E+0	997.246366437074540E-3
861.000000000000110E+0	999.164397186263150E-3
862.000000000000110E+0	997.825467056307260E-3
863.000000000000110E+0	984.282375224078580E-3
864.000000000000110E+0	993.896351071032360E-3
865.000000000000110E+0	996.324659760570270E-3
866.000000000000110E+0	994.970806146869170E-3
867.000000000000110E+0	997.270861349026980E-3
868.000000000000110E+0	991.716237356319090E-3
869.000000000000110E+0	993.692307487660690E-3
870.000000000000110E+0	998.980465571091100E-3
871.000000000000110E+0	998.193400678252130E-3
872.000000000000110E+0	995.457049431812120E-3
873.000000000000110E+0	987.295867554095370E-3
874.000000000000110E+0	997.676970196536670E-3
875.000000000000110E+0	997.881277360503250E-3
876.000000000000110E+0	993.517818977724290E-3
877.000000000000110E+0	993.647463779320230E-3
878.000000000000110E+0	986.215210036141210E-3
879.000000000000110E+0	996.380679049605590E-3
880.000000000000110E+0	998.478539485148860E-3
881.000000000000110E+0	995.683804150500280E-3
882.000000000000110E+0	974.795229123586290E-3
883.000000000000110E+0	993.836039219655800E-3
884.000000000000110E+0	997.291137495894930E-3
885.000000000000110E+0	997.559711138419900E-3
886.000000000000110E+0	996.046912107071860E-3
887.000000000000110E+0	990.900172326367840E-3
888.000000000000110E+0	996.023177609921320E-3
889.000000000000110E+0	998.120927729080120E-3
890.000000000000110E+0	997.052842834868060E-3
891.000000000000110E+0	990.829061604793000E-3
892.000000000000110E+0	993.566284730337370E-3
893.000000000000110E+0	998.940717910327460E-3
894.000000000000110E+0	998.483882548694690E-3
895.000000000000110E+0	997.613481092057270E-3
896.000000000000110E+0	997.605849709337850E-3
897.000000000000110E+0	990.262278692525700E-3
898.000000000000110E+0	998.218569913846830E-3
899.000000000000110E+0	998.335166045261850E-3
900.000000000000110E+0	989.731500127954520E-3
901.000000000000110E+0	992.094487192848210E-3
902.000000000000110E+0	998.121937667802110E-3
903.000000000000110E+0	998.570364490994570E-3
904.000000000000110E+0	997.918609314237260E-3
905.000000000000110E+0	990.871719572223640E-3
906.000000000000110E+0	986.661528459660600E-3
907.000000000000110E+0	988.623406318926420E-3
908.000000000000110E+0	992.881695380429920E-3
909.000000000000110E+0	991.075942287929390E-3
910.000000000000110E+0	957.375841944772100E-3
911.000000000000110E+0	994.487145102405540E-3
912.000000000000110E+0	998.373031746575210E-3
913.000000000000110E+0	996.468874598459560E-3
914.000000000000110E+0	984.741754626325290E-3
915.000000000000110E+0	965.504171533795420E-3
916.000000000000110E+0	984.316840708000850E-3
917.000000000000110E+0	997.678224593292250E-3
918.000000000000110E+0	997.701984074055410E-3
919.000000000000110E+0	996.949443074792720E-3
920.000000000000110E+0	994.406671811587040E-3
921.000000000000110E+0	998.103259098385260E-3
922.000000000000110E+0	998.379765155074090E-3
923.000000000000110E+0	997.444006275501780E-3
924.000000000000110E+0	985.396566952024160E-3
925.000000000000110E+0	958.217359684760740E-3
926.000000000000110E+0	985.478694043985690E-3
927.000000000000110E+0	994.046583926513460E-3
928.000000000000110E+0	994.904761686676410E-3
929.000000000000110E+0	992.434827932630050E-3
930.000000000000110E+0	998.607279898134250E-3
931.000000000000110E+0	998.913516240028110E-3
932.000000000000110E+0	997.853802323165560E-3
933.000000000000110E+0	990.968974951609180E-3
934.000000000000110E+0	975.055127823184260E-3
935.000000000000110E+0	991.895689179460470E-3
936.000000000000110E+0	993.914175068840060E-3
937.000000000000110E+0	995.986233817981570E-3
938.000000000000110E+0	995.775168201116000E-3
939.000000000000110E+0	995.266394770194740E-3
940.000000000000110E+0	998.954019210342550E-3
941.000000000000110E+0	998.910878538315060E-3
942.000000000000110E+0	996.276659360621370E-3
943.000000000000110E+0	990.759185627785090E-3
944.000000000000110E+0	996.881611260599380E-3
945.000000000000110E+0	997.440461927474150E-3
946.000000000000110E+0	998.066495986451030E-3
947.000000000000110E+0	994.666540552196500E-3
948.000000000000110E+0	996.175837475129720E-3
949.000000000000110E+0	998.662938837197140E-3
950.000000000000110E+0	998.415097862020650E-3
951.000000000000110E+0	996.687649127497080E-3
952.000000000000110E+0	982.637837773064570E-3
953.000000000000110E+0	998.052689682227710E-3
954.000000000000110E+0	997.646733726738620E-3
955.000000000000110E+0	993.939856379750570E-3
956.000000000000110E+0	994.725266297883050E-3
957.000000000000110E+0	990.279970737390270E-3
958.000000000000110E+0	997.042920119565520E-3
959.000000000000110E+0	998.695969183816980E-3
960.000000000000110E+0	996.070436351605640E-3
961.000000000000110E+0	977.430709738764670E-3
962.000000000000110E+0	996.516516123082670E-3
963.000000000000110E+0	998.155905543208880E-3
964.000000000000110E+0	997.462031421827540E-3
965.000000000000110E+0	990.225640575696510E-3
966.000000000000110E+0	987.416012051620880E-3
967.000000000000110E+0	995.110071896162740E-3
968.000000000000110E+0	996.320923318120720E-3
969.000000000000110E+0	996.574700444363360E-3
970.000000000000110E+0	996.210108660984810E-3
971.000000000000110E+0	971.583857143266340E-3
972.000000000000110E+0	997.012853610625530E-3
973.000000000000110E+0	995.873822175498800E-3
974.000000000000110E+0	977.181858251629510E-3
975.000000000000110E+0	975.159895255153120E-3
976.000000000000110E+0	957.125826141782100E-3
977.000000000000110E+0	991.671297266259580E-3
978.000000000000110E+0	995.079281234568350E-3
979.000000000000110E+0	987.303520137115970E-3
980.000000000000110E+0	842.917756379894080E-3
981.000000000000110E+0	994.339280622977160E-3
982.000000000000110E+0	996.912395743714710E-3
983.000000000000110E+0	992.954510309557390E-3
984.000000000000110E+0	70.487297517859357E-3
985.000000000000110E+0	973.700223429675220E-3
986.000000000000110E+0	984.344288041874790E-3
987.000000000000110E+0	992.661451169255190E-3
988.000000000000110E+0	996.219946156524200E-3
989.000000000000110E+0	987.394190438500630E-3
990.000000000000110E+0	984.399057121711940E-3
991.000000000000110E+0	996.749776044214000E-3
992.000000000000110E+0	991.618300088263680E-3
993.000000000000110E+0	959.699898034966140E-3
994.000000000000110E+0	961.236013120748130E-3
995.000000000000110E+0	995.410106098733590E-3
996.000000000000110E+0	997.866872900021520E-3
997.000000000000110E+0	991.757051395717460E-3
998.000000000000110E+0	991.009845129871890E-3
999.000000000000110E+0	540.568967761746230E-3
1.000000000000000E+3	995.358404969102440E-3
