Freq (Hz)	accelerometre /source
source
source_Real	accelerometre /source
source
source_Imag
10.000000000000018E+0	-51.330057796040517E-3	-93.704337532585294E-3
11.000000000000020E+0	11.948493719385368E-3	-60.425939180161391E-3
12.000000000000021E+0	39.262830380743401E-3	22.153320161138457E-3
13.000000000000023E+0	-16.436383100685917E-3	40.458848963886955E-3
14.000000000000025E+0	-48.830087782364619E-3	32.109404941545329E-3
15.000000000000027E+0	-38.216783729914598E-3	-23.935476211129295E-3
16.000000000000028E+0	-3.092048359077333E-3	-12.297750781375365E-3
17.000000000000028E+0	-21.179712346732708E-3	41.740523636786528E-3
18.000000000000028E+0	-63.992891602339952E-3	21.836966274754635E-3
19.000000000000028E+0	-56.440330768642646E-3	-7.296905613977655E-3
20.000000000000028E+0	-58.630688049531726E-3	71.778472897965684E-3
21.000000000000028E+0	-67.197321791172951E-3	49.167055030799427E-3
22.000000000000028E+0	-85.253283920458056E-3	60.829317816509992E-3
23.000000000000028E+0	-113.268075337682720E-3	121.371544181386000E-3
24.000000000000028E+0	-85.688135406361263E-3	186.265001233308080E-3
25.000000000000028E+0	-58.932142948693526E-3	237.901610418448040E-3
26.000000000000028E+0	43.492075775859951E-3	320.509617570195860E-3
27.000000000000028E+0	140.245909317110760E-3	268.638004188963390E-3
28.000000000000028E+0	261.099668263471580E-3	283.039073411799790E-3
29.000000000000028E+0	336.221490894467680E-3	101.377239470838290E-3
30.000000000000028E+0	368.117494379652740E-3	-63.809467427776073E-3
31.000000000000028E+0	252.434822178845390E-3	-243.581441431420020E-3
32.000000000000028E+0	101.098839623836980E-3	-166.758184956562310E-3
33.000000000000028E+0	47.598061300928127E-3	-117.036013310018280E-3
34.000000000000028E+0	25.985008500535187E-3	-37.158720427193655E-3
35.000000000000028E+0	-24.510944814616933E-3	-6.427816223946307E-3
36.000000000000028E+0	-13.140952090630091E-3	14.656513058067536E-3
37.000000000000028E+0	21.445260222635903E-3	25.484055588253396E-3
38.000000000000028E+0	37.111178155508295E-3	28.431194490725651E-3
39.000000000000028E+0	16.473322937951909E-3	49.992589844754166E-3
40.000000000000028E+0	32.451034319992932E-3	96.086447061737718E-3
41.000000000000028E+0	67.077165708523526E-3	98.911118239392665E-3
42.000000000000028E+0	117.740286387202390E-3	130.847181436183370E-3
43.000000000000028E+0	247.609690806279560E-3	70.476022446446518E-3
44.000000000000028E+0	343.348659082923670E-3	-82.288058694164112E-3
45.000000000000028E+0	217.161337071678150E-3	-164.600011867648610E-3
46.000000000000028E+0	75.950537141707963E-3	-68.575037641779135E-3
47.000000000000028E+0	136.372007772760150E-3	16.489789810480403E-3
48.000000000000028E+0	189.327652682327900E-3	30.289343032765727E-3
49.000000000000028E+0	121.346994355007760E-3	118.745219044102360E-3
50.000000000000028E+0	117.737539429138810E-3	74.046100688301419E-3
51.000000000000028E+0	137.607029387323140E-3	51.847565794715965E-3
52.000000000000028E+0	178.606767214503330E-3	44.103579708794950E-3
53.000000000000028E+0	243.972953036462830E-3	44.596719061931286E-3
54.000000000000028E+0	250.033029945217700E-3	44.301767618432339E-3
55.000000000000028E+0	299.130872673405930E-3	25.458921675474040E-3
56.000000000000028E+0	338.708401524991260E-3	1.895198285531933E-3
57.000000000000028E+0	370.583867233697350E-3	-97.683320698776610E-3
58.000000000000028E+0	392.175252379220680E-3	-245.703122786045720E-3
59.000000000000028E+0	368.380342362066570E-3	-193.780276996256470E-3
60.000000000000028E+0	306.270699694521200E-3	-237.983745514451090E-3
61.000000000000028E+0	248.429387494075670E-3	-300.069318374615980E-3
62.000000000000028E+0	206.263073951903940E-3	-436.747745570717050E-3
63.000000000000028E+0	174.021073454007750E-3	-417.051597855120580E-3
64.000000000000028E+0	86.020863604573769E-3	-427.605945710850530E-3
65.000000000000028E+0	32.818116647620930E-3	-412.648591629564910E-3
66.000000000000028E+0	-12.901751624126889E-3	-346.189706395586550E-3
67.000000000000028E+0	-97.561842261643925E-3	-231.125899021720650E-3
68.000000000000028E+0	-164.453693992211210E-3	-330.392695775134030E-3
69.000000000000028E+0	-136.394048107496810E-3	-265.144626937222020E-3
70.000000000000028E+0	-119.391482708415580E-3	-187.195792397063740E-3
71.000000000000028E+0	-112.348558958017890E-3	-85.157417492204748E-3
72.000000000000028E+0	-207.596560126637940E-3	-107.511649280680370E-3
73.000000000000028E+0	-111.455511796173160E-3	-108.361738623296700E-3
74.000000000000028E+0	-32.443217859431911E-3	-87.278185012158907E-3
75.000000000000028E+0	-18.349960745949221E-3	-108.040379092994130E-3
76.000000000000028E+0	-6.712668175621672E-3	-156.959725361062810E-3
77.000000000000028E+0	41.897409198925067E-3	-153.993004870197290E-3
78.000000000000028E+0	-11.957181728360392E-3	-142.016362979636740E-3
79.000000000000028E+0	-17.313018472729286E-3	-149.388868006821250E-3
80.000000000000028E+0	-28.467317538809534E-3	-154.018809795299060E-3
81.000000000000028E+0	-35.999373292059517E-3	-169.771574481808300E-3
82.000000000000028E+0	-19.756315850904791E-3	-170.894085640931250E-3
83.000000000000028E+0	-14.995181225511727E-3	-171.726473249301400E-3
84.000000000000028E+0	-22.752429682763833E-3	-165.684671502327570E-3
85.000000000000028E+0	-25.758010478489288E-3	-158.666685533111360E-3
86.000000000000028E+0	-10.760603258594334E-3	-178.626320295046100E-3
87.000000000000028E+0	-52.432541897848031E-3	-180.293107792907690E-3
88.000000000000028E+0	-67.253891551406098E-3	-216.016941358720460E-3
89.000000000000028E+0	-67.292789336703934E-3	-222.400239907870000E-3
90.000000000000028E+0	5.273543133129500E-3	-219.294128369014410E-3
91.000000000000028E+0	-151.566964904521040E-3	-224.366608515357090E-3
92.000000000000028E+0	-143.259272644736560E-3	-209.791794654160650E-3
93.000000000000028E+0	-155.696661267181710E-3	-191.643440592324960E-3
94.000000000000028E+0	-191.626943666978880E-3	-176.498890833992010E-3
95.000000000000028E+0	-203.754314328702470E-3	-136.551847445448210E-3
96.000000000000028E+0	-285.326683678797040E-3	-48.474828043695808E-3
97.000000000000028E+0	-278.507866446900340E-3	-39.740919395134237E-3
98.000000000000028E+0	-256.492171600365300E-3	-440.016608177508890E-6
99.000000000000028E+0	-241.334166021320410E-3	69.058101071383091E-3
100.000000000000030E+0	-162.417837997877850E-3	168.973868346695010E-3
101.000000000000030E+0	-163.466294032846650E-3	120.618545838357710E-3
102.000000000000030E+0	-107.449923153843050E-3	74.806812584790786E-3
103.000000000000030E+0	72.436494317646316E-3	-2.229158757638789E-3
104.000000000000030E+0	-26.030833947629201E-3	133.671776511001480E-3
105.000000000000030E+0	-48.743681980848413E-3	38.553841382353189E-3
106.000000000000030E+0	11.988625905939573E-3	58.991652252939057E-3
107.000000000000030E+0	-26.515820282462497E-3	47.751846347531803E-3
108.000000000000030E+0	-35.904862743734847E-3	90.492217570285915E-3
109.000000000000030E+0	-247.073583353348700E-3	55.575444889085591E-3
110.000000000000030E+0	79.316042929811453E-3	-13.407075752526768E-3
111.000000000000030E+0	73.555966492425184E-3	-7.106572093351746E-3
112.000000000000030E+0	70.558020748157813E-3	-20.791521911918902E-3
113.000000000000030E+0	34.850724190880769E-3	-45.745756306320121E-3
114.000000000000030E+0	-4.064312058670995E-3	-186.730907330055730E-3
115.000000000000030E+0	74.037981972764191E-3	-132.164931821536740E-3
116.000000000000030E+0	88.259102472922429E-3	-120.591898140683180E-3
117.000000000000030E+0	105.458463345991820E-3	-114.098926783835070E-3
118.000000000000030E+0	143.529093078703650E-3	-116.545260454446910E-3
119.000000000000030E+0	-24.868913812754780E-3	-28.042430267248120E-3
120.000000000000030E+0	62.371938555042770E-3	-144.529664192248750E-3
121.000000000000030E+0	95.026182969214348E-3	-161.309082820373650E-3
122.000000000000030E+0	130.390885999697110E-3	-109.716643162724280E-3
123.000000000000030E+0	94.547172103045307E-3	-147.030630182446160E-3
124.000000000000030E+0	128.504903952964990E-3	-104.086111577562400E-3
125.000000000000030E+0	76.629759905494921E-3	-196.007667100872610E-3
126.000000000000030E+0	117.161376783745580E-3	-288.258040268493280E-3
127.000000000000030E+0	106.323639470386510E-3	-365.382271987697350E-3
128.000000000000030E+0	105.682493421466020E-3	-566.490016611660210E-3
129.000000000000030E+0	75.633078760856301E-3	-433.002990316773920E-3
130.000000000000030E+0	-33.405208696537757E-3	-442.830945825026130E-3
131.000000000000030E+0	-114.303632570603220E-3	-430.582018996408190E-3
132.000000000000030E+0	-282.460865389111360E-3	-441.774705013906920E-3
133.000000000000030E+0	-246.711699169545300E-3	-514.059916245188100E-3
134.000000000000030E+0	-328.051134030716170E-3	-477.222101472153830E-3
135.000000000000030E+0	-328.122637825962070E-3	-499.710382843478070E-3
136.000000000000030E+0	-339.430493383931110E-3	-435.786987354395640E-3
137.000000000000030E+0	-355.802796257489890E-3	-399.737457319264740E-3
138.000000000000030E+0	-371.057089147592110E-3	-329.961829004697280E-3
139.000000000000030E+0	-390.233335934643880E-3	-305.044694270223850E-3
140.000000000000030E+0	-420.225030404912550E-3	-262.980848747240590E-3
141.000000000000030E+0	-443.365845385283060E-3	-229.291626919852970E-3
142.000000000000030E+0	-485.040545316805350E-3	-162.242050980162730E-3
143.000000000000030E+0	-551.501810871170560E-3	-179.249971338088540E-3
144.000000000000030E+0	-573.449735530353940E-3	-158.073589184357680E-3
145.000000000000030E+0	-630.259858636108340E-3	-140.360448952335210E-3
146.000000000000030E+0	-641.175445797747100E-3	-129.279587630898200E-3
147.000000000000030E+0	-681.739059774470800E-3	-53.820969469951858E-3
148.000000000000030E+0	-662.867959203810140E-3	-98.922155167185624E-3
149.000000000000030E+0	-622.190038741150860E-3	-31.263606548764325E-3
150.000000000000030E+0	-551.924761185472960E-3	29.936536330135620E-3
151.000000000000030E+0	-534.352885811719800E-3	236.011336088986860E-3
152.000000000000030E+0	-606.451655055540770E-3	203.278134972652460E-3
153.000000000000030E+0	-508.961563457398740E-3	225.178473446471100E-3
154.000000000000030E+0	-524.739281224612330E-3	336.722027892565330E-3
155.000000000000030E+0	-456.962988450977270E-3	255.003007036027240E-3
156.000000000000030E+0	-251.571152648044360E-3	381.541081874605390E-3
157.000000000000030E+0	-381.493756996771680E-3	379.305972316614450E-3
158.000000000000030E+0	-382.728801187408870E-3	326.166932243755920E-3
159.000000000000030E+0	-355.634484002819380E-3	292.539551487878860E-3
160.000000000000030E+0	-379.135986748128870E-3	249.281440494517950E-3
161.000000000000030E+0	-322.327837619099670E-3	267.925369202352330E-3
162.000000000000030E+0	-373.770919660617210E-3	284.654281266620900E-3
163.000000000000030E+0	-420.269969399781670E-3	240.211886881410040E-3
164.000000000000030E+0	-363.617353082242630E-3	218.360303102630630E-3
165.000000000000030E+0	-447.547532744833110E-3	255.241893281561110E-3
166.000000000000030E+0	-303.931630191821840E-3	-7.611075212063442E-3
167.000000000000030E+0	-185.969481276224780E-3	309.303752966095080E-3
168.000000000000030E+0	-206.524792330370190E-3	373.123443877930060E-3
169.000000000000030E+0	-79.598832618821197E-3	507.905704103092440E-3
170.000000000000030E+0	-314.544680822098630E-3	587.492957874582780E-3
171.000000000000030E+0	-199.130271947755930E-3	547.315295143408150E-3
172.000000000000030E+0	-97.723024307439024E-3	606.988457630667110E-3
173.000000000000030E+0	-111.233978243108520E-3	634.539655855267500E-3
174.000000000000030E+0	-233.021231813302450E-3	400.655674890685040E-3
175.000000000000030E+0	-76.194053549462584E-3	83.597000400926449E-3
176.000000000000030E+0	138.230225713557480E-3	108.391432576422290E-3
177.000000000000030E+0	174.199027045432890E-3	84.219410588312879E-3
178.000000000000030E+0	138.759245007583660E-3	139.692985369424620E-3
179.000000000000030E+0	70.811235572485934E-3	193.476641374627390E-3
180.000000000000030E+0	-23.184066553385733E-3	195.636962257421690E-3
181.000000000000030E+0	-51.812350685947063E-3	246.655502702496620E-3
182.000000000000030E+0	-158.970269099777660E-3	352.380394863130440E-3
183.000000000000030E+0	-280.658627293541740E-3	249.387194072555300E-3
184.000000000000030E+0	-365.249515819709320E-3	168.303478568122720E-3
185.000000000000030E+0	-89.436953985999837E-3	-9.075787867696122E-3
186.000000000000030E+0	15.137297586717387E-3	167.966700853044050E-3
187.000000000000030E+0	41.236490785699326E-3	235.883362249325770E-3
188.000000000000030E+0	197.872162110349080E-3	279.586512470322120E-3
189.000000000000030E+0	102.657619111941500E-3	509.215416955226210E-3
190.000000000000030E+0	11.122361838185938E-3	389.043991843287250E-3
191.000000000000030E+0	78.566065178306707E-3	354.880448152228470E-3
192.000000000000030E+0	95.320482026317488E-3	421.859589921105280E-3
193.000000000000030E+0	51.500256638045444E-3	307.388488812596510E-3
194.000000000000030E+0	156.412840257955880E-3	228.108771007500160E-3
195.000000000000030E+0	237.193516982126480E-3	213.501877607272210E-3
196.000000000000030E+0	246.696987972988860E-3	218.847322164605420E-3
197.000000000000030E+0	170.944734420049180E-3	210.479558294452950E-3
198.000000000000030E+0	71.111907068078475E-3	-57.829537292064616E-3
199.000000000000030E+0	162.287910850039820E-3	22.604873794056953E-3
200.000000000000030E+0	111.640561577660740E-3	-46.052372375918374E-3
201.000000000000030E+0	243.712885072149750E-3	-136.135877013623450E-3
202.000000000000030E+0	205.447257061607050E-3	62.619535219363476E-3
203.000000000000030E+0	40.458684465532836E-3	30.015823585080491E-3
204.000000000000030E+0	46.320888870605634E-3	-11.908445589299019E-3
205.000000000000030E+0	416.985743068183730E-6	-43.601637508400966E-3
206.000000000000030E+0	17.087167332088465E-3	-54.381551825260270E-3
207.000000000000030E+0	-10.356491163518109E-3	50.356789948392079E-3
208.000000000000030E+0	-213.699905527800770E-3	-27.223336750694386E-3
209.000000000000030E+0	-191.762848682591550E-3	-42.156768689810858E-3
210.000000000000030E+0	-198.899741814275550E-3	26.929389969094653E-3
211.000000000000030E+0	-353.350979040245480E-3	28.732132272974324E-3
212.000000000000030E+0	-98.219082058529375E-3	48.173974124556297E-3
213.000000000000030E+0	-94.633891418184221E-3	249.799884342526450E-3
214.000000000000030E+0	-177.340323702442790E-3	235.451989690997150E-3
215.000000000000030E+0	-83.112667718167096E-3	212.808800520291550E-3
216.000000000000030E+0	-68.137278276413499E-3	224.221753060008520E-3
217.000000000000030E+0	-36.210482008848771E-3	267.959624688625280E-3
218.000000000000030E+0	-56.974211174053123E-3	215.939522275494840E-3
219.000000000000030E+0	-44.501744311033660E-3	123.371811846633090E-3
220.000000000000030E+0	19.093112835492278E-3	33.854867279018375E-3
221.000000000000030E+0	186.629244451444770E-3	-42.878946429713592E-3
222.000000000000030E+0	199.844575415614070E-3	181.185247248211940E-3
223.000000000000030E+0	87.403586096174393E-3	184.164606906944390E-3
224.000000000000030E+0	23.823468497257274E-3	194.177891455958040E-3
225.000000000000030E+0	-33.682796102100926E-3	117.183582211728840E-3
226.000000000000030E+0	-35.165467516270699E-3	95.921206608492501E-3
227.000000000000030E+0	-17.380589003337801E-3	114.709963775486660E-3
228.000000000000030E+0	-33.388519065736297E-3	162.012975122981740E-3
229.000000000000030E+0	-57.435963858739877E-3	251.388307031795600E-3
230.000000000000030E+0	-249.479203622151010E-3	373.679467406536680E-3
231.000000000000030E+0	-253.695697309583630E-3	184.086540318549600E-3
232.000000000000030E+0	-130.635764067662610E-3	159.644287580398860E-3
233.000000000000030E+0	41.732594463752805E-3	142.695272590572520E-3
234.000000000000030E+0	177.391930280678480E-3	182.089181801854820E-3
235.000000000000030E+0	256.494368395401070E-3	196.740313901061310E-3
236.000000000000030E+0	96.322502364857010E-3	120.560493657971820E-3
237.000000000000030E+0	-7.347833482786651E-3	-14.035354867210605E-3
238.000000000000030E+0	-29.500771053515271E-3	-627.252981228739660E-6
239.000000000000030E+0	-65.076999084617490E-3	52.846943963670463E-3
240.000000000000030E+0	8.065731364502464E-3	101.528775030754970E-3
241.000000000000030E+0	-53.802711247750337E-3	157.070248426240430E-3
242.000000000000030E+0	-108.424574602203980E-3	163.832019563297180E-3
243.000000000000030E+0	-116.249448525861070E-3	106.603520469202090E-3
244.000000000000030E+0	-112.594692901727550E-3	109.773533248673440E-3
245.000000000000030E+0	-31.979175444465456E-3	43.634614036498751E-3
246.000000000000030E+0	-31.002304016221508E-3	221.251484348522290E-3
247.000000000000030E+0	-109.351351898553620E-3	229.736342913880790E-3
248.000000000000030E+0	-194.566464350844540E-3	173.057281118652980E-3
249.000000000000030E+0	-176.978202953149390E-3	28.581926470514645E-3
250.000000000000030E+0	-16.658286528368801E-3	119.631703839166940E-3
251.000000000000030E+0	-25.080169457687023E-3	198.446192275470170E-3
252.000000000000030E+0	-35.705627647675257E-3	299.132817087633450E-3
253.000000000000030E+0	-115.178474739703690E-3	307.404129525677030E-3
254.000000000000030E+0	-57.843423757225627E-3	338.947637481371360E-3
255.000000000000030E+0	-36.110362926065981E-3	423.290325014863240E-3
256.000000000000060E+0	-152.068394418403200E-3	455.068060491785830E-3
257.000000000000060E+0	-123.660424127171220E-3	386.546439710656110E-3
258.000000000000060E+0	-148.046545028408080E-3	506.049659043533490E-3
259.000000000000060E+0	-256.078081453576080E-3	131.426052879861870E-3
260.000000000000060E+0	-153.802818291785350E-3	186.295572291234170E-3
261.000000000000060E+0	-170.798326227866000E-3	106.752141318281100E-3
262.000000000000060E+0	17.567553480241121E-3	149.471938313321150E-3
263.000000000000060E+0	59.472830042546054E-3	276.224827489143180E-3
264.000000000000060E+0	56.970323497571224E-3	375.261841384978590E-3
265.000000000000060E+0	25.220176545188093E-3	438.309124747799980E-3
266.000000000000060E+0	-31.609041543105829E-3	441.784835815573930E-3
267.000000000000060E+0	18.832900210370877E-3	411.730023315970140E-3
268.000000000000060E+0	15.300302307860317E-3	512.342197498693470E-3
269.000000000000060E+0	46.810086359672008E-3	382.443114764353890E-3
270.000000000000060E+0	128.815021511359790E-3	392.745066041719600E-3
271.000000000000060E+0	121.367525451403710E-3	377.044984879738530E-3
272.000000000000060E+0	204.465848522798250E-3	337.257235518906350E-3
273.000000000000060E+0	211.548130503112440E-3	346.847819723429870E-3
274.000000000000060E+0	207.992716575675220E-3	367.715489902139150E-3
275.000000000000060E+0	119.720278306529930E-3	371.129607879525650E-3
276.000000000000060E+0	92.401278358375097E-3	330.588576122498590E-3
277.000000000000060E+0	-15.049027066954703E-3	404.244085592947330E-3
278.000000000000060E+0	80.826123399721117E-3	213.194636493665600E-3
279.000000000000060E+0	154.716321974199600E-3	319.979657731700730E-3
280.000000000000060E+0	167.256057969129070E-3	421.052816696938610E-3
281.000000000000060E+0	154.636195525408670E-3	474.477196185592140E-3
282.000000000000060E+0	194.873809349772080E-3	376.912401278498290E-3
283.000000000000060E+0	322.557618031459330E-3	395.541117429987710E-3
284.000000000000060E+0	394.581137708750860E-3	480.560051605523010E-3
285.000000000000060E+0	329.908062341902670E-3	416.806984061706910E-3
286.000000000000060E+0	333.551203092852130E-3	363.715651052700930E-3
287.000000000000060E+0	343.656149027655730E-3	194.185453193854440E-3
288.000000000000060E+0	435.883158862321430E-3	253.532642453965670E-3
289.000000000000060E+0	436.027174986729160E-3	227.124574842519050E-3
290.000000000000060E+0	461.682149932589940E-3	197.760005934561470E-3
291.000000000000060E+0	418.712945958049530E-3	141.927324629611270E-3
292.000000000000060E+0	487.167101482043120E-3	71.860521138900221E-3
293.000000000000060E+0	509.330957031634890E-3	119.254400580182360E-3
294.000000000000060E+0	412.151106577231920E-3	125.042996804041880E-3
295.000000000000060E+0	298.286351276731980E-3	22.543036007956825E-3
296.000000000000060E+0	380.283255245047580E-3	-114.402739851358530E-3
297.000000000000060E+0	410.441878532090240E-3	56.728535355676478E-3
298.000000000000060E+0	262.564730457746860E-3	100.311020812878950E-3
299.000000000000060E+0	185.737946387202120E-3	87.840289877488778E-3
300.000000000000060E+0	170.364903864689330E-3	8.523682993255514E-3
301.000000000000060E+0	326.779484280066480E-3	85.010187904492218E-3
302.000000000000060E+0	293.082617324012250E-3	147.580897728510520E-3
303.000000000000060E+0	108.030238526567730E-3	116.321258062285910E-3
304.000000000000060E+0	245.861936843399580E-3	-81.015912712236099E-3
305.000000000000060E+0	282.382857453232270E-3	-91.770785985376205E-3
306.000000000000060E+0	290.480782623027790E-3	53.688415577133754E-3
307.000000000000060E+0	226.501298584576320E-3	47.870138567033864E-3
308.000000000000060E+0	204.405678597894520E-3	55.078318358237163E-3
309.000000000000060E+0	159.343331415275540E-3	46.375150214325041E-3
310.000000000000060E+0	191.375989441605910E-3	17.254266999534924E-3
311.000000000000060E+0	202.713998475716970E-3	59.118117613516007E-3
312.000000000000060E+0	181.116124765091650E-3	68.353414768125453E-3
313.000000000000060E+0	189.925830012919820E-3	71.301918436413078E-3
314.000000000000060E+0	191.102425637940280E-3	42.375270500561148E-3
315.000000000000060E+0	236.108144834646070E-3	72.227524211934110E-3
316.000000000000060E+0	180.917137300248500E-3	87.898185061702633E-3
317.000000000000060E+0	201.301677686871960E-3	34.621758595460385E-3
318.000000000000060E+0	250.996721596279670E-3	22.865944404519320E-3
319.000000000000060E+0	260.116957083561860E-3	144.707722670284200E-3
320.000000000000060E+0	178.511383258993270E-3	78.017459488798638E-3
321.000000000000060E+0	170.389574375804100E-3	52.279296703763849E-3
322.000000000000060E+0	182.040564966834270E-3	21.229005174369563E-3
323.000000000000060E+0	168.575744690204060E-3	46.771636595683896E-3
324.000000000000060E+0	135.164721132913420E-3	-18.338153674894251E-3
325.000000000000060E+0	200.932208529566250E-3	7.034530147120967E-3
326.000000000000060E+0	167.419145621237300E-3	51.512920524837282E-3
327.000000000000060E+0	112.213249217832640E-3	51.464313901713958E-3
328.000000000000060E+0	93.778723159843091E-3	46.912980779839207E-3
329.000000000000060E+0	62.123269865286719E-3	112.163371553500920E-3
330.000000000000060E+0	27.527103876005553E-3	135.299674329965700E-3
331.000000000000060E+0	-15.047100039394582E-3	186.808249629322630E-3
332.000000000000060E+0	2.234768952400643E-3	219.218128376446440E-3
333.000000000000060E+0	5.175670385364442E-3	363.691765583639360E-3
334.000000000000060E+0	7.404689130916135E-3	449.846359573945140E-3
335.000000000000060E+0	35.094587285164625E-3	511.137967760148860E-3
336.000000000000060E+0	172.166255700467400E-3	561.160515179156220E-3
337.000000000000060E+0	353.837715942915130E-3	677.513566777172120E-3
338.000000000000060E+0	376.870670332209000E-3	721.938781829217780E-3
339.000000000000060E+0	564.890359595707770E-3	587.508213647286340E-3
340.000000000000060E+0	799.393084865185680E-3	568.366610783159980E-3
341.000000000000060E+0	934.343249346583420E-3	571.455772659727690E-3
342.000000000000060E+0	986.236222864406040E-3	507.687047526683700E-3
343.000000000000060E+0	1.064017926777401E+0	427.954666771728550E-3
344.000000000000060E+0	1.039957384356506E+0	287.552868664657290E-3
345.000000000000060E+0	1.042566640987764E+0	110.824312951112740E-3
346.000000000000060E+0	1.038189994000398E+0	-106.856500280303900E-3
347.000000000000060E+0	941.805936134315400E-3	-373.349483127519310E-3
348.000000000000060E+0	1.084098709755580E+0	-498.558081868850700E-3
349.000000000000060E+0	875.210328648218680E-3	-554.490379434270260E-3
350.000000000000060E+0	685.185823258615990E-3	-708.295040394716360E-3
351.000000000000060E+0	661.273316386682070E-3	-750.721193452256070E-3
352.000000000000060E+0	482.832474050437440E-3	-548.341794751634470E-3
353.000000000000060E+0	352.167720412333630E-3	-409.735155690733270E-3
354.000000000000060E+0	286.306470215335120E-3	-248.555785642325860E-3
355.000000000000060E+0	233.257007571604090E-3	-223.957748245903670E-3
356.000000000000060E+0	355.389845090849810E-3	-151.786956440372540E-3
357.000000000000060E+0	311.788473831335340E-3	-94.130400934647140E-3
358.000000000000060E+0	386.579437401802390E-3	-174.869647398590570E-3
359.000000000000060E+0	496.596358108709390E-3	-176.571220749233320E-3
360.000000000000060E+0	578.969010994015880E-3	-165.364086958376040E-3
361.000000000000060E+0	587.856814088816400E-3	-78.901836132918901E-3
362.000000000000060E+0	607.740689859374680E-3	-196.528990332900500E-3
363.000000000000060E+0	696.622865979907410E-3	-257.101096667360250E-3
364.000000000000060E+0	656.735409162560790E-3	-244.354636453007370E-3
365.000000000000060E+0	636.773387071635550E-3	-446.109763336293760E-3
366.000000000000060E+0	776.667822472546180E-3	-608.727356068799460E-3
367.000000000000060E+0	751.701145258394270E-3	-646.903125523145880E-3
368.000000000000060E+0	635.980052317902890E-3	-738.588132889865360E-3
369.000000000000060E+0	563.528343200836110E-3	-866.344646398579780E-3
370.000000000000060E+0	444.101568013558100E-3	-853.827176539478480E-3
371.000000000000060E+0	268.062047510885250E-3	-825.507922377732960E-3
372.000000000000060E+0	114.150118844217200E-3	-761.556350164976800E-3
373.000000000000060E+0	-29.980261742070025E-3	-593.532987891197350E-3
374.000000000000060E+0	-180.443345816370450E-3	-658.978844531033950E-3
375.000000000000060E+0	-127.651257184560380E-3	-549.736251189942850E-3
376.000000000000060E+0	-138.843839383784780E-3	-506.030870543025310E-3
377.000000000000060E+0	-128.309986561430080E-3	-454.779091409655330E-3
378.000000000000060E+0	-79.094685773969539E-3	-449.890152038577630E-3
379.000000000000060E+0	35.382069079914563E-3	-479.070303789471960E-3
380.000000000000060E+0	208.051139114004610E-3	-229.227309213930860E-3
381.000000000000060E+0	247.047661113372480E-3	-187.627498948828100E-3
382.000000000000060E+0	373.187999235752910E-3	-100.803436275254550E-3
383.000000000000060E+0	316.566467468973160E-3	-83.770173399597581E-3
384.000000000000060E+0	194.698351910939730E-3	-144.596011651762720E-3
385.000000000000060E+0	102.222085373191830E-3	-479.745111271198620E-3
386.000000000000060E+0	146.652893788283890E-3	-547.167197136337880E-3
387.000000000000060E+0	174.422342015599640E-3	-571.828146436299200E-3
388.000000000000060E+0	156.625183083760640E-3	-589.350924695934530E-3
389.000000000000060E+0	363.952199143204920E-3	-612.839719280229070E-3
390.000000000000060E+0	259.100644537974490E-3	-384.424495993014540E-3
391.000000000000060E+0	146.721506152061420E-3	-386.938073775368100E-3
392.000000000000060E+0	50.200980173549049E-3	-430.465005147248500E-3
393.000000000000060E+0	20.659554858126816E-3	-536.582310826192340E-3
394.000000000000060E+0	-24.405477935947439E-3	-566.316658222538180E-3
395.000000000000060E+0	-42.372570161666755E-3	-716.005124974027350E-3
396.000000000000060E+0	42.483633153536600E-3	-714.515613198753900E-3
397.000000000000060E+0	21.697656684976793E-3	-719.517760190773510E-3
398.000000000000060E+0	113.391826204895600E-3	-760.607060571338420E-3
399.000000000000060E+0	39.004149476847633E-3	-460.702804401639410E-3
400.000000000000060E+0	-121.631548727133780E-3	-376.194835036119170E-3
401.000000000000060E+0	-244.328762149077140E-3	-311.795579468284960E-3
402.000000000000060E+0	-374.592811578260690E-3	-240.714443533954910E-3
403.000000000000060E+0	-578.516894332023360E-3	-392.200353362786360E-3
404.000000000000060E+0	-375.640098065217860E-3	-401.473861962833130E-3
405.000000000000060E+0	-386.903197636109970E-3	-344.370824246013450E-3
406.000000000000060E+0	-229.431973722105550E-3	-376.744379981747650E-3
407.000000000000060E+0	-137.743362462245500E-3	-310.653895382658700E-3
408.000000000000060E+0	15.700453990304550E-3	-139.395361273259240E-3
409.000000000000060E+0	-43.076411016723611E-3	-85.714955191114939E-3
410.000000000000060E+0	8.059043569332944E-3	-70.504116669744862E-3
411.000000000000060E+0	55.642445830865236E-3	-31.305965143823090E-3
412.000000000000060E+0	31.915033643455958E-3	-27.030979309050341E-3
413.000000000000060E+0	65.483532325386978E-3	-92.159308298831663E-3
414.000000000000060E+0	137.123686740262510E-3	-126.317021738506870E-3
415.000000000000060E+0	173.907733080168600E-3	-137.303908417592770E-3
416.000000000000060E+0	204.544785054936980E-3	-195.173205706376970E-3
417.000000000000060E+0	244.508431071881890E-3	-247.651813702090970E-3
418.000000000000060E+0	276.757124799998870E-3	-325.181439282405060E-3
419.000000000000060E+0	362.969521205513070E-3	-422.285523403903850E-3
420.000000000000060E+0	414.598171780743260E-3	-479.364208992743120E-3
421.000000000000060E+0	451.753785430451910E-3	-656.455284528821850E-3
422.000000000000060E+0	462.610820898762260E-3	-716.021797552465870E-3
423.000000000000060E+0	377.407653570122180E-3	-912.003359247528950E-3
424.000000000000060E+0	275.575980187909410E-3	-1.105578521559573E+0
425.000000000000060E+0	90.982271148067312E-3	-1.153776884941001E+0
426.000000000000060E+0	-328.189321703902580E-3	-1.115864535138241E+0
427.000000000000060E+0	-645.472773923774330E-3	-1.274247316752281E+0
428.000000000000060E+0	-776.729259658032410E-3	-959.191196278521670E-3
429.000000000000060E+0	-841.046559284449490E-3	-671.589426653670380E-3
430.000000000000060E+0	-864.179234777341490E-3	-476.115215676020330E-3
431.000000000000060E+0	-866.201868388673190E-3	-449.013429174010210E-3
432.000000000000060E+0	-697.228674433501560E-3	-341.731549627387720E-3
433.000000000000060E+0	-634.660058769704330E-3	-192.183144733056700E-3
434.000000000000060E+0	-641.402970697531940E-3	-133.306174568793120E-3
435.000000000000060E+0	-584.030387747778050E-3	-120.678467781871610E-3
436.000000000000060E+0	-606.210406444427030E-3	-122.664414040638060E-3
437.000000000000060E+0	-527.642601521995270E-3	-173.752038457287650E-3
438.000000000000060E+0	-455.942172071036880E-3	-128.493542654871200E-3
439.000000000000060E+0	-432.127727242676840E-3	-121.655296963078070E-3
440.000000000000060E+0	-359.165488872842330E-3	-16.737060630288063E-3
441.000000000000060E+0	-488.759894744811800E-3	-40.276594101607152E-3
442.000000000000060E+0	-510.547770647655880E-3	-54.830557297871424E-3
443.000000000000060E+0	-519.052288181512500E-3	-54.809585642532868E-3
444.000000000000060E+0	-513.632881395404080E-3	-29.330431643453263E-3
445.000000000000060E+0	-515.969640146137110E-3	2.593718770484761E-3
446.000000000000060E+0	-458.383221623046840E-3	43.904244796779693E-3
447.000000000000060E+0	-414.917194390939660E-3	109.967435949451410E-3
448.000000000000060E+0	-377.761410133479640E-3	151.258346141441430E-3
449.000000000000060E+0	-307.841207629054260E-3	204.456908181310460E-3
450.000000000000060E+0	-298.412601619247260E-3	254.792198420172810E-3
451.000000000000060E+0	-248.019112651224120E-3	236.878484588144420E-3
452.000000000000060E+0	-188.306747137578000E-3	224.293145034733300E-3
453.000000000000060E+0	-153.105265764874790E-3	199.978245629423680E-3
454.000000000000060E+0	-105.285150367971240E-3	133.542966190161650E-3
455.000000000000060E+0	-23.691240719113823E-3	104.156078548339210E-3
456.000000000000060E+0	6.977627615416851E-3	104.699062306722820E-3
457.000000000000060E+0	15.256160399263897E-3	75.653454631382122E-3
458.000000000000060E+0	33.721315605804006E-3	23.517250397226314E-3
459.000000000000060E+0	61.833108116888719E-3	24.615108450247607E-3
460.000000000000060E+0	53.707596518087590E-3	-15.282870491841136E-3
461.000000000000060E+0	55.215235100165974E-3	-30.699743863408343E-3
462.000000000000060E+0	33.310415326339202E-3	-80.462849797726652E-3
463.000000000000060E+0	56.285023341891442E-3	-160.167817030917680E-3
464.000000000000060E+0	112.418961226663640E-3	-162.335754526376500E-3
465.000000000000060E+0	112.391096018790490E-3	-186.672169322805450E-3
466.000000000000060E+0	103.748616637300410E-3	-234.508543021595850E-3
467.000000000000060E+0	114.134607732665480E-3	-306.823274580735110E-3
468.000000000000060E+0	156.104891261415610E-3	-388.517928232754330E-3
469.000000000000060E+0	147.749788677652900E-3	-399.485657481790270E-3
470.000000000000060E+0	96.766462170288656E-3	-530.113907657514430E-3
471.000000000000060E+0	89.669704698015731E-3	-641.201370667109360E-3
472.000000000000060E+0	-105.425344092262550E-3	-668.542618898023910E-3
473.000000000000060E+0	-273.902703304494400E-3	-799.767909026881770E-3
474.000000000000060E+0	-435.250526647471820E-3	-760.571965692574350E-3
475.000000000000060E+0	-660.100630736386920E-3	-713.016435623598290E-3
476.000000000000060E+0	-725.304639092681720E-3	-721.230744588721940E-3
477.000000000000060E+0	-605.902362745996630E-3	-515.269131043396890E-3
478.000000000000060E+0	-805.536758951028160E-3	-350.168836968569870E-3
479.000000000000060E+0	-799.557901204507650E-3	-333.544707517177410E-3
480.000000000000060E+0	-804.765048020319780E-3	-235.384638143891770E-3
481.000000000000060E+0	-839.595253372635520E-3	-87.338108069228454E-3
482.000000000000060E+0	-938.758108840730520E-3	-202.105490624428400E-3
483.000000000000060E+0	-756.513151598094290E-3	-87.799932546775802E-3
484.000000000000060E+0	-748.514986792149670E-3	11.993170615790315E-3
485.000000000000060E+0	-672.183137000631040E-3	43.113156315644240E-3
486.000000000000060E+0	-610.275594567236350E-3	161.711259575603730E-3
487.000000000000060E+0	-681.494248011903840E-3	262.221068197114160E-3
488.000000000000060E+0	-620.113483091604190E-3	199.040950790436380E-3
489.000000000000060E+0	-591.057755956819090E-3	213.375080436821070E-3
490.000000000000060E+0	-558.430681805300980E-3	208.901152031462420E-3
491.000000000000060E+0	-626.567353516387150E-3	187.134194451822640E-3
492.000000000000060E+0	-517.493527020738250E-3	105.107464776304730E-3
493.000000000000060E+0	-474.386708893551170E-3	159.039433436702150E-3
494.000000000000060E+0	-491.305558678589660E-3	161.110891529312820E-3
495.000000000000060E+0	-426.732123147258060E-3	194.626871584529570E-3
496.000000000000060E+0	-490.289452322321960E-3	286.554947668583690E-3
497.000000000000060E+0	-578.065599400675590E-3	274.525649600670550E-3
498.000000000000060E+0	-589.636916049097290E-3	243.863749311043070E-3
499.000000000000060E+0	-597.567887038043090E-3	253.612719213385410E-3
500.000000000000060E+0	-582.664926668419960E-3	231.249143904330460E-3
501.000000000000060E+0	-567.618027500727540E-3	297.110771418373280E-3
502.000000000000060E+0	-558.739083038404920E-3	338.117627678491790E-3
503.000000000000060E+0	-558.041178193660610E-3	426.275950018782100E-3
504.000000000000060E+0	-645.652117570008510E-3	509.468584766209710E-3
505.000000000000060E+0	-633.837976296909850E-3	525.165925254972630E-3
506.000000000000060E+0	-641.938633723156520E-3	661.773388842089030E-3
507.000000000000060E+0	-577.112436669348190E-3	777.557954298617850E-3
508.000000000000060E+0	-497.952483553145750E-3	974.778339100861310E-3
509.000000000000060E+0	-417.328261882461970E-3	1.106441344010314E+0
510.000000000000060E+0	-393.612136416303660E-3	978.681784626637570E-3
511.000000000000060E+0	86.445934088097850E-3	973.259380571850350E-3
512.000000000000110E+0	291.401696708038950E-3	897.020258054697650E-3
513.000000000000110E+0	439.524101312034450E-3	785.283194071784930E-3
514.000000000000110E+0	417.344399231696310E-3	628.118658309723800E-3
515.000000000000110E+0	345.913186877246590E-3	463.026077639495940E-3
516.000000000000110E+0	300.863688023004670E-3	358.476541699293110E-3
517.000000000000110E+0	250.102629630054090E-3	371.176864954299580E-3
518.000000000000110E+0	179.006374049331150E-3	378.545070901404600E-3
519.000000000000110E+0	80.767637311657245E-3	383.552669225560250E-3
520.000000000000110E+0	115.842352098672570E-3	370.405552789878300E-3
521.000000000000110E+0	157.889125659659120E-3	423.678357876049900E-3
522.000000000000110E+0	242.380629003349110E-3	471.592500860902650E-3
523.000000000000110E+0	324.587593935011630E-3	521.239155765770730E-3
524.000000000000110E+0	392.346149468097760E-3	432.324760577747880E-3
525.000000000000110E+0	463.913572649617190E-3	284.791647482241670E-3
526.000000000000110E+0	528.915446821923930E-3	184.253915998741140E-3
527.000000000000110E+0	479.417077877983600E-3	176.775508817332010E-3
528.000000000000110E+0	410.976841305025760E-3	78.074466092949296E-3
529.000000000000110E+0	345.277008369147760E-3	43.822852070701246E-3
530.000000000000110E+0	309.818329799580410E-3	-22.746314186650921E-3
531.000000000000110E+0	266.835425809514300E-3	-52.443409569898063E-3
532.000000000000110E+0	222.241787246395070E-3	-76.166296121527227E-3
533.000000000000110E+0	181.494340445731710E-3	-96.889088192223222E-3
534.000000000000110E+0	159.465791629020220E-3	-86.689741272649751E-3
535.000000000000110E+0	110.861364915264130E-3	-68.495769371835422E-3
536.000000000000110E+0	80.966785744351691E-3	-67.544701714840547E-3
537.000000000000110E+0	57.613774965790614E-3	-47.943784323070546E-3
538.000000000000110E+0	32.240031979811026E-3	-59.953035812691638E-3
539.000000000000110E+0	39.829255027244853E-3	-31.344380519970884E-3
540.000000000000110E+0	13.923296545462691E-3	-17.162002499874231E-3
541.000000000000110E+0	-5.190171557365700E-3	-14.932826975036624E-3
542.000000000000110E+0	-30.232618921267145E-3	-43.563052379526325E-3
543.000000000000110E+0	23.430579093460774E-3	-6.253153411191195E-3
544.000000000000110E+0	14.730691449333561E-3	31.416911219265785E-3
545.000000000000110E+0	-7.930327596196532E-3	54.883925908250815E-3
546.000000000000110E+0	-12.716837137140205E-3	62.355889831007844E-3
547.000000000000110E+0	-38.632028246286740E-3	74.956475033256989E-3
548.000000000000110E+0	-27.477035334222674E-3	49.950647626788171E-3
549.000000000000110E+0	-21.350732102356381E-3	67.277529694257765E-3
550.000000000000110E+0	-28.104881412276302E-3	77.712176355555093E-3
551.000000000000110E+0	-46.783188279742371E-3	61.462956977673434E-3
552.000000000000110E+0	-6.520892942258285E-3	46.294902789717346E-3
553.000000000000110E+0	-5.054678680593126E-3	85.607893856677525E-3
554.000000000000110E+0	-24.534097409933509E-3	77.635957600490052E-3
555.000000000000110E+0	-6.892659385182691E-3	84.086258630628075E-3
556.000000000000110E+0	-29.723008896796851E-3	99.815219234095823E-3
557.000000000000110E+0	-16.366451833943738E-3	101.648474709745970E-3
558.000000000000110E+0	-51.940051836875140E-3	131.704776423140550E-3
559.000000000000110E+0	-77.296766718374613E-3	107.760804872325100E-3
560.000000000000110E+0	-55.628968401289315E-3	80.206780382543669E-3
561.000000000000110E+0	27.016494816951012E-3	146.190383111534950E-3
562.000000000000110E+0	-39.921006086685883E-3	167.457122373943950E-3
563.000000000000110E+0	-35.041640411673083E-3	156.719708013991850E-3
564.000000000000110E+0	-6.475677162845814E-3	176.758777610248690E-3
565.000000000000110E+0	-15.251332534247297E-3	186.559663507319370E-3
566.000000000000110E+0	-349.406058209956950E-6	186.029021016739790E-3
567.000000000000110E+0	3.214953710501806E-3	186.285692736487400E-3
568.000000000000110E+0	13.131595010167649E-3	187.795676351562330E-3
569.000000000000110E+0	20.552611077893187E-3	180.222233858248120E-3
570.000000000000110E+0	62.695464516496810E-3	190.924248302693780E-3
571.000000000000110E+0	12.932709062820232E-3	218.815634280317810E-3
572.000000000000110E+0	14.329997090874430E-3	194.515505289765080E-3
573.000000000000110E+0	15.225009878486019E-3	203.713475969493710E-3
574.000000000000110E+0	-37.216981945726244E-3	241.884178334110880E-3
575.000000000000110E+0	-85.367660262430478E-3	175.183072491079530E-3
576.000000000000110E+0	-38.032759133497636E-3	109.955047647194240E-3
577.000000000000110E+0	5.924214425984436E-3	190.108815784355370E-3
578.000000000000110E+0	-11.307113365179122E-3	254.068851909991730E-3
579.000000000000110E+0	-37.139620998038435E-3	345.300716212623650E-3
580.000000000000110E+0	-154.929959725725510E-3	366.092821057738380E-3
581.000000000000110E+0	-114.489242030757370E-3	408.339375524643720E-3
582.000000000000110E+0	-90.646841087504842E-3	535.955212369147670E-3
583.000000000000110E+0	-146.338057702281870E-3	692.547806549423050E-3
584.000000000000110E+0	-149.625840113025960E-3	694.485474903849040E-3
585.000000000000110E+0	159.019312331647540E-3	688.970965143568480E-3
586.000000000000110E+0	418.883406317107300E-3	815.363232547776980E-3
587.000000000000110E+0	656.677213260000950E-3	885.175351141689660E-3
588.000000000000110E+0	876.009855722624130E-3	809.367783054958270E-3
589.000000000000110E+0	1.038707709771302E+0	731.741473123195260E-3
590.000000000000110E+0	959.667971188688180E-3	437.209191385481140E-3
591.000000000000110E+0	960.142038936019900E-3	214.566039382337900E-3
592.000000000000110E+0	950.613182860929440E-3	63.029483748872961E-3
593.000000000000110E+0	900.293015387662380E-3	34.091262050764681E-3
594.000000000000110E+0	812.556901196658690E-3	-47.478497591745869E-3
595.000000000000110E+0	778.578972217101260E-3	-103.363000700407060E-3
596.000000000000110E+0	731.522890547698810E-3	-151.511800647611770E-3
597.000000000000110E+0	706.885152701857140E-3	-201.323776899390350E-3
598.000000000000110E+0	728.258845689187970E-3	-279.508910991360440E-3
599.000000000000110E+0	756.953450483920490E-3	-172.212750995368920E-3
600.000000000000110E+0	663.267408312635090E-3	-203.430496095158200E-3
601.000000000000110E+0	623.870529385706750E-3	-261.163599209454030E-3
602.000000000000110E+0	625.120615867937880E-3	-370.853404671964090E-3
603.000000000000110E+0	679.699155842363290E-3	-338.345573226852270E-3
604.000000000000110E+0	649.473589048385700E-3	-332.597368135501950E-3
605.000000000000110E+0	596.875712876460910E-3	-360.865459307827430E-3
606.000000000000110E+0	599.325979163374040E-3	-412.807615784782640E-3
607.000000000000110E+0	573.832287989621490E-3	-393.172780687842230E-3
608.000000000000110E+0	454.039551103592340E-3	-472.316618980700430E-3
609.000000000000110E+0	530.461688627663740E-3	-483.747424653092170E-3
610.000000000000110E+0	510.222831763768920E-3	-489.188861669214880E-3
611.000000000000110E+0	509.984958854407310E-3	-465.319197670468480E-3
612.000000000000110E+0	436.900473507514990E-3	-521.341060211614860E-3
613.000000000000110E+0	491.675997749339950E-3	-623.945109803234810E-3
614.000000000000110E+0	518.451794412214450E-3	-642.418582784967220E-3
615.000000000000110E+0	490.867757893744150E-3	-660.095484597227780E-3
616.000000000000110E+0	407.856717348743570E-3	-636.143015666484010E-3
617.000000000000110E+0	188.343347569584320E-3	-789.593212495871550E-3
618.000000000000110E+0	289.841624148687640E-3	-910.506504367702750E-3
619.000000000000110E+0	256.116754993262420E-3	-886.005907928634320E-3
620.000000000000110E+0	186.695388594003450E-3	-885.048558100829390E-3
621.000000000000110E+0	145.255479615318480E-3	-834.999226965467130E-3
622.000000000000110E+0	-5.099696845008762E-3	-828.072243011720890E-3
623.000000000000110E+0	-63.773827445632217E-3	-811.122836193562070E-3
624.000000000000110E+0	-86.345471146144298E-3	-785.716666032883370E-3
625.000000000000110E+0	-75.130219453697938E-3	-691.111167592073800E-3
626.000000000000110E+0	-127.237763265825780E-3	-606.070823650651900E-3
627.000000000000110E+0	-135.859389047023020E-3	-650.367996052929720E-3
628.000000000000110E+0	-105.295622800149880E-3	-633.049780493370020E-3
629.000000000000110E+0	-79.373111221035256E-3	-651.131935318969070E-3
630.000000000000110E+0	-43.300667201227036E-3	-630.842339651758180E-3
631.000000000000110E+0	-157.096044478200190E-3	-627.047559411913480E-3
632.000000000000110E+0	-144.582630816987050E-3	-734.796299005508360E-3
633.000000000000110E+0	-153.388731970980690E-3	-776.202008809034000E-3
634.000000000000110E+0	-117.659564207336170E-3	-816.732489585348720E-3
635.000000000000110E+0	-145.486806495704470E-3	-737.275475379460250E-3
636.000000000000110E+0	-280.783661359158050E-3	-699.221171898550150E-3
637.000000000000110E+0	-353.403927319445370E-3	-879.458803767668940E-3
638.000000000000110E+0	-361.449434724380790E-3	-959.430694048332920E-3
639.000000000000110E+0	-406.790999219989680E-3	-1.003151269847155E+0
640.000000000000110E+0	-338.106696566569550E-3	-912.038638006867800E-3
641.000000000000110E+0	-754.736576223293040E-3	-830.456213414395020E-3
642.000000000000110E+0	-963.294405742825990E-3	-821.539796506770340E-3
643.000000000000110E+0	-1.085337492019993E+0	-819.173702131832600E-3
644.000000000000110E+0	-1.091468550359160E+0	-709.473274352570240E-3
645.000000000000110E+0	-993.858657807622950E-3	-420.344509162013380E-3
646.000000000000110E+0	-1.144304432252873E+0	-176.683404286586050E-3
647.000000000000110E+0	-1.165997074816555E+0	-128.277953197403200E-3
648.000000000000110E+0	-1.068982003281524E+0	-72.021703799559356E-3
649.000000000000110E+0	-948.978531256373660E-3	-11.609532495575321E-3
650.000000000000110E+0	-861.252346851817060E-3	153.191132983846960E-3
651.000000000000110E+0	-830.544340702998100E-3	169.645991655130720E-3
652.000000000000110E+0	-776.897289645155700E-3	194.580526328896360E-3
653.000000000000110E+0	-765.950407820838900E-3	214.879493021591620E-3
654.000000000000110E+0	-672.038119600800070E-3	174.053970320730970E-3
655.000000000000110E+0	-640.273765339257620E-3	195.625724343707120E-3
656.000000000000110E+0	-604.546719373051930E-3	184.308334485353780E-3
657.000000000000110E+0	-585.350515316428900E-3	191.194607279730170E-3
658.000000000000110E+0	-587.972959033788660E-3	203.894714548644440E-3
659.000000000000110E+0	-579.394968220998670E-3	205.796184264269290E-3
660.000000000000110E+0	-571.337569751952380E-3	245.725723455110320E-3
661.000000000000110E+0	-573.604026997260870E-3	290.463121702117520E-3
662.000000000000110E+0	-590.355072505306940E-3	347.981530163188610E-3
663.000000000000110E+0	-680.383425894034550E-3	322.586290843591190E-3
664.000000000000110E+0	-548.758255809057460E-3	314.437808736269090E-3
665.000000000000110E+0	-540.993962798937520E-3	409.487355583156580E-3
666.000000000000110E+0	-522.895796968636530E-3	484.408703945503010E-3
667.000000000000110E+0	-489.611475629321000E-3	549.549110611184170E-3
668.000000000000110E+0	-399.155417424976290E-3	599.902164210210700E-3
669.000000000000110E+0	-318.418815318659680E-3	768.111074294858250E-3
670.000000000000110E+0	-166.171131582507600E-3	820.259735810872530E-3
671.000000000000110E+0	-6.175968069667265E-3	876.101461248919850E-3
672.000000000000110E+0	88.305048999856042E-3	816.799216230177820E-3
673.000000000000110E+0	233.142437396185650E-3	512.506246606239780E-3
674.000000000000110E+0	347.488468582806130E-3	256.830618599056540E-3
675.000000000000110E+0	351.607262616119410E-3	89.081474936042057E-3
676.000000000000110E+0	288.403688894526670E-3	-26.129170556692310E-3
677.000000000000110E+0	199.739937338892140E-3	-28.885964460175158E-3
678.000000000000110E+0	70.040858420770596E-3	30.963350494341287E-3
679.000000000000110E+0	-70.289161583871079E-3	19.064243028464652E-3
680.000000000000110E+0	-113.518663117184420E-3	40.757778095070751E-3
681.000000000000110E+0	-153.467769724491050E-3	79.575235246120049E-3
682.000000000000110E+0	-160.386138581118910E-3	13.496647983022086E-3
683.000000000000110E+0	-128.043513131797180E-3	48.331462931660255E-3
684.000000000000110E+0	-119.610406863096820E-3	47.089689477406930E-3
685.000000000000110E+0	-90.543418347452484E-3	53.883659725541301E-3
686.000000000000110E+0	-86.567912748089115E-3	69.755518404125472E-3
687.000000000000110E+0	-5.418794841293677E-3	130.388343999186500E-3
688.000000000000110E+0	-146.437979188682120E-3	141.087424556376130E-3
689.000000000000110E+0	-156.027389052385610E-3	123.669193455461470E-3
690.000000000000110E+0	-174.625238304510540E-3	130.029477745743550E-3
691.000000000000110E+0	-206.635281991512210E-3	136.727278604349050E-3
692.000000000000110E+0	-192.124784476845280E-3	103.797912865586370E-3
693.000000000000110E+0	-192.764335615634890E-3	135.363925587677510E-3
694.000000000000110E+0	-197.518861679609720E-3	140.233338019136040E-3
695.000000000000110E+0	-157.319727405178050E-3	183.839792568491090E-3
696.000000000000110E+0	-183.752815882584740E-3	239.562814100530260E-3
697.000000000000110E+0	-185.372978757411430E-3	267.556155467917940E-3
698.000000000000110E+0	-182.651446406842890E-3	308.114690727711140E-3
699.000000000000110E+0	-164.132531521309410E-3	338.030403596860980E-3
700.000000000000110E+0	-156.630157822969770E-3	374.227644557873110E-3
701.000000000000110E+0	-65.086175925646222E-3	357.820456779454400E-3
702.000000000000110E+0	5.747087906456462E-3	381.838338137100500E-3
703.000000000000110E+0	75.887982294135084E-3	393.082292091602280E-3
704.000000000000110E+0	130.851666414973450E-3	366.071292577582200E-3
705.000000000000110E+0	193.128193882299150E-3	304.963099984268570E-3
706.000000000000110E+0	247.625324352354680E-3	268.332733440049540E-3
707.000000000000110E+0	239.749155606381850E-3	206.530946867280800E-3
708.000000000000110E+0	237.395301785137010E-3	151.370489105797400E-3
709.000000000000110E+0	213.827086539616910E-3	102.965932844520380E-3
710.000000000000110E+0	246.356182481797580E-3	68.955879808769438E-3
711.000000000000110E+0	168.227808837899150E-3	80.377742056730733E-3
712.000000000000110E+0	153.033311588095220E-3	49.998282269534969E-3
713.000000000000110E+0	137.797051988668900E-3	27.151914161566492E-3
714.000000000000110E+0	138.613873179801780E-3	17.863441103860400E-3
715.000000000000110E+0	102.882398817627630E-3	-4.214875259733398E-3
716.000000000000110E+0	125.816910557221690E-3	-32.383946687157897E-3
717.000000000000110E+0	106.041842026437110E-3	-23.166837825437350E-3
718.000000000000110E+0	79.944785125427742E-3	-55.103896206222330E-3
719.000000000000110E+0	99.641769532148913E-3	-88.461808993868518E-3
720.000000000000110E+0	99.410874436889188E-3	-56.191430145019407E-3
721.000000000000110E+0	76.002930320289902E-3	-56.470118742329253E-3
722.000000000000110E+0	51.420315228743158E-3	-53.395872680658193E-3
723.000000000000110E+0	58.527525168985010E-3	-50.122966769380682E-3
724.000000000000110E+0	-7.235455877410226E-3	-22.443346103642261E-3
725.000000000000110E+0	-8.507194843791737E-3	-52.278449188359777E-3
726.000000000000110E+0	-23.071968805971687E-3	-71.382176711246331E-3
727.000000000000110E+0	-15.945229586095417E-3	-77.135351001775113E-3
728.000000000000110E+0	-41.862928417777119E-3	-73.814547623271859E-3
729.000000000000110E+0	-35.920355338659400E-3	-118.951617693270130E-3
730.000000000000110E+0	-57.671764369709388E-3	-73.052087025153645E-3
731.000000000000110E+0	-79.036300819935054E-3	-68.418837134543845E-3
732.000000000000110E+0	-76.258339478705889E-3	-65.280012272172394E-3
733.000000000000110E+0	-73.450030551202458E-3	-18.892985314693481E-3
734.000000000000110E+0	-87.867632347288060E-3	8.142523464350607E-3
735.000000000000110E+0	-99.216659326587506E-3	20.271744224265829E-3
736.000000000000110E+0	-106.420053195095910E-3	27.505669888307147E-3
737.000000000000110E+0	-106.136804026086070E-3	26.490622396271063E-3
738.000000000000110E+0	-118.946835406385090E-3	18.030106126785867E-3
739.000000000000110E+0	-77.682431494487239E-3	12.641569114440110E-3
740.000000000000110E+0	-75.738238630667809E-3	24.352209054716203E-3
741.000000000000110E+0	-70.585363219167405E-3	32.532559409629534E-3
742.000000000000110E+0	-74.170006682539313E-3	40.206279233840861E-3
743.000000000000110E+0	-75.047194692193397E-3	35.304448280152619E-3
744.000000000000110E+0	-74.670086833224819E-3	38.582840375232484E-3
745.000000000000110E+0	-74.723466677028019E-3	35.354092579156560E-3
746.000000000000110E+0	-67.629036470196843E-3	44.163144689929587E-3
747.000000000000110E+0	-84.739773621029579E-3	61.216345604126143E-3
748.000000000000110E+0	-61.984149248678608E-3	25.206091014714629E-3
749.000000000000110E+0	-64.084263054793741E-3	49.653052910236278E-3
750.000000000000110E+0	-66.423376549163013E-3	56.799621109820397E-3
751.000000000000110E+0	-65.983632309696102E-3	65.724337394439086E-3
752.000000000000110E+0	-70.922903496859258E-3	84.868460066106918E-3
753.000000000000110E+0	-84.174498301073861E-3	83.924279020168233E-3
754.000000000000110E+0	-90.713210806478650E-3	86.347921322284776E-3
755.000000000000110E+0	-104.060237118360100E-3	75.423509595669985E-3
756.000000000000110E+0	-71.001321582157745E-3	71.386401477109521E-3
757.000000000000110E+0	-82.630102432024927E-3	99.197720128983702E-3
758.000000000000110E+0	-48.417240714147318E-3	78.782925399958292E-3
759.000000000000110E+0	-25.370514481136745E-3	105.105907330430250E-3
760.000000000000110E+0	4.905082489890365E-3	130.641548792878650E-3
761.000000000000110E+0	40.085283221524555E-3	222.900284537071470E-3
762.000000000000110E+0	-31.288987136735127E-3	194.664287664162940E-3
763.000000000000110E+0	-12.207009393171708E-3	176.592268880301970E-3
764.000000000000110E+0	-6.758206075713404E-3	167.237329507095130E-3
765.000000000000110E+0	-13.661609517792878E-3	161.781249237505110E-3
766.000000000000110E+0	-108.292920365424820E-3	67.085530848659175E-3
767.000000000000110E+0	37.886253726882313E-3	23.891877458236854E-3
768.000000000000110E+0	29.933378374629015E-3	22.606898762205271E-3
769.000000000000110E+0	55.525810106894467E-3	7.178670349093065E-3
770.000000000000110E+0	75.670553680041067E-3	-1.559249021680017E-3
771.000000000000110E+0	94.815495507359168E-3	115.256555329928910E-3
772.000000000000110E+0	44.168517871605396E-3	86.489610051488086E-3
773.000000000000110E+0	46.669617776019690E-3	70.357813857040014E-3
774.000000000000110E+0	48.262723830093550E-3	95.219193666488372E-3
775.000000000000110E+0	35.869676770028801E-3	80.374380785431396E-3
776.000000000000110E+0	17.065007340225043E-3	55.021967067921097E-3
777.000000000000110E+0	59.845085150929241E-3	29.209884074389920E-3
778.000000000000110E+0	69.253557389395509E-3	21.817222027263893E-3
779.000000000000110E+0	92.723903292090543E-3	-8.101457459354023E-3
780.000000000000110E+0	114.599520134840550E-3	68.780030672038250E-3
781.000000000000110E+0	63.867701692044934E-3	26.208257505576479E-3
782.000000000000110E+0	68.631083873478424E-3	9.104172952583102E-3
783.000000000000110E+0	74.694693760086181E-3	13.438373766846598E-3
784.000000000000110E+0	50.453646658432542E-3	8.724827918296336E-3
785.000000000000110E+0	56.738072252163103E-3	4.177784405510727E-3
786.000000000000110E+0	46.311341624238403E-3	-5.971477224421805E-3
787.000000000000110E+0	51.430237810125130E-3	-20.200968596444210E-3
788.000000000000110E+0	53.978216574884184E-3	-29.052280800476084E-3
789.000000000000110E+0	80.191507777867752E-3	-68.694064605132138E-3
790.000000000000110E+0	80.692648944780662E-3	22.960228108617958E-3
791.000000000000110E+0	80.341132487613237E-3	-1.302945719439913E-3
792.000000000000110E+0	90.810769333850849E-3	-24.167055660236181E-3
793.000000000000110E+0	143.275585363377760E-3	-37.039368504343459E-3
794.000000000000110E+0	161.096941122159890E-3	258.631945512971250E-6
795.000000000000110E+0	143.422430852189170E-3	-30.543577983855576E-3
796.000000000000110E+0	154.958181378886730E-3	-71.001820664196441E-3
797.000000000000110E+0	165.157747297285940E-3	-123.865197684279910E-3
798.000000000000110E+0	191.326397797714290E-3	-186.979679072115820E-3
799.000000000000110E+0	228.256506688320510E-3	-182.091777624633160E-3
800.000000000000110E+0	191.054410882656790E-3	-222.854523899998240E-3
801.000000000000110E+0	174.743720086985880E-3	-280.239150803472340E-3
802.000000000000110E+0	155.827584483298750E-3	-335.998993722987300E-3
803.000000000000110E+0	142.049047921754240E-3	-383.206216173313190E-3
804.000000000000110E+0	71.880153900624563E-3	-418.873173471240150E-3
805.000000000000110E+0	8.819444588166003E-3	-482.637307584049050E-3
806.000000000000110E+0	-54.225980610965792E-3	-533.792711936044050E-3
807.000000000000110E+0	-116.324130145183360E-3	-585.694397168489590E-3
808.000000000000110E+0	-87.398419993416840E-3	-666.214753580436800E-3
809.000000000000110E+0	-315.449214958369530E-3	-531.138408789270990E-3
810.000000000000110E+0	-464.587287807332550E-3	-525.432207930961010E-3
811.000000000000110E+0	-600.903693303907470E-3	-475.898257888110190E-3
812.000000000000110E+0	-662.731789896611740E-3	-453.431457795778480E-3
813.000000000000110E+0	-629.109043081202630E-3	-208.610737672263460E-3
814.000000000000110E+0	-688.165224443386680E-3	-79.617169297005325E-3
815.000000000000110E+0	-673.656711851255530E-3	16.594088592666523E-3
816.000000000000110E+0	-580.905501673530940E-3	49.692167679236010E-3
817.000000000000110E+0	-530.463346581164670E-3	168.287002326110800E-3
818.000000000000110E+0	-497.203111248031070E-3	86.754552218295713E-3
819.000000000000110E+0	-401.660476160593250E-3	125.979707817037410E-3
820.000000000000110E+0	-360.583147635743670E-3	141.793038104438910E-3
821.000000000000110E+0	-340.332465844436600E-3	162.196953706799760E-3
822.000000000000110E+0	-362.938020585706290E-3	128.385228591614550E-3
823.000000000000110E+0	-332.587529611353570E-3	131.790891069295840E-3
824.000000000000110E+0	-307.779602980260140E-3	129.895472605358720E-3
825.000000000000110E+0	-285.759967919670950E-3	153.800351223549760E-3
826.000000000000110E+0	-301.005969638938500E-3	180.428559399636480E-3
827.000000000000110E+0	-295.418065292149030E-3	128.187324700217850E-3
828.000000000000110E+0	-270.554431986424650E-3	139.715777616520150E-3
829.000000000000110E+0	-276.043060722405530E-3	145.631296210434970E-3
830.000000000000110E+0	-294.605131532534480E-3	130.439993324158790E-3
831.000000000000110E+0	-258.487434313300730E-3	68.023816441379295E-3
832.000000000000110E+0	-270.199379718535910E-3	146.980545824139860E-3
833.000000000000110E+0	-286.947867588462020E-3	137.319054336682680E-3
834.000000000000110E+0	-291.053212918610080E-3	128.551549560080520E-3
835.000000000000110E+0	-274.560856212631210E-3	128.722569199389460E-3
836.000000000000110E+0	-257.862801247386140E-3	149.765467867897660E-3
837.000000000000110E+0	-320.485733172342750E-3	180.244214481575520E-3
838.000000000000110E+0	-314.582714601487510E-3	148.472810886269150E-3
839.000000000000110E+0	-304.265663957468460E-3	155.156675735805970E-3
840.000000000000110E+0	-291.784810614696020E-3	163.766374222488770E-3
841.000000000000110E+0	-332.404011633302470E-3	178.797303388701590E-3
842.000000000000110E+0	-318.007052713038810E-3	171.696803560240450E-3
843.000000000000110E+0	-309.698308821818590E-3	178.813202447583950E-3
844.000000000000110E+0	-297.521721224445150E-3	213.109403182962120E-3
845.000000000000110E+0	-332.746989003054110E-3	227.071198789417980E-3
846.000000000000110E+0	-332.659511013980560E-3	225.996033710254170E-3
847.000000000000110E+0	-333.940543708855010E-3	236.085807860122810E-3
848.000000000000110E+0	-332.037708653233730E-3	253.071137479205900E-3
849.000000000000110E+0	-330.643285016173350E-3	273.961345310699600E-3
850.000000000000110E+0	-412.859915021784980E-3	290.809920382937460E-3
851.000000000000110E+0	-355.650112937757220E-3	297.289356749305620E-3
852.000000000000110E+0	-357.398102859818930E-3	309.265819127258700E-3
853.000000000000110E+0	-329.632179757933070E-3	348.317299937113690E-3
854.000000000000110E+0	-356.582763209908340E-3	378.557644016562830E-3
855.000000000000110E+0	-385.024076127654210E-3	425.149026146944890E-3
856.000000000000110E+0	-366.433625424217040E-3	396.474415967785990E-3
857.000000000000110E+0	-343.696683990659110E-3	425.944960324391110E-3
858.000000000000110E+0	-318.865968967969930E-3	455.445106792749350E-3
859.000000000000110E+0	-273.340411025212060E-3	540.473387561700270E-3
860.000000000000110E+0	-375.393583662127880E-3	547.267138491284940E-3
861.000000000000110E+0	-327.946833277992120E-3	539.409792520379350E-3
862.000000000000110E+0	-300.064732307649520E-3	542.702834274290000E-3
863.000000000000110E+0	-189.043533809955280E-3	591.637590213484390E-3
864.000000000000110E+0	-302.877049920845800E-3	674.921859638036300E-3
865.000000000000110E+0	-306.361853853327090E-3	669.551355814281490E-3
866.000000000000110E+0	-288.646974084613820E-3	660.159522265291620E-3
867.000000000000110E+0	-234.031101584559670E-3	733.839706754747970E-3
868.000000000000110E+0	-200.049861169240670E-3	749.550559742307110E-3
869.000000000000110E+0	-174.479107867187430E-3	1.053743695670119E+0
870.000000000000110E+0	-162.443300041791530E-3	1.038482245855322E+0
871.000000000000110E+0	-128.929796623977470E-3	1.104548042561393E+0
872.000000000000110E+0	-73.584143023236265E-3	1.060479797175305E+0
873.000000000000110E+0	281.775955218063920E-3	1.053316709372592E+0
874.000000000000110E+0	464.088989845721390E-3	1.184220171634964E+0
875.000000000000110E+0	637.947016522930400E-3	1.198098479140030E+0
876.000000000000110E+0	833.205536214063460E-3	1.094010681953896E+0
877.000000000000110E+0	1.003692146821677E+0	970.027036670979230E-3
878.000000000000110E+0	1.087253988229595E+0	878.696220202750400E-3
879.000000000000110E+0	989.568000593265440E-3	562.218467679624250E-3
880.000000000000110E+0	998.209919715298380E-3	354.945809781578300E-3
881.000000000000110E+0	980.258431787663250E-3	203.154305812830420E-3
882.000000000000110E+0	871.045236628762210E-3	216.206467595340960E-3
883.000000000000110E+0	779.745685975200440E-3	34.284548634401696E-3
884.000000000000110E+0	742.967066556657010E-3	-29.673182757307175E-3
885.000000000000110E+0	701.306847928097500E-3	-69.085691816231823E-3
886.000000000000110E+0	658.297961131292130E-3	-64.686302478090416E-3
887.000000000000110E+0	620.334053362479820E-3	-67.521365868498120E-3
888.000000000000110E+0	521.568630809860270E-3	-36.219921961573399E-3
889.000000000000110E+0	455.096236531926930E-3	-72.003967314934386E-3
890.000000000000110E+0	412.621541938643810E-3	-99.631995440097737E-3
891.000000000000110E+0	356.547504281865710E-3	-134.642450655869580E-3
892.000000000000110E+0	454.217331459865150E-3	-142.410858309034240E-3
893.000000000000110E+0	390.821632759387250E-3	-112.170642374339490E-3
894.000000000000110E+0	379.465081764661650E-3	-118.389244745666560E-3
895.000000000000110E+0	356.243239661302610E-3	-63.118004379941875E-3
896.000000000000110E+0	308.738292534345540E-3	-68.258154374980437E-3
897.000000000000110E+0	269.301413197933880E-3	-83.429711164463821E-3
898.000000000000110E+0	255.237122738598830E-3	-84.031324715624953E-3
899.000000000000110E+0	229.144365284656180E-3	-90.764310092715253E-3
900.000000000000110E+0	177.339659292766570E-3	-107.931714268522420E-3
901.000000000000110E+0	373.327577956968360E-3	-203.402481503715370E-3
902.000000000000110E+0	307.959831210697310E-3	-99.532355026619529E-3
903.000000000000110E+0	293.022331254158940E-3	-72.305245447267880E-3
904.000000000000110E+0	290.424910695422480E-3	-34.331250966080133E-3
905.000000000000110E+0	212.263887594051400E-3	5.015196692104206E-3
906.000000000000110E+0	173.857460389371050E-3	-44.412581460584383E-3
907.000000000000110E+0	154.535396510119630E-3	-62.266350252390523E-3
908.000000000000110E+0	158.910621085014940E-3	-105.681511881776880E-3
909.000000000000110E+0	156.598726909579070E-3	-117.298574404381130E-3
910.000000000000110E+0	110.051197675662850E-3	-179.902968707131520E-3
911.000000000000110E+0	284.632246018760690E-3	-89.029905166389311E-3
912.000000000000110E+0	220.359152232336490E-3	-93.177017476636717E-3
913.000000000000110E+0	217.550165514532430E-3	-99.538029903520842E-3
914.000000000000110E+0	180.788916758721440E-3	-9.691140229134650E-3
915.000000000000110E+0	99.746575864927495E-3	-13.654450711644669E-3
916.000000000000110E+0	8.995927674908656E-3	-95.905574897936302E-3
917.000000000000110E+0	25.644056856870129E-3	-108.150113761765020E-3
918.000000000000110E+0	32.543469308465654E-3	-130.109021792196490E-3
919.000000000000110E+0	51.011371698809482E-3	-141.773347279522340E-3
920.000000000000110E+0	231.649380939306260E-3	-108.492536199577040E-3
921.000000000000110E+0	130.012534495956150E-3	-34.028036559766807E-3
922.000000000000110E+0	133.856082856631390E-3	-15.269955341527778E-3
923.000000000000110E+0	143.650713241920750E-3	25.650423573371290E-3
924.000000000000110E+0	21.238588844699556E-3	63.190232454842371E-3
925.000000000000110E+0	29.473945615324588E-3	-7.592101230285030E-3
926.000000000000110E+0	46.159341454745033E-3	-45.950534299919230E-3
927.000000000000110E+0	81.775106443747858E-3	-65.920222631583952E-3
928.000000000000110E+0	90.398520074701824E-3	-72.389679438979060E-3
929.000000000000110E+0	148.301909368831950E-3	-158.574042744739380E-3
930.000000000000110E+0	169.855573940076890E-3	-24.690801088705056E-3
931.000000000000110E+0	151.317468918092250E-3	-24.846256447836803E-3
932.000000000000110E+0	137.845851243474510E-3	14.017392116379791E-3
933.000000000000110E+0	68.416470260534171E-3	28.114005130255200E-3
934.000000000000110E+0	34.084734434328842E-3	-11.825273137694376E-3
935.000000000000110E+0	37.066092704877665E-3	-23.899875567617392E-3
936.000000000000110E+0	36.516774172807784E-3	-33.241312599463668E-3
937.000000000000110E+0	68.953863568158372E-3	-54.948440058574917E-3
938.000000000000110E+0	99.474431475405120E-3	-60.277867717891884E-3
939.000000000000110E+0	141.051038556518180E-3	-12.939144202388784E-3
940.000000000000110E+0	111.215364328673460E-3	-33.896985987663386E-3
941.000000000000110E+0	111.048899305674590E-3	-61.016750604576002E-3
942.000000000000110E+0	143.350989582435170E-3	-45.978583238591809E-3
943.000000000000110E+0	60.999022145380187E-3	-25.210214923655175E-3
944.000000000000110E+0	32.701694448914430E-3	-46.559003884076258E-3
945.000000000000110E+0	17.096206847440717E-3	-54.328187853803042E-3
946.000000000000110E+0	19.843464236675701E-3	-50.100418607021760E-3
947.000000000000110E+0	18.005492742288291E-3	-42.683137251000487E-3
948.000000000000110E+0	65.500551427839171E-3	-40.593741216461254E-3
949.000000000000110E+0	67.252888135385130E-3	-13.400041601627019E-3
950.000000000000110E+0	70.538283393129647E-3	-908.256011815916710E-6
951.000000000000110E+0	71.886713567910515E-3	-1.477312387544803E-3
952.000000000000110E+0	67.794527320174700E-3	9.361902756579499E-3
953.000000000000110E+0	62.819927804781336E-3	-6.692827662240225E-3
954.000000000000110E+0	58.480162692563890E-3	-14.255793380598212E-3
955.000000000000110E+0	56.208664074141199E-3	-29.150797834669052E-3
956.000000000000110E+0	60.652777135076379E-3	-30.494155621982034E-3
957.000000000000110E+0	50.076008193171657E-3	-30.650812498494370E-3
958.000000000000110E+0	56.101381517120262E-3	-38.114040004362575E-3
959.000000000000110E+0	49.794330833369996E-3	-33.587553787772187E-3
960.000000000000110E+0	46.593344514761541E-3	-31.503919703590288E-3
961.000000000000110E+0	41.995414600795415E-3	-35.810328376072342E-3
962.000000000000110E+0	37.768110656157872E-3	-27.580796483243866E-3
963.000000000000110E+0	30.000811180308035E-3	-36.168400260407921E-3
964.000000000000110E+0	33.123962794636551E-3	-40.487297472878853E-3
965.000000000000110E+0	28.238672408918534E-3	-35.002512861806834E-3
966.000000000000110E+0	14.512019609711810E-3	-40.035892737639502E-3
967.000000000000110E+0	9.119811428486255E-3	-47.274074708832561E-3
968.000000000000110E+0	-440.523623237689060E-6	-43.699343335275989E-3
969.000000000000110E+0	-16.231811674556965E-3	-41.916454672951318E-3
970.000000000000110E+0	-35.303840956133342E-3	-51.975870809616388E-3
971.000000000000110E+0	-23.094459172065693E-3	30.415894197734963E-3
972.000000000000110E+0	-55.769969709705207E-3	5.192795797390293E-3
973.000000000000110E+0	-72.791004083404512E-3	8.171738190534959E-3
974.000000000000110E+0	-68.178205156322461E-3	-181.896185019530860E-6
975.000000000000110E+0	-66.467463396590182E-3	25.717543329396755E-3
976.000000000000110E+0	-59.623867781167822E-3	26.744848314920053E-3
977.000000000000110E+0	-50.263977915741678E-3	62.694813034107330E-3
978.000000000000110E+0	-64.225220332898680E-3	84.721077502799905E-3
979.000000000000110E+0	-75.937755996354342E-3	91.409942912360584E-3
980.000000000000110E+0	2.436782474820450E-3	91.152579815501289E-3
981.000000000000110E+0	-62.189914360332166E-3	153.725164713694300E-3
982.000000000000110E+0	-65.596730045400578E-3	165.145110916081940E-3
983.000000000000110E+0	-81.949284255044844E-3	189.670144786923710E-3
984.000000000000110E+0	-173.297209708941580E-3	14.363615862523512E-3
985.000000000000110E+0	12.065027025560062E-3	175.218078953824690E-3
986.000000000000110E+0	36.662402657748921E-3	205.203355650263680E-3
987.000000000000110E+0	87.018973513700804E-3	243.774773177457130E-3
988.000000000000110E+0	107.761618898492480E-3	295.347083898245380E-3
989.000000000000110E+0	174.298677532704200E-3	383.333778351255150E-3
990.000000000000110E+0	178.381836102506850E-3	195.082694057456510E-3
991.000000000000110E+0	202.034058404530200E-3	225.101156452345850E-3
992.000000000000110E+0	218.336954750559920E-3	220.568867217933480E-3
993.000000000000110E+0	223.177739938888260E-3	158.559632903317930E-3
994.000000000000110E+0	228.125747180408590E-3	180.445249078315000E-3
995.000000000000110E+0	201.204422663279760E-3	114.475983900526140E-3
996.000000000000110E+0	193.529700570285760E-3	92.650155747159194E-3
997.000000000000110E+0	186.283027090778930E-3	64.526894612957242E-3
998.000000000000110E+0	206.650967860650380E-3	66.399152146469062E-3
999.000000000000110E+0	172.147010408471360E-3	27.031027537915447E-3
1.000000000000000E+3	180.974201967798430E-3	117.488093571504030E-3
