Freq (Hz)	Gxyaccelerometre /source
source
source_Real	Gxyaccelerometre /source
source
source_Imag
10.000000000000018E+0	-6.971864149843784E-3	-12.727316889533805E-3
11.000000000000020E+0	3.467139979139124E-3	-17.534025160733289E-3
12.000000000000021E+0	27.994272663039398E-3	15.795246521164725E-3
13.000000000000023E+0	-13.138887883403708E-3	32.341925664040462E-3
14.000000000000025E+0	-71.491766314324606E-3	47.011139623673551E-3
15.000000000000027E+0	-78.394719604817836E-3	-49.099237639678342E-3
16.000000000000028E+0	-7.338184739565962E-3	-29.185561360949297E-3
17.000000000000028E+0	-76.553737646406453E-3	150.870467143389810E-3
18.000000000000028E+0	-250.714087362878700E-3	85.553800324736029E-3
19.000000000000028E+0	-222.449506269839280E-3	-28.759453196343949E-3
20.000000000000028E+0	-282.909984601559420E-3	346.351839588365680E-3
21.000000000000028E+0	-441.410889539103570E-3	322.972298875371710E-3
22.000000000000028E+0	-670.252040588316890E-3	478.233476990173210E-3
23.000000000000028E+0	-1.023586300174048E+0	1.096816110670726E+0
24.000000000000028E+0	-1.080476466628685E+0	2.348690976116301E+0
25.000000000000028E+0	-1.176288468424299E+0	4.748527831380930E+0
26.000000000000028E+0	1.422209075492950E+0	10.480798599732841E+0
27.000000000000028E+0	3.312076985397598E+0	6.344211787779072E+0
28.000000000000028E+0	5.755411164312576E+0	6.239020730609105E+0
29.000000000000028E+0	4.604767709695404E+0	1.388425937828877E+0
30.000000000000028E+0	4.209936322991195E+0	-729.750144386961400E-3
31.000000000000028E+0	5.007908733068694E+0	-4.832271622548332E+0
32.000000000000028E+0	2.862689067116290E+0	-4.721882414313603E+0
33.000000000000028E+0	1.375448633170545E+0	-3.382008009134092E+0
34.000000000000028E+0	483.017566344747180E-3	-690.718061872416240E-3
35.000000000000028E+0	-340.200919166893660E-3	-89.215205866660485E-3
36.000000000000028E+0	-365.152838215634050E-3	407.266330824987310E-3
37.000000000000028E+0	954.336260761917690E-3	1.134066831862081E+0
38.000000000000028E+0	1.267869869539950E+0	971.326070510939110E-3
39.000000000000028E+0	252.865589948321530E-3	767.386505549189520E-3
40.000000000000028E+0	868.032077155611150E-3	2.570214477820720E+0
41.000000000000028E+0	3.930923016809202E+0	5.796488077553915E+0
42.000000000000028E+0	6.727788928583723E+0	7.476729041644529E+0
43.000000000000028E+0	6.329581645056995E+0	1.801560095007152E+0
44.000000000000028E+0	5.325092373938505E+0	-1.276228994133534E+0
45.000000000000028E+0	8.541075799120657E+0	-6.473809734528002E+0
46.000000000000028E+0	4.831103750537450E+0	-4.361958901308645E+0
47.000000000000028E+0	7.453980917332021E+0	901.318244012014210E-3
48.000000000000028E+0	4.781765528703223E+0	765.004659114254640E-3
49.000000000000028E+0	2.538759390945865E+0	2.484326386331280E+0
50.000000000000028E+0	8.525022992777803E+0	5.361456625932199E+0
51.000000000000028E+0	14.678106684071377E+0	5.530415891053014E+0
52.000000000000028E+0	9.542362960752479E+0	2.356306941854917E+0
53.000000000000028E+0	6.869551599895281E+0	1.255710762070350E+0
54.000000000000028E+0	14.625709388190547E+0	2.591436734227901E+0
55.000000000000028E+0	21.620312337079341E+0	1.840097056748646E+0
56.000000000000028E+0	26.314639819946461E+0	147.240104014582900E-3
57.000000000000028E+0	19.786401907051534E+0	-5.215557432084700E+0
58.000000000000028E+0	6.542269675884778E+0	-4.098820819828233E+0
59.000000000000028E+0	33.567181736072932E+0	-17.657450810463501E+0
60.000000000000028E+0	58.534631615571904E+0	-45.483589804955820E+0
61.000000000000028E+0	29.260267793796277E+0	-35.342471761930980E+0
62.000000000000028E+0	10.933141027004094E+0	-23.150167424849805E+0
63.000000000000028E+0	30.286208828832876E+0	-72.582656423946560E+0
64.000000000000028E+0	20.847498051870978E+0	-103.631999803608240E+0
65.000000000000028E+0	10.921893895898638E+0	-137.329761560123980E+0
66.000000000000028E+0	-3.702352629561680E+0	-99.344368667275702E+0
67.000000000000028E+0	-6.473882366043043E+0	-15.336753051462415E+0
68.000000000000028E+0	-15.907730034764791E+0	-31.959135014005405E+0
69.000000000000028E+0	-36.389294435349058E+0	-70.739346998228981E+0
70.000000000000028E+0	-32.359874775772219E+0	-50.737559020979056E+0
71.000000000000028E+0	-11.241921042699181E+0	-8.521096955104424E+0
72.000000000000028E+0	-17.104037673819306E+0	-8.857966136574950E+0
73.000000000000028E+0	-27.064536916118605E+0	-26.313281667293069E+0
74.000000000000028E+0	-9.130225222182990E+0	-24.561974388514624E+0
75.000000000000028E+0	-5.216680062096644E+0	-30.714621100222427E+0
76.000000000000028E+0	-1.595129798107367E+0	-37.298303517437340E+0
77.000000000000028E+0	5.128672036206567E+0	-18.850321128435432E+0
78.000000000000028E+0	-5.439507835963815E+0	-64.605451084730106E+0
79.000000000000028E+0	-8.497650790664633E+0	-73.323691898916891E+0
80.000000000000028E+0	-3.641968408990935E+0	-19.704408007538607E+0
81.000000000000028E+0	-2.381721422613907E+0	-11.232100976141266E+0
82.000000000000028E+0	-2.977158640270203E+0	-25.752716623715752E+0
83.000000000000028E+0	-3.147637360352731E+0	-36.047091050923157E+0
84.000000000000028E+0	-2.887891572530409E+0	-21.029814098997704E+0
85.000000000000028E+0	-1.235980363176142E+0	-7.613511446194252E+0
86.000000000000028E+0	-401.099250433804230E-3	-6.658258970831236E+0
87.000000000000028E+0	-1.955306863430766E+0	-6.723464824260295E+0
88.000000000000028E+0	-12.186258842480447E+0	-39.141799842856102E+0
89.000000000000028E+0	-9.845931395104005E+0	-32.540447884112282E+0
90.000000000000028E+0	23.818020020153086E-3	-990.444528078717740E-3
91.000000000000028E+0	-7.933275630624510E+0	-11.743734188924552E+0
92.000000000000028E+0	-12.427423290086450E+0	-18.198971604578627E+0
93.000000000000028E+0	-8.109909875249325E+0	-9.982301603239680E+0
94.000000000000028E+0	-8.208001371334493E+0	-7.560017971804996E+0
95.000000000000028E+0	-4.309442251946674E+0	-2.888097377969952E+0
96.000000000000028E+0	-6.135924356568696E+0	-1.042446763964878E+0
97.000000000000028E+0	-24.459066352019114E+0	-3.490119675169594E+0
98.000000000000028E+0	-21.752982576867716E+0	-37.317605256708172E-3
99.000000000000028E+0	-8.024324714466804E+0	2.296171471685821E+0
100.000000000000030E+0	-905.644999668473000E-3	942.201551438104250E-3
101.000000000000030E+0	-14.738162649898786E+0	10.874998773770333E+0
102.000000000000030E+0	-13.882877232178654E+0	9.665281879804709E+0
103.000000000000030E+0	1.757552931899662E+0	-54.086887377201888E-3
104.000000000000030E+0	-1.317839814856323E+0	6.767281815218904E+0
105.000000000000030E+0	-1.133138253765067E+0	896.256309014567650E-3
106.000000000000030E+0	707.591613101852920E-3	3.481800058213537E+0
107.000000000000030E+0	-3.660225716668337E+0	6.591632246626430E+0
108.000000000000030E+0	-2.641150003939505E+0	6.656578037858107E+0
109.000000000000030E+0	-1.011899237614107E+0	227.611343754642980E-3
110.000000000000030E+0	4.720484792681845E+0	-797.920507206101970E-3
111.000000000000030E+0	8.738104642021645E+0	-844.227512178407080E-3
112.000000000000030E+0	4.867297917115811E+0	-1.434259779717429E+0
113.000000000000030E+0	1.281282963748321E+0	-1.681837596775316E+0
114.000000000000030E+0	-83.635901604620450E-3	-3.842571034544255E+0
115.000000000000030E+0	4.910969397889785E+0	-8.766553576359234E+0
116.000000000000030E+0	8.287908507847233E+0	-11.324096785192712E+0
117.000000000000030E+0	15.489345658097989E+0	-16.758424692521448E+0
118.000000000000030E+0	11.727448109529018E+0	-9.522658194750818E+0
119.000000000000030E+0	-333.131144111985410E-3	-375.641933899730720E-3
120.000000000000030E+0	17.546706119133592E+0	-40.659623571591183E+0
121.000000000000030E+0	29.263872738616506E+0	-49.676082146408802E+0
122.000000000000030E+0	7.780628448054907E+0	-6.546963988103926E+0
123.000000000000030E+0	14.877506400007562E+0	-23.136061004050195E+0
124.000000000000030E+0	11.900763194210977E+0	-9.639353266581788E+0
125.000000000000030E+0	23.296643635715277E+0	-59.589391588182480E+0
126.000000000000030E+0	37.671466069956026E+0	-92.685006624752290E+0
127.000000000000030E+0	23.150810061214933E+0	-79.557995010868197E+0
128.000000000000030E+0	5.123901629790580E+0	-27.465657039342716E+0
129.000000000000030E+0	20.245415376622567E+0	-115.905970534413240E+0
130.000000000000030E+0	-15.652117955143956E+0	-207.489863667867070E+0
131.000000000000030E+0	-31.544095241793251E+0	-118.826671656622880E+0
132.000000000000030E+0	-17.287102368016313E+0	-27.037389900562186E+0
133.000000000000030E+0	-40.002715885987222E+0	-83.351510476196736E+0
134.000000000000030E+0	-51.307693272103236E+0	-74.638258079330953E+0
135.000000000000030E+0	-43.233733149214871E+0	-65.842288380011070E+0
136.000000000000030E+0	-69.294777119341361E+0	-88.965967256439967E+0
137.000000000000030E+0	-17.257675780840781E+0	-19.388659978043467E+0
138.000000000000030E+0	-32.393983483929212E+0	-28.806289791309325E+0
139.000000000000030E+0	-123.900910871809590E+0	-96.853118368706845E+0
140.000000000000030E+0	-65.986716109483382E+0	-41.295118931383612E+0
141.000000000000030E+0	-29.114784017531111E+0	-15.057037578071936E+0
142.000000000000030E+0	-24.939995253125822E+0	-8.342222151057074E+0
143.000000000000030E+0	-54.333549394608646E+0	-17.659574238379601E+0
144.000000000000030E+0	-65.848976897696858E+0	-18.151519614373978E+0
145.000000000000030E+0	-45.665175379343218E+0	-10.169748921662523E+0
146.000000000000030E+0	-48.194183322192742E+0	-9.717346768245324E+0
147.000000000000030E+0	-18.589268246853614E+0	-1.467559214098181E+0
148.000000000000030E+0	-87.066974336936141E+0	-12.993315826640503E+0
149.000000000000030E+0	-138.323449284609240E+0	-6.950432545740405E+0
150.000000000000030E+0	-43.237926868247953E+0	2.345235908153197E+0
151.000000000000030E+0	-18.413592637884570E+0	8.132858857988328E+0
152.000000000000030E+0	-78.988528749260254E+0	26.476373960778211E+0
153.000000000000030E+0	-62.696564807632875E+0	27.738669808024145E+0
154.000000000000030E+0	-49.173839609613033E+0	31.554555919599856E+0
155.000000000000030E+0	-50.420256232662240E+0	28.136451484703105E+0
156.000000000000030E+0	-8.151494551213419E+0	12.362824661045638E+0
157.000000000000030E+0	-51.619264228069639E+0	51.323238845195227E+0
158.000000000000030E+0	-68.595785438448416E+0	58.458304762786916E+0
159.000000000000030E+0	-41.276495318791675E+0	33.953421197071307E+0
160.000000000000030E+0	-16.424933142099189E+0	10.799373145258006E+0
161.000000000000030E+0	-22.950569576987771E+0	19.076974153827660E+0
162.000000000000030E+0	-81.698102727064935E+0	62.219165508476024E+0
163.000000000000030E+0	-39.516554598386975E+0	22.586306027736203E+0
164.000000000000030E+0	-20.080602575583551E+0	12.058848203254314E+0
165.000000000000030E+0	-35.435528495993125E+0	20.209320174951664E+0
166.000000000000030E+0	-11.094578982990770E+0	-277.831152461581850E-3
167.000000000000030E+0	-35.622784460195888E+0	59.247683270542630E+0
168.000000000000030E+0	-37.417506215712109E+0	67.601320998773374E+0
169.000000000000030E+0	-3.237902406682166E+0	20.660467592010260E+0
170.000000000000030E+0	-16.412573855692571E+0	30.654695973922315E+0
171.000000000000030E+0	-30.377402066040968E+0	83.493165628916586E+0
172.000000000000030E+0	-14.286163344166095E+0	88.735856418588639E+0
173.000000000000030E+0	-8.469146235647589E+0	48.312657900363277E+0
174.000000000000030E+0	-10.471790211491699E+0	18.005149753308299E+0
175.000000000000030E+0	-4.009436013150958E+0	4.398989269960344E+0
176.000000000000030E+0	19.496943032912839E+0	15.288274147634905E+0
177.000000000000030E+0	20.539553411887262E+0	9.930187966234500E+0
178.000000000000030E+0	18.360506836419798E+0	18.484058577394503E+0
179.000000000000030E+0	1.226830280305807E+0	3.352052823979938E+0
180.000000000000030E+0	-3.227448531662039E+0	27.234576174227236E+0
181.000000000000030E+0	-12.993671371079500E+0	61.857076576414137E+0
182.000000000000030E+0	-12.983988901596058E+0	28.780873064832225E+0
183.000000000000030E+0	-22.525557056212026E+0	20.015723455008988E+0
184.000000000000030E+0	-24.686150043864831E+0	11.375141498853885E+0
185.000000000000030E+0	-10.213583027040336E+0	-1.036443089699031E+0
186.000000000000030E+0	3.312220588853055E+0	36.753110099080814E+0
187.000000000000030E+0	7.349226454077199E+0	42.039470694257339E+0
188.000000000000030E+0	11.508775121601593E+0	16.261500681734880E+0
189.000000000000030E+0	9.634879611019421E+0	47.792158837121818E+0
190.000000000000030E+0	3.145963715281192E+0	110.041221441394700E+0
191.000000000000030E+0	27.446619292504231E+0	123.975517071929630E+0
192.000000000000030E+0	11.283112026864188E+0	49.935637247120056E+0
193.000000000000030E+0	5.418330463716197E+0	32.340274046296244E+0
194.000000000000030E+0	38.774071078657599E+0	56.547184272872755E+0
195.000000000000030E+0	58.599054957708972E+0	52.745995837758720E+0
196.000000000000030E+0	74.273271953074385E+0	65.888549385586927E+0
197.000000000000030E+0	40.294333258519600E+0	49.613306281682036E+0
198.000000000000030E+0	2.839605065891509E+0	-2.309220126743336E+0
199.000000000000030E+0	64.357563404006669E+0	8.964282002402969E+0
200.000000000000030E+0	45.353521481986306E+0	-18.708587903283917E+0
201.000000000000030E+0	34.149720070746604E+0	-19.075733686483254E+0
202.000000000000030E+0	29.107397374785837E+0	8.871822973561738E+0
203.000000000000030E+0	4.300175841001971E+0	3.190250032432449E+0
204.000000000000030E+0	14.351100695309722E+0	-3.689465075984253E+0
205.000000000000030E+0	86.758367814205567E-3	-9.071789544701412E+0
206.000000000000030E+0	3.180731580655805E+0	-10.122983870523971E+0
207.000000000000030E+0	-886.539178844708790E-3	4.310655655977755E+0
208.000000000000030E+0	-21.779339530095289E+0	-2.774480843925133E+0
209.000000000000030E+0	-54.103773688423246E+0	-11.894067533404300E+0
210.000000000000030E+0	-39.888551135863302E+0	5.400581916505738E+0
211.000000000000030E+0	-15.982462150743874E+0	1.299586654069172E+0
212.000000000000030E+0	-11.935857260992325E+0	5.854235926403758E+0
213.000000000000030E+0	-15.465596039698815E+0	40.823684243662548E+0
214.000000000000030E+0	-19.536973649501583E+0	25.938936065291323E+0
215.000000000000030E+0	-13.305802585045337E+0	34.069317780595711E+0
216.000000000000030E+0	-6.076938554617262E+0	19.997596769665954E+0
217.000000000000030E+0	-2.045120598340986E+0	15.134008650879318E+0
218.000000000000030E+0	-11.638469534439762E+0	44.111282973398524E+0
219.000000000000030E+0	-7.502808649005216E+0	20.799973378501107E+0
220.000000000000030E+0	1.663334998170079E+0	2.949334982136369E+0
221.000000000000030E+0	10.183194511589610E+0	-2.339636819670060E+0
222.000000000000030E+0	24.372830417654590E+0	22.097158735370222E+0
223.000000000000030E+0	16.492715595633612E+0	34.751142603642421E+0
224.000000000000030E+0	1.961271475456218E+0	15.985731033272881E+0
225.000000000000030E+0	-4.881878172531048E+0	16.984218603596098E+0
226.000000000000030E+0	-2.328411889419572E+0	6.351233004689790E+0
227.000000000000030E+0	-2.058682153899528E+0	13.587074365184332E+0
228.000000000000030E+0	-8.248654126746052E+0	40.025404936453370E+0
229.000000000000030E+0	-7.542663946553523E+0	33.013070429135340E+0
230.000000000000030E+0	-13.366487015098667E+0	20.020834107131861E+0
231.000000000000030E+0	-31.892773086842190E+0	23.142017468104477E+0
232.000000000000030E+0	-20.526135603550706E+0	25.084097900711598E+0
233.000000000000030E+0	4.706070588944246E+0	16.091355789133644E+0
234.000000000000030E+0	25.306268391124643E+0	25.976365996508512E+0
235.000000000000030E+0	18.624229325875312E+0	14.285447071062316E+0
236.000000000000030E+0	10.903256445206086E+0	13.646883617437050E+0
237.000000000000030E+0	-1.047425670651936E+0	-2.000724569911003E+0
238.000000000000030E+0	-6.191715549133026E+0	-131.649848407987930E-3
239.000000000000030E+0	-6.320953906420302E+0	5.133043956977674E+0
240.000000000000030E+0	476.494720941774590E-3	5.997958912784091E+0
241.000000000000030E+0	-12.261139054789771E+0	35.794853319869325E+0
242.000000000000030E+0	-16.565847985167331E+0	25.031376338306366E+0
243.000000000000030E+0	-9.521569749696745E+0	8.731506846545827E+0
244.000000000000030E+0	-18.901281952591898E+0	18.427693609647587E+0
245.000000000000030E+0	-1.927751903878255E+0	2.630358948120133E+0
246.000000000000030E+0	-5.077875840286032E+0	36.238841036231896E+0
247.000000000000030E+0	-21.761977882494858E+0	45.719756788514459E+0
248.000000000000030E+0	-22.156121975869731E+0	19.706778565720551E+0
249.000000000000030E+0	-10.661001781731869E+0	1.721748576620766E+0
250.000000000000030E+0	-2.243268072065788E+0	16.110059169183479E+0
251.000000000000030E+0	-5.271334009303272E+0	41.709294035005058E+0
252.000000000000030E+0	-3.651400268726289E+0	30.590518096374961E+0
253.000000000000030E+0	-11.576731155924937E+0	30.897569808789477E+0
254.000000000000030E+0	-6.586600400745050E+0	38.595790149567520E+0
255.000000000000030E+0	-4.134903574803507E+0	48.469872254324002E+0
256.000000000000060E+0	-21.116126073157581E+0	63.190478034329416E+0
257.000000000000060E+0	-28.012229023229974E+0	87.562593074673685E+0
258.000000000000060E+0	-11.124854151856457E+0	38.026747935088451E+0
259.000000000000060E+0	-25.756713628479833E+0	13.219027525250056E+0
260.000000000000060E+0	-42.828582773382877E+0	51.876652370914350E+0
261.000000000000060E+0	-18.489965019456292E+0	11.556573195534249E+0
262.000000000000060E+0	1.962116297822091E+0	16.694488880394754E+0
263.000000000000060E+0	6.655335415563582E+0	30.911071084582517E+0
264.000000000000060E+0	6.831983861167235E+0	45.002076285618649E+0
265.000000000000060E+0	3.950992331447531E+0	68.665498339362259E+0
266.000000000000060E+0	-5.006548827077468E+0	69.974198634171756E+0
267.000000000000060E+0	2.984636247375207E+0	65.250935224770814E+0
268.000000000000060E+0	844.645118998101020E-3	28.283580785963530E+0
269.000000000000060E+0	7.816943985476020E+0	63.865218764464529E+0
270.000000000000060E+0	36.432710595629217E+0	111.079959162196100E+0
271.000000000000060E+0	8.635748382902472E+0	26.828145390180488E+0
272.000000000000060E+0	23.236587572077632E+0	38.327707752026257E+0
273.000000000000060E+0	30.846239348292567E+0	50.574546979818095E+0
274.000000000000060E+0	26.041716514248737E+0	46.039797467838397E+0
275.000000000000060E+0	16.956346151464125E+0	52.564212072326448E+0
276.000000000000060E+0	17.512916390639713E+0	62.656818132746061E+0
277.000000000000060E+0	-791.067896871430200E-3	21.249514482894678E+0
278.000000000000060E+0	11.869526215551867E+0	31.308186269952252E+0
279.000000000000060E+0	34.054901047840673E+0	70.431325165499714E+0
280.000000000000060E+0	23.815799565315267E+0	59.954237895027745E+0
281.000000000000060E+0	14.121906835398452E+0	43.330882121663585E+0
282.000000000000060E+0	18.770278915543692E+0	36.304267476121012E+0
283.000000000000060E+0	77.295416361076207E+0	94.784663733145436E+0
284.000000000000060E+0	38.546984809639738E+0	46.946341928363715E+0
285.000000000000060E+0	48.223680237115893E+0	60.925963971009800E+0
286.000000000000060E+0	53.534111939070797E+0	58.375428410692962E+0
287.000000000000060E+0	15.115800348821514E+0	8.541294981710084E+0
288.000000000000060E+0	108.503247343712290E+0	63.111213302408601E+0
289.000000000000060E+0	98.646534706007344E+0	51.384531836740734E+0
290.000000000000060E+0	34.467340456928959E+0	14.763970091341116E+0
291.000000000000060E+0	46.304061351349567E+0	15.695267152644604E+0
292.000000000000060E+0	90.000296468684056E+0	13.275666988226519E+0
293.000000000000060E+0	78.046193830251724E+0	18.273682238037040E+0
294.000000000000060E+0	56.267171379433115E+0	17.070961641716494E+0
295.000000000000060E+0	45.070712171891117E+0	3.406225873380937E+0
296.000000000000060E+0	46.570764878239217E+0	-14.010143821901476E+0
297.000000000000060E+0	62.058087523414187E+0	8.577254408756490E+0
298.000000000000060E+0	70.001553028493689E+0	26.743604255351734E+0
299.000000000000060E+0	36.001783664129114E+0	17.026176797342046E+0
300.000000000000060E+0	10.830975257566902E+0	541.894471860344780E-3
301.000000000000060E+0	58.020098272739219E+0	15.093663138826169E+0
302.000000000000060E+0	89.365286219372876E+0	44.999629409750725E+0
303.000000000000060E+0	7.854550220554080E+0	8.457365045468846E+0
304.000000000000060E+0	46.710405363008945E+0	-15.391915366114919E+0
305.000000000000060E+0	31.619795087166018E+0	-10.276025513787957E+0
306.000000000000060E+0	29.495476953460855E+0	5.451532490458254E+0
307.000000000000060E+0	51.195905214571852E+0	10.820048679637773E+0
308.000000000000060E+0	33.715565936903594E+0	9.084858537389195E+0
309.000000000000060E+0	13.687345863572602E+0	3.983553719008969E+0
310.000000000000060E+0	16.542562537213563E+0	1.491460823828578E+0
311.000000000000060E+0	43.496773512076118E+0	12.685100149131614E+0
312.000000000000060E+0	35.486777338942836E+0	13.392746854422507E+0
313.000000000000060E+0	14.980889643582103E+0	5.624122697786467E+0
314.000000000000060E+0	23.919811840226416E+0	5.304006444023305E+0
315.000000000000060E+0	30.015476205558667E+0	9.181993852384888E+0
316.000000000000060E+0	20.792709261251392E+0	10.102091122227495E+0
317.000000000000060E+0	44.274253265242564E+0	7.614703097148940E+0
318.000000000000060E+0	35.000220522664961E+0	3.188540039596421E+0
319.000000000000060E+0	9.807545076781977E+0	5.456113007624316E+0
320.000000000000060E+0	39.876270859201426E+0	17.427714073608673E+0
321.000000000000060E+0	40.391779377589224E+0	12.393092865039868E+0
322.000000000000060E+0	16.152256382941548E+0	1.883625962123781E+0
323.000000000000060E+0	20.293497936597248E+0	5.630466663457923E+0
324.000000000000060E+0	12.639656400728384E+0	-1.714855470655620E+0
325.000000000000060E+0	35.550875290233151E+0	1.244617305586845E+0
326.000000000000060E+0	27.650387544732190E+0	8.507702095763529E+0
327.000000000000060E+0	16.497801398176612E+0	7.566379511885378E+0
328.000000000000060E+0	10.175240003882996E+0	5.090182747730351E+0
329.000000000000060E+0	5.017342674496965E+0	9.058796676851994E+0
330.000000000000060E+0	9.466340472000450E+0	46.528424810960871E+0
331.000000000000060E+0	-2.766154081781271E+0	34.341527661123749E+0
332.000000000000060E+0	182.372457061396040E-3	17.889701152983449E+0
333.000000000000060E+0	742.015435626224740E-3	52.141052999883996E+0
334.000000000000060E+0	1.512913319621902E+0	91.911832779216610E+0
335.000000000000060E+0	5.731336963079977E+0	83.474522838902203E+0
336.000000000000060E+0	44.939649742400299E+0	146.476769787517180E+0
337.000000000000060E+0	44.741615434033648E+0	85.669362225295202E+0
338.000000000000060E+0	40.023165218372938E+0	76.668940878926875E+0
339.000000000000060E+0	175.167733332203880E+0	182.181338998778130E+0
340.000000000000060E+0	207.828336822664680E+0	147.765460648836950E+0
341.000000000000060E+0	147.028276112326040E+0	89.924294082881346E+0
342.000000000000060E+0	102.779915843763180E+0	52.908249372762249E+0
343.000000000000060E+0	212.882080126755970E+0	85.622504442425395E+0
344.000000000000060E+0	303.393314330681280E+0	83.889608537611281E+0
345.000000000000060E+0	150.323930883228200E+0	15.979358733807649E+0
346.000000000000060E+0	221.764438833898340E+0	-22.825274715956105E+0
347.000000000000060E+0	97.585635489014919E+0	-38.684770580271923E+0
348.000000000000060E+0	205.670043505579540E+0	-94.584064592368207E+0
349.000000000000060E+0	352.921454825230280E+0	-223.593740831174130E+0
350.000000000000060E+0	110.954801153177530E+0	-114.696966424413490E+0
351.000000000000060E+0	60.371011438716231E+0	-68.537164035045905E+0
352.000000000000060E+0	76.880654632701379E+0	-87.311600624800278E+0
353.000000000000060E+0	73.189701303195747E+0	-85.153726250979020E+0
354.000000000000060E+0	55.071591080076146E+0	-47.810175498954045E+0
355.000000000000060E+0	32.954159932880152E+0	-31.640376127339444E+0
356.000000000000060E+0	35.460797324166322E+0	-15.145301907566230E+0
357.000000000000060E+0	41.856151488986264E+0	-12.636568224683463E+0
358.000000000000060E+0	83.498168293382378E+0	-37.770491224331934E+0
359.000000000000060E+0	107.253180351860550E+0	-38.135247419233075E+0
360.000000000000060E+0	80.217053139711041E+0	-22.911450352352197E+0
361.000000000000060E+0	35.859551532956956E+0	-4.813050373905936E+0
362.000000000000060E+0	188.636227845754600E+0	-61.000502380894296E+0
363.000000000000060E+0	129.508662914374840E+0	-47.797482525027590E+0
364.000000000000060E+0	91.533791024242674E+0	-34.057408686727236E+0
365.000000000000060E+0	99.308372454263249E+0	-69.573313571755747E+0
366.000000000000060E+0	75.238416199320540E+0	-58.969460099443303E+0
367.000000000000060E+0	156.856114973082130E+0	-134.988102217969330E+0
368.000000000000060E+0	183.662395804452500E+0	-213.294214975602980E+0
369.000000000000060E+0	67.130755064527221E+0	-103.203984254826420E+0
370.000000000000060E+0	48.218841747991135E+0	-92.705273908049534E+0
371.000000000000060E+0	44.478474287616521E+0	-136.973261379758530E+0
372.000000000000060E+0	34.941810186852386E+0	-233.115459742727640E+0
373.000000000000060E+0	-5.735358152162070E+0	-113.545515044721060E+0
374.000000000000060E+0	-18.976908840057938E+0	-69.303644330106493E+0
375.000000000000060E+0	-19.066151475076932E+0	-82.109294242000857E+0
376.000000000000060E+0	-24.583313928881701E+0	-89.596454574255361E+0
377.000000000000060E+0	-28.111435359799977E+0	-99.637552569069513E+0
378.000000000000060E+0	-20.228990144446890E+0	-115.062388359183960E+0
379.000000000000060E+0	3.443676895922421E+0	-46.627101794305894E+0
380.000000000000060E+0	29.573310884616838E+0	-32.583385544037398E+0
381.000000000000060E+0	88.354694423384245E+0	-67.103530793759916E+0
382.000000000000060E+0	60.372455968943051E+0	-16.307467095696797E+0
383.000000000000060E+0	45.710861337417043E+0	-12.096059355546521E+0
384.000000000000060E+0	21.484328245090321E+0	-15.955698375291821E+0
385.000000000000060E+0	18.188859625662499E+0	-85.363319023993426E+0
386.000000000000060E+0	42.650747415318293E+0	-159.131465572717020E+0
387.000000000000060E+0	30.432929889624937E+0	-99.771655903196589E+0
388.000000000000060E+0	27.027553315467525E+0	-101.699568518435740E+0
389.000000000000060E+0	28.827741591443385E+0	-48.541498323057972E+0
390.000000000000060E+0	63.218100185049039E+0	-93.795931479095657E+0
391.000000000000060E+0	50.406823658898425E+0	-132.934290024903650E+0
392.000000000000060E+0	7.354866165362050E+0	-63.066746720576404E+0
393.000000000000060E+0	2.007348429257044E+0	-52.136053569439340E+0
394.000000000000060E+0	-5.433041008906991E+0	-126.070943426118480E+0
395.000000000000060E+0	-7.767749943349942E+0	-131.258234932060590E+0
396.000000000000060E+0	12.295300879206772E+0	-206.789857529834850E+0
397.000000000000060E+0	3.944622208910820E+0	-130.807938283927460E+0
398.000000000000060E+0	8.272984652892470E+0	-55.493334480899833E+0
399.000000000000060E+0	7.911967611955153E+0	-93.453279101146592E+0
400.000000000000060E+0	-35.762369146354523E+0	-110.609613231968840E+0
401.000000000000060E+0	-44.709623719550578E+0	-57.055349983480859E+0
402.000000000000060E+0	-43.775058109004647E+0	-28.129981216081397E+0
403.000000000000060E+0	-46.038376835813310E+0	-31.211305737412420E+0
404.000000000000060E+0	-110.285087260101060E+0	-117.869684645683420E+0
405.000000000000060E+0	-61.191334705329702E+0	-54.464554694653046E+0
406.000000000000060E+0	-37.607646557320365E+0	-61.754555195395802E+0
407.000000000000060E+0	-19.576316749179114E+0	-44.150650504442026E+0
408.000000000000060E+0	1.064577340038190E+0	-9.451774006636237E+0
409.000000000000060E+0	-13.489960044544457E+0	-26.842796172112635E+0
410.000000000000060E+0	1.974562112012281E+0	-17.274352262683543E+0
411.000000000000060E+0	4.680860088877822E+0	-2.633580185007534E+0
412.000000000000060E+0	2.930958690644350E+0	-2.482425198343283E+0
413.000000000000060E+0	12.139503084732326E+0	-17.084726001360423E+0
414.000000000000060E+0	28.380905890895804E+0	-26.144217615512598E+0
415.000000000000060E+0	32.919781938277481E+0	-25.990878291172500E+0
416.000000000000060E+0	20.645667009095614E+0	-19.699749436434349E+0
417.000000000000060E+0	24.152631349627136E+0	-24.463135823953184E+0
418.000000000000060E+0	55.930269291611559E+0	-65.716412832522764E+0
419.000000000000060E+0	82.952498102651617E+0	-96.508486339561898E+0
420.000000000000060E+0	87.428231841238215E+0	-101.085745313833770E+0
421.000000000000060E+0	18.334910755226414E+0	-26.642940125369854E+0
422.000000000000060E+0	83.576353238504566E+0	-129.358173166921740E+0
423.000000000000060E+0	116.476794427205190E+0	-281.465483773656440E+0
424.000000000000060E+0	41.140308537564515E+0	-165.050094200702060E+0
425.000000000000060E+0	16.671252076638517E+0	-211.413773764195240E+0
426.000000000000060E+0	-36.595986201128717E+0	-124.428677076492390E+0
427.000000000000060E+0	-80.855198378764612E+0	-159.618691510885040E+0
428.000000000000060E+0	-276.544512764693420E+0	-341.507750254975350E+0
429.000000000000060E+0	-140.179874292001610E+0	-111.935921222060230E+0
430.000000000000060E+0	-104.567744699796390E+0	-57.611074551364553E+0
431.000000000000060E+0	-78.570390394033822E+0	-40.728566526868477E+0
432.000000000000060E+0	-199.132437685423070E+0	-97.600455928765854E+0
433.000000000000060E+0	-167.901469039855160E+0	-50.842702135582414E+0
434.000000000000060E+0	-82.854261227362798E+0	-17.220039687268191E+0
435.000000000000060E+0	-64.263381946375802E+0	-13.278772184571711E+0
436.000000000000060E+0	-103.159370799244310E+0	-20.873913805124111E+0
437.000000000000060E+0	-112.774986209734350E+0	-37.136659709454911E+0
438.000000000000060E+0	-145.319835612511130E+0	-40.954010485710967E+0
439.000000000000060E+0	-83.119486358135120E+0	-23.400316986923492E+0
440.000000000000060E+0	-16.168062507011854E+0	-753.429410223622750E-3
441.000000000000060E+0	-174.641761417008040E+0	-14.391474041574298E+0
442.000000000000060E+0	-165.220508755097340E+0	-17.743946977944596E+0
443.000000000000060E+0	-98.413608292859664E+0	-10.392034126303441E+0
444.000000000000060E+0	-100.127499274039540E+0	-5.717668941109602E+0
445.000000000000060E+0	-55.529312111111473E+0	279.139328999878030E-3
446.000000000000060E+0	-143.338279678506580E+0	13.729034185569770E+0
447.000000000000060E+0	-133.023060205945710E+0	35.255721022769904E+0
448.000000000000060E+0	-83.438407559728830E+0	33.409329787552053E+0
449.000000000000060E+0	-40.837485549274817E+0	27.122769227714137E+0
450.000000000000060E+0	-38.166642492123536E+0	32.587641051743425E+0
451.000000000000060E+0	-119.290430448949110E+0	113.932092122074810E+0
452.000000000000060E+0	-52.191038473031696E+0	62.165017131290085E+0
453.000000000000060E+0	-15.691438722569057E+0	20.495352471808122E+0
454.000000000000060E+0	-16.535245128465242E+0	20.973192073327880E+0
455.000000000000060E+0	-4.702424256782688E+0	20.673719712025029E+0
456.000000000000060E+0	1.806402320569098E+0	27.105004671558998E+0
457.000000000000060E+0	3.735821843701604E+0	18.525488783995879E+0
458.000000000000060E+0	4.456896495610506E+0	3.108240262836973E+0
459.000000000000060E+0	4.801706124576235E+0	1.911508584999938E+0
460.000000000000060E+0	19.074771634355653E+0	-5.427859063682463E+0
461.000000000000060E+0	12.197011630679368E+0	-6.781554624943425E+0
462.000000000000060E+0	5.705961574705235E+0	-13.783014250623092E+0
463.000000000000060E+0	4.547934843615169E+0	-12.941858289299782E+0
464.000000000000060E+0	21.755559697718116E+0	-31.415565133642634E+0
465.000000000000060E+0	31.026313975650758E+0	-51.532101216958416E+0
466.000000000000060E+0	18.000589127990089E+0	-40.687693646005350E+0
467.000000000000060E+0	22.886739359765489E+0	-61.525460632299392E+0
468.000000000000060E+0	13.416023785190280E+0	-33.390150199808765E+0
469.000000000000060E+0	31.879170294605633E+0	-86.194852927330686E+0
470.000000000000060E+0	45.120392183465249E+0	-247.182204236463890E+0
471.000000000000060E+0	17.918615813214632E+0	-128.130688715704000E+0
472.000000000000060E+0	-10.400054006386426E+0	-65.950738904164098E+0
473.000000000000060E+0	-51.082006956129682E+0	-149.154241266410000E+0
474.000000000000060E+0	-125.237251242064960E+0	-218.843945092479540E+0
475.000000000000060E+0	-210.142555588137920E+0	-226.988263579049770E+0
476.000000000000060E+0	-157.226892154872020E+0	-156.343779408446350E+0
477.000000000000060E+0	-79.650913980831376E+0	-67.736420514538594E+0
478.000000000000060E+0	-106.413279623943860E+0	-46.258117894521774E+0
479.000000000000060E+0	-260.969406213664110E+0	-108.866367445481760E+0
480.000000000000060E+0	-185.260064791473240E+0	-54.186465255575811E+0
481.000000000000060E+0	-101.349297570299810E+0	-10.542765538964542E+0
482.000000000000060E+0	-65.194531625874418E+0	-14.035748587618997E+0
483.000000000000060E+0	-228.264352821636210E+0	-26.492063936015199E+0
484.000000000000060E+0	-183.415864305178900E+0	2.938802553148466E+0
485.000000000000060E+0	-96.218648375992814E+0	6.171368187581145E+0
486.000000000000060E+0	-100.827893710582860E+0	26.717446736266385E+0
487.000000000000060E+0	-37.952699678647477E+0	14.603200951045119E+0
488.000000000000060E+0	-180.019991506344210E+0	57.781924192440066E+0
489.000000000000060E+0	-173.022676933782090E+0	62.462132060808315E+0
490.000000000000060E+0	-77.943873631985724E+0	29.157719169151079E+0
491.000000000000060E+0	-47.671480530470490E+0	14.237837412577585E+0
492.000000000000060E+0	-98.839654543317238E+0	20.075198946396707E+0
493.000000000000060E+0	-129.677832739398580E+0	43.474845862094376E+0
494.000000000000060E+0	-97.041259436627101E+0	31.822159441901032E+0
495.000000000000060E+0	-47.359562400157799E+0	21.600069386794757E+0
496.000000000000060E+0	-61.421364442678296E+0	35.898377560922619E+0
497.000000000000060E+0	-92.040387609958742E+0	43.710345719098484E+0
498.000000000000060E+0	-182.718512062595270E+0	75.569253225673677E+0
499.000000000000060E+0	-140.280413979742630E+0	59.536159846415856E+0
500.000000000000060E+0	-46.017676163888353E+0	18.263581228773244E+0
501.000000000000060E+0	-68.165815748720320E+0	35.680329235912140E+0
502.000000000000060E+0	-201.721293318945810E+0	122.070438993348600E+0
503.000000000000060E+0	-111.901205064678340E+0	85.478983202630999E+0
504.000000000000060E+0	-89.147914193900192E+0	70.344478773123725E+0
505.000000000000060E+0	-93.516410415848981E+0	77.482943653028485E+0
506.000000000000060E+0	-79.709662101325804E+0	82.172548030504032E+0
507.000000000000060E+0	-202.131012576885330E+0	272.336145702643250E+0
508.000000000000060E+0	-100.410598140117810E+0	196.561076239118190E+0
509.000000000000060E+0	-64.957781728291593E+0	172.219286072750890E+0
510.000000000000060E+0	-23.008209182855527E+0	57.207878367663412E+0
511.000000000000060E+0	25.067361504825843E+0	282.223160500460440E+0
512.000000000000110E+0	105.676843478451330E+0	325.304452507778420E+0
513.000000000000110E+0	59.834311995944084E+0	106.903988880247910E+0
514.000000000000110E+0	50.130048402766228E+0	75.447565132570787E+0
515.000000000000110E+0	53.069618232050743E+0	71.036948298047832E+0
516.000000000000110E+0	56.877261963939546E+0	67.768776963868078E+0
517.000000000000110E+0	74.634820862104021E+0	110.765404046325870E+0
518.000000000000110E+0	39.186590552530610E+0	82.867946897824112E+0
519.000000000000110E+0	4.056629773077304E+0	19.264289872932938E+0
520.000000000000110E+0	28.349664202415518E+0	90.647961216798109E+0
521.000000000000110E+0	55.580156136766710E+0	149.143325635226770E+0
522.000000000000110E+0	54.809252770343221E+0	106.640669638357810E+0
523.000000000000110E+0	34.354122736588955E+0	55.167585782340609E+0
524.000000000000110E+0	44.130059472700132E+0	48.626748144926459E+0
525.000000000000110E+0	110.706368124949630E+0	67.961471325376522E+0
526.000000000000110E+0	140.559765489303540E+0	48.965647305037969E+0
527.000000000000110E+0	91.279396824770302E+0	33.657461452269516E+0
528.000000000000110E+0	66.043627350044787E+0	12.546500011589327E+0
529.000000000000110E+0	25.164439215867130E+0	3.193892064831843E+0
530.000000000000110E+0	124.497069102769660E+0	-9.140354771651811E+0
531.000000000000110E+0	81.139397707655178E+0	-15.947007985645376E+0
532.000000000000110E+0	17.897573127878239E+0	-6.133823308410125E+0
533.000000000000110E+0	22.970397746225537E+0	-12.262536052522027E+0
534.000000000000110E+0	27.254012860273214E+0	-14.815988428383346E+0
535.000000000000110E+0	30.691358113611443E+0	-18.962676390148705E+0
536.000000000000110E+0	19.421864278202793E+0	-16.202249074816955E+0
537.000000000000110E+0	8.420126362395756E+0	-7.006878520482362E+0
538.000000000000110E+0	2.117290762998085E+0	-3.937279250200343E+0
539.000000000000110E+0	11.385974044176162E+0	-8.960406183521247E+0
540.000000000000110E+0	4.101707101565518E+0	-5.055807530994452E+0
541.000000000000110E+0	-1.043472232176949E+0	-3.002211029853192E+0
542.000000000000110E+0	-1.589554653353588E+0	-2.290435135788093E+0
543.000000000000110E+0	5.045926212490792E+0	-1.346656887241082E+0
544.000000000000110E+0	4.721849690608027E+0	10.070534233290278E+0
545.000000000000110E+0	-1.461623421919872E+0	10.115550791733799E+0
546.000000000000110E+0	-2.593050210713601E+0	12.714793114185511E+0
547.000000000000110E+0	-3.705235193830868E+0	7.189148018015954E+0
548.000000000000110E+0	-3.627354595882763E+0	6.594187074130218E+0
549.000000000000110E+0	-9.580566373009669E+0	30.188980666233384E+0
550.000000000000110E+0	-6.507022016889100E+0	17.992420430747135E+0
551.000000000000110E+0	-4.084807037513102E+0	5.366550003123217E+0
552.000000000000110E+0	-916.850431555035090E-3	6.509154800945291E+0
553.000000000000110E+0	-1.331877574255046E+0	22.557167569261928E+0
554.000000000000110E+0	-8.299823136949287E+0	26.264048209528454E+0
555.000000000000110E+0	-910.871650171343860E-3	11.112080965478400E+0
556.000000000000110E+0	-4.357163455026504E+0	14.632139936180209E+0
557.000000000000110E+0	-1.757097380103939E+0	10.912949881637134E+0
558.000000000000110E+0	-14.752617639792144E+0	37.408322463888403E+0
559.000000000000110E+0	-27.691819575465310E+0	38.605660915982213E+0
560.000000000000110E+0	-9.177794517113622E+0	13.232698185594694E+0
561.000000000000110E+0	1.361576581393114E+0	7.367699008261555E+0
562.000000000000110E+0	-14.186737454591125E+0	59.509277518253576E+0
563.000000000000110E+0	-11.021466341056776E+0	49.292241075593729E+0
564.000000000000110E+0	-1.085198200702920E+0	29.621351188049807E+0
565.000000000000110E+0	-2.693931117358713E+0	32.953112892777298E+0
566.000000000000110E+0	-27.235366326520859E-3	14.500517136741990E+0
567.000000000000110E+0	928.137186972708640E-3	53.779523563565661E+0
568.000000000000110E+0	4.268080754680531E+0	61.038062126322245E+0
569.000000000000110E+0	4.740133723723947E+0	41.565399415124624E+0
570.000000000000110E+0	5.289948235953820E+0	16.109289536309156E+0
571.000000000000110E+0	2.312959302912867E+0	39.134233552538745E+0
572.000000000000110E+0	6.001309734196719E+0	81.461830588300998E+0
573.000000000000110E+0	4.306251634095434E+0	57.618451205111839E+0
574.000000000000110E+0	-3.467555463710140E+0	22.536669023582665E+0
575.000000000000110E+0	-14.854101109776584E+0	30.482117742297028E+0
576.000000000000110E+0	-5.424979234484118E+0	15.683948885195793E+0
577.000000000000110E+0	2.052400638687630E+0	65.861804938149703E+0
578.000000000000110E+0	-3.783658537503546E+0	85.018142968599648E+0
579.000000000000110E+0	-4.172812632358151E+0	38.796173785684445E+0
580.000000000000110E+0	-17.248337658750337E+0	40.757078896986513E+0
581.000000000000110E+0	-49.792376868545759E+0	177.590380683343770E+0
582.000000000000110E+0	-29.415701133291513E+0	173.922203562081140E+0
583.000000000000110E+0	-23.798902103405052E+0	112.628783713456490E+0
584.000000000000110E+0	-18.312715366453880E+0	84.998118095402148E+0
585.000000000000110E+0	27.429840071610783E+0	118.843196532364230E+0
586.000000000000110E+0	143.082604267255360E+0	278.512571702077250E+0
587.000000000000110E+0	171.009471406573420E+0	230.514118419599440E+0
588.000000000000110E+0	211.100530146910700E+0	195.041148190952750E+0
589.000000000000110E+0	55.587411807600993E+0	39.159827370642517E+0
590.000000000000110E+0	286.623034278687270E+0	130.580814210375280E+0
591.000000000000110E+0	444.037593071826450E+0	99.230513630949133E+0
592.000000000000110E+0	165.744668957248820E+0	10.989539285646080E+0
593.000000000000110E+0	89.398949516735911E+0	3.385256758574084E+0
594.000000000000110E+0	130.570956130079080E+0	-7.629389175138551E+0
595.000000000000110E+0	173.631534215324190E+0	-23.051067435850154E+0
596.000000000000110E+0	221.275846079326870E+0	-45.830284072452478E+0
597.000000000000110E+0	167.612617717200180E+0	-47.736757697969054E+0
598.000000000000110E+0	60.010906208457378E+0	-23.032446692847113E+0
599.000000000000110E+0	130.744994101604650E+0	-29.745495048230737E+0
600.000000000000110E+0	245.086162075212090E+0	-75.170284129983798E+0
601.000000000000110E+0	220.682811127026470E+0	-92.381855726289771E+0
602.000000000000110E+0	56.688060425072727E+0	-33.630246194487256E+0
603.000000000000110E+0	80.046515936855286E+0	-39.846134994684149E+0
604.000000000000110E+0	174.226009140473050E+0	-89.221660554015528E+0
605.000000000000110E+0	161.277360458442390E+0	-97.506779891102326E+0
606.000000000000110E+0	122.368248120492990E+0	-84.285591665652333E+0
607.000000000000110E+0	113.692616939922960E+0	-77.898792524473066E+0
608.000000000000110E+0	22.680342966724748E+0	-23.593325474242775E+0
609.000000000000110E+0	235.085378505002890E+0	-214.382958964667300E+0
610.000000000000110E+0	207.306577371906710E+0	-198.760349964223960E+0
611.000000000000110E+0	79.473948000835691E+0	-72.513420400719738E+0
612.000000000000110E+0	37.407507486630656E+0	-44.637327710789250E+0
613.000000000000110E+0	99.606663166060315E+0	-126.402530672171220E+0
614.000000000000110E+0	171.247323426658280E+0	-212.194198201584810E+0
615.000000000000110E+0	112.600668701929590E+0	-151.419994036074660E+0
616.000000000000110E+0	70.398723127919567E+0	-109.802423558888490E+0
617.000000000000110E+0	18.879484180532877E+0	-79.148601512800653E+0
618.000000000000110E+0	56.804675969335811E+0	-178.445822267568100E+0
619.000000000000110E+0	105.897048898361530E+0	-366.338434042021160E+0
620.000000000000110E+0	63.796246466068780E+0	-302.432622317340360E+0
621.000000000000110E+0	8.378826187697372E+0	-48.165572879823337E+0
622.000000000000110E+0	-1.027542704050417E+0	-166.849053501313340E+0
623.000000000000110E+0	-24.028153774075307E+0	-305.607880510828750E+0
624.000000000000110E+0	-19.636210748765119E+0	-178.683350015257160E+0
625.000000000000110E+0	-15.154149825055720E+0	-139.400660022216700E+0
626.000000000000110E+0	-16.271045506535806E+0	-77.503766953218843E+0
627.000000000000110E+0	-16.621296948142778E+0	-79.567261885910597E+0
628.000000000000110E+0	-43.491633765514514E+0	-261.476863675645860E+0
629.000000000000110E+0	-26.311905072996769E+0	-215.847928959208810E+0
630.000000000000110E+0	-6.690053955928393E+0	-97.466611088033659E+0
631.000000000000110E+0	-13.727091847607772E+0	-54.791573329906953E+0
632.000000000000110E+0	-47.256663977075235E+0	-240.167311920444630E+0
633.000000000000110E+0	-69.870896703578040E+0	-353.571802059529200E+0
634.000000000000110E+0	-16.226317294845629E+0	-112.634791827613870E+0
635.000000000000110E+0	-25.527034452720716E+0	-129.361946381806150E+0
636.000000000000110E+0	-28.455063273770428E+0	-70.860186780181465E+0
637.000000000000110E+0	-96.099828456503133E+0	-239.147993678745190E+0
638.000000000000110E+0	-143.592426209772530E+0	-381.151463810086800E+0
639.000000000000110E+0	-109.681815719502350E+0	-270.476615581797380E+0
640.000000000000110E+0	-12.795950967121684E+0	-34.516919690049832E+0
641.000000000000110E+0	-230.351012705118510E+0	-253.461188703100190E+0
642.000000000000110E+0	-361.369434924084940E+0	-308.191732726161150E+0
643.000000000000110E+0	-258.567238022425950E+0	-195.157251249670880E+0
644.000000000000110E+0	-158.412213277627870E+0	-102.970655099987380E+0
645.000000000000110E+0	-100.628318811535190E+0	-42.559936411824161E+0
646.000000000000110E+0	-260.076334287832310E+0	-40.156422383056842E+0
647.000000000000110E+0	-313.940557806880240E+0	-34.538381828662445E+0
648.000000000000110E+0	-269.468332959806450E+0	-18.155187271830108E+0
649.000000000000110E+0	-100.865038523358180E+0	-1.233954092569474E+0
650.000000000000110E+0	-53.051423519408203E+0	9.436267668879088E+0
651.000000000000110E+0	-370.759265334389340E+0	75.730843195850994E+0
652.000000000000110E+0	-280.044013152577920E+0	70.139402210263242E+0
653.000000000000110E+0	-64.352460102417723E+0	18.053419464637450E+0
654.000000000000110E+0	-108.133863285135620E+0	28.006042636505505E+0
655.000000000000110E+0	-93.172371160522260E+0	28.467373776341027E+0
656.000000000000110E+0	-171.092950203900610E+0	52.161157580953940E+0
657.000000000000110E+0	-174.866146395634670E+0	57.116997955591934E+0
658.000000000000110E+0	-73.230409038921749E+0	25.394523877097846E+0
659.000000000000110E+0	-26.747557972038898E+0	9.500505994959465E+0
660.000000000000110E+0	-158.261122416880200E+0	68.066290157654691E+0
661.000000000000110E+0	-203.951596886388360E+0	103.277548133453220E+0
662.000000000000110E+0	-111.657653411494610E+0	65.815985833192940E+0
663.000000000000110E+0	-48.333488430163975E+0	22.916079614565056E+0
664.000000000000110E+0	-81.370560244986365E+0	46.625231398757911E+0
665.000000000000110E+0	-182.575770046618200E+0	138.194646171558050E+0
666.000000000000110E+0	-95.674056238563907E+0	88.632086645958836E+0
667.000000000000110E+0	-144.559955044423870E+0	162.256807037752280E+0
668.000000000000110E+0	-26.379208485618555E+0	39.646071604801207E+0
669.000000000000110E+0	-59.937892295302603E+0	144.586175901196700E+0
670.000000000000110E+0	-77.877695647855504E+0	384.422597651696720E+0
671.000000000000110E+0	-1.418819483692154E+0	201.268822780375050E+0
672.000000000000110E+0	6.207886234418647E+0	57.421366820458083E+0
673.000000000000110E+0	28.631814216783265E+0	62.939994115420724E+0
674.000000000000110E+0	66.875502483687882E+0	49.428047906330306E+0
675.000000000000110E+0	111.277111637472980E+0	28.192617972488534E+0
676.000000000000110E+0	50.537062960489699E+0	-4.578622217317945E+0
677.000000000000110E+0	24.647912982664145E+0	-3.564528696265362E+0
678.000000000000110E+0	5.496998703220907E+0	2.430088684696847E+0
679.000000000000110E+0	-20.747287170432671E+0	5.627202201387982E+0
680.000000000000110E+0	-44.345370688180999E+0	15.921776458790310E+0
681.000000000000110E+0	-19.554961080242169E+0	10.139527217881144E+0
682.000000000000110E+0	-8.266534677360902E+0	695.636852204380870E-3
683.000000000000110E+0	-33.088362996261118E+0	12.489574446282354E+0
684.000000000000110E+0	-30.552938634025942E+0	12.028454970020171E+0
685.000000000000110E+0	-13.427319808310902E+0	7.990786572698485E+0
686.000000000000110E+0	-15.372587280117383E+0	12.387069999685568E+0
687.000000000000110E+0	-156.147894916434100E-3	3.757268181102082E+0
688.000000000000110E+0	-36.193484129971004E+0	34.871045680302217E+0
689.000000000000110E+0	-56.925438502454462E+0	45.119790246143168E+0
690.000000000000110E+0	-32.731884191349067E+0	24.372821754513506E+0
691.000000000000110E+0	-15.380491194178045E+0	10.177026325371189E+0
692.000000000000110E+0	-23.791215515265382E+0	12.853513521143455E+0
693.000000000000110E+0	-77.261165083059126E+0	54.254717646391327E+0
694.000000000000110E+0	-40.370883448951034E+0	28.662294307927986E+0
695.000000000000110E+0	-20.352267422603507E+0	23.783136946541241E+0
696.000000000000110E+0	-20.990412959898350E+0	27.365688921026596E+0
697.000000000000110E+0	-19.007776194019737E+0	27.434675520437473E+0
698.000000000000110E+0	-53.966268155319923E+0	91.035687641738718E+0
699.000000000000110E+0	-58.282356390348525E+0	120.032319434784280E+0
700.000000000000110E+0	-10.269220487308685E+0	24.535672106993211E+0
701.000000000000110E+0	-5.615618705108105E+0	30.872658004313081E+0
702.000000000000110E+0	1.617042483156276E+0	107.436814003109560E+0
703.000000000000110E+0	20.745363413313765E+0	107.456210512647470E+0
704.000000000000110E+0	19.293913852511178E+0	53.976752275132434E+0
705.000000000000110E+0	21.451652836601461E+0	33.873679535486509E+0
706.000000000000110E+0	22.870131273497389E+0	24.782622111856554E+0
707.000000000000110E+0	71.263237990021338E+0	61.389430055267759E+0
708.000000000000110E+0	58.119066980212985E+0	37.058490749450200E+0
709.000000000000110E+0	41.152747747844231E+0	19.816624402198659E+0
710.000000000000110E+0	6.663646738960158E+0	1.865175937501734E+0
711.000000000000110E+0	40.835655333460991E+0	19.510910792835823E+0
712.000000000000110E+0	66.143883075495097E+0	21.610200433439392E+0
713.000000000000110E+0	16.236674317827621E+0	3.199319441051747E+0
714.000000000000110E+0	13.617367193296250E+0	1.754896759370939E+0
715.000000000000110E+0	8.779987907749636E+0	-359.697618236247070E-3
716.000000000000110E+0	18.225591775820497E+0	-4.691075228251160E+0
717.000000000000110E+0	32.633317951659606E+0	-7.129362997141747E+0
718.000000000000110E+0	17.592150988240284E+0	-12.125819846526198E+0
719.000000000000110E+0	6.036343819734173E+0	-5.359056713965275E+0
720.000000000000110E+0	12.915423718250969E+0	-7.300369640327007E+0
721.000000000000110E+0	26.117358799603597E+0	-19.405177490319787E+0
722.000000000000110E+0	15.015458961521896E+0	-15.592349665388628E+0
723.000000000000110E+0	5.487728772719178E+0	-4.699690378504821E+0
724.000000000000110E+0	-595.071875722269610E-3	-1.845827587046080E+0
725.000000000000110E+0	-1.942105176013409E+0	-11.934632816922120E+0
726.000000000000110E+0	-4.442468789413207E+0	-13.744518069823844E+0
727.000000000000110E+0	-4.046348621224911E+0	-19.574288315415952E+0
728.000000000000110E+0	-5.363829649828842E+0	-9.457739200162525E+0
729.000000000000110E+0	-850.906378030524930E-3	-2.817808710909866E+0
730.000000000000110E+0	-18.899215987100270E+0	-23.939395405803868E+0
731.000000000000110E+0	-30.030354301239573E+0	-25.996180219898701E+0
732.000000000000110E+0	-6.705858168115910E+0	-5.740467291872940E+0
733.000000000000110E+0	-7.021075557115149E+0	-1.805977157510635E+0
734.000000000000110E+0	-8.207276910042692E+0	760.552470041697460E-3
735.000000000000110E+0	-30.155896811103123E+0	6.161390951451027E+0
736.000000000000110E+0	-24.158689182746137E+0	6.244132657748512E+0
737.000000000000110E+0	-17.782228124566060E+0	4.438255842869113E+0
738.000000000000110E+0	-7.084321856937059E+0	1.073850132124047E+0
739.000000000000110E+0	-12.710154290036014E+0	2.068373644098541E+0
740.000000000000110E+0	-30.999801941690453E+0	9.967404460250604E+0
741.000000000000110E+0	-17.955813125685932E+0	8.275774616981183E+0
742.000000000000110E+0	-3.109424829472816E+0	1.685565480471409E+0
743.000000000000110E+0	-11.920692276955140E+0	5.607850708897397E+0
744.000000000000110E+0	-19.275540024835841E+0	9.959879725139560E+0
745.000000000000110E+0	-12.330045061047858E+0	5.833743721735956E+0
746.000000000000110E+0	-13.344124320018114E+0	8.713986238219917E+0
747.000000000000110E+0	-6.850375845750046E+0	4.948738442080557E+0
748.000000000000110E+0	-4.866916303091550E+0	1.979150101819608E+0
749.000000000000110E+0	-22.903274187593819E+0	17.745659087659227E+0
750.000000000000110E+0	-18.873046957794440E+0	16.138624262757084E+0
751.000000000000110E+0	-7.112417466987212E+0	7.084467904045313E+0
752.000000000000110E+0	-3.353054691605389E+0	4.012365176315523E+0
753.000000000000110E+0	-19.215257653803608E+0	19.158137884163246E+0
754.000000000000110E+0	-31.678965979035354E+0	30.154514845303225E+0
755.000000000000110E+0	-15.461953085997710E+0	11.206920138218555E+0
756.000000000000110E+0	-10.150495984161637E+0	10.205547803482579E+0
757.000000000000110E+0	-6.379864405299221E+0	7.659049004064370E+0
758.000000000000110E+0	-10.002332572167926E+0	16.275463228296367E+0
759.000000000000110E+0	-11.603522595112945E+0	48.071503299441552E+0
760.000000000000110E+0	784.508100704095820E-3	20.894521861309848E+0
761.000000000000110E+0	1.016868603752789E+0	5.654451781236299E+0
762.000000000000110E+0	-6.055975166949429E+0	37.677221280262934E+0
763.000000000000110E+0	-3.864534114769535E+0	55.906145847174024E+0
764.000000000000110E+0	-1.015069537344289E+0	25.118724819521219E+0
765.000000000000110E+0	-1.862524756770319E+0	22.056082154422690E+0
766.000000000000110E+0	-4.614686456619383E+0	2.858715875403337E+0
767.000000000000110E+0	6.739145136401080E+0	4.249848267735212E+0
768.000000000000110E+0	7.374044954567642E+0	5.569177179718436E+0
769.000000000000110E+0	15.182442027216155E+0	1.962866389482323E+0
770.000000000000110E+0	7.106961967299471E+0	-146.444329474381070E-3
771.000000000000110E+0	6.422147759822701E+0	7.806684178110250E+0
772.000000000000110E+0	17.678132348223620E+0	34.616845819483345E+0
773.000000000000110E+0	14.992295481037271E+0	22.601966440071525E+0
774.000000000000110E+0	4.518457648383674E+0	8.914621052262245E+0
775.000000000000110E+0	4.856000459652399E+0	10.881002149549571E+0
776.000000000000110E+0	1.660359452408501E+0	5.353425362788466E+0
777.000000000000110E+0	17.383523322349763E+0	8.484751918552593E+0
778.000000000000110E+0	25.595995804311958E+0	8.063607770091236E+0
779.000000000000110E+0	9.741646017914888E+0	-851.145475936355260E-3
780.000000000000110E+0	4.909784728654452E+0	2.946741346147157E+0
781.000000000000110E+0	16.905760227564695E+0	6.937317386304751E+0
782.000000000000110E+0	22.457316884949869E+0	2.979048055666179E+0
783.000000000000110E+0	12.495688682229835E+0	2.248107951621188E+0
784.000000000000110E+0	3.065730061506835E+0	530.149335124910690E-3
785.000000000000110E+0	5.730982405101452E+0	421.988410425354230E-3
786.000000000000110E+0	9.672609416368966E+0	-1.247205647792006E+0
787.000000000000110E+0	11.210129155987564E+0	-4.403158077515364E+0
788.000000000000110E+0	12.792252008435117E+0	-6.885075517527111E+0
789.000000000000110E+0	5.412427882872853E+0	-4.636421997284117E+0
790.000000000000110E+0	12.207725720140202E+0	3.473577468173960E+0
791.000000000000110E+0	41.880363649018442E+0	-679.201784384711790E-3
792.000000000000110E+0	18.414279553559254E+0	-4.900508190586700E+0
793.000000000000110E+0	13.865924242089070E+0	-3.584595912510034E+0
794.000000000000110E+0	16.789463042681632E+0	26.954524776197818E-3
795.000000000000110E+0	31.256353819880541E+0	-6.656426576484367E+0
796.000000000000110E+0	45.341261937984406E+0	-20.775360940366333E+0
797.000000000000110E+0	43.578742266685204E+0	-32.683235355462806E+0
798.000000000000110E+0	18.729041539161255E+0	-18.303538960803742E+0
799.000000000000110E+0	17.585992376784475E+0	-14.029236930163654E+0
800.000000000000110E+0	60.105834637827193E+0	-70.110169662881830E+0
801.000000000000110E+0	79.768003952234594E+0	-127.925156210103380E+0
802.000000000000110E+0	18.628433826102999E+0	-40.167054125623721E+0
803.000000000000110E+0	9.284955676276457E+0	-25.048057583622324E+0
804.000000000000110E+0	15.390690176715854E+0	-89.687443423484296E+0
805.000000000000110E+0	1.928020970793291E+0	-105.509461622771230E+0
806.000000000000110E+0	-10.710500162711700E+0	-105.432614839410870E+0
807.000000000000110E+0	-21.990504833849847E+0	-110.722645903454040E+0
808.000000000000110E+0	-1.536839445423586E+0	-11.714915584317092E+0
809.000000000000110E+0	-80.063857282829048E+0	-134.807720996691160E+0
810.000000000000110E+0	-185.087331558034010E+0	-209.327391930099960E+0
811.000000000000110E+0	-105.640474722193560E+0	-83.664185198040826E+0
812.000000000000110E+0	-41.511766863904363E+0	-28.401747511938499E+0
813.000000000000110E+0	-54.910380377463049E+0	-18.208123190066125E+0
814.000000000000110E+0	-230.537024244312820E+0	-26.671945394121412E+0
815.000000000000110E+0	-159.492216365837630E+0	3.928748755345004E+0
816.000000000000110E+0	-91.421655639178738E+0	7.820446231698090E+0
817.000000000000110E+0	-61.968850254191182E+0	19.659326349474441E+0
818.000000000000110E+0	-42.393327498168063E+0	7.397005491207492E+0
819.000000000000110E+0	-152.186370399856230E+0	47.732838092448375E+0
820.000000000000110E+0	-127.575723608298890E+0	50.166929756424757E+0
821.000000000000110E+0	-25.574624649569806E+0	12.188452841437496E+0
822.000000000000110E+0	-33.062933672706848E+0	11.695639631884379E+0
823.000000000000110E+0	-104.236262548836950E+0	41.304585109060383E+0
824.000000000000110E+0	-63.802701391206391E+0	26.927327121287114E+0
825.000000000000110E+0	-57.994675295027605E+0	31.213614329556229E+0
826.000000000000110E+0	-22.479594647356773E+0	13.474685844189576E+0
827.000000000000110E+0	-21.175802907337406E+0	9.188569833690588E+0
828.000000000000110E+0	-66.085130494771874E+0	34.126720187786631E+0
829.000000000000110E+0	-77.989690643737887E+0	41.144811645600313E+0
830.000000000000110E+0	-45.945076995532148E+0	20.342739807006165E+0
831.000000000000110E+0	-4.421132559391792E+0	1.163469746535364E+0
832.000000000000110E+0	-50.312328797216367E+0	27.368432732901461E+0
833.000000000000110E+0	-109.813544262663000E+0	52.551329892213026E+0
834.000000000000110E+0	-30.977618229809735E+0	13.682105705653992E+0
835.000000000000110E+0	-31.642451453937259E+0	14.834953908227138E+0
836.000000000000110E+0	-17.729127232002334E+0	10.296991353332043E+0
837.000000000000110E+0	-39.453100964545072E+0	22.188797990557141E+0
838.000000000000110E+0	-118.289273909215510E+0	55.828690451875204E+0
839.000000000000110E+0	-67.580103370891678E+0	34.461674211045391E+0
840.000000000000110E+0	-14.796720725357153E+0	8.304768498639755E+0
841.000000000000110E+0	-35.828626532296923E+0	19.271914850301332E+0
842.000000000000110E+0	-107.040901671308350E+0	57.792997074671781E+0
843.000000000000110E+0	-86.744890413882942E+0	50.084650800580562E+0
844.000000000000110E+0	-35.636762790583042E+0	25.525965695609734E+0
845.000000000000110E+0	-28.332065796295190E+0	19.334197925638819E+0
846.000000000000110E+0	-62.833287691575869E+0	42.686510780912840E+0
847.000000000000110E+0	-76.182783149961054E+0	53.858910646896064E+0
848.000000000000110E+0	-110.894203051000400E+0	84.520888364748060E+0
849.000000000000110E+0	-56.218765995252156E+0	46.581223517100398E+0
850.000000000000110E+0	-10.106111678331510E+0	7.118534460778505E+0
851.000000000000110E+0	-149.219669911438130E+0	124.733320948161420E+0
852.000000000000110E+0	-127.065777811267790E+0	109.953302894999820E+0
853.000000000000110E+0	-40.607970278254207E+0	42.909823226710209E+0
854.000000000000110E+0	-39.548991976766693E+0	41.986250516381474E+0
855.000000000000110E+0	-35.294290073086380E+0	38.972453889209433E+0
856.000000000000110E+0	-94.630403707436713E+0	102.388349320472120E+0
857.000000000000110E+0	-95.354180119074101E+0	118.172895926711130E+0
858.000000000000110E+0	-42.462868944544638E+0	60.650893363654291E+0
859.000000000000110E+0	-13.852266848373258E+0	27.389955114461181E+0
860.000000000000110E+0	-48.737868943582271E+0	71.052450637846192E+0
861.000000000000110E+0	-143.755514136600340E+0	236.450315067847270E+0
862.000000000000110E+0	-64.488881334818942E+0	116.635828577487160E+0
863.000000000000110E+0	-6.794089335735857E+0	21.263031648206610E+0
864.000000000000110E+0	-29.228036702598644E+0	65.130853889530528E+0
865.000000000000110E+0	-62.964114219869735E+0	137.607562799715790E+0
866.000000000000110E+0	-45.666591354022543E+0	104.443274444021970E+0
867.000000000000110E+0	-58.326550228494717E+0	182.891667927432990E+0
868.000000000000110E+0	-17.299557435368090E+0	64.818305212441231E+0
869.000000000000110E+0	-10.970213073094202E+0	66.253163529069567E+0
870.000000000000110E+0	-66.521573777952682E+0	425.265143696208720E+0
871.000000000000110E+0	-34.461783272442538E+0	295.235827973627070E+0
872.000000000000110E+0	-9.165103986348015E+0	132.085626294020070E+0
873.000000000000110E+0	12.374540279067082E+0	46.257708670203598E+0
874.000000000000110E+0	91.386033898344308E+0	233.190588693156170E+0
875.000000000000110E+0	203.671256367974420E+0	382.505468603031430E+0
876.000000000000110E+0	148.917615379577570E+0	195.530940296709300E+0
877.000000000000110E+0	169.771415737208090E+0	164.077066698679260E+0
878.000000000000110E+0	54.396092798825805E+0	43.961798856177531E+0
879.000000000000110E+0	195.811479097494210E+0	111.249383232151360E+0
880.000000000000110E+0	487.016022311497750E+0	173.174292302425470E+0
881.000000000000110E+0	205.944616645114820E+0	42.681128030827843E+0
882.000000000000110E+0	39.189781712038936E+0	9.727490506217697E+0
883.000000000000110E+0	158.923406558792550E+0	6.987685035403982E+0
884.000000000000110E+0	203.725288407286230E+0	-8.136535234611943E+0
885.000000000000110E+0	161.976543485858370E+0	-15.956298726844576E+0
886.000000000000110E+0	110.957551726577730E+0	-10.903016835840219E+0
887.000000000000110E+0	43.800063555058486E+0	-4.767495997251747E+0
888.000000000000110E+0	88.602310239380742E+0	-6.152917512509298E+0
889.000000000000110E+0	169.670070143787000E+0	-26.844691747080180E+0
890.000000000000110E+0	101.685446376227030E+0	-24.553065945323418E+0
891.000000000000110E+0	31.600562353576134E+0	-11.933268656469195E+0
892.000000000000110E+0	33.387095035862401E+0	-10.467863137720425E+0
893.000000000000110E+0	158.637555697093720E+0	-45.530940551065626E+0
894.000000000000110E+0	82.096570730017319E+0	-25.613294798396595E+0
895.000000000000110E+0	38.166233946077128E+0	-6.762167679770461E+0
896.000000000000110E+0	35.893627654663547E+0	-7.935629744591978E+0
897.000000000000110E+0	14.515073172980390E+0	-4.496776856728735E+0
898.000000000000110E+0	73.381779048841778E+0	-24.159370068509816E+0
899.000000000000110E+0	74.839100691478094E+0	-29.643841923771305E+0
900.000000000000110E+0	16.677615001608913E+0	-10.150259587802745E+0
901.000000000000110E+0	11.803985346760905E+0	-6.431241764414762E+0
902.000000000000110E+0	61.485570677198737E+0	-19.872084049397525E+0
903.000000000000110E+0	78.825439288605537E+0	-19.450711182513125E+0
904.000000000000110E+0	39.451881853459149E+0	-4.663623563667663E+0
905.000000000000110E+0	11.819702318498408E+0	279.266212643562770E-3
906.000000000000110E+0	12.733351605671681E+0	-3.252785438062973E+0
907.000000000000110E+0	19.640155417731375E+0	-7.913531940701789E+0
908.000000000000110E+0	36.790425596510659E+0	-24.467010280786759E+0
909.000000000000110E+0	31.934600394303022E+0	-23.920265345376816E+0
910.000000000000110E+0	3.826724672909546E+0	-6.255625959748172E+0
911.000000000000110E+0	31.673142252114150E+0	-9.907018233069129E+0
912.000000000000110E+0	90.946284077470807E+0	-38.455872674564304E+0
913.000000000000110E+0	38.025061417327912E+0	-17.398008829316968E+0
914.000000000000110E+0	13.818847473730855E+0	-740.755523479778910E-3
915.000000000000110E+0	8.879256323516724E+0	-1.215494033496429E+0
916.000000000000110E+0	889.697390113100890E-3	-9.485062882617804E+0
917.000000000000110E+0	7.630870207082467E+0	-32.182095274684933E+0
918.000000000000110E+0	7.254790850135306E+0	-29.004705425568705E+0
919.000000000000110E+0	6.366474538728328E+0	-17.694023423926723E+0
920.000000000000110E+0	6.786175470716564E+0	-3.178292059007492E+0
921.000000000000110E+0	39.310185891850701E+0	-10.288611385702435E+0
922.000000000000110E+0	51.249998860238030E+0	-5.846467169425420E+0
923.000000000000110E+0	21.641668497038879E+0	3.864359259035940E+0
924.000000000000110E+0	1.428248033409796E+0	4.249403098024577E+0
925.000000000000110E+0	5.209012225280819E+0	-1.341773125331484E+0
926.000000000000110E+0	9.725474652783834E+0	-9.681480335976493E+0
927.000000000000110E+0	24.499473481215823E+0	-19.749417842082313E+0
928.000000000000110E+0	22.521680505758560E+0	-18.034999144805894E+0
929.000000000000110E+0	5.324155163773965E+0	-5.692932829476808E+0
930.000000000000110E+0	45.665913347944553E+0	-6.638157093425262E+0
931.000000000000110E+0	70.144720823001336E+0	-11.517729806686106E+0
932.000000000000110E+0	30.746220548007482E+0	3.126549153495229E+0
933.000000000000110E+0	6.651432528152398E+0	2.733236711977705E+0
934.000000000000110E+0	4.368885708421170E+0	-1.515730360434214E+0
935.000000000000110E+0	11.907119245893325E+0	-7.677600944115264E+0
936.000000000000110E+0	11.858577406696494E+0	-10.794893237159826E+0
937.000000000000110E+0	14.001071606131191E+0	-11.157272473134935E+0
938.000000000000110E+0	14.236544105619751E+0	-8.626825100987450E+0
939.000000000000110E+0	11.823590996484757E+0	-1.084622633475194E+0
940.000000000000110E+0	59.815246641104601E+0	-18.230903522018217E+0
941.000000000000110E+0	44.558696324069039E+0	-24.483150016524537E+0
942.000000000000110E+0	10.480273043960628E+0	-3.361456435833052E+0
943.000000000000110E+0	8.152517911224011E+0	-3.369344646559575E+0
944.000000000000110E+0	10.422569161863185E+0	-14.839122139291794E+0
945.000000000000110E+0	4.308901024768653E+0	-13.692790828166631E+0
946.000000000000110E+0	5.145726951705923E+0	-12.991838080440417E+0
947.000000000000110E+0	2.478204704056697E+0	-5.874737949875392E+0
948.000000000000110E+0	5.745583168132489E+0	-3.560805385306970E+0
949.000000000000110E+0	23.207248200654785E+0	-4.624010952838717E+0
950.000000000000110E+0	26.140631836417480E+0	-336.588656202047140E-3
951.000000000000110E+0	13.985502056579325E+0	-287.409931665603470E-3
952.000000000000110E+0	2.299882350282220E+0	317.596062189937970E-3
953.000000000000110E+0	16.598411337260103E+0	-1.768392776452712E+0
954.000000000000110E+0	22.068015916495973E+0	-5.379551983792995E+0
955.000000000000110E+0	8.088454946661074E+0	-4.194814426365609E+0
956.000000000000110E+0	9.092441844541979E+0	-4.571370837213277E+0
957.000000000000110E+0	4.167655412665787E+0	-2.550962611060780E+0
958.000000000000110E+0	9.915025524982280E+0	-6.736049439141309E+0
959.000000000000110E+0	23.521611483135107E+0	-15.865930471254256E+0
960.000000000000110E+0	8.255662570269390E+0	-5.582036091684794E+0
961.000000000000110E+0	1.123966262092496E+0	-958.428469197599270E-3
962.000000000000110E+0	6.084607716695620E+0	-4.443386873184648E+0
963.000000000000110E+0	8.554271752075683E+0	-10.312865302404054E+0
964.000000000000110E+0	7.992394620708583E+0	-9.769074447265742E+0
965.000000000000110E+0	2.222086637515559E+0	-2.754329771010160E+0
966.000000000000110E+0	1.020771430660748E+0	-2.816113580788643E+0
967.000000000000110E+0	1.042862694269513E+0	-5.405853981361812E+0
968.000000000000110E+0	-97.169936631842674E-3	-9.639125347088944E+0
969.000000000000110E+0	-3.893904275574064E+0	-10.055480271727992E+0
970.000000000000110E+0	-2.958539717533173E+0	-4.355692581288615E+0
971.000000000000110E+0	-852.507095704824080E-3	1.122769987059928E+0
972.000000000000110E+0	-21.265837428277443E+0	1.980082682496547E+0
973.000000000000110E+0	-16.239486517836504E+0	1.823093854021136E+0
974.000000000000110E+0	-3.879781076364350E+0	-10.351070035997226E-3
975.000000000000110E+0	-3.981440162120252E+0	1.540495975779645E+0
976.000000000000110E+0	-2.554273382211944E+0	1.145743419612122E+0
977.000000000000110E+0	-8.826267567654567E+0	11.009100709671582E+0
978.000000000000110E+0	-14.456554294301728E+0	19.069998521493495E+0
979.000000000000110E+0	-5.663686892318347E+0	6.817653336044851E+0
980.000000000000110E+0	23.721782150170168E-3	887.359320395906480E-3
981.000000000000110E+0	-7.216855419018012E+0	17.839103002706491E+0
982.000000000000110E+0	-18.029421956746010E+0	45.390538320109968E+0
983.000000000000110E+0	-10.661395912098760E+0	24.675609124115116E+0
984.000000000000110E+0	-143.149770413343170E-3	11.864866817411897E-3
985.000000000000110E+0	761.922716321227880E-3	11.065257821823089E+0
986.000000000000110E+0	3.090768390750956E+0	17.299358452870251E+0
987.000000000000110E+0	10.984214355311204E+0	30.771155471938176E+0
988.000000000000110E+0	17.742380588900964E+0	48.627335241509073E+0
989.000000000000110E+0	4.202200115965653E+0	9.241867297237231E+0
990.000000000000110E+0	9.546805166703461E+0	10.440617230175393E+0
991.000000000000110E+0	52.917873612723177E+0	58.959735013450405E+0
992.000000000000110E+0	24.432844408208414E+0	24.682605013830027E+0
993.000000000000110E+0	4.720718842840728E+0	3.353898318737182E+0
994.000000000000110E+0	2.280548046963865E+0	1.803891342628773E+0
995.000000000000110E+0	14.782095433213248E+0	8.410326654004461E+0
996.000000000000110E+0	26.491775749926170E+0	12.682638075792743E+0
997.000000000000110E+0	9.849580038826858E+0	3.411812783338266E+0
998.000000000000110E+0	11.250600436716484E+0	3.614937485511363E+0
999.000000000000110E+0	274.313672545739410E-3	43.073535921514375E-3
1.000000000000000E+3	24.894663574132998E+0	16.161566298545019E+0
