Freq (Hz)	accelerometre (V^2 )	source
source
source(V^2 )
10.000000000000020E+0	1.566171815468329E-3	137.213695245476830E-3
11.000000000000021E+0	1.112896312500766E-3	293.360533664083050E-3
12.000000000000023E+0	1.460597227073659E-3	718.723421825286590E-3
13.000000000000025E+0	1.540142941811254E-3	807.680443803491240E-3
14.000000000000027E+0	5.012918710327859E-3	1.467752698900978E+0
15.000000000000028E+0	4.192879247684444E-3	2.062029819806417E+0
16.000000000000032E+0	398.422461992862530E-6	2.482642645822005E+0
17.000000000000036E+0	7.939157087048673E-3	3.623800818549231E+0
18.000000000000039E+0	17.935285377148322E-3	3.922908535602798E+0
19.000000000000043E+0	12.792932566337459E-3	3.949971788416121E+0
20.000000000000046E+0	41.478372786313653E-3	4.828848822047095E+0
21.000000000000050E+0	45.610522515826792E-3	6.578886747385665E+0
22.000000000000053E+0	86.453826421129171E-3	7.882185596520188E+0
23.000000000000057E+0	249.165924488686050E-3	9.040622696156882E+0
24.000000000000060E+0	530.152718319901960E-3	12.611541764248132E+0
25.000000000000064E+0	1.199152498458230E+0	19.962527871016857E+0
26.000000000000067E+0	3.421515180219301E+0	32.704850414987483E+0
27.000000000000071E+0	2.169228303760788E+0	23.620857859961145E+0
28.000000000000075E+0	3.269061258829049E+0	22.045924887720169E+0
29.000000000000078E+0	1.689357473079754E+0	13.698726352494001E+0
30.000000000000082E+0	1.596771229340531E+0	11.439653986122787E+0
31.000000000000085E+0	2.441427878988443E+0	19.840094075105284E+0
32.000000000000085E+0	1.077039856117778E+0	28.321342099905319E+0
33.000000000000085E+0	461.397430432485210E-3	28.904175050006778E+0
34.000000000000085E+0	38.279369971921828E-3	18.618499495412998E+0
35.000000000000085E+0	8.953587176068140E-3	13.944457284745898E+0
36.000000000000085E+0	10.784559499999466E-3	27.831334528371578E+0
37.000000000000085E+0	49.379824718678404E-3	44.512948290070675E+0
38.000000000000085E+0	74.690914008908899E-3	34.174535787490178E+0
39.000000000000085E+0	42.556573878847676E-3	15.359900323810255E+0
40.000000000000085E+0	275.160972699693080E-3	26.751863885627483E+0
41.000000000000085E+0	837.053078607441160E-3	58.605853912644491E+0
42.000000000000085E+0	1.770530952326546E+0	57.143837966120898E+0
43.000000000000085E+0	1.694290274671122E+0	25.563609049609479E+0
44.000000000000085E+0	1.933498553480081E+0	15.510222659595277E+0
45.000000000000085E+0	2.920612259211228E+0	39.333674630234647E+0
46.000000000000085E+0	666.622948652679460E-3	63.663659871313527E+0
47.000000000000085E+0	1.031869612147503E+0	54.685296013860466E+0
48.000000000000085E+0	928.692504720329160E-3	25.262018737164581E+0
49.000000000000085E+0	603.205724830980450E-3	20.926101329784224E+0
50.000000000000085E+0	1.400825005297453E+0	72.412944033828722E+0
51.000000000000085E+0	2.306683667927532E+0	106.673053904148940E+0
52.000000000000085E+0	1.808327592463665E+0	53.428888132706675E+0
53.000000000000085E+0	1.732245528852677E+0	28.161251214079819E+0
54.000000000000085E+0	3.771973818219593E+0	58.499113190171386E+0
55.000000000000085E+0	6.514423595603917E+0	72.280139316277157E+0
56.000000000000085E+0	8.913818702468912E+0	77.695928866675473E+0
57.000000000000085E+0	7.842375466698853E+0	53.395102758900805E+0
58.000000000000085E+0	3.572970987593600E+0	16.682760203404833E+0
59.000000000000085E+0	15.787860003100789E+0	91.125056493949131E+0
60.000000000000085E+0	28.752731969138665E+0	191.126783900400310E+0
61.000000000000085E+0	17.874976364610973E+0	117.785469610047240E+0
62.000000000000085E+0	12.366495561559605E+0	53.008418587165885E+0
63.000000000000085E+0	35.542075254710539E+0	174.042117418028910E+0
64.000000000000085E+0	46.107787234179867E+0	242.358221027402270E+0
65.000000000000085E+0	57.028974486567108E+0	332.810123304493970E+0
66.000000000000085E+0	34.441156564129244E+0	286.976712686305350E+0
67.000000000000085E+0	4.177658745725932E+0	66.377907491045477E+0
68.000000000000085E+0	13.176994886673333E+0	96.744304121627664E+0
69.000000000000085E+0	23.720189899545424E+0	266.803749783074750E+0
70.000000000000085E+0	13.362552708472858E+0	271.064440570162560E+0
71.000000000000085E+0	1.989418947819324E+0	100.101680729496370E+0
72.000000000000085E+0	4.504326522187118E+0	82.413681114427618E+0
73.000000000000085E+0	5.869126809439850E+0	242.881226879924500E+0
74.000000000000085E+0	2.440902867350435E+0	281.532972476753680E+0
75.000000000000085E+0	3.414519450638232E+0	284.319517913575450E+0
76.000000000000085E+0	5.865220378207490E+0	237.637117347267430E+0
77.000000000000085E+0	3.118333934239522E+0	122.435308440103810E+0
78.000000000000085E+0	9.240786950463608E+0	454.950727764654520E+0
79.000000000000085E+0	11.101030749576603E+0	490.831738873266770E+0
80.000000000000085E+0	3.138659048891033E+0	127.940476812837000E+0
81.000000000000085E+0	1.992790984254263E+0	66.165361022926049E+0
82.000000000000085E+0	4.459931538061990E+0	150.698306910589590E+0
83.000000000000085E+0	6.237783259973455E+0	209.921503634218420E+0
84.000000000000085E+0	3.550403409980815E+0	126.940286036879610E+0
85.000000000000085E+0	1.240231931223525E+0	47.999211453387559E+0
86.000000000000085E+0	1.194028739159291E+0	37.286423971444343E+0
87.000000000000085E+0	1.315175608045581E+0	37.304896291851008E+0
88.000000000000085E+0	9.275284461260078E+0	181.206015570974220E+0
89.000000000000085E+0	7.899973084404889E+0	146.322390429015570E+0
90.000000000000085E+0	217.778901131649630E-3	4.525979858683385E+0
91.000000000000085E+0	3.838251648866867E+0	52.354371916707620E+0
92.000000000000085E+0	5.599385964051696E+0	86.764009209655327E+0
93.000000000000085E+0	3.176644666024855E+0	52.102916492535215E+0
94.000000000000085E+0	2.907791413635928E+0	42.841814825268102E+0
95.000000000000085E+0	1.273059433454471E+0	21.160448714966844E+0
96.000000000000085E+0	1.802236890027641E+0	21.516394336024298E+0
97.000000000000085E+0	6.951744277448704E+0	87.834468584546215E+0
98.000000000000085E+0	5.580339956352562E+0	84.822517903704480E+0
99.000000000000085E+0	2.095939564867018E+0	33.262973208572077E+0
100.000000000000090E+0	307.163144713103130E-3	5.591770459485791E+0
101.000000000000090E+0	3.721785934298119E+0	90.181256726743214E+0
102.000000000000090E+0	2.215593830520944E+0	129.252884282244790E+0
103.000000000000090E+0	128.164704521567450E-3	24.403767044677259E+0
104.000000000000090E+0	939.625651766812230E-3	50.665317291355926E+0
105.000000000000090E+0	90.221805634788793E-3	23.359879022786451E+0
106.000000000000090E+0	214.239431576627980E-3	59.121213639247102E+0
107.000000000000090E+0	412.048289113519590E-3	138.117056231854290E+0
108.000000000000090E+0	697.620751278975940E-3	73.604237407026133E+0
109.000000000000090E+0	262.953205745388550E-3	4.100065255976132E+0
110.000000000000090E+0	385.566117094235220E-3	59.585769233580450E+0
111.000000000000090E+0	649.336886858175810E-3	118.904850947666020E+0
112.000000000000090E+0	373.624945281626930E-3	69.052771530459310E+0
113.000000000000090E+0	121.785365142296070E-3	36.823881151797494E+0
114.000000000000090E+0	718.303287705409190E-3	20.590642826399659E+0
115.000000000000090E+0	1.522744424081796E+0	66.352863315374080E+0
116.000000000000090E+0	2.097459523757775E+0	93.921392752255741E+0
117.000000000000090E+0	3.546538744680648E+0	146.915131208476250E+0
118.000000000000090E+0	2.794221154445605E+0	81.742067336363945E+0
119.000000000000090E+0	22.058782080630848E-3	16.181728647514163E+0
120.000000000000090E+0	6.972733437068459E+0	281.395967037055410E+0
121.000000000000090E+0	10.795533613209107E+0	307.998583773774270E+0
122.000000000000090E+0	1.734803997586506E+0	59.739484152584772E+0
123.000000000000090E+0	4.809265280975606E+0	157.385806235618220E+0
124.000000000000090E+0	2.533789472276561E+0	92.651854309501729E+0
125.000000000000090E+0	13.466566799709796E+0	304.046617406385110E+0
126.000000000000090E+0	31.132291016184560E+0	321.549848832460160E+0
127.000000000000090E+0	31.532259362521881E+0	217.750807325488270E+0
128.000000000000090E+0	16.101843574105970E+0	48.487885010026645E+0
129.000000000000090E+0	51.720716131018108E+0	267.689009929732150E+0
130.000000000000090E+0	92.408248751775659E+0	468.565658803311180E+0
131.000000000000090E+0	54.774928300586282E+0	275.991226438590840E+0
132.000000000000090E+0	16.834234888985868E+0	61.226757797175502E+0
133.000000000000090E+0	52.719790710860948E+0	162.152743938701690E+0
134.000000000000090E+0	52.455090932822017E+0	156.414983801201230E+0
135.000000000000090E+0	47.090479777003530E+0	131.767719735106850E+0
136.000000000000090E+0	62.292464295169360E+0	204.155016847080590E+0
137.000000000000090E+0	13.895972877870259E+0	48.521894058332499E+0
138.000000000000090E+0	21.530518042939189E+0	87.324298708431883E+0
139.000000000000090E+0	77.898117983856835E+0	317.518223694920890E+0
140.000000000000090E+0	38.594557049595281E+0	157.049324322953170E+0
141.000000000000090E+0	16.369137231585967E+0	65.700492816073805E+0
142.000000000000090E+0	13.461468372251584E+0	51.460841430702558E+0
143.000000000000090E+0	33.137431885177754E+0	98.539789372737829E+0
144.000000000000090E+0	40.634821975375132E+0	114.842181275317530E+0
145.000000000000090E+0	30.213258011480633E+0	72.466275495303392E+0
146.000000000000090E+0	32.162984991566972E+0	75.178927781029728E+0
147.000000000000090E+0	12.762055010439230E+0	27.288908132266908E+0
148.000000000000090E+0	59.009360166118654E+0	131.371442230381770E+0
149.000000000000090E+0	86.291202165700781E+0	222.343931515400020E+0
150.000000000000090E+0	23.949145820752570E+0	78.388908675490569E+0
151.000000000000090E+0	11.794691982526945E+0	34.565106353687995E+0
152.000000000000090E+0	53.317680620503552E+0	130.327474420772010E+0
153.000000000000090E+0	38.177060860174151E+0	123.252348863249310E+0
154.000000000000090E+0	36.450004476350848E+0	93.766193269520357E+0
155.000000000000090E+0	30.231437193030331E+0	110.397522930964360E+0
156.000000000000090E+0	6.785667269273320E+0	32.489046494002075E+0
157.000000000000090E+0	39.174499014761544E+0	135.359648919202980E+0
158.000000000000090E+0	45.332518410609232E+0	179.274734778935340E+0
159.000000000000090E+0	24.621136421387842E+0	116.107178758064630E+0
160.000000000000090E+0	8.930050248205220E+0	43.373964184516105E+0
161.000000000000090E+0	12.523425613910032E+0	71.285843569339590E+0
162.000000000000090E+0	48.251346343281888E+0	218.596218470143870E+0
163.000000000000090E+0	22.036909721720271E+0	94.042769779111069E+0
164.000000000000090E+0	9.939799940909358E+0	55.252188173980514E+0
165.000000000000090E+0	21.024057787763233E+0	79.202411977048698E+0
166.000000000000090E+0	3.383085929003327E+0	36.600923354485737E+0
167.000000000000090E+0	24.964715408662006E+0	191.662654081730180E+0
168.000000000000090E+0	32.966983717133488E+0	181.263208361654850E+0
169.000000000000090E+0	10.769857940200202E+0	40.748088374082137E+0
170.000000000000090E+0	23.187829522138703E+0	52.214713249958812E+0
171.000000000000090E+0	51.763217027929180E+0	152.600737313445250E+0
172.000000000000090E+0	55.281086404026702E+0	146.252176331998780E+0
173.000000000000090E+0	31.628015939161379E+0	76.209661284664364E+0
174.000000000000090E+0	9.667471882264234E+0	45.001940069071708E+0
175.000000000000090E+0	681.946028600439180E-3	53.310971117870892E+0
176.000000000000090E+0	4.384195617641138E+0	142.091990813749420E+0
177.000000000000090E+0	4.444026539186888E+0	118.708353572291410E+0
178.000000000000090E+0	5.144200414778404E+0	132.692085777629220E+0
179.000000000000090E+0	745.379659444158630E-3	17.563283820376760E+0
180.000000000000090E+0	5.408840303311873E+0	139.362601878415260E+0
181.000000000000090E+0	15.932552841133694E+0	250.813697866358180E+0
182.000000000000090E+0	12.208398373866205E+0	81.692410704604541E+0
183.000000000000090E+0	11.318221543122238E+0	80.292022053255806E+0
184.000000000000090E+0	10.934476368728484E+0	67.608089814514940E+0
185.000000000000090E+0	929.224447271582600E-3	114.989412931333190E+0
186.000000000000090E+0	6.231920833904850E+0	219.110586081740310E+0
187.000000000000090E+0	10.226928031196788E+0	178.351625854829560E+0
188.000000000000090E+0	6.833189152878949E+0	58.243139242221424E+0
189.000000000000090E+0	25.335471404902030E+0	93.891105625718765E+0
190.000000000000090E+0	42.858244205181002E+0	282.932065221599150E+0
191.000000000000090E+0	46.164316538980138E+0	349.431195787884460E+0
192.000000000000090E+0	22.149140497931473E+0	118.412000502316730E+0
193.000000000000090E+0	10.229072060905548E+0	105.302493896810090E+0
194.000000000000090E+0	18.977773936402940E+0	248.080192406353400E+0
195.000000000000090E+0	25.174933489071783E+0	247.191655731873820E+0
196.000000000000090E+0	32.754704645389936E+0	301.182884462060770E+0
197.000000000000090E+0	17.340900739297993E+0	235.854503331819240E+0
198.000000000000090E+0	346.382466200939540E-3	41.273986553473378E+0
199.000000000000090E+0	10.656732915522106E+0	396.923576789375370E+0
200.000000000000090E+0	5.934901860173599E+0	406.935097597046020E+0
201.000000000000090E+0	10.928490625167909E+0	140.236692649872650E+0
202.000000000000090E+0	6.538676746548863E+0	141.745266941453220E+0
203.000000000000090E+0	274.397298942439250E-3	108.154026045681660E+0
204.000000000000090E+0	713.194622957957210E-3	311.800406400073480E+0
205.000000000000090E+0	399.316958346782940E-3	210.044431254280880E+0
206.000000000000090E+0	609.501476691966080E-3	187.588983646012420E+0
207.000000000000090E+0	228.984826854241150E-3	86.648792113526866E+0
208.000000000000090E+0	4.734156646837832E+0	102.010067596126590E+0
209.000000000000090E+0	10.881600836362065E+0	282.271115071787960E+0
210.000000000000080E+0	8.086573833306286E+0	200.727805699649650E+0
211.000000000000080E+0	5.693587179153779E+0	45.301479403937776E+0
212.000000000000080E+0	1.458830294938560E+0	121.898252268790730E+0
213.000000000000080E+0	11.666458496869010E+0	163.497581363328580E+0
214.000000000000080E+0	9.577026262128118E+0	110.223664028462580E+0
215.000000000000080E+0	8.366261851905545E+0	160.287879747027600E+0
216.000000000000080E+0	4.910225164520987E+0	89.410548485393775E+0
217.000000000000080E+0	4.140791757069550E+0	56.635506920677720E+0
218.000000000000080E+0	10.194528242002345E+0	204.397797030725200E+0
219.000000000000080E+0	2.907721457371327E+0	169.044847179791110E+0
220.000000000000080E+0	138.649890409475900E-3	92.042178915971505E+0
221.000000000000080E+0	2.008162413028473E+0	54.765203835322929E+0
222.000000000000080E+0	8.882877766416721E+0	122.074761487961540E+0
223.000000000000080E+0	7.846821708382153E+0	188.825377974667700E+0
224.000000000000080E+0	3.154114897944917E+0	82.411894358329846E+0
225.000000000000080E+0	2.158038291877282E+0	145.161279143610100E+0
226.000000000000080E+0	694.177569662358550E-3	66.509428160863905E+0
227.000000000000080E+0	1.597023436570143E+0	118.645858691388140E+0
228.000000000000080E+0	6.764504945473831E+0	247.213702942429250E+0
229.000000000000080E+0	8.740012148132880E+0	131.438796307132120E+0
230.000000000000080E+0	10.828389132188239E+0	53.638825802792823E+0
231.000000000000080E+0	12.358478310102139E+0	125.786900430476860E+0
232.000000000000080E+0	6.697135418841500E+0	157.387522075611680E+0
233.000000000000080E+0	2.512620345247366E+0	113.682332616519860E+0
234.000000000000080E+0	9.244508826889660E+0	143.050976472921630E+0
235.000000000000080E+0	7.612976009664687E+0	72.854974760625424E+0
236.000000000000080E+0	2.703512497114508E+0	113.532632869431110E+0
237.000000000000080E+0	39.056398984869026E-3	156.932817829246740E+0
238.000000000000080E+0	185.567434600471510E-3	213.178055504114640E+0
239.000000000000080E+0	685.290226184774860E-3	97.512630561869656E+0
240.000000000000080E+0	617.653130559044470E-3	59.547181003784473E+0
241.000000000000080E+0	6.286714363700810E+0	228.062277694602760E+0
242.000000000000080E+0	5.904094460977658E+0	152.968637090551910E+0
243.000000000000080E+0	2.042640001928308E+0	82.105955787506318E+0
244.000000000000080E+0	4.154405581252774E+0	168.005620450346130E+0
245.000000000000080E+0	181.831715983553880E-3	62.188159842340418E+0
246.000000000000080E+0	8.182838975178457E+0	163.940987611771420E+0
247.000000000000080E+0	12.887453979212509E+0	199.075549520073140E+0
248.000000000000080E+0	7.724943983915786E+0	113.928966222677700E+0
249.000000000000080E+0	1.939912806813932E+0	60.361817865453545E+0
250.000000000000080E+0	1.976497934564903E+0	135.481319716887980E+0
251.000000000000080E+0	8.431012972846821E+0	210.724548566236710E+0
252.000000000000080E+0	9.308430167190561E+0	102.567100320317790E+0
253.000000000000080E+0	10.854309784145435E+0	100.723995702835740E+0
254.000000000000080E+0	13.486546348917482E+0	114.069460946731100E+0
255.000000000000080E+0	20.685589945836199E+0	114.615260032706690E+0
256.000000000000110E+0	31.975365286777674E+0	138.895470589700750E+0
257.000000000000110E+0	37.320780427226460E+0	226.584733965900800E+0
258.000000000000110E+0	20.905374634674700E+0	75.198135902229609E+0
259.000000000000110E+0	8.343265994590817E+0	100.704891465876440E+0
260.000000000000110E+0	16.263677719565678E+0	278.672230324560360E+0
261.000000000000110E+0	4.403770331223252E+0	108.553387167440680E+0
262.000000000000110E+0	2.554519802972181E+0	112.790690282493950E+0
263.000000000000110E+0	8.967284974646400E+0	112.321209597175060E+0
264.000000000000110E+0	17.314514919189044E+0	120.184285174171320E+0
265.000000000000110E+0	30.231413834445568E+0	156.842055415893330E+0
266.000000000000110E+0	31.091972345892223E+0	158.492706914456590E+0
267.000000000000110E+0	26.931741385940256E+0	158.537397368203330E+0
268.000000000000110E+0	14.518366231802165E+0	55.259988504125701E+0
269.000000000000110E+0	24.814331347855486E+0	167.151893407483470E+0
270.000000000000110E+0	48.348547951831946E+0	283.001643318478270E+0
271.000000000000110E+0	11.197747401775405E+0	71.372546309787623E+0
272.000000000000110E+0	17.728388891784380E+0	113.974166919541030E+0
273.000000000000110E+0	24.104358382658287E+0	146.037786520268330E+0
274.000000000000110E+0	22.366790700651080E+0	125.321352187577500E+0
275.000000000000110E+0	21.554301350228314E+0	141.739297126820790E+0
276.000000000000110E+0	22.349202926808843E+0	189.678544095661660E+0
277.000000000000110E+0	8.620738047843320E+0	52.681449376964302E+0
278.000000000000110E+0	7.662913262919297E+0	147.408860598877030E+0
279.000000000000110E+0	27.843486868840198E+0	220.413477937348260E+0
280.000000000000110E+0	29.280614068447228E+0	142.651771829442850E+0
281.000000000000110E+0	22.801245667560284E+0	91.556800822902332E+0
282.000000000000110E+0	17.394921877169939E+0	96.618571558760351E+0
283.000000000000110E+0	62.481094243135885E+0	239.854359880033140E+0
284.000000000000110E+0	37.826168264805375E+0	97.835221483049139E+0
285.000000000000110E+0	41.365344768671619E+0	146.391402549220970E+0
286.000000000000110E+0	39.158605755678295E+0	160.786116846659470E+0
287.000000000000110E+0	6.940394494921087E+0	44.551870641584188E+0
288.000000000000110E+0	63.395277176434526E+0	249.320425089598300E+0
289.000000000000110E+0	54.790100695282021E+0	226.682313922920600E+0
290.000000000000110E+0	18.917597227092223E+0	74.994152071504885E+0
291.000000000000110E+0	21.695447016637367E+0	110.996162037208250E+0
292.000000000000110E+0	44.883053483183026E+0	185.088672669911770E+0
293.000000000000110E+0	41.997589834200092E+0	153.478121070023660E+0
294.000000000000110E+0	25.372607552773168E+0	136.776875200583080E+0
295.000000000000110E+0	13.557485284512975E+0	151.510286928643890E+0
296.000000000000110E+0	19.338636140772472E+0	122.626891717819530E+0
297.000000000000110E+0	25.967045463800314E+0	151.252030305370620E+0
298.000000000000110E+0	21.073469099753854E+0	266.744272695899500E+0
299.000000000000110E+0	8.198962828927614E+0	194.222266016497600E+0
300.000000000000110E+0	1.874336031446186E+0	64.428438618980763E+0
301.000000000000110E+0	20.263200783262697E+0	177.729526493144760E+0
302.000000000000110E+0	32.844954959429664E+0	305.030734286598600E+0
303.000000000000110E+0	1.846999098663649E+0	73.294936280145094E+0
304.000000000000110E+0	12.749595523286112E+0	190.259723883664490E+0
305.000000000000110E+0	9.888575854414039E+0	112.164072827446650E+0
306.000000000000110E+0	8.872462769265045E+0	101.676863703206440E+0
307.000000000000110E+0	12.122409517760625E+0	226.188148808994640E+0
308.000000000000110E+0	7.398664487349977E+0	165.092502232591640E+0
309.000000000000110E+0	2.374805605094144E+0	86.229430563165124E+0
310.000000000000110E+0	3.201529959789220E+0	86.710349267970372E+0
311.000000000000110E+0	9.575442592844203E+0	214.754357911968270E+0
312.000000000000110E+0	7.350575440892866E+0	196.145080709817820E+0
313.000000000000110E+0	3.254886964255562E+0	79.087543747869859E+0
314.000000000000110E+0	4.804579959158255E+0	125.394632082078260E+0
315.000000000000110E+0	7.758671271206450E+0	127.266865014802040E+0
316.000000000000110E+0	4.656033800132508E+0	115.085911526376620E+0
317.000000000000110E+0	9.182364591898260E+0	220.089688489714040E+0
318.000000000000110E+0	8.867087589347266E+0	139.590512340819660E+0
319.000000000000110E+0	3.349475118020346E+0	37.804229971888112E+0
320.000000000000110E+0	8.484698084356225E+0	223.557949173019690E+0
321.000000000000110E+0	7.535807484362816E+0	237.230850601689550E+0
322.000000000000110E+0	2.987683556679621E+0	88.947651751705578E+0
323.000000000000110E+0	3.691012262492671E+0	120.600556539177460E+0
324.000000000000110E+0	1.745967692759185E+0	93.841168457970710E+0
325.000000000000110E+0	7.156963296876754E+0	177.050804677980690E+0
326.000000000000110E+0	5.071461010289269E+0	165.287138712239990E+0
327.000000000000110E+0	2.245386719675325E+0	147.331979627607270E+0
328.000000000000110E+0	1.197901623914602E+0	108.948755251536230E+0
329.000000000000110E+0	1.332106525535291E+0	81.029627840256651E+0
330.000000000000110E+0	6.560414863868504E+0	344.130631518860750E+0
331.000000000000110E+0	6.465181313999016E+0	184.069020793069200E+0
332.000000000000110E+0	3.935149109680399E+0	81.878126825779375E+0
333.000000000000110E+0	18.985282481084759E+0	143.503529056628930E+0
334.000000000000110E+0	41.393574603742103E+0	204.497116533942770E+0
335.000000000000110E+0	42.920446413044537E+0	163.510660052274230E+0
336.000000000000110E+0	89.985600508875095E+0	261.174371670465690E+0
337.000000000000110E+0	73.929294701836994E+0	126.542411760765530E+0
338.000000000000110E+0	70.484000991897517E+0	106.274360641382290E+0
339.000000000000110E+0	206.062764247267690E+0	310.210786697302300E+0
340.000000000000110E+0	250.267044968270820E+0	260.134037600973330E+0
341.000000000000110E+0	188.975180647413850E+0	157.537410857027960E+0
342.000000000000110E+0	128.481661526530870E+0	104.422410445575140E+0
343.000000000000110E+0	263.363480199812670E+0	200.234003357097320E+0
344.000000000000110E+0	339.792209864754280E+0	291.868114546732670E+0
345.000000000000110E+0	158.602394909636530E+0	144.285426523685520E+0
346.000000000000110E+0	232.811323102633930E+0	213.734181949661830E+0
347.000000000000110E+0	106.560559695479650E+0	103.821315080966430E+0
348.000000000000110E+0	270.338098920695870E+0	189.866935345501330E+0
349.000000000000110E+0	433.104598663413640E+0	403.468858603988510E+0
350.000000000000110E+0	157.512746840012740E+0	162.190474868948000E+0
351.000000000000110E+0	91.522437411609900E+0	91.443606675258039E+0
352.000000000000110E+0	85.103157770520553E+0	159.427400193709930E+0
353.000000000000110E+0	60.746030804056318E+0	208.102422186761660E+0
354.000000000000110E+0	27.686573682760258E+0	192.600733005192980E+0
355.000000000000110E+0	14.791372196052142E+0	141.455241953350590E+0
356.000000000000110E+0	14.925133464289113E+0	99.940067040823749E+0
357.000000000000110E+0	14.266833797721684E+0	134.501157234930050E+0
358.000000000000110E+0	38.910525748184007E+0	216.142007051103580E+0
359.000000000000110E+0	60.041093788529338E+0	216.142181142626380E+0
360.000000000000110E+0	50.291648137168075E+0	138.716492016611110E+0
361.000000000000110E+0	21.510598956189437E+0	61.144539615571908E+0
362.000000000000110E+0	126.694362296268470E+0	310.546492365545250E+0
363.000000000000110E+0	102.557501026878000E+0	186.000051982545560E+0
364.000000000000110E+0	68.493645272569068E+0	139.495352146346310E+0
365.000000000000110E+0	94.419879539454698E+0	156.196857265506340E+0
366.000000000000110E+0	94.525462397882421E+0	97.072869313649249E+0
367.000000000000110E+0	205.405035184143710E+0	208.843098892971800E+0
368.000000000000110E+0	274.499958932565390E+0	288.952574140442100E+0
369.000000000000110E+0	127.398423492456300E+0	119.274004266873180E+0
370.000000000000110E+0	100.714520190226690E+0	108.734201043299850E+0
371.000000000000110E+0	125.119119514476480E+0	166.090298533202140E+0
372.000000000000110E+0	181.602905312931600E+0	306.245290373462300E+0
373.000000000000110E+0	67.602932189820521E+0	191.412058176889080E+0
374.000000000000110E+0	49.162637719274301E+0	105.315710340192210E+0
375.000000000000110E+0	47.646038316451680E+0	149.593206970073820E+0
376.000000000000110E+0	48.791685136778810E+0	177.202214316576290E+0
377.000000000000110E+0	48.940936770201162E+0	219.183569382063980E+0
378.000000000000110E+0	53.389388941364984E+0	255.871451444457220E+0
379.000000000000110E+0	22.481098435000035E+0	97.421975970280329E+0
380.000000000000110E+0	13.634605337052154E+0	142.278570956333110E+0
381.000000000000110E+0	34.432794228849495E+0	357.793098679482280E+0
382.000000000000110E+0	24.195717355121157E+0	161.919540864468760E+0
383.000000000000110E+0	15.518980438573397E+0	144.724464077410910E+0
384.000000000000110E+0	6.542504436148912E+0	111.245099527479890E+0
385.000000000000110E+0	42.885184779205971E+0	178.239683526583660E+0
386.000000000000110E+0	93.389797509241816E+0	291.025640133176180E+0
387.000000000000110E+0	62.407172167036080E+0	174.609287755083020E+0
388.000000000000110E+0	64.208541898086281E+0	172.665884969033810E+0
389.000000000000110E+0	40.265879617574342E+0	79.258313389596665E+0
390.000000000000110E+0	52.461506595029235E+0	244.103182555222190E+0
391.000000000000110E+0	58.871653237080615E+0	343.779691189196340E+0
392.000000000000110E+0	27.572299018605531E+0	146.802104883070400E+0
393.000000000000110E+0	28.073962532473608E+0	97.362002281540484E+0
394.000000000000110E+0	71.567675321002810E+0	222.737093318337430E+0
395.000000000000110E+0	94.329701215190141E+0	183.357170418187080E+0
396.000000000000110E+0	148.295514149505860E+0	289.448926662071760E+0
397.000000000000110E+0	94.253890692592662E+0	181.895357112036690E+0
398.000000000000110E+0	43.225856731308760E+0	73.093346416997718E+0
399.000000000000110E+0	43.449503948029694E+0	203.255851596747560E+0
400.000000000000110E+0	46.022974855702365E+0	294.421733896540100E+0
401.000000000000110E+0	28.756469854852259E+0	183.264161526970610E+0
402.000000000000110E+0	23.212291325775066E+0	117.078559467594640E+0
403.000000000000110E+0	38.922665663189022E+0	79.677567707713933E+0
404.000000000000110E+0	88.789388241678381E+0	293.725768581217270E+0
405.000000000000110E+0	42.470682051161944E+0	158.304279861173460E+0
406.000000000000110E+0	31.913086447558118E+0	164.014076823635890E+0
407.000000000000110E+0	16.419259227788366E+0	142.183873053127370E+0
408.000000000000110E+0	1.338842823747981E+0	68.039835976966032E+0
409.000000000000110E+0	2.885890593469990E+0	313.594681120664350E+0
410.000000000000110E+0	1.240774415126107E+0	246.399584491196720E+0
411.000000000000110E+0	349.350944058127890E-3	85.736538406363962E+0
412.000000000000110E+0	165.642351972144030E-3	94.785484378526348E+0
413.000000000000110E+0	2.375038944889845E+0	185.820517193613540E+0
414.000000000000110E+0	7.202293751236435E+0	207.207475338795290E+0
415.000000000000110E+0	9.300856635686506E+0	189.441347967097160E+0
416.000000000000110E+0	8.078039433224223E+0	101.062632605086530E+0
417.000000000000110E+0	11.982982534225792E+0	98.938485031221603E+0
418.000000000000110E+0	36.869527059778456E+0	202.204943028088820E+0
419.000000000000110E+0	70.903227017164852E+0	228.667096513309220E+0
420.000000000000110E+0	84.747384712598944E+0	210.981503023056580E+0
421.000000000000110E+0	25.814395185970699E+0	40.651735151372804E+0
422.000000000000110E+0	131.331499160545800E+0	180.724150153733570E+0
423.000000000000110E+0	300.792405858704570E+0	308.762661383574420E+0
424.000000000000110E+0	194.111184254065140E+0	149.518384895845370E+0
425.000000000000110E+0	245.766252128261380E+0	183.479327822930230E+0
426.000000000000110E+0	151.093243242843560E+0	111.684435779260410E+0
427.000000000000110E+0	255.750367579996690E+0	125.346908038334580E+0
428.000000000000110E+0	542.535914035004450E+0	356.145202112607760E+0
429.000000000000110E+0	193.249719381091890E+0	166.826028022173860E+0
430.000000000000110E+0	117.939527431445070E+0	121.151249661351440E+0
431.000000000000110E+0	86.408494358899588E+0	90.773021960592842E+0
432.000000000000110E+0	172.252642145912660E+0	285.702931686237150E+0
433.000000000000110E+0	116.415688062917030E+0	264.745058125028950E+0
434.000000000000110E+0	55.486524926342653E+0	129.288592956285640E+0
435.000000000000110E+0	39.160891871667403E+0	110.109329458008570E+0
436.000000000000110E+0	65.127050085339036E+0	170.250091918879950E+0
437.000000000000110E+0	65.995457512566446E+0	213.856872819443940E+0
438.000000000000110E+0	71.553192122807260E+0	318.873294557480110E+0
439.000000000000110E+0	38.791436367173496E+0	192.480576473359240E+0
440.000000000000110E+0	5.842127930961873E+0	45.190410975137354E+0
441.000000000000110E+0	85.960521556753093E+0	357.411690664385100E+0
442.000000000000110E+0	85.356830983710296E+0	323.731657620838520E+0
443.000000000000110E+0	51.682250837999121E+0	189.715839816943740E+0
444.000000000000110E+0	51.622413914080695E+0	195.037856418124250E+0
445.000000000000110E+0	28.680267194813389E+0	107.726944000463960E+0
446.000000000000110E+0	66.339259937920417E+0	312.858009523385820E+0
447.000000000000110E+0	59.099560133134830E+0	320.759067668752210E+0
448.000000000000110E+0	36.601742710852143E+0	221.048149313375090E+0
449.000000000000110E+0	18.158867274201306E+0	132.965654534797550E+0
450.000000000000110E+0	19.734041413630823E+0	128.169376248661000E+0
451.000000000000110E+0	56.598630185051412E+0	481.179088626734480E+0
452.000000000000110E+0	23.787053357056834E+0	277.345678249296720E+0
453.000000000000110E+0	6.512012985088897E+0	102.660769771683680E+0
454.000000000000110E+0	4.547076870269015E+0	157.236848254477450E+0
455.000000000000110E+0	2.267145489105356E+0	198.702463557055550E+0
456.000000000000110E+0	2.852410203100153E+0	259.060946683331390E+0
457.000000000000110E+0	1.460613550113619E+0	245.226428954612860E+0
458.000000000000110E+0	225.210720164735530E-3	133.254798530721900E+0
459.000000000000110E+0	344.934993365490490E-3	77.877476241890250E+0
460.000000000000110E+0	1.108404483511774E+0	355.477792685878970E+0
461.000000000000110E+0	883.288972702425790E-3	221.310081653440420E+0
462.000000000000110E+0	1.301857902862958E+0	171.662564280180670E+0
463.000000000000110E+0	2.333361270920438E+0	80.958698419144596E+0
464.000000000000110E+0	7.552342335048512E+0	193.695053739634490E+0
465.000000000000110E+0	13.116798447936739E+0	276.269749671631470E+0
466.000000000000110E+0	11.421694567987560E+0	173.692977081963870E+0
467.000000000000110E+0	21.504933617329090E+0	200.667167071076140E+0
468.000000000000110E+0	15.088308712464899E+0	86.064204659572766E+0
469.000000000000110E+0	39.172700644077658E+0	215.924281864793840E+0
470.000000000000110E+0	135.448112374036950E+0	466.444067540164720E+0
471.000000000000110E+0	83.820615130179249E+0	199.963457782700740E+0
472.000000000000110E+0	45.268783030843203E+0	98.826705964893136E+0
473.000000000000110E+0	133.390547522240750E+0	186.651336561232200E+0
474.000000000000110E+0	221.075681882481210E+0	287.891756750793210E+0
475.000000000000110E+0	300.687814928306470E+0	318.483017319293710E+0
476.000000000000110E+0	226.890093113580860E+0	216.862287386199340E+0
477.000000000000110E+0	83.232377995624319E+0	131.567832427178810E+0
478.000000000000110E+0	101.980664432862140E+0	132.183651695070520E+0
479.000000000000110E+0	245.006315380692880E+0	326.437921527183450E+0
480.000000000000110E+0	161.884555897876450E+0	230.259499663785480E+0
481.000000000000110E+0	86.080040461497944E+0	120.806003556087180E+0
482.000000000000110E+0	64.145962758639030E+0	69.564266105575001E+0
483.000000000000110E+0	175.117331035858740E+0	301.915625004656590E+0
484.000000000000110E+0	137.412573135685700E+0	245.196445189138160E+0
485.000000000000110E+0	65.003356876228935E+0	143.277500813891780E+0
486.000000000000110E+0	65.910640298314803E+0	165.360932224546160E+0
487.000000000000110E+0	29.754056911701099E+0	55.803633791634823E+0
488.000000000000110E+0	123.210497589814650E+0	290.482641150542460E+0
489.000000000000110E+0	115.687560463763090E+0	292.970432546027270E+0
490.000000000000110E+0	49.709231056588614E+0	139.835630273475120E+0
491.000000000000110E+0	32.614654237433115E+0	76.273173959818521E+0
492.000000000000110E+0	53.324206093995052E+0	191.231253663562650E+0
493.000000000000110E+0	68.490201964298208E+0	273.592981000187990E+0
494.000000000000110E+0	52.853188577715947E+0	197.702011070391730E+0
495.000000000000110E+0	24.461536423045178E+0	111.199374427501790E+0
496.000000000000110E+0	40.460797353463377E+0	125.461089000310490E+0
497.000000000000110E+0	65.259893053539187E+0	159.355525697535940E+0
498.000000000000110E+0	126.214225606620490E+0	310.001143092674230E+0
499.000000000000110E+0	98.982760197021719E+0	234.886562527319030E+0
500.000000000000110E+0	31.084294357486549E+0	79.100201226434962E+0
501.000000000000110E+0	49.347604595174268E+0	120.223796232293960E+0
502.000000000000110E+0	154.047496522378220E+0	361.179053293471160E+0
503.000000000000110E+0	98.933923868907911E+0	200.628084131752330E+0
504.000000000000110E+0	93.457271094780751E+0	138.163616982831570E+0
505.000000000000110E+0	100.056073070944140E+0	147.673500324569830E+0
506.000000000000110E+0	105.676581380028780E+0	124.321298611490450E+0
507.000000000000110E+0	328.538957649862250E+0	350.383628077114220E+0
508.000000000000110E+0	241.720413790624890E+0	201.744835240122540E+0
509.000000000000110E+0	217.834039849773550E+0	155.776618967166200E+0
510.000000000000110E+0	65.188403794376853E+0	58.583515901374369E+0
511.000000000000110E+0	276.946974940233810E+0	290.085957883420350E+0
512.000000000000110E+0	322.679107487645180E+0	362.740030288033610E+0
513.000000000000110E+0	110.312274199099830E+0	136.213072897842440E+0
514.000000000000110E+0	68.366925266956670E+0	120.214244156886710E+0
515.000000000000110E+0	51.284175037204569E+0	153.522944518856430E+0
516.000000000000110E+0	41.421243956644325E+0	189.117064805724080E+0
517.000000000000110E+0	59.796435303007549E+0	298.499241850659130E+0
518.000000000000110E+0	38.401610826446934E+0	219.012747081518400E+0
519.000000000000110E+0	7.733701573101979E+0	50.338051334033850E+0
520.000000000000110E+0	36.882698923135763E+0	244.873056340805680E+0
521.000000000000110E+0	71.995078880566254E+0	352.170780074786880E+0
522.000000000000110E+0	63.619242079911103E+0	226.284037394995210E+0
523.000000000000110E+0	39.939851641895913E+0	105.928017302588230E+0
524.000000000000110E+0	38.359075393024298E+0	112.542735217723280E+0
525.000000000000110E+0	70.747904481995121E+0	238.753455001893430E+0
526.000000000000110E+0	83.403577984472761E+0	265.869665319503950E+0
527.000000000000110E+0	49.742283579608440E+0	190.517613121161870E+0
528.000000000000110E+0	28.140246495443147E+0	160.803694373328800E+0
529.000000000000110E+0	8.841653632230683E+0	72.989243184460037E+0
530.000000000000110E+0	38.794410896480279E+0	401.994717588283440E+0
531.000000000000110E+0	22.499094320059733E+0	304.241484221198220E+0
532.000000000000110E+0	4.454611105277493E+0	80.710520715457591E+0
533.000000000000110E+0	5.365202434145076E+0	126.754249240143820E+0
534.000000000000110E+0	5.635298945215097E+0	171.054702334803690E+0
535.000000000000110E+0	4.703925104323901E+0	276.996273206350110E+0
536.000000000000110E+0	2.668870325749522E+0	240.051634709795370E+0
537.000000000000110E+0	822.617559776674390E-3	146.427084050592300E+0
538.000000000000110E+0	305.287320994664430E-3	65.883585746616390E+0
539.000000000000110E+0	735.086141798399590E-3	286.155208808990780E+0
540.000000000000110E+0	144.653455281957610E-3	296.191408915473630E+0
541.000000000000110E+0	51.230117855700821E-3	205.058611183152210E+0
542.000000000000110E+0	149.067845622185170E-3	53.019712341927104E+0
543.000000000000110E+0	128.372461024210770E-3	218.326020088247960E+0
544.000000000000110E+0	388.279460292007330E-3	322.498910650951020E+0
545.000000000000110E+0	569.624479660355010E-3	185.240266790098840E+0
546.000000000000110E+0	829.635598107937630E-3	204.853941836331530E+0
547.000000000000110E+0	685.874778969599250E-3	96.457003708570610E+0
548.000000000000110E+0	432.099875677529610E-3	132.958277149356600E+0
549.000000000000110E+0	2.238200407389751E+0	449.247220145539930E+0
550.000000000000110E+0	1.584830953463526E+0	232.072668367644520E+0
551.000000000000110E+0	524.244681816401050E-3	87.870253723062674E+0
552.000000000000110E+0	309.874241485104730E-3	141.780655246516570E+0
553.000000000000110E+0	1.939768103365391E+0	263.761379430092460E+0
554.000000000000110E+0	2.244231972186410E+0	338.534280984295720E+0
555.000000000000110E+0	942.527822603050680E-3	132.415082896641730E+0
556.000000000000110E+0	1.592720025334739E+0	146.841787490403900E+0
557.000000000000110E+0	1.141438506787056E+0	107.681062201069720E+0
558.000000000000110E+0	5.697150502631015E+0	284.233532992046950E+0
559.000000000000110E+0	6.304413054469704E+0	358.466499503139910E+0
560.000000000000110E+0	1.575316618785750E+0	165.341313782573220E+0
561.000000000000110E+0	1.115967064487618E+0	50.492955166975079E+0
562.000000000000110E+0	10.534142598756587E+0	355.456014209718830E+0
563.000000000000110E+0	8.115255144889549E+0	314.679216263988910E+0
564.000000000000110E+0	5.247974773649846E+0	167.744259018309210E+0
565.000000000000110E+0	6.194938049945317E+0	176.810927546870290E+0
566.000000000000110E+0	2.706283192991377E+0	78.201464027272024E+0
567.000000000000110E+0	10.030156968200323E+0	288.948024976925810E+0
568.000000000000110E+0	11.526223746484900E+0	325.235352164780470E+0
569.000000000000110E+0	7.595730889923407E+0	230.856207524668040E+0
570.000000000000110E+0	3.415398569458328E+0	84.576073852821949E+0
571.000000000000110E+0	8.600987548287481E+0	179.010109205840930E+0
572.000000000000110E+0	15.936804543551421E+0	418.930681853438900E+0
573.000000000000110E+0	11.808680385145317E+0	282.971609342458410E+0
574.000000000000110E+0	5.588059803460387E+0	93.300803376081760E+0
575.000000000000110E+0	6.615828947787739E+0	174.207609969646310E+0
576.000000000000110E+0	1.939087260273617E+0	143.250301375552510E+0
577.000000000000110E+0	12.545479807798596E+0	346.786079957931290E+0
578.000000000000110E+0	21.660533007017484E+0	334.893906558336880E+0
579.000000000000110E+0	13.574429094509489E+0	112.546643404461750E+0
580.000000000000110E+0	17.622438795031240E+0	111.515501590499180E+0
581.000000000000110E+0	78.244701323415171E+0	435.058207609625360E+0
582.000000000000110E+0	95.916279379151604E+0	324.628448427666000E+0
583.000000000000110E+0	81.564902109671422E+0	162.792241002709770E+0
584.000000000000110E+0	61.915099151011667E+0	122.678205168945030E+0
585.000000000000110E+0	86.432169522416331E+0	172.876203282281780E+0
586.000000000000110E+0	287.209989063610350E+0	341.802656096900250E+0
587.000000000000110E+0	316.510149861470270E+0	260.553642483938350E+0
588.000000000000110E+0	342.958608294286930E+0	241.100917085545550E+0
589.000000000000110E+0	86.608930662961924E+0	53.649436981687451E+0
590.000000000000110E+0	332.353941317420380E+0	298.848782256559730E+0
591.000000000000110E+0	447.767610243849050E+0	462.612269138210820E+0
592.000000000000110E+0	158.384317433478680E+0	174.501733409713380E+0
593.000000000000110E+0	80.713742782746408E+0	99.439353379768136E+0
594.000000000000110E+0	106.541470602496290E+0	160.816701529110700E+0
595.000000000000110E+0	137.635449129639820E+0	223.119420247581730E+0
596.000000000000110E+0	168.889921529835650E+0	302.625938401324500E+0
597.000000000000110E+0	128.160501547550440E+0	237.238604849581180E+0
598.000000000000110E+0	50.187243139345085E+0	82.478924279062468E+0
599.000000000000110E+0	104.127652159014090E+0	172.787067689051810E+0
600.000000000000110E+0	177.900533494507810E+0	369.619220805792790E+0
601.000000000000110E+0	161.877733073520830E+0	353.892398733252320E+0
602.000000000000110E+0	47.985830926890472E+0	90.829501295557591E+0
603.000000000000110E+0	67.998531260973010E+0	117.957333788524120E+0
604.000000000000110E+0	142.960666008922690E+0	268.502749344297060E+0
605.000000000000110E+0	131.550595503701120E+0	270.410823995439050E+0
606.000000000000110E+0	108.219531400148640E+0	204.341470854302740E+0
607.000000000000110E+0	95.969442902215292E+0	198.338151074171090E+0
608.000000000000110E+0	21.520901437984584E+0	50.138509220249901E+0
609.000000000000110E+0	228.486081999365470E+0	443.317008648270420E+0
610.000000000000110E+0	203.084086735405780E+0	406.466517882674450E+0
611.000000000000110E+0	74.352775895205951E+0	156.004681386066950E+0
612.000000000000110E+0	39.727980849944558E+0	85.865896055356117E+0
613.000000000000110E+0	128.000174670805140E+0	202.836232066727060E+0
614.000000000000110E+0	225.266937892843030E+0	330.548902624786250E+0
615.000000000000110E+0	155.339720273106820E+0	229.562642319003090E+0
616.000000000000110E+0	98.643942036600705E+0	172.749008450457750E+0
617.000000000000110E+0	66.139961739513041E+0	100.374873856648720E+0
618.000000000000110E+0	179.074750476823230E+0	196.132438207856920E+0
619.000000000000110E+0	351.843289814070890E+0	413.640269134317070E+0
620.000000000000110E+0	279.679607578511140E+0	341.837236035417050E+0
621.000000000000110E+0	41.536581696207172E+0	57.824735995626760E+0
622.000000000000110E+0	138.221223602676220E+0	201.568131943710430E+0
623.000000000000110E+0	249.464325453440950E+0	376.841538833179300E+0
624.000000000000110E+0	142.155681578022860E+0	227.519681292100590E+0
625.000000000000110E+0	97.564818542847121E+0	201.881010901530400E+0
626.000000000000110E+0	49.123249351399671E+0	128.088485885112330E+0
627.000000000000110E+0	54.055946530829068E+0	122.454795843806480E+0
628.000000000000110E+0	170.149020570543430E+0	413.144338301715380E+0
629.000000000000110E+0	142.675948572997840E+0	331.594123025663920E+0
630.000000000000110E+0	61.838422703810330E+0	154.659237482662040E+0
631.000000000000110E+0	36.582327683046309E+0	87.545528237844252E+0
632.000000000000110E+0	183.389775916500040E+0	326.997306392533230E+0
633.000000000000110E+0	285.284509594515040E+0	455.713282568640640E+0
634.000000000000110E+0	94.005738278835992E+0	138.062039796311580E+0
635.000000000000110E+0	99.167570069271207E+0	175.598261265738240E+0
636.000000000000110E+0	57.620656029737219E+0	101.489754453379060E+0
637.000000000000110E+0	244.418244717117660E+0	272.077100056461740E+0
638.000000000000110E+0	417.832373931745850E+0	397.499255164422270E+0
639.000000000000110E+0	316.233945003948010E+0	269.872444988415110E+0
640.000000000000110E+0	36.065366932929280E+0	38.120785641325419E+0
641.000000000000110E+0	384.584605989096080E+0	305.399343809181800E+0
642.000000000000110E+0	601.489102253793820E+0	375.259072347654180E+0
643.000000000000110E+0	440.730758257076560E+0	238.361361565121970E+0
644.000000000000110E+0	246.178272722119800E+0	145.267525273997590E+0
645.000000000000110E+0	118.106527788031980E+0	101.427664239715110E+0
646.000000000000110E+0	304.886606709502810E+0	227.417146014389630E+0
647.000000000000110E+0	370.637255431451480E+0	269.357652817881160E+0
648.000000000000110E+0	289.506460422560740E+0	252.203237812111180E+0
649.000000000000110E+0	95.843829681057969E+0	106.411109560927190E+0
650.000000000000110E+0	47.264322829461477E+0	61.765869599145141E+0
651.000000000000110E+0	320.878505241946360E+0	446.543042597080500E+0
652.000000000000110E+0	231.281314916739940E+0	360.570883297285490E+0
653.000000000000110E+0	53.238419847143326E+0	84.124573819661492E+0
654.000000000000110E+0	77.616669299206478E+0	161.053956468614980E+0
655.000000000000110E+0	65.305516728220724E+0	145.699943465173050E+0
656.000000000000110E+0	113.105534077435280E+0	283.155869806272220E+0
657.000000000000110E+0	113.329094715479460E+0	298.871111997531670E+0
658.000000000000110E+0	48.291730073429136E+0	124.693092494941400E+0
659.000000000000110E+0	17.522992377369778E+0	46.351672933097539E+0
660.000000000000110E+0	107.229866086259560E+0	277.217639997024090E+0
661.000000000000110E+0	147.077318377910560E+0	355.783234679803850E+0
662.000000000000110E+0	88.904441267320479E+0	189.315543101520460E+0
663.000000000000110E+0	40.333900115516975E+0	71.137832193773477E+0
664.000000000000110E+0	59.353651705563244E+0	148.381690017263540E+0
665.000000000000110E+0	155.408441969780880E+0	337.584411097709220E+0
666.000000000000110E+0	93.028719225763766E+0	183.101613358650010E+0
667.000000000000110E+0	160.049404218610620E+0	295.444880408100290E+0
668.000000000000110E+0	34.463719977236963E+0	66.378804682580281E+0
669.000000000000110E+0	130.302819887246470E+0	188.466605356667230E+0
670.000000000000110E+0	328.366957524169830E+0	468.801771993755040E+0
671.000000000000110E+0	176.409144475058210E+0	229.821560244102610E+0
672.000000000000110E+0	47.521535858915278E+0	70.406739283062819E+0
673.000000000000110E+0	38.984090622357669E+0	122.971418796819080E+0
674.000000000000110E+0	35.962067282371436E+0	192.609135324138010E+0
675.000000000000110E+0	41.656672521295022E+0	316.628730987941990E+0
676.000000000000110E+0	14.708509720792756E+0	175.394993889765630E+0
677.000000000000110E+0	5.031863465303180E+0	123.540767284717870E+0
678.000000000000110E+0	462.799910664526860E-3	78.918560499133349E+0
679.000000000000110E+0	1.568258463901724E+0	295.674886536551070E+0
680.000000000000110E+0	5.686344400759960E+0	390.876421774108680E+0
681.000000000000110E+0	3.814265001213670E+0	127.633593421621160E+0
682.000000000000110E+0	1.339785937313480E+0	51.718062667896717E+0
683.000000000000110E+0	4.843226744771004E+0	258.566542338127530E+0
684.000000000000110E+0	4.222586983818763E+0	255.541341420451230E+0
685.000000000000110E+0	1.650217450675140E+0	148.648185524521240E+0
686.000000000000110E+0	2.202145002240604E+0	178.171411430939260E+0
687.000000000000110E+0	496.178842253263920E-3	29.138313347077524E+0
688.000000000000110E+0	10.225483070514432E+0	247.292613663174560E+0
689.000000000000110E+0	14.470896708384382E+0	365.070832201821360E+0
690.000000000000110E+0	8.895478475491117E+0	187.662094632407450E+0
691.000000000000110E+0	4.578321425421120E+0	74.574888627997794E+0
692.000000000000110E+0	5.910891724914793E+0	123.954724777800150E+0
693.000000000000110E+0	22.243701314869995E+0	400.921218502846330E+0
694.000000000000110E+0	11.999092564072857E+0	204.486730908364850E+0
695.000000000000110E+0	7.582795859787379E+0	129.517517040915780E+0
696.000000000000110E+0	10.427943312259094E+0	114.397619178016840E+0
697.000000000000110E+0	10.886494985458288E+0	102.752242559505480E+0
698.000000000000110E+0	37.929307534216967E+0	295.638665291011080E+0
699.000000000000110E+0	50.160365522447506E+0	355.233268994402810E+0
700.000000000000110E+0	10.810274922159692E+0	65.684501191959967E+0
701.000000000000110E+0	11.440147714656749E+0	86.490280251474161E+0
702.000000000000110E+0	41.071016908294403E+0	281.629664973932340E+0
703.000000000000110E+0	43.850252845783039E+0	273.598004082199000E+0
704.000000000000110E+0	22.311426323875278E+0	147.630573152399900E+0
705.000000000000110E+0	14.504973998188200E+0	111.319522481271150E+0
706.000000000000110E+0	12.341366243074898E+0	92.569462043432509E+0
707.000000000000110E+0	29.782675643303140E+0	297.426269871146020E+0
708.000000000000110E+0	19.419348857773208E+0	244.978759011585140E+0
709.000000000000110E+0	10.849752070474205E+0	192.631198566651930E+0
710.000000000000110E+0	1.777767434502841E+0	27.164255606855505E+0
711.000000000000110E+0	8.442245873416407E+0	242.864275154133510E+0
712.000000000000110E+0	11.207775711672889E+0	432.415147636653160E+0
713.000000000000110E+0	2.327559158803305E+0	117.999186555842020E+0
714.000000000000110E+0	1.921798163686885E+0	98.387935776636524E+0
715.000000000000110E+0	907.698881024207040E-3	85.612214496094765E+0
716.000000000000110E+0	2.446723705786956E+0	144.960052676248550E+0
717.000000000000110E+0	3.628450011411663E+0	307.976842602810730E+0
718.000000000000110E+0	2.076745616732161E+0	220.283646528783440E+0
719.000000000000110E+0	1.077431442602455E+0	60.686963277155982E+0
720.000000000000110E+0	1.696170150615845E+0	130.074594867694230E+0
721.000000000000110E+0	3.081967401964005E+0	343.765524440372810E+0
722.000000000000110E+0	1.605980882458550E+0	292.253475883880580E+0
723.000000000000110E+0	557.981649599111340E-3	93.971840979413940E+0
724.000000000000110E+0	46.839024537120237E-3	84.283798197678593E+0
725.000000000000110E+0	642.007797398118420E-3	228.847809328756740E+0
726.000000000000110E+0	1.085855874537717E+0	192.948198558938370E+0
727.000000000000110E+0	1.577011503103764E+0	254.188785390318400E+0
728.000000000000110E+0	925.121474092990500E-3	128.470516306749180E+0
729.000000000000110E+0	369.062026226039510E-3	23.905316573656329E+0
730.000000000000110E+0	2.841306764637917E+0	327.995747736680190E+0
731.000000000000110E+0	4.154581338862286E+0	380.182161366807410E+0
732.000000000000110E+0	887.988080767191490E-3	88.122299042217975E+0
733.000000000000110E+0	551.534295748616570E-3	95.889059409399621E+0
734.000000000000110E+0	729.451619983005670E-3	93.676090192945963E+0
735.000000000000110E+0	3.119359199483624E+0	304.182830146378880E+0
736.000000000000110E+0	2.745870496786556E+0	227.273791029011680E+0
737.000000000000110E+0	2.007554737388656E+0	167.761015688497480E+0
738.000000000000110E+0	864.217579859762220E-3	59.710997227915904E+0
739.000000000000110E+0	1.015783219840445E+0	163.985757031504870E+0
740.000000000000110E+0	2.592511465613189E+0	409.604288590014220E+0
741.000000000000110E+0	1.537856746436092E+0	254.584343503895240E+0
742.000000000000110E+0	299.774201999551960E-3	42.117415546710433E+0
743.000000000000110E+0	1.094164354024375E+0	159.070860426046320E+0
744.000000000000110E+0	1.825670508762189E+0	258.438046517337620E+0
745.000000000000110E+0	1.130286024744520E+0	165.404420238626470E+0
746.000000000000110E+0	1.289465383723951E+0	197.647954500626210E+0
747.000000000000110E+0	885.185228929427080E-3	80.999888841075659E+0
748.000000000000110E+0	353.140561714527570E-3	78.873710650980087E+0
749.000000000000110E+0	2.350969001281545E+0	357.713443331776890E+0
750.000000000000110E+0	2.172112593876180E+0	284.372828450130040E+0
751.000000000000110E+0	936.408099566725100E-3	107.961884454302850E+0
752.000000000000110E+0	580.337649827690980E-3	47.442018497030247E+0
753.000000000000110E+0	3.227737240262376E+0	228.453781868551150E+0
754.000000000000110E+0	5.479759594262781E+0	349.366458531600190E+0
755.000000000000110E+0	2.457246154463916E+0	148.768803256583990E+0
756.000000000000110E+0	1.453010308978898E+0	143.335369428541360E+0
757.000000000000110E+0	1.291659903407796E+0	77.494806899301537E+0
758.000000000000110E+0	1.771808681137977E+0	207.207232692647350E+0
759.000000000000110E+0	5.352843573268755E+0	457.864085580110610E+0
760.000000000000110E+0	2.739449696070431E+0	160.284276047251610E+0
761.000000000000110E+0	1.304984800161492E+0	25.442804018676082E+0
762.000000000000110E+0	7.528005638105503E+0	193.655543472879400E+0
763.000000000000110E+0	9.924689126385324E+0	316.740348738607110E+0
764.000000000000110E+0	4.211894955600682E+0	150.349810338530690E+0
765.000000000000110E+0	3.596267916096565E+0	136.430021573578500E+0
766.000000000000110E+0	693.496385047861260E-3	42.735367720495340E+0
767.000000000000110E+0	358.137748979644340E-3	178.518660176430160E+0
768.000000000000110E+0	347.663529299886140E-3	247.083927506323390E+0
769.000000000000110E+0	858.053026557685560E-3	273.732114114035250E+0
770.000000000000110E+0	538.774242374252980E-3	94.052317825339472E+0
771.000000000000110E+0	1.509420972225297E+0	67.765907339143908E+0
772.000000000000110E+0	3.775537029796742E+0	400.319459420670400E+0
773.000000000000110E+0	2.291073707322273E+0	321.406544638039120E+0
774.000000000000110E+0	1.068112667272975E+0	93.727218627403573E+0
775.000000000000110E+0	1.049328755266557E+0	135.455420127109160E+0
776.000000000000110E+0	323.833783483494840E-3	97.581357252338307E+0
777.000000000000110E+0	1.289741243847164E+0	290.833041018024350E+0
778.000000000000110E+0	1.950313120380639E+0	369.935048572139180E+0
779.000000000000110E+0	912.372683970385070E-3	105.314614726349870E+0
780.000000000000110E+0	767.129559573373590E-3	42.943619859095165E+0
781.000000000000110E+0	1.262394462337366E+0	264.877604937271260E+0
782.000000000000110E+0	1.569508311168746E+0	327.450980674380500E+0
783.000000000000110E+0	964.434066599015870E-3	167.439883777928200E+0
784.000000000000110E+0	160.104090641886880E-3	61.070513286781662E+0
785.000000000000110E+0	327.852521373923230E-3	101.294194606206730E+0
786.000000000000110E+0	456.665230196631800E-3	209.442757955404290E+0
787.000000000000110E+0	666.804374870238800E-3	218.399788499165590E+0
788.000000000000110E+0	891.965409425411910E-3	237.371740507959150E+0
789.000000000000110E+0	753.725720441489110E-3	67.601604873302023E+0
790.000000000000110E+0	1.065948313356455E+0	151.446072102813420E+0
791.000000000000110E+0	3.367584340139101E+0	521.589119972874300E+0
792.000000000000110E+0	1.793147616681390E+0	203.060098535736930E+0
793.000000000000110E+0	2.124005886420461E+0	96.987873818418649E+0
794.000000000000110E+0	2.709327946632412E+0	104.396783862292370E+0
795.000000000000110E+0	4.694403242465435E+0	218.315524219561440E+0
796.000000000000110E+0	8.515734356565067E+0	293.108206504596010E+0
797.000000000000110E+0	11.259975169046635E+0	264.197111428958750E+0
798.000000000000110E+0	7.026615292637629E+0	98.182945785642147E+0
799.000000000000110E+0	6.597973380234964E+0	77.389447239331389E+0
800.000000000000110E+0	27.148501940003229E+0	315.073069039940430E+0
801.000000000000110E+0	49.839603336127226E+0	456.953818314582010E+0
802.000000000000110E+0	16.443975748750709E+0	119.874562069142740E+0
803.000000000000110E+0	10.952575918955025E+0	65.575172725894205E+0
804.000000000000110E+0	38.712008668574811E+0	214.326909472921270E+0
805.000000000000110E+0	50.982500931452961E+0	218.793626583858670E+0
806.000000000000110E+0	56.944421425453029E+0	197.809897017157080E+0
807.000000000000110E+0	67.539851844592277E+0	189.416544915215750E+0
808.000000000000110E+0	8.080969684357385E+0	17.904548382967089E+0
809.000000000000110E+0	96.973620951427691E+0	254.113310190285860E+0
810.000000000000110E+0	196.118621380966290E+0	398.679833366004290E+0
811.000000000000110E+0	103.470446814419050E+0	176.101111469378540E+0
812.000000000000110E+0	40.560491277488701E+0	62.903798114941388E+0
813.000000000000110E+0	38.480215033931735E+0	87.596182613892921E+0
814.000000000000110E+0	160.863516607728510E+0	335.195097673471760E+0
815.000000000000110E+0	107.600576149717360E+0	236.959538257393380E+0
816.000000000000110E+0	53.571995648740767E+0	157.601856225059290E+0
817.000000000000110E+0	36.220024192460940E+0	116.947620786508990E+0
818.000000000000110E+0	21.745624477313807E+0	85.365026465697980E+0
819.000000000000110E+0	67.172287919783557E+0	379.071869555006400E+0
820.000000000000110E+0	53.158608522157387E+0	354.094769390248020E+0
821.000000000000110E+0	10.718784431635749E+0	75.414165607504174E+0
822.000000000000110E+0	13.534104359949859E+0	91.319605108000417E+0
823.000000000000110E+0	40.144393479396669E+0	313.669202863016270E+0
824.000000000000110E+0	23.162420362069334E+0	207.546784233321800E+0
825.000000000000110E+0	21.394847964506269E+0	203.154477033411100E+0
826.000000000000110E+0	9.218995193591841E+0	74.854782535322016E+0
827.000000000000110E+0	7.460901190695236E+0	71.945293590574366E+0
828.000000000000110E+0	22.674880751824478E+0	244.552036055341660E+0
829.000000000000110E+0	27.546008380060925E+0	282.789530231022690E+0
830.000000000000110E+0	16.216753000623250E+0	156.221017780065320E+0
831.000000000000110E+0	1.249759719745065E+0	17.502168750868634E+0
832.000000000000110E+0	17.646260418733441E+0	186.514378007793540E+0
833.000000000000110E+0	38.759561214645899E+0	383.016534082388830E+0
834.000000000000110E+0	10.801376371434470E+0	106.694100036659780E+0
835.000000000000110E+0	10.620505302987221E+0	115.499625003872410E+0
836.000000000000110E+0	6.141183831729395E+0	69.063261933048722E+0
837.000000000000110E+0	16.664586907508724E+0	123.259812571149300E+0
838.000000000000110E+0	45.518215185419415E+0	376.163569193246760E+0
839.000000000000110E+0	25.937462497222885E+0	222.350870158240610E+0
840.000000000000110E+0	5.712331036019441E+0	51.024100026789014E+0
841.000000000000110E+0	15.395683125882925E+0	108.070278110392000E+0
842.000000000000110E+0	44.013680918454973E+0	336.990433969072570E+0
843.000000000000110E+0	35.868379436733903E+0	280.469369291176970E+0
844.000000000000110E+0	16.067149081592618E+0	119.962756713028090E+0
845.000000000000110E+0	13.842474494662337E+0	85.299224374981691E+0
846.000000000000110E+0	30.587344480500953E+0	189.118607170776640E+0
847.000000000000110E+0	38.204648841496024E+0	228.424949511498940E+0
848.000000000000110E+0	58.256121591509519E+0	334.240669516806630E+0
849.000000000000110E+0	31.404645051669416E+0	170.326364467957830E+0
850.000000000000110E+0	6.304306654744897E+0	24.722891468032191E+0
851.000000000000110E+0	90.215645587146554E+0	419.865711217160080E+0
852.000000000000110E+0	79.482076847704363E+0	355.817769225864760E+0
853.000000000000110E+0	28.392154521836801E+0	123.454200283194240E+0
854.000000000000110E+0	30.066147572781450E+0	111.168471395170700E+0
855.000000000000110E+0	30.251348846109202E+0	91.951596943580327E+0
856.000000000000110E+0	75.384343798262918E+0	258.639532788361860E+0
857.000000000000110E+0	83.228990167697830E+0	277.841278256237790E+0
858.000000000000110E+0	41.245146069038675E+0	133.434300939974630E+0
859.000000000000110E+0	18.669586896336245E+0	50.895809352272622E+0
860.000000000000110E+0	57.259390315636736E+0	130.010632762891360E+0
861.000000000000110E+0	174.760796326044020E+0	438.533356716602900E+0
862.000000000000110E+0	82.739393429861906E+0	215.150745107355250E+0
863.000000000000110E+0	13.974208142085004E+0	36.226234724299715E+0
864.000000000000110E+0	52.972401027795527E+0	96.797638941528461E+0
865.000000000000110E+0	111.630272617926080E+0	205.901118334824960E+0
866.000000000000110E+0	82.337791930413857E+0	158.608989428617260E+0
867.000000000000110E+0	148.065440319380460E+0	249.566652733822510E+0
868.000000000000110E+0	52.261833328074410E+0	86.837394235903815E+0
869.000000000000110E+0	71.954860945872269E+0	63.073632105308562E+0
870.000000000000110E+0	452.667040294295300E+0	409.715383068555300E+0
871.000000000000110E+0	330.844158006607020E+0	267.532950743504670E+0
872.000000000000110E+0	141.068979204224520E+0	124.836913556038890E+0
873.000000000000110E+0	52.544632371618647E+0	44.198787695085002E+0
874.000000000000110E+0	318.930693877315260E+0	197.144145401877580E+0
875.000000000000110E+0	588.834479018268550E+0	319.599387797848630E+0
876.000000000000110E+0	339.090943350054770E+0	179.311602514762480E+0
877.000000000000110E+0	330.607525666432820E+0	169.687591209149930E+0
878.000000000000110E+0	98.449991555636345E+0	50.380364819612517E+0
879.000000000000110E+0	256.779916099790970E+0	198.235107084684440E+0
880.000000000000110E+0	548.028615896307660E+0	488.261101248175410E+0
881.000000000000110E+0	211.005171707235970E+0	210.547530370852140E+0
882.000000000000110E+0	36.701748628177512E+0	45.573335226029414E+0
883.000000000000110E+0	124.543250146820330E+0	204.446457446880520E+0
884.000000000000110E+0	151.808230620269140E+0	274.577405889663050E+0
885.000000000000110E+0	114.837729703068050E+0	231.246368416583040E+0
886.000000000000110E+0	73.894461569385044E+0	168.886645820643710E+0
887.000000000000110E+0	27.618239413808084E+0	70.931427927517660E+0
888.000000000000110E+0	46.527559750970049E+0	170.215741986697110E+0
889.000000000000110E+0	79.223568086679279E+0	373.173337378059270E+0
890.000000000000110E+0	44.469405794741526E+0	246.801779435639590E+0
891.000000000000110E+0	12.933130649534965E+0	89.039487243322611E+0
892.000000000000110E+0	16.709486626117943E+0	73.742655140609429E+0
893.000000000000110E+0	67.141784428874388E+0	406.123030174838850E+0
894.000000000000110E+0	34.211054539702232E+0	216.512409698119800E+0
895.000000000000110E+0	14.040030755284135E+0	107.263467369257270E+0
896.000000000000110E+0	11.637339525036634E+0	116.398577728822990E+0
897.000000000000110E+0	4.305055226487372E+0	54.163993491969201E+0
898.000000000000110E+0	20.778405655506379E+0	287.760875696098650E+0
899.000000000000110E+0	19.856089633246711E+0	326.874727310432040E+0
900.000000000000110E+0	4.074054694839647E+0	94.531197905053233E+0
901.000000000000110E+0	5.737562982598476E+0	31.744280685469420E+0
902.000000000000110E+0	20.932657710346273E+0	199.842349373438280E+0
903.000000000000110E+0	24.521530854278119E+0	269.200867537339660E+0
904.000000000000110E+0	11.630020603312314E+0	135.983599971895420E+0
905.000000000000110E+0	2.521806417396041E+0	55.940490912673297E+0
906.000000000000110E+0	2.374086110659446E+0	73.735238856298935E+0
907.000000000000110E+0	3.548028194119456E+0	127.822883984661910E+0
908.000000000000110E+0	8.462218343186120E+0	232.346377135452120E+0
909.000000000000110E+0	7.841720774879701E+0	204.844427555129810E+0
910.000000000000110E+0	1.580219068374949E+0	35.546284050537622E+0
911.000000000000110E+0	9.924574882085414E+0	111.585849394576410E+0
912.000000000000110E+0	23.643283013704920E+0	413.054720344513380E+0
913.000000000000110E+0	10.021816072806349E+0	175.097246475390250E+0
914.000000000000110E+0	2.524734742384717E+0	77.028542136301453E+0
915.000000000000110E+0	918.107761800758700E-3	90.608390699639372E+0
916.000000000000110E+0	924.926950423023640E-3	99.687904842704100E+0
917.000000000000110E+0	3.680456331004349E+0	297.915008090097390E+0
918.000000000000110E+0	4.014482586120940E+0	223.182900191099090E+0
919.000000000000110E+0	2.837631705283314E+0	124.995950636169300E+0
920.000000000000110E+0	1.922210088938953E+0	29.377418784058200E+0
921.000000000000110E+0	5.466102033338119E+0	302.644183571708540E+0
922.000000000000110E+0	6.955033780460489E+0	383.184564059521680E+0
923.000000000000110E+0	3.212068580746316E+0	150.847822939583120E+0
924.000000000000110E+0	301.052945575646660E-3	67.746085083463242E+0
925.000000000000110E+0	167.210263583237710E-3	180.585952807085250E+0
926.000000000000110E+0	900.327666311182770E-3	212.245845528145710E+0
927.000000000000110E+0	3.315201459564553E+0	300.492889574086860E+0
928.000000000000110E+0	3.350008941043787E+0	249.775671070577940E+0
929.000000000000110E+0	1.698759454194015E+0	36.037619329602286E+0
930.000000000000110E+0	7.926030708750322E+0	269.038904969719280E+0
931.000000000000110E+0	10.906218796178956E+0	463.812065592333510E+0
932.000000000000110E+0	4.286665024674038E+0	223.287715714955820E+0
933.000000000000110E+0	534.322506665840250E-3	97.662753500596551E+0
934.000000000000110E+0	168.943370046161750E-3	129.816777684542840E+0
935.000000000000110E+0	627.386360071786280E-3	322.552556661349740E+0
936.000000000000110E+0	794.290369812956640E-3	325.737506624151710E+0
937.000000000000110E+0	1.581676939750253E+0	203.458988798953950E+0
938.000000000000110E+0	1.940277426228258E+0	143.421228859424020E+0
939.000000000000110E+0	1.685753724504622E+0	84.024253345412049E+0
940.000000000000110E+0	7.274151440161939E+0	538.114158572256540E+0
941.000000000000110E+0	6.445586453125998E+0	401.471675769068840E+0
942.000000000000110E+0	1.660002894603207E+0	73.245792057048760E+0
943.000000000000110E+0	584.940185133831390E-3	134.273253973937640E+0
944.000000000000110E+0	1.033341597824802E+0	319.214982091978410E+0
945.000000000000110E+0	818.618017551451910E-3	252.361802352495200E+0
946.000000000000110E+0	753.734249140516900E-3	259.567138542594080E+0
947.000000000000110E+0	296.163330597824900E-3	138.005045349832760E+0
948.000000000000110E+0	521.883161134106710E-3	87.886456498065641E+0
949.000000000000110E+0	1.623801967576637E+0	345.305374558603150E+0
950.000000000000110E+0	1.845683619180224E+0	370.882003831774280E+0
951.000000000000110E+0	1.007464913339452E+0	194.872470633049890E+0
952.000000000000110E+0	160.284180249441440E-3	34.224010044771369E+0
953.000000000000110E+0	1.055574315350421E+0	264.479832734846580E+0
954.000000000000110E+0	1.368841567006451E+0	377.804063924783920E+0
955.000000000000110E+0	578.676866733696230E-3	144.339188821270060E+0
956.000000000000110E+0	692.708869937426420E-3	150.307200086708150E+0
957.000000000000110E+0	288.289715508688590E-3	83.635042815891467E+0
958.000000000000110E+0	814.188497736581420E-3	176.996154040411820E+0
959.000000000000110E+0	1.705252547957486E+0	472.683688436935540E+0
960.000000000000110E+0	561.618404783016390E-3	177.534951041258950E+0
961.000000000000110E+0	82.453526163344476E-3	27.073019807136653E+0
962.000000000000110E+0	352.971071106704670E-3	161.385954277652130E+0
963.000000000000110E+0	630.216020643212580E-3	285.398075246613300E+0
964.000000000000110E+0	661.102133458392190E-3	241.594361751583560E+0
965.000000000000110E+0	159.938889954648190E-3	79.077852409014682E+0
966.000000000000110E+0	128.366759151312680E-3	70.787939862378593E+0
967.000000000000110E+0	265.717124915877730E-3	114.632302837148960E+0
968.000000000000110E+0	422.042617222647630E-3	220.985525806143810E+0
969.000000000000110E+0	485.526741169902350E-3	240.305652230684020E+0
970.000000000000110E+0	331.466842198866350E-3	83.961609764633366E+0
971.000000000000110E+0	54.614205990170285E-3	37.453738474086762E+0
972.000000000000110E+0	1.198066674529227E+0	381.884637666873120E+0
973.000000000000110E+0	1.199460969731394E+0	223.559614838612050E+0
974.000000000000110E+0	267.571131003643160E-3	57.570881899073740E+0
975.000000000000110E+0	308.080374635201330E-3	60.663507770969133E+0
976.000000000000110E+0	186.945969379949870E-3	43.799277825485028E+0
977.000000000000110E+0	1.138598352370545E+0	176.335664481331350E+0
978.000000000000110E+0	2.550381061497929E+0	225.648093153587300E+0
979.000000000000110E+0	1.060018225540176E+0	75.062840955658800E+0
980.000000000000110E+0	87.842114299696988E-3	10.641952274354107E+0
981.000000000000110E+0	3.200192363355968E+0	116.375751211593870E+0
982.000000000000110E+0	8.692115516819442E+0	275.278081854829680E+0
983.000000000000110E+0	5.573554329215410E+0	130.559038733571900E+0
984.000000000000110E+0	46.666370035869716E-3	6.272486688112481E+0
985.000000000000110E+0	1.973983499325310E+0	64.004210949143456E+0
986.000000000000110E+0	3.692102648179147E+0	84.973898456151389E+0
987.000000000000110E+0	8.488212083062269E+0	126.694397405864240E+0
988.000000000000110E+0	16.304705649323463E+0	164.957074580640010E+0
989.000000000000110E+0	4.302274660537440E+0	24.263088991201126E+0
990.000000000000110E+0	3.769161608914635E+0	53.943020018305013E+0
991.000000000000110E+0	24.002123442068580E+0	262.352555425680290E+0
992.000000000000110E+0	10.824169542319382E+0	112.377239640728060E+0
993.000000000000110E+0	1.617954106172897E+0	21.596401151149287E+0
994.000000000000110E+0	862.471772053114430E-3	10.198463653598656E+0
995.000000000000110E+0	3.946059393006153E+0	73.637426991154371E+0
996.000000000000110E+0	6.308722474904151E+0	137.033701984047550E+0
997.000000000000110E+0	2.063467798620498E+0	53.094006395907151E+0
998.000000000000110E+0	2.576558081453433E+0	54.689468195291923E+0
999.000000000000110E+0	62.816532840937231E-3	2.270638559835830E+0
1.000000000000000E+3	6.418980641455465E+0	137.879919884031410E+0
