Freq (Hz)	Coh_accelerometre /source
source
source
10.000000000000018E+0	980.253942320028380E-3
11.000000000000020E+0	985.098516059435990E-3
12.000000000000021E+0	972.765692866263020E-3
13.000000000000023E+0	753.913701102643110E-3
14.000000000000025E+0	995.842409052012160E-3
15.000000000000027E+0	994.538260345316890E-3
16.000000000000028E+0	991.238017367402360E-3
17.000000000000028E+0	996.879422183621580E-3
18.000000000000028E+0	999.091916075047440E-3
19.000000000000028E+0	999.143492447469470E-3
20.000000000000028E+0	998.902823790758450E-3
21.000000000000028E+0	999.376113161223320E-3
22.000000000000028E+0	999.649884352692420E-3
23.000000000000028E+0	999.659580645144710E-3
24.000000000000028E+0	999.871149924807080E-3
25.000000000000028E+0	999.915935078915850E-3
26.000000000000028E+0	999.977157678693440E-3
27.000000000000028E+0	999.794495819638420E-3
28.000000000000028E+0	999.856637164652230E-3
29.000000000000028E+0	999.718250388490710E-3
30.000000000000028E+0	999.496770819058520E-3
31.000000000000028E+0	999.703776489568870E-3
32.000000000000028E+0	999.929089282657000E-3
33.000000000000028E+0	999.847657731682490E-3
34.000000000000028E+0	999.794597646938680E-3
35.000000000000028E+0	999.808684863676470E-3
36.000000000000028E+0	999.945614143224800E-3
37.000000000000028E+0	999.933635481372480E-3
38.000000000000028E+0	999.897521053757840E-3
39.000000000000028E+0	999.845759032799150E-3
40.000000000000028E+0	999.936055189607490E-3
41.000000000000028E+0	999.985879277607620E-3
42.000000000000028E+0	999.971983761684170E-3
43.000000000000028E+0	999.821010544158510E-3
44.000000000000028E+0	999.347222635333600E-3
45.000000000000028E+0	999.889287474695410E-3
46.000000000000028E+0	999.933884633587570E-3
47.000000000000028E+0	999.948860789365180E-3
48.000000000000028E+0	999.730313776778340E-3
49.000000000000028E+0	999.721200998733630E-3
50.000000000000028E+0	999.916189430335670E-3
51.000000000000028E+0	999.988029561982960E-3
52.000000000000028E+0	999.966434418060550E-3
53.000000000000028E+0	999.947584916728530E-3
54.000000000000028E+0	999.937452762875160E-3
55.000000000000028E+0	999.968743634468750E-3
56.000000000000028E+0	999.970418086597590E-3
57.000000000000028E+0	999.935366794855840E-3
58.000000000000028E+0	999.403135767116370E-3
59.000000000000028E+0	999.957255188315690E-3
60.000000000000028E+0	999.988931254616630E-3
61.000000000000028E+0	999.984275036390980E-3
62.000000000000028E+0	999.956050121148520E-3
63.000000000000028E+0	999.983887786333290E-3
64.000000000000028E+0	999.991857223679000E-3
65.000000000000028E+0	999.990281798441180E-3
66.000000000000028E+0	999.990180966419560E-3
67.000000000000028E+0	999.975832322979930E-3
68.000000000000028E+0	999.964203824337040E-3
69.000000000000028E+0	999.989409167741930E-3
70.000000000000028E+0	999.975152351941010E-3
71.000000000000028E+0	999.942476289271910E-3
72.000000000000028E+0	999.920205978333200E-3
73.000000000000028E+0	999.972608644672630E-3
74.000000000000028E+0	999.958047968574680E-3
75.000000000000028E+0	999.952852358450770E-3
76.000000000000028E+0	999.976381808022400E-3
77.000000000000028E+0	999.941622312031650E-3
78.000000000000028E+0	999.967757817531440E-3
79.000000000000028E+0	999.984119027572340E-3
80.000000000000028E+0	999.964958606339490E-3
81.000000000000028E+0	999.951024856946980E-3
82.000000000000028E+0	999.975425366724230E-3
83.000000000000028E+0	999.969825596516370E-3
84.000000000000028E+0	999.952835171948880E-3
85.000000000000028E+0	999.908071223913120E-3
86.000000000000028E+0	999.827364706768140E-3
87.000000000000028E+0	999.898866535004480E-3
88.000000000000028E+0	999.972463804860270E-3
89.000000000000028E+0	999.964608412667650E-3
90.000000000000028E+0	981.839274197138790E-3
91.000000000000028E+0	999.886867640320090E-3
92.000000000000028E+0	999.916215160316810E-3
93.000000000000028E+0	999.822931251771350E-3
94.000000000000028E+0	999.878242969721940E-3
95.000000000000028E+0	999.725839597592760E-3
96.000000000000028E+0	999.637122578218910E-3
97.000000000000028E+0	999.890648980786940E-3
98.000000000000028E+0	999.868829427521870E-3
99.000000000000028E+0	999.760348638215280E-3
100.000000000000030E+0	998.878578385620220E-3
101.000000000000030E+0	999.901525336513550E-3
102.000000000000030E+0	999.942439820201370E-3
103.000000000000030E+0	999.676468732079270E-3
104.000000000000030E+0	999.871643404275030E-3
105.000000000000030E+0	999.552427220224640E-3
106.000000000000030E+0	999.815142251071930E-3
107.000000000000030E+0	999.953627987916980E-3
108.000000000000030E+0	999.920073017590120E-3
109.000000000000030E+0	998.408918709590590E-3
110.000000000000030E+0	999.839268450592570E-3
111.000000000000030E+0	999.910631007139170E-3
112.000000000000030E+0	999.771464264799350E-3
113.000000000000030E+0	999.477931093027180E-3
114.000000000000030E+0	985.568692465980440E-3
115.000000000000030E+0	999.551318211713500E-3
116.000000000000030E+0	999.704358439446380E-3
117.000000000000030E+0	999.791253366171250E-3
118.000000000000030E+0	999.854437230517700E-3
119.000000000000030E+0	998.747592843142960E-3
120.000000000000030E+0	999.958405288711270E-3
121.000000000000030E+0	999.958615819972920E-3
122.000000000000030E+0	999.847266368473210E-3
123.000000000000030E+0	999.938287183494760E-3
124.000000000000030E+0	999.921297338428050E-3
125.000000000000030E+0	999.960369034224470E-3
126.000000000000030E+0	999.952406628396350E-3
127.000000000000030E+0	999.917502732762360E-3
128.000000000000030E+0	999.766440747870130E-3
129.000000000000030E+0	999.933072201481640E-3
130.000000000000030E+0	999.939284703673330E-3
131.000000000000030E+0	999.945767106870330E-3
132.000000000000030E+0	999.885743637937810E-3
133.000000000000030E+0	999.965558411677780E-3
134.000000000000030E+0	999.920489715177440E-3
135.000000000000030E+0	999.849726438897470E-3
136.000000000000030E+0	999.933330042761190E-3
137.000000000000030E+0	999.577965931108480E-3
138.000000000000030E+0	999.789130059816070E-3
139.000000000000030E+0	999.896472385537360E-3
140.000000000000030E+0	999.791546178958270E-3
141.000000000000030E+0	999.564189397300070E-3
142.000000000000030E+0	999.224533054485110E-3
143.000000000000030E+0	999.526934714926930E-3
144.000000000000030E+0	999.661170236140760E-3
145.000000000000030E+0	999.665192304148300E-3
146.000000000000030E+0	999.708536074659810E-3
147.000000000000030E+0	999.065915291983960E-3
148.000000000000030E+0	999.824442786536150E-3
149.000000000000030E+0	999.863646555979030E-3
150.000000000000030E+0	999.550917930002610E-3
151.000000000000030E+0	998.060245957940850E-3
152.000000000000030E+0	999.620971111666030E-3
153.000000000000030E+0	999.585317125385230E-3
154.000000000000030E+0	999.525637570739420E-3
155.000000000000030E+0	999.747598105170780E-3
156.000000000000030E+0	999.228733477733670E-3
157.000000000000030E+0	999.762811762645030E-3
158.000000000000030E+0	999.757076154389690E-3
159.000000000000030E+0	999.537691882046660E-3
160.000000000000030E+0	999.016498727345550E-3
161.000000000000030E+0	999.255053554896850E-3
162.000000000000030E+0	999.702683936126270E-3
163.000000000000030E+0	999.223799656310920E-3
164.000000000000030E+0	998.842746290420580E-3
165.000000000000030E+0	999.323356006508900E-3
166.000000000000030E+0	999.206784059303520E-3
167.000000000000030E+0	999.857577590972490E-3
168.000000000000030E+0	999.752714438325700E-3
169.000000000000030E+0	998.439622111474080E-3
170.000000000000030E+0	998.373982831796240E-3
171.000000000000030E+0	999.558184081282390E-3
172.000000000000030E+0	999.549613227916470E-3
173.000000000000030E+0	999.178811391433720E-3
174.000000000000030E+0	998.953615615341350E-3
175.000000000000030E+0	999.346898398875690E-3
176.000000000000030E+0	999.713815663450080E-3
177.000000000000030E+0	999.584205949714200E-3
178.000000000000030E+0	999.470525554739250E-3
179.000000000000030E+0	993.178287449846370E-3
180.000000000000030E+0	998.541388781080450E-3
181.000000000000030E+0	999.243764515328040E-3
182.000000000000030E+0	997.956297335209850E-3
183.000000000000030E+0	999.105102090491530E-3
184.000000000000030E+0	999.190384284127430E-3
185.000000000000030E+0	999.357780359762300E-3
186.000000000000030E+0	999.520626723979900E-3
187.000000000000030E+0	999.384345556523330E-3
188.000000000000030E+0	998.426468315393830E-3
189.000000000000030E+0	999.015136306219740E-3
190.000000000000030E+0	999.688584029093330E-3
191.000000000000030E+0	999.792052343716930E-3
192.000000000000030E+0	999.595192737143700E-3
193.000000000000030E+0	999.206757853269960E-3
194.000000000000030E+0	999.595146917356180E-3
195.000000000000030E+0	999.642113270609480E-3
196.000000000000030E+0	999.726971635154670E-3
197.000000000000030E+0	999.673201419892130E-3
198.000000000000030E+0	998.294091350179990E-3
199.000000000000030E+0	999.721225516886690E-3
200.000000000000030E+0	999.659803157388450E-3
201.000000000000030E+0	999.052980900014150E-3
202.000000000000030E+0	999.027117911894250E-3
203.000000000000030E+0	999.061146521010520E-3
204.000000000000030E+0	999.607956752267100E-3
205.000000000000030E+0	999.354836762010310E-3
206.000000000000030E+0	999.213888041458500E-3
207.000000000000030E+0	998.454894373197120E-3
208.000000000000030E+0	998.786277944891940E-3
209.000000000000030E+0	999.562413990962130E-3
210.000000000000030E+0	999.412578798390290E-3
211.000000000000030E+0	997.767589828511880E-3
212.000000000000030E+0	999.211139593100040E-3
213.000000000000030E+0	999.214366172643480E-3
214.000000000000030E+0	998.292700579388900E-3
215.000000000000030E+0	998.285701336337980E-3
216.000000000000030E+0	996.818882611710250E-3
217.000000000000030E+0	996.141306335184160E-3
218.000000000000030E+0	998.962958568322070E-3
219.000000000000030E+0	998.688931499872590E-3
220.000000000000030E+0	997.556067752534910E-3
221.000000000000030E+0	996.575083430366710E-3
222.000000000000030E+0	999.161543143561980E-3
223.000000000000030E+0	999.368380396478910E-3
224.000000000000030E+0	997.212390495419650E-3
225.000000000000030E+0	998.089266984467760E-3
226.000000000000030E+0	996.147889426943880E-3
227.000000000000030E+0	998.001291078111200E-3
228.000000000000030E+0	998.951993316304350E-3
229.000000000000030E+0	997.956158801271200E-3
230.000000000000030E+0	994.917656757708490E-3
231.000000000000030E+0	998.761086778825910E-3
232.000000000000030E+0	998.755882164624740E-3
233.000000000000030E+0	997.548469584933040E-3
234.000000000000030E+0	998.163391925110940E-3
235.000000000000030E+0	997.507836157623840E-3
236.000000000000030E+0	999.029799389836270E-3
237.000000000000030E+0	999.583567887534770E-3
238.000000000000030E+0	999.736325504979150E-3
239.000000000000030E+0	999.141719076179100E-3
240.000000000000030E+0	998.432350921645950E-3
241.000000000000030E+0	999.545657909673530E-3
242.000000000000030E+0	999.032549817393530E-3
243.000000000000030E+0	997.856249964636510E-3
244.000000000000030E+0	999.283267024063780E-3
245.000000000000030E+0	998.595940451407320E-3
246.000000000000030E+0	999.553093487896120E-3
247.000000000000030E+0	999.332404282791460E-3
248.000000000000030E+0	998.292931737600360E-3
249.000000000000030E+0	996.293640420113260E-3
250.000000000000030E+0	998.472223334082700E-3
251.000000000000030E+0	999.203334394193510E-3
252.000000000000030E+0	998.405294565495650E-3
253.000000000000030E+0	998.274223820942110E-3
254.000000000000030E+0	998.522182617066710E-3
255.000000000000030E+0	998.781781182004340E-3
256.000000000000060E+0	999.104934685669960E-3
257.000000000000060E+0	999.305329967088650E-3
258.000000000000060E+0	998.211962223212180E-3
259.000000000000060E+0	998.962274750425200E-3
260.000000000000060E+0	999.530203259666240E-3
261.000000000000060E+0	998.325619512500650E-3
262.000000000000060E+0	997.702732798858900E-3
263.000000000000060E+0	997.938488331423180E-3
264.000000000000060E+0	998.677661250291890E-3
265.000000000000060E+0	999.122698664388850E-3
266.000000000000060E+0	999.299438798078920E-3
267.000000000000060E+0	999.465809570110440E-3
268.000000000000060E+0	998.158048132470440E-3
269.000000000000060E+0	999.422046659541600E-3
270.000000000000060E+0	999.583453707846960E-3
271.000000000000060E+0	998.382185213885660E-3
272.000000000000060E+0	999.162367385532990E-3
273.000000000000060E+0	999.499757974501860E-3
274.000000000000060E+0	999.630243276091730E-3
275.000000000000060E+0	999.508153066939300E-3
276.000000000000060E+0	999.425841467807880E-3
277.000000000000060E+0	997.212592644142750E-3
278.000000000000060E+0	999.128916115404440E-3
279.000000000000060E+0	999.388050661569330E-3
280.000000000000060E+0	999.152872274157720E-3
281.000000000000060E+0	998.581582641972280E-3
282.000000000000060E+0	998.760061547826590E-3
283.000000000000060E+0	999.463112419728070E-3
284.000000000000060E+0	998.288328866628880E-3
285.000000000000060E+0	998.642309965633970E-3
286.000000000000060E+0	999.283445154452330E-3
287.000000000000060E+0	998.451944468251580E-3
288.000000000000060E+0	999.563301295965380E-3
289.000000000000060E+0	999.364315566376950E-3
290.000000000000060E+0	998.018280076069410E-3
291.000000000000060E+0	998.554599859864170E-3
292.000000000000060E+0	999.224542274261720E-3
293.000000000000060E+0	999.170106781438140E-3
294.000000000000060E+0	999.076078898051830E-3
295.000000000000060E+0	999.027515439877780E-3
296.000000000000060E+0	998.611353592228520E-3
297.000000000000060E+0	998.722768850794920E-3
298.000000000000060E+0	999.256534915103360E-3
299.000000000000060E+0	999.041805839960830E-3
300.000000000000060E+0	997.056990186526490E-3
301.000000000000060E+0	998.811852967432580E-3
302.000000000000060E+0	999.321324761645810E-3
303.000000000000060E+0	998.050502784105450E-3
304.000000000000060E+0	999.475358162976060E-3
305.000000000000060E+0	998.989921455011530E-3
306.000000000000060E+0	998.261664559323640E-3
307.000000000000060E+0	998.895752160420920E-3
308.000000000000060E+0	998.690070404209100E-3
309.000000000000060E+0	998.557485408235410E-3
310.000000000000060E+0	999.079461698526680E-3
311.000000000000060E+0	999.561428386562700E-3
312.000000000000060E+0	999.389892696995070E-3
313.000000000000060E+0	998.333795064710760E-3
314.000000000000060E+0	998.837645926075050E-3
315.000000000000060E+0	998.899805088479420E-3
316.000000000000060E+0	998.782210452447970E-3
317.000000000000060E+0	999.403124859877150E-3
318.000000000000060E+0	999.014736773492620E-3
319.000000000000060E+0	997.172817930152220E-3
320.000000000000060E+0	999.592698575173410E-3
321.000000000000060E+0	999.566518136755340E-3
322.000000000000060E+0	998.610487182612250E-3
323.000000000000060E+0	998.774830255288010E-3
324.000000000000060E+0	998.143319929656320E-3
325.000000000000060E+0	999.253683252855910E-3
326.000000000000060E+0	999.643437119203670E-3
327.000000000000060E+0	999.884325240650300E-3
328.000000000000060E+0	999.684868595384080E-3
329.000000000000060E+0	999.131618279634040E-3
330.000000000000060E+0	999.732342714877540E-3
331.000000000000060E+0	999.487692892995330E-3
332.000000000000060E+0	999.053537451924040E-3
333.000000000000060E+0	999.420322937327080E-3
334.000000000000060E+0	999.617191735186150E-3
335.000000000000060E+0	999.485468995750750E-3
336.000000000000060E+0	999.530460996608690E-3
337.000000000000060E+0	998.965222894165010E-3
338.000000000000060E+0	998.552336237953250E-3
339.000000000000060E+0	999.598215917868460E-3
340.000000000000060E+0	999.618768457563810E-3
341.000000000000060E+0	999.378241127944710E-3
342.000000000000060E+0	998.550393742150490E-3
343.000000000000060E+0	999.451036670621850E-3
344.000000000000060E+0	999.822232348880790E-3
345.000000000000060E+0	999.766519222049510E-3
346.000000000000060E+0	999.760713540520320E-3
347.000000000000060E+0	999.176720744181400E-3
348.000000000000060E+0	999.217659534033850E-3
349.000000000000060E+0	999.672505603701020E-3
350.000000000000060E+0	999.168940488798670E-3
351.000000000000060E+0	997.966616954485630E-3
352.000000000000060E+0	998.662432165828620E-3
353.000000000000060E+0	999.159690106341650E-3
354.000000000000060E+0	999.247817329818270E-3
355.000000000000060E+0	998.902411529788760E-3
356.000000000000060E+0	998.625035125372370E-3
357.000000000000060E+0	999.030902488340920E-3
358.000000000000060E+0	999.421198561096790E-3
359.000000000000060E+0	999.512713880093660E-3
360.000000000000060E+0	999.318164608175350E-3
361.000000000000060E+0	998.623885961462120E-3
362.000000000000060E+0	999.807511107688620E-3
363.000000000000060E+0	999.682934469752320E-3
364.000000000000060E+0	999.335066551687800E-3
365.000000000000060E+0	999.213576922485020E-3
366.000000000000060E+0	998.846230134189270E-3
367.000000000000060E+0	999.581325223121040E-3
368.000000000000060E+0	999.667450088597700E-3
369.000000000000060E+0	999.029856519864980E-3
370.000000000000060E+0	999.308600610520290E-3
371.000000000000060E+0	999.626126323164390E-3
372.000000000000060E+0	999.733156985974760E-3
373.000000000000060E+0	999.583691792648940E-3
374.000000000000060E+0	999.351578798530760E-3
375.000000000000060E+0	999.397874962080770E-3
376.000000000000060E+0	999.444024379295030E-3
377.000000000000060E+0	999.405059875060560E-3
378.000000000000060E+0	999.478709908676820E-3
379.000000000000060E+0	998.810420578915110E-3
380.000000000000060E+0	999.395610540544380E-3
381.000000000000060E+0	999.808304548649990E-3
382.000000000000060E+0	999.555745118210770E-3
383.000000000000060E+0	999.412072910402130E-3
384.000000000000060E+0	999.334090401673650E-3
385.000000000000060E+0	999.628766335403650E-3
386.000000000000060E+0	999.743301739162590E-3
387.000000000000060E+0	999.525603422508850E-3
388.000000000000060E+0	999.341832096587560E-3
389.000000000000060E+0	998.451150942338270E-3
390.000000000000060E+0	999.680436434731810E-3
391.000000000000060E+0	999.731726314792570E-3
392.000000000000060E+0	999.040235577936970E-3
393.000000000000060E+0	998.483372876932890E-3
394.000000000000060E+0	999.435285770550070E-3
395.000000000000060E+0	999.444029515528240E-3
396.000000000000060E+0	999.782527119145610E-3
397.000000000000060E+0	999.540362626174290E-3
398.000000000000060E+0	998.796692637739510E-3
399.000000000000060E+0	999.596246226069020E-3
400.000000000000060E+0	999.761929094560300E-3
401.000000000000060E+0	999.581783773303530E-3
402.000000000000060E+0	999.173961341968560E-3
403.000000000000060E+0	998.997454149931130E-3
404.000000000000060E+0	999.755409319877050E-3
405.000000000000060E+0	999.492560712112340E-3
406.000000000000060E+0	999.442261476529370E-3
407.000000000000060E+0	999.518934422628400E-3
408.000000000000060E+0	999.284044337994230E-3
409.000000000000060E+0	999.746055701824950E-3
410.000000000000060E+0	999.553407735783050E-3
411.000000000000060E+0	998.598821872704210E-3
412.000000000000060E+0	998.694467605403590E-3
413.000000000000060E+0	999.352730627386720E-3
414.000000000000060E+0	999.347982077197880E-3
415.000000000000060E+0	999.083463822597490E-3
416.000000000000060E+0	998.781472421140570E-3
417.000000000000060E+0	999.302017488042260E-3
418.000000000000060E+0	999.451962169607970E-3
419.000000000000060E+0	999.341382016467830E-3
420.000000000000060E+0	999.362389710525380E-3
421.000000000000060E+0	997.770167123188440E-3
422.000000000000060E+0	999.418156203646820E-3
423.000000000000060E+0	999.588352067261040E-3
424.000000000000060E+0	999.189258384909790E-3
425.000000000000060E+0	999.346558597006270E-3
426.000000000000060E+0	998.494718232217140E-3
427.000000000000060E+0	999.067305580194520E-3
428.000000000000060E+0	999.635367181111900E-3
429.000000000000060E+0	999.408302505627620E-3
430.000000000000060E+0	999.358048135003400E-3
431.000000000000060E+0	998.590570893620350E-3
432.000000000000060E+0	999.409746091245550E-3
433.000000000000060E+0	999.387506139510770E-3
434.000000000000060E+0	998.580939038992250E-3
435.000000000000060E+0	998.551349230552000E-3
436.000000000000060E+0	999.507796135256750E-3
437.000000000000060E+0	999.566853942367990E-3
438.000000000000060E+0	999.666175962068530E-3
439.000000000000060E+0	999.615722720432750E-3
440.000000000000060E+0	996.881126363225570E-3
441.000000000000060E+0	999.660861701742950E-3
442.000000000000060E+0	999.644759461873810E-3
443.000000000000060E+0	999.519330616158270E-3
444.000000000000060E+0	999.410254056812720E-3
445.000000000000060E+0	998.174928289483950E-3
446.000000000000060E+0	999.150503883231570E-3
447.000000000000060E+0	999.301362282568160E-3
448.000000000000060E+0	999.178629963570320E-3
449.000000000000060E+0	998.849666490929100E-3
450.000000000000060E+0	999.023786334860330E-3
451.000000000000060E+0	999.767918576267680E-3
452.000000000000060E+0	999.692486808221310E-3
453.000000000000060E+0	999.007981576939820E-3
454.000000000000060E+0	998.871110770103380E-3
455.000000000000060E+0	998.736585011495980E-3
456.000000000000060E+0	999.163068741922730E-3
457.000000000000060E+0	999.224208575672840E-3
458.000000000000060E+0	998.270054515384970E-3
459.000000000000060E+0	996.628798165098970E-3
460.000000000000060E+0	999.397073362770840E-3
461.000000000000060E+0	999.321834543112850E-3
462.000000000000060E+0	999.396444211487100E-3
463.000000000000060E+0	998.668595224079140E-3
464.000000000000060E+0	999.383970503867180E-3
465.000000000000060E+0	999.560605662402570E-3
466.000000000000060E+0	999.326648052937800E-3
467.000000000000060E+0	999.391089475233250E-3
468.000000000000060E+0	998.516886304685820E-3
469.000000000000060E+0	999.418509192733890E-3
470.000000000000060E+0	999.788922452988890E-3
471.000000000000060E+0	999.291350247373810E-3
472.000000000000060E+0	998.539314661724190E-3
473.000000000000060E+0	999.536662912414280E-3
474.000000000000060E+0	999.832016970045870E-3
475.000000000000060E+0	999.710140908643190E-3
476.000000000000060E+0	999.281918697105480E-3
477.000000000000060E+0	998.525637404931720E-3
478.000000000000060E+0	999.191157391995930E-3
479.000000000000060E+0	999.776008464741460E-3
480.000000000000060E+0	999.631986279199470E-3
481.000000000000060E+0	999.321254372119940E-3
482.000000000000060E+0	998.883394913386510E-3
483.000000000000060E+0	999.536196651164780E-3
484.000000000000060E+0	999.435968831992820E-3
485.000000000000060E+0	999.364918573678150E-3
486.000000000000060E+0	999.464755015178840E-3
487.000000000000060E+0	998.300151558045410E-3
488.000000000000060E+0	999.617836875538400E-3
489.000000000000060E+0	999.556728504310760E-3
490.000000000000060E+0	999.176298849236980E-3
491.000000000000060E+0	998.810972924508600E-3
492.000000000000060E+0	999.511010630252270E-3
493.000000000000060E+0	999.653717585559760E-3
494.000000000000060E+0	999.464581843635730E-3
495.000000000000060E+0	999.081604542261690E-3
496.000000000000060E+0	999.047677893735720E-3
497.000000000000060E+0	999.053763146788730E-3
498.000000000000060E+0	999.533370877650710E-3
499.000000000000060E+0	999.356126233207240E-3
500.000000000000060E+0	997.932772686690450E-3
501.000000000000060E+0	999.198203981550130E-3
502.000000000000060E+0	999.819328606331710E-3
503.000000000000060E+0	999.496515926480810E-3
504.000000000000060E+0	998.675603204033040E-3
505.000000000000060E+0	998.298364669742200E-3
506.000000000000060E+0	998.142369003762630E-3
507.000000000000060E+0	999.329749028466720E-3
508.000000000000060E+0	998.843595849088330E-3
509.000000000000060E+0	998.519933051720040E-3
510.000000000000060E+0	996.877229163991020E-3
511.000000000000060E+0	999.603122055796380E-3
512.000000000000110E+0	999.728091456307480E-3
513.000000000000110E+0	999.164304407983540E-3
514.000000000000110E+0	998.715095189928510E-3
515.000000000000110E+0	998.990252034299920E-3
516.000000000000110E+0	999.288471000770890E-3
517.000000000000110E+0	999.546992556062500E-3
518.000000000000110E+0	999.352911065674590E-3
519.000000000000110E+0	997.011708931789920E-3
520.000000000000110E+0	999.479733980792590E-3
521.000000000000110E+0	999.560335194112690E-3
522.000000000000110E+0	999.303927112545120E-3
523.000000000000110E+0	998.498094810706060E-3
524.000000000000110E+0	998.686699802523890E-3
525.000000000000110E+0	999.525545501608880E-3
526.000000000000110E+0	999.575950642125340E-3
527.000000000000110E+0	999.349186352370800E-3
528.000000000000110E+0	999.120762508212690E-3
529.000000000000110E+0	998.391847447365640E-3
530.000000000000110E+0	999.810953750525870E-3
531.000000000000110E+0	999.720153011946170E-3
532.000000000000110E+0	998.149242333922550E-3
533.000000000000110E+0	998.669238288581890E-3
534.000000000000110E+0	998.858109286415940E-3
535.000000000000110E+0	999.272191557210250E-3
536.000000000000110E+0	999.317460800654640E-3
537.000000000000110E+0	999.163622904580830E-3
538.000000000000110E+0	998.873997950879280E-3
539.000000000000110E+0	999.765538546258710E-3
540.000000000000110E+0	999.785662542926890E-3
541.000000000000110E+0	999.563349883555110E-3
542.000000000000110E+0	998.013289631095150E-3
543.000000000000110E+0	999.321298338828430E-3
544.000000000000110E+0	999.398261274920710E-3
545.000000000000110E+0	998.870147779269080E-3
546.000000000000110E+0	999.053706827272680E-3
547.000000000000110E+0	998.093164370575160E-3
548.000000000000110E+0	998.838722340364300E-3
549.000000000000110E+0	999.742374973895510E-3
550.000000000000110E+0	999.580079371748310E-3
551.000000000000110E+0	998.746616462641840E-3
552.000000000000110E+0	998.951934662047900E-3
553.000000000000110E+0	999.465695103964210E-3
554.000000000000110E+0	999.680424685334690E-3
555.000000000000110E+0	999.168164337442930E-3
556.000000000000110E+0	999.247070228548420E-3
557.000000000000110E+0	999.150245065640650E-3
558.000000000000110E+0	999.711215804359400E-3
559.000000000000110E+0	999.731022953024630E-3
560.000000000000110E+0	999.440317709156760E-3
561.000000000000110E+0	998.814902762977350E-3
562.000000000000110E+0	999.733081709291320E-3
563.000000000000110E+0	999.535209945260020E-3
564.000000000000110E+0	999.135393721939490E-3
565.000000000000110E+0	999.473273962173220E-3
566.000000000000110E+0	999.141675443644180E-3
567.000000000000110E+0	999.712824590409780E-3
568.000000000000110E+0	999.660500628565150E-3
569.000000000000110E+0	999.480416711943540E-3
570.000000000000110E+0	998.725413586973750E-3
571.000000000000110E+0	999.195135216335960E-3
572.000000000000110E+0	999.488088552983660E-3
573.000000000000110E+0	999.147911207328380E-3
574.000000000000110E+0	997.606512662528870E-3
575.000000000000110E+0	998.818103969356110E-3
576.000000000000110E+0	998.579971497726700E-3
577.000000000000110E+0	999.582370496879260E-3
578.000000000000110E+0	999.818559668467110E-3
579.000000000000110E+0	999.236040322702970E-3
580.000000000000110E+0	998.937791859156760E-3
581.000000000000110E+0	999.645605886769210E-3
582.000000000000110E+0	999.546340664507650E-3
583.000000000000110E+0	999.180955286941400E-3
584.000000000000110E+0	999.217844005354850E-3
585.000000000000110E+0	999.299153469303420E-3
586.000000000000110E+0	999.550675135694180E-3
587.000000000000110E+0	999.317905669179440E-3
588.000000000000110E+0	999.223073569999290E-3
589.000000000000110E+0	997.857531802778250E-3
590.000000000000110E+0	999.646770691402620E-3
591.000000000000110E+0	999.749355811424210E-3
592.000000000000110E+0	999.391787611939030E-3
593.000000000000110E+0	998.580101581093340E-3
594.000000000000110E+0	998.980726829729490E-3
595.000000000000110E+0	999.163868911920440E-3
596.000000000000110E+0	999.346934903253550E-3
597.000000000000110E+0	999.233770339093550E-3
598.000000000000110E+0	997.840795420738890E-3
599.000000000000110E+0	998.803505074979170E-3
600.000000000000110E+0	999.355388572113150E-3
601.000000000000110E+0	999.345839209085260E-3
602.000000000000110E+0	998.311181582028920E-3
603.000000000000110E+0	999.131205809866700E-3
604.000000000000110E+0	999.596055275409400E-3
605.000000000000110E+0	999.545246295864050E-3
606.000000000000110E+0	999.453137926854530E-3
607.000000000000110E+0	999.363836738044080E-3
608.000000000000110E+0	997.624070272547290E-3
609.000000000000110E+0	999.582966279729650E-3
610.000000000000110E+0	999.572779068152560E-3
611.000000000000110E+0	999.213738645081670E-3
612.000000000000110E+0	997.943982708761500E-3
613.000000000000110E+0	998.779995140581690E-3
614.000000000000110E+0	999.285951891449860E-3
615.000000000000110E+0	999.239024164482180E-3
616.000000000000110E+0	999.225616963408390E-3
617.000000000000110E+0	998.763412197700480E-3
618.000000000000110E+0	999.370206830432090E-3
619.000000000000110E+0	999.577742535058600E-3
620.000000000000110E+0	999.414895259006060E-3
621.000000000000110E+0	997.568802685559810E-3
622.000000000000110E+0	999.564483237435070E-3
623.000000000000110E+0	999.675385244856440E-3
624.000000000000110E+0	999.428406060029140E-3
625.000000000000110E+0	999.463766466729190E-3
626.000000000000110E+0	999.034536741293610E-3
627.000000000000110E+0	998.663111043743060E-3
628.000000000000110E+0	999.526615487776220E-3
629.000000000000110E+0	999.424412734439830E-3
630.000000000000110E+0	998.923257770185310E-3
631.000000000000110E+0	998.467474938292460E-3
632.000000000000110E+0	999.682804802496940E-3
633.000000000000110E+0	999.675009922175620E-3
634.000000000000110E+0	998.733557395368730E-3
635.000000000000110E+0	999.116626509655600E-3
636.000000000000110E+0	998.675138072840700E-3
637.000000000000110E+0	999.455331300734830E-3
638.000000000000110E+0	999.524921216424890E-3
639.000000000000110E+0	999.206965406063020E-3
640.000000000000110E+0	994.184121252464800E-3
641.000000000000110E+0	999.229881287346800E-3
642.000000000000110E+0	999.113350985603830E-3
643.000000000000110E+0	998.543797030717490E-3
644.000000000000110E+0	998.386693850802030E-3
645.000000000000110E+0	998.802131259159840E-3
646.000000000000110E+0	999.438994434930670E-3
647.000000000000110E+0	999.435855129749310E-3
648.000000000000110E+0	999.577664736585820E-3
649.000000000000110E+0	999.006333104814570E-3
650.000000000000110E+0	997.390741295100860E-3
651.000000000000110E+0	999.406405257608710E-3
652.000000000000110E+0	999.198049167935420E-3
653.000000000000110E+0	996.865931701271020E-3
654.000000000000110E+0	998.245499473782600E-3
655.000000000000110E+0	998.625256765108270E-3
656.000000000000110E+0	999.322125463662610E-3
657.000000000000110E+0	999.457307763338630E-3
658.000000000000110E+0	998.883564119325440E-3
659.000000000000110E+0	997.247364066129790E-3
660.000000000000110E+0	999.538791620402710E-3
661.000000000000110E+0	999.578903520341840E-3
662.000000000000110E+0	999.100751279090480E-3
663.000000000000110E+0	997.835200068599380E-3
664.000000000000110E+0	999.173966953371020E-3
665.000000000000110E+0	999.579396156951570E-3
666.000000000000110E+0	998.529665007151120E-3
667.000000000000110E+0	998.481099389162300E-3
668.000000000000110E+0	993.340790510131130E-3
669.000000000000110E+0	998.816511340232640E-3
670.000000000000110E+0	999.662067709243370E-3
671.000000000000110E+0	999.370771339683440E-3
672.000000000000110E+0	998.460829863225930E-3
673.000000000000110E+0	999.060598212878630E-3
674.000000000000110E+0	998.986393742332220E-3
675.000000000000110E+0	999.279805845558310E-3
676.000000000000110E+0	998.753961421075200E-3
677.000000000000110E+0	997.977311686554010E-3
678.000000000000110E+0	997.168077528952090E-3
679.000000000000110E+0	999.376405687258050E-3
680.000000000000110E+0	999.424267163859010E-3
681.000000000000110E+0	997.859861428349700E-3
682.000000000000110E+0	996.060385614782270E-3
683.000000000000110E+0	999.346623388196690E-3
684.000000000000110E+0	999.378764904135350E-3
685.000000000000110E+0	998.918878300125160E-3
686.000000000000110E+0	999.242258314828930E-3
687.000000000000110E+0	996.022877644893720E-3
688.000000000000110E+0	999.482750913394450E-3
689.000000000000110E+0	999.629214262421680E-3
690.000000000000110E+0	999.234549205355480E-3
691.000000000000110E+0	997.920959548970860E-3
692.000000000000110E+0	998.722839867304480E-3
693.000000000000110E+0	999.462314779908100E-3
694.000000000000110E+0	998.952879528247630E-3
695.000000000000110E+0	998.611285660307660E-3
696.000000000000110E+0	998.521932882977300E-3
697.000000000000110E+0	998.012750452445640E-3
698.000000000000110E+0	999.333829433622480E-3
699.000000000000110E+0	999.473691483619860E-3
700.000000000000110E+0	996.349297032364630E-3
701.000000000000110E+0	997.202237478041380E-3
702.000000000000110E+0	999.194106174071780E-3
703.000000000000110E+0	999.219325079462210E-3
704.000000000000110E+0	998.382990932560000E-3
705.000000000000110E+0	997.777597744448740E-3
706.000000000000110E+0	997.763173800202850E-3
707.000000000000110E+0	999.496345385945670E-3
708.000000000000110E+0	999.485813809353970E-3
709.000000000000110E+0	999.157254080999530E-3
710.000000000000110E+0	992.259217339321100E-3
711.000000000000110E+0	999.196305442975770E-3
712.000000000000110E+0	999.495047640328040E-3
713.000000000000110E+0	998.184454536261140E-3
714.000000000000110E+0	998.701155156739410E-3
715.000000000000110E+0	999.066453766785820E-3
716.000000000000110E+0	998.984998739699370E-3
717.000000000000110E+0	999.212038867246850E-3
718.000000000000110E+0	998.738059870258100E-3
719.000000000000110E+0	995.116967340675340E-3
720.000000000000110E+0	998.391139324632300E-3
721.000000000000110E+0	999.625309587340300E-3
722.000000000000110E+0	999.523067459348270E-3
723.000000000000110E+0	998.447946584184230E-3
724.000000000000110E+0	998.397671905768780E-3
725.000000000000110E+0	999.361040775134100E-3
726.000000000000110E+0	999.129460779981990E-3
727.000000000000110E+0	999.205224327149420E-3
728.000000000000110E+0	998.593882738880610E-3
729.000000000000110E+0	993.992455730311590E-3
730.000000000000110E+0	999.592732763300520E-3
731.000000000000110E+0	999.643766625022970E-3
732.000000000000110E+0	997.693111874128460E-3
733.000000000000110E+0	998.257313790995030E-3
734.000000000000110E+0	998.193546639588590E-3
735.000000000000110E+0	999.334791022505550E-3
736.000000000000110E+0	999.126134221880010E-3
737.000000000000110E+0	999.131783249920910E-3
738.000000000000110E+0	998.251989920305620E-3
739.000000000000110E+0	999.274415173272760E-3
740.000000000000110E+0	999.601560397455850E-3
741.000000000000110E+0	999.101204463035630E-3
742.000000000000110E+0	993.189351251824170E-3
743.000000000000110E+0	998.399869738532670E-3
744.000000000000110E+0	999.300050757234940E-3
745.000000000000110E+0	999.157167193411850E-3
746.000000000000110E+0	999.483384518271340E-3
747.000000000000110E+0	998.742057528637210E-3
748.000000000000110E+0	998.789049542008870E-3
749.000000000000110E+0	999.466666782140580E-3
750.000000000000110E+0	999.168151288134300E-3
751.000000000000110E+0	998.207729991505420E-3
752.000000000000110E+0	996.124379897651350E-3
753.000000000000110E+0	999.158776735172280E-3
754.000000000000110E+0	999.379928331608380E-3
755.000000000000110E+0	998.736542936142110E-3
756.000000000000110E+0	998.789690397804630E-3
757.000000000000110E+0	997.732752629824970E-3
758.000000000000110E+0	999.202506358040980E-3
759.000000000000110E+0	999.641624774828980E-3
760.000000000000110E+0	999.040631556998070E-3
761.000000000000110E+0	993.726467894937680E-3
762.000000000000110E+0	999.167961668618880E-3
763.000000000000110E+0	999.554035439291890E-3
764.000000000000110E+0	999.247091214566560E-3
765.000000000000110E+0	999.172107573933600E-3
766.000000000000110E+0	997.574723227423910E-3
767.000000000000110E+0	999.636946167110850E-3
768.000000000000110E+0	999.645757566553490E-3
769.000000000000110E+0	999.416343649014550E-3
770.000000000000110E+0	998.031282568953460E-3
771.000000000000110E+0	997.723100417604370E-3
772.000000000000110E+0	999.635078110988620E-3
773.000000000000110E+0	999.524762325491480E-3
774.000000000000110E+0	998.017328339516620E-3
775.000000000000110E+0	998.338768202595700E-3
776.000000000000110E+0	998.044233208914000E-3
777.000000000000110E+0	999.643999133961070E-3
778.000000000000110E+0	999.812782664188490E-3
779.000000000000110E+0	998.269486772229600E-3
780.000000000000110E+0	993.569125306438700E-3
781.000000000000110E+0	999.031617469330110E-3
782.000000000000110E+0	999.500465097143190E-3
783.000000000000110E+0	999.195132736763750E-3
784.000000000000110E+0	998.430322185109630E-3
785.000000000000110E+0	999.337430810950610E-3
786.000000000000110E+0	999.417486728187640E-3
787.000000000000110E+0	998.864334694670060E-3
788.000000000000110E+0	998.906723525277100E-3
789.000000000000110E+0	996.639094874538940E-3
790.000000000000110E+0	998.889583571523020E-3
791.000000000000110E+0	999.679465578802720E-3
792.000000000000110E+0	999.134000137179570E-3
793.000000000000110E+0	998.367850590654910E-3
794.000000000000110E+0	998.465921291354590E-3
795.000000000000110E+0	999.206254767371020E-3
796.000000000000110E+0	999.401056249959120E-3
797.000000000000110E+0	999.471265047173320E-3
798.000000000000110E+0	998.766914778014820E-3
799.000000000000110E+0	998.666586647270930E-3
800.000000000000110E+0	999.431657446556380E-3
801.000000000000110E+0	999.489669258473490E-3
802.000000000000110E+0	998.540525324800200E-3
803.000000000000110E+0	997.726720580960790E-3
804.000000000000110E+0	999.000448594180470E-3
805.000000000000110E+0	999.022913055501060E-3
806.000000000000110E+0	999.129791931618100E-3
807.000000000000110E+0	998.943959205978230E-3
808.000000000000110E+0	991.077333765720940E-3
809.000000000000110E+0	999.223545890678410E-3
810.000000000000110E+0	999.570615515072540E-3
811.000000000000110E+0	999.420546061344890E-3
812.000000000000110E+0	996.813979809466620E-3
813.000000000000110E+0	996.254823340615210E-3
814.000000000000110E+0	999.375320089782140E-3
815.000000000000110E+0	999.186224169908540E-3
816.000000000000110E+0	998.488739507789050E-3
817.000000000000110E+0	998.902684739864880E-3
818.000000000000110E+0	999.254847329798630E-3
819.000000000000110E+0	999.818446272186860E-3
820.000000000000110E+0	999.729563648918850E-3
821.000000000000110E+0	998.158937189769220E-3
822.000000000000110E+0	997.683638016002790E-3
823.000000000000110E+0	999.346043288690370E-3
824.000000000000110E+0	999.158391457849790E-3
825.000000000000110E+0	999.114699570398890E-3
826.000000000000110E+0	997.608769977371360E-3
827.000000000000110E+0	997.252494445267870E-3
828.000000000000110E+0	998.816563388124080E-3
829.000000000000110E+0	998.833406770322400E-3
830.000000000000110E+0	998.081341356115040E-3
831.000000000000110E+0	983.804479284389190E-3
832.000000000000110E+0	998.830919667888390E-3
833.000000000000110E+0	999.562782002413550E-3
834.000000000000110E+0	999.036000067548110E-3
835.000000000000110E+0	999.150876750507950E-3
836.000000000000110E+0	997.337034131539960E-3
837.000000000000110E+0	997.795398009816650E-3
838.000000000000110E+0	999.369993032560800E-3
839.000000000000110E+0	999.419932234543730E-3
840.000000000000110E+0	998.040485295875080E-3
841.000000000000110E+0	999.229121386349230E-3
842.000000000000110E+0	999.721097448216360E-3
843.000000000000110E+0	999.581114678237180E-3
844.000000000000110E+0	998.845172189309460E-3
845.000000000000110E+0	998.296396272830730E-3
846.000000000000110E+0	999.300008360146100E-3
847.000000000000110E+0	999.430247353845780E-3
848.000000000000110E+0	999.666533722297520E-3
849.000000000000110E+0	999.369778623773520E-3
850.000000000000110E+0	996.059583548680180E-3
851.000000000000110E+0	999.795944274517570E-3
852.000000000000110E+0	999.801906049660130E-3
853.000000000000110E+0	999.347741685493780E-3
854.000000000000110E+0	999.074094968892880E-3
855.000000000000110E+0	998.489590479266000E-3
856.000000000000110E+0	999.216307290869960E-3
857.000000000000110E+0	999.312631752246270E-3
858.000000000000110E+0	998.872855876845930E-3
859.000000000000110E+0	997.882336549552160E-3
860.000000000000110E+0	999.134281982215990E-3
861.000000000000110E+0	999.612376346610710E-3
862.000000000000110E+0	998.949942555551690E-3
863.000000000000110E+0	994.089900840557700E-3
864.000000000000110E+0	998.264026752279320E-3
865.000000000000110E+0	999.309224443012070E-3
866.000000000000110E+0	999.041681257305190E-3
867.000000000000110E+0	999.350721196701430E-3
868.000000000000110E+0	998.377218147256440E-3
869.000000000000110E+0	998.915936538192770E-3
870.000000000000110E+0	999.759243551047500E-3
871.000000000000110E+0	999.250972970324840E-3
872.000000000000110E+0	997.655779923715120E-3
873.000000000000110E+0	993.354997225972420E-3
874.000000000000110E+0	998.474957889726950E-3
875.000000000000110E+0	999.191259624485850E-3
876.000000000000110E+0	998.809148800111730E-3
877.000000000000110E+0	998.991617827196920E-3
878.000000000000110E+0	995.039708464389830E-3
879.000000000000110E+0	998.440532609791040E-3
880.000000000000110E+0	999.467641758504110E-3
881.000000000000110E+0	998.655883681617060E-3
882.000000000000110E+0	994.352527279268930E-3
883.000000000000110E+0	999.039665668322810E-3
884.000000000000110E+0	999.656746224697800E-3
885.000000000000110E+0	999.580173971019840E-3
886.000000000000110E+0	998.971777612470470E-3
887.000000000000110E+0	996.622356620701310E-3
888.000000000000110E+0	998.756327507327460E-3
889.000000000000110E+0	999.211421262289900E-3
890.000000000000110E+0	998.542285485271130E-3
891.000000000000110E+0	996.561747165899960E-3
892.000000000000110E+0	995.646984790854120E-3
893.000000000000110E+0	999.403662169733640E-3
894.000000000000110E+0	999.236712914513880E-3
895.000000000000110E+0	998.612076424532980E-3
896.000000000000110E+0	999.046280114693320E-3
897.000000000000110E+0	998.430563410166890E-3
898.000000000000110E+0	999.578210581104960E-3
899.000000000000110E+0	999.543692596444040E-3
900.000000000000110E+0	998.076947944198770E-3
901.000000000000110E+0	992.987954144524900E-3
902.000000000000110E+0	998.611148207831810E-3
903.000000000000110E+0	999.012429213746220E-3
904.000000000000110E+0	998.225696182006850E-3
905.000000000000110E+0	995.848923399056060E-3
906.000000000000110E+0	997.462340424754790E-3
907.000000000000110E+0	998.684550696629420E-3
908.000000000000110E+0	999.155845652431650E-3
909.000000000000110E+0	998.565315291669360E-3
910.000000000000110E+0	992.257295758204980E-3
911.000000000000110E+0	998.120456841134600E-3
912.000000000000110E+0	999.337855989865800E-3
913.000000000000110E+0	998.096998578569820E-3
914.000000000000110E+0	995.890431885528280E-3
915.000000000000110E+0	997.441538199014710E-3
916.000000000000110E+0	998.527693208983930E-3
917.000000000000110E+0	999.285789025981200E-3
918.000000000000110E+0	998.796535728475820E-3
919.000000000000110E+0	997.123346790040440E-3
920.000000000000110E+0	984.683582181885560E-3
921.000000000000110E+0	998.669318068811540E-3
922.000000000000110E+0	998.998610925552310E-3
923.000000000000110E+0	997.500280220912970E-3
924.000000000000110E+0	995.643646075314410E-3
925.000000000000110E+0	998.692375075606260E-3
926.000000000000110E+0	999.268082098437090E-3
927.000000000000110E+0	999.579630458918840E-3
928.000000000000110E+0	999.097901212269930E-3
929.000000000000110E+0	992.252992415775800E-3
930.000000000000110E+0	999.177929848061090E-3
931.000000000000110E+0	999.493379425147380E-3
932.000000000000110E+0	998.806415788549010E-3
933.000000000000110E+0	996.579405345965900E-3
934.000000000000110E+0	997.623215170098330E-3
935.000000000000110E+0	999.549811743234540E-3
936.000000000000110E+0	999.588048311400250E-3
937.000000000000110E+0	999.148516635807840E-3
938.000000000000110E+0	998.812360351178040E-3
939.000000000000110E+0	998.100719791317310E-3
940.000000000000110E+0	999.788808421670170E-3
941.000000000000110E+0	999.557159802659360E-3
942.000000000000110E+0	995.328368327862090E-3
943.000000000000110E+0	997.808029618470700E-3
944.000000000000110E+0	999.029374022561090E-3
945.000000000000110E+0	998.765509713063330E-3
946.000000000000110E+0	999.075475879090400E-3
947.000000000000110E+0	998.054883194162130E-3
948.000000000000110E+0	997.481788693874830E-3
949.000000000000110E+0	999.424970731450530E-3
950.000000000000110E+0	999.415653928713230E-3
951.000000000000110E+0	998.930393939696960E-3
952.000000000000110E+0	993.060418938579660E-3
953.000000000000110E+0	999.285926275752740E-3
954.000000000000110E+0	999.581768861336320E-3
955.000000000000110E+0	999.113419270959420E-3
956.000000000000110E+0	999.136357148190270E-3
957.000000000000110E+0	997.886502322975490E-3
958.000000000000110E+0	998.597318671462730E-3
959.000000000000110E+0	999.275269387752910E-3
960.000000000000110E+0	997.877585809076820E-3
961.000000000000110E+0	985.920141018744700E-3
962.000000000000110E+0	998.811733205421830E-3
963.000000000000110E+0	999.517596432226600E-3
964.000000000000110E+0	999.542413452999880E-3
965.000000000000110E+0	999.391640549178840E-3
966.000000000000110E+0	999.127623885716080E-3
967.000000000000110E+0	999.101823347835930E-3
968.000000000000110E+0	999.268112228298370E-3
969.000000000000110E+0	999.307531076631510E-3
970.000000000000110E+0	998.338991932623990E-3
971.000000000000110E+0	996.859882393189120E-3
972.000000000000110E+0	999.568091757804140E-3
973.000000000000110E+0	998.972889691768450E-3
974.000000000000110E+0	995.154007064965370E-3
975.000000000000110E+0	996.242189908790650E-3
976.000000000000110E+0	995.496268647271590E-3
977.000000000000110E+0	998.804595801118580E-3
978.000000000000110E+0	999.224841701923720E-3
979.000000000000110E+0	998.504874076756810E-3
980.000000000000110E+0	987.864292750144650E-3
981.000000000000110E+0	998.212801413029700E-3
982.000000000000110E+0	999.206746028161060E-3
983.000000000000110E+0	998.439457060790620E-3
984.000000000000110E+0	971.764919631126770E-3
985.000000000000110E+0	997.133227903040490E-3
986.000000000000110E+0	997.524057886157060E-3
987.000000000000110E+0	998.141380143802380E-3
988.000000000000110E+0	998.865386717294970E-3
989.000000000000110E+0	994.868140314164040E-3
990.000000000000110E+0	995.868986623602680E-3
991.000000000000110E+0	999.137150739314190E-3
992.000000000000110E+0	997.910822678149340E-3
993.000000000000110E+0	991.981233622218350E-3
994.000000000000110E+0	983.547084942938520E-3
995.000000000000110E+0	997.540988546179560E-3
996.000000000000110E+0	998.984573863548660E-3
997.000000000000110E+0	998.103292345378760E-3
998.000000000000110E+0	998.973971047104060E-3
999.000000000000110E+0	982.341684133335450E-3
1.000000000000000E+3	999.072101477095130E-3
