Freq (Hz)	accelerometre /source
source
source_Real	accelerometre /source
source
source_Imag
10.000000000000018E+0	80.060958596015488E-3	-85.842852404293901E-3
11.000000000000020E+0	54.649363462858064E-3	48.356192884924432E-3
12.000000000000021E+0	-41.131662598423380E-3	34.263495454277607E-3
13.000000000000023E+0	-13.416670873951301E-3	8.814927896544622E-3
14.000000000000025E+0	-64.195660621224004E-3	42.744960394291556E-3
15.000000000000027E+0	-54.620958628972857E-3	-10.313207662064143E-3
16.000000000000028E+0	-43.335124839890896E-3	-10.854722045245719E-3
17.000000000000028E+0	-26.561221603928400E-3	40.509454553051785E-3
18.000000000000028E+0	-67.732957608487215E-3	48.862924460829710E-3
19.000000000000028E+0	-90.735305250727510E-3	20.725663539616027E-3
20.000000000000028E+0	-69.309541170599537E-3	49.817384727591292E-3
21.000000000000028E+0	-71.598653922927039E-3	64.014002491357136E-3
22.000000000000028E+0	-83.697445636964476E-3	76.587690802688416E-3
23.000000000000028E+0	-101.108372038881300E-3	85.542710679389983E-3
24.000000000000028E+0	-87.380436413927121E-3	114.134707228405060E-3
25.000000000000028E+0	-78.550946521043635E-3	156.420807308269880E-3
26.000000000000028E+0	-32.789542870195081E-3	169.137447810167710E-3
27.000000000000028E+0	-7.142731556685786E-3	143.542350607533560E-3
28.000000000000028E+0	9.078861842575055E-3	142.647551012503120E-3
29.000000000000028E+0	16.239287183408311E-3	98.809212269498958E-3
30.000000000000028E+0	-31.703139191187960E-3	80.706014129838272E-3
31.000000000000028E+0	-24.531728005871119E-3	93.911881522517643E-3
32.000000000000028E+0	-30.963195328458423E-3	113.574211791236490E-3
33.000000000000028E+0	-30.391558365134904E-3	102.273793377931080E-3
34.000000000000028E+0	-32.434494622810145E-3	120.173747629118500E-3
35.000000000000028E+0	-37.966645067477198E-3	109.537025361379240E-3
36.000000000000028E+0	-62.610346440184608E-3	102.074915601569270E-3
37.000000000000028E+0	-57.731511187632922E-3	134.731844626722160E-3
38.000000000000028E+0	-58.522479964235277E-3	135.362545505385760E-3
39.000000000000028E+0	-58.088300393836764E-3	147.058248135299020E-3
40.000000000000028E+0	-63.730366199834451E-3	172.560603615959710E-3
41.000000000000028E+0	-46.609270426915449E-3	184.779906764038080E-3
42.000000000000028E+0	-20.972684109303322E-3	173.591875154897240E-3
43.000000000000028E+0	-32.811958392753693E-3	151.691915530811740E-3
44.000000000000028E+0	-26.449309373390194E-3	141.276365441923460E-3
45.000000000000028E+0	-46.223755664442402E-3	156.552026220809710E-3
46.000000000000028E+0	-58.763419514509183E-3	167.789539379248090E-3
47.000000000000028E+0	-52.291149934193676E-3	177.362555563420620E-3
48.000000000000028E+0	-77.090915739569860E-3	162.245853320670620E-3
49.000000000000028E+0	-54.814129854605764E-3	177.004495979600880E-3
50.000000000000028E+0	-81.142991215837026E-3	200.238633037941290E-3
51.000000000000028E+0	-73.549784300418822E-3	236.215451919548290E-3
52.000000000000028E+0	-59.081471561702299E-3	252.194915872391790E-3
53.000000000000028E+0	-37.187725237261694E-3	265.581076224553620E-3
54.000000000000028E+0	-42.787565657300929E-3	261.022191353231900E-3
55.000000000000028E+0	-38.094647900960114E-3	254.351478858247990E-3
56.000000000000028E+0	-30.853786423845380E-3	240.299934271155230E-3
57.000000000000028E+0	-61.217970707272633E-3	219.217376574216390E-3
58.000000000000028E+0	-85.092864527139100E-3	182.346911524237680E-3
59.000000000000028E+0	-81.252846792326527E-3	249.573783409519720E-3
60.000000000000028E+0	-98.453935172121795E-3	296.855978598789540E-3
61.000000000000028E+0	-111.162419370419120E-3	335.907806250531070E-3
62.000000000000028E+0	-129.229314327463370E-3	360.528773433272000E-3
63.000000000000028E+0	-85.895695203342948E-3	394.436487685648100E-3
64.000000000000028E+0	-52.595067907379625E-3	424.308424305738900E-3
65.000000000000028E+0	-21.827467298246576E-3	444.360834381838490E-3
66.000000000000028E+0	11.846724652212988E-3	450.067635440224100E-3
67.000000000000028E+0	24.216193832143663E-3	440.412204398290540E-3
68.000000000000028E+0	73.759130454202154E-3	392.506813803295160E-3
69.000000000000028E+0	81.537680717217412E-3	382.985376081774910E-3
70.000000000000028E+0	69.083801248311233E-3	395.001649634923790E-3
71.000000000000028E+0	52.363843261534454E-3	419.665967749099310E-3
72.000000000000028E+0	28.329486170630882E-3	394.219006261761760E-3
73.000000000000028E+0	55.540057502714027E-3	404.358507154407520E-3
74.000000000000028E+0	48.979182517579350E-3	431.564705862803600E-3
75.000000000000028E+0	55.716401561428472E-3	455.216352969302240E-3
76.000000000000028E+0	105.825036551059890E-3	473.484339211442280E-3
77.000000000000028E+0	84.528836459831766E-3	571.264452862465300E-3
78.000000000000028E+0	93.229740307050390E-3	500.652022187362380E-3
79.000000000000028E+0	153.846309369905620E-3	488.850873256901910E-3
80.000000000000028E+0	236.910043294678960E-3	502.817935381042800E-3
81.000000000000028E+0	233.467835861411320E-3	574.592101321440670E-3
82.000000000000028E+0	243.461477575077300E-3	525.557529551383680E-3
83.000000000000028E+0	256.045100098998170E-3	489.937737661428450E-3
84.000000000000028E+0	285.457525027979890E-3	436.009467100578090E-3
85.000000000000028E+0	332.446059418629370E-3	406.191475495073280E-3
86.000000000000028E+0	353.696659085236510E-3	369.594941361527260E-3
87.000000000000028E+0	399.967654620871140E-3	465.280237456833890E-3
88.000000000000028E+0	329.096724309705270E-3	430.452732310228900E-3
89.000000000000028E+0	312.777618336559700E-3	375.564113678870830E-3
90.000000000000028E+0	116.937091816022050E-3	83.410666701581773E-3
91.000000000000028E+0	423.292363113300980E-3	352.966930887175230E-3
92.000000000000028E+0	389.773717772246560E-3	287.536292371839310E-3
93.000000000000028E+0	384.395154733490230E-3	229.788657940208090E-3
94.000000000000028E+0	366.018576310205850E-3	222.283030466569550E-3
95.000000000000028E+0	331.004999180242790E-3	210.302348676506270E-3
96.000000000000028E+0	285.072825199618680E-3	178.849201368447590E-3
97.000000000000028E+0	263.360666455859150E-3	177.635154841185830E-3
98.000000000000028E+0	228.487705221593030E-3	175.611802507169070E-3
99.000000000000028E+0	215.030708726152490E-3	171.253701151251350E-3
100.000000000000030E+0	187.082756659894880E-3	238.661143806883750E-3
101.000000000000030E+0	172.494345046024790E-3	206.966469200298710E-3
102.000000000000030E+0	172.453734720124460E-3	194.574003075519470E-3
103.000000000000030E+0	207.451761785896390E-3	190.647537698368370E-3
104.000000000000030E+0	174.610373247643220E-3	240.349845258272100E-3
105.000000000000030E+0	159.699989375831240E-3	212.729571114412760E-3
106.000000000000030E+0	142.227729860203430E-3	243.004099229099960E-3
107.000000000000030E+0	129.215496524764630E-3	242.266241434615060E-3
108.000000000000030E+0	135.630301016342440E-3	245.418273639457480E-3
109.000000000000030E+0	136.871114203015290E-3	262.932160230428920E-3
110.000000000000030E+0	106.875176208179430E-3	258.853369728231030E-3
111.000000000000030E+0	90.547230138079249E-3	253.879191929151590E-3
112.000000000000030E+0	46.360485547117511E-3	253.523112757713050E-3
113.000000000000030E+0	-36.311838319995002E-3	245.132029870846700E-3
114.000000000000030E+0	5.826539187838623E-3	98.555340795048685E-3
115.000000000000030E+0	66.784619036791004E-3	240.682212353081400E-3
116.000000000000030E+0	10.762405791718369E-3	304.243764838563800E-3
117.000000000000030E+0	-30.192820799780494E-3	354.874005362702030E-3
118.000000000000030E+0	-56.011151581443125E-3	425.943350022502050E-3
119.000000000000030E+0	-159.546699853703710E-3	354.656454564225340E-3
120.000000000000030E+0	-71.382189922856901E-3	477.128386678621950E-3
121.000000000000030E+0	-57.033117606278216E-3	562.866422126609870E-3
122.000000000000030E+0	-111.387103824368550E-3	639.523291251031470E-3
123.000000000000030E+0	-17.425761588720657E-3	630.321484037302810E-3
124.000000000000030E+0	-6.271874842075698E-3	735.876446338755820E-3
125.000000000000030E+0	20.289614530967091E-3	726.045358152184630E-3
126.000000000000030E+0	85.821603025327847E-3	760.322375561026890E-3
127.000000000000030E+0	140.950430971286090E-3	770.320936946732090E-3
128.000000000000030E+0	182.211785474970800E-3	878.698987397488750E-3
129.000000000000030E+0	152.779912419591050E-3	776.142732047122590E-3
130.000000000000030E+0	208.699034771663990E-3	774.872226089562410E-3
131.000000000000030E+0	250.649851244448500E-3	791.808920681732360E-3
132.000000000000030E+0	292.959026130369670E-3	852.027564932045790E-3
133.000000000000030E+0	324.303372583843170E-3	789.876783263160130E-3
134.000000000000030E+0	441.899472580026490E-3	742.978944833709850E-3
135.000000000000030E+0	557.553144984154760E-3	795.920439708527220E-3
136.000000000000030E+0	564.647187499657370E-3	772.678588714596160E-3
137.000000000000030E+0	622.634168111750320E-3	652.790826351119850E-3
138.000000000000030E+0	595.382024747934340E-3	828.687305508763900E-3
139.000000000000030E+0	580.018522255352330E-3	718.052034786432760E-3
140.000000000000030E+0	575.107784543407390E-3	684.830716950180830E-3
141.000000000000030E+0	514.893758052782040E-3	661.863396243429050E-3
142.000000000000030E+0	471.692951385895400E-3	550.218125030580100E-3
143.000000000000030E+0	547.361081126594650E-3	454.337938421470580E-3
144.000000000000030E+0	563.068664592995980E-3	416.001767304898910E-3
145.000000000000030E+0	580.220641515898360E-3	387.367140169285920E-3
146.000000000000030E+0	600.962104741780690E-3	402.516920685145500E-3
147.000000000000030E+0	629.938498929045630E-3	352.644413124949980E-3
148.000000000000030E+0	623.377875247701830E-3	436.593307898047010E-3
149.000000000000030E+0	577.046829696663880E-3	437.505297487815690E-3
150.000000000000030E+0	516.689989767747830E-3	461.211482930415920E-3
151.000000000000030E+0	398.976822168875760E-3	338.906467057644490E-3
152.000000000000030E+0	503.942234532787640E-3	314.999818588823750E-3
153.000000000000030E+0	499.813368578021110E-3	327.309003921741500E-3
154.000000000000030E+0	530.579213947657390E-3	309.551848844357160E-3
155.000000000000030E+0	541.014314664637010E-3	336.217581033866290E-3
156.000000000000030E+0	591.333301469588850E-3	392.968222730325170E-3
157.000000000000030E+0	536.390181037374790E-3	420.629030313357240E-3
158.000000000000030E+0	529.156846383341150E-3	404.498993256571570E-3
159.000000000000030E+0	521.875415732844020E-3	391.670458340511840E-3
160.000000000000030E+0	523.595584044558420E-3	402.419801225643800E-3
161.000000000000030E+0	462.033813483094690E-3	341.386850672418250E-3
162.000000000000030E+0	483.588130299802410E-3	318.830790201646120E-3
163.000000000000030E+0	488.033194954694380E-3	302.471284520995480E-3
164.000000000000030E+0	525.797468532097630E-3	263.902900606582170E-3
165.000000000000030E+0	543.297494247176990E-3	242.614259997802950E-3
166.000000000000030E+0	650.613507961520400E-3	306.052288979008380E-3
167.000000000000030E+0	533.260145949205790E-3	362.645360385434880E-3
168.000000000000030E+0	512.301117503438540E-3	350.406570030157630E-3
169.000000000000030E+0	482.137225407848480E-3	380.636384361715370E-3
170.000000000000030E+0	418.892889010177630E-3	272.431232844336730E-3
171.000000000000030E+0	447.745713615693320E-3	256.865306827604220E-3
172.000000000000030E+0	454.004261321388770E-3	229.765645105191460E-3
173.000000000000030E+0	460.526102702970230E-3	206.781264414851230E-3
174.000000000000030E+0	505.843920723918480E-3	190.672847745461450E-3
175.000000000000030E+0	527.763102659171810E-3	241.355647604709370E-3
176.000000000000030E+0	475.722187956157670E-3	267.575488526703650E-3
177.000000000000030E+0	417.368770827847850E-3	252.096032708341690E-3
178.000000000000030E+0	401.014394594414570E-3	243.844388988600920E-3
179.000000000000030E+0	184.305750819695050E-3	360.539760437329990E-3
180.000000000000030E+0	371.953963057592100E-3	157.768239658634460E-3
181.000000000000030E+0	321.914111083122230E-3	224.201449559054330E-3
182.000000000000030E+0	254.737442414547210E-3	236.746473403809030E-3
183.000000000000030E+0	261.058215230010990E-3	267.896092744884960E-3
184.000000000000030E+0	192.885409872732780E-3	339.004864641492260E-3
185.000000000000030E+0	171.355329921088730E-3	298.268487407182260E-3
186.000000000000030E+0	171.929756512039930E-3	341.739853312345580E-3
187.000000000000030E+0	178.570562749160920E-3	398.389591538436730E-3
188.000000000000030E+0	159.662339048011390E-3	444.946761597949380E-3
189.000000000000030E+0	163.349047933988880E-3	484.121854192312680E-3
190.000000000000030E+0	200.989590250164580E-3	527.640188586495970E-3
191.000000000000030E+0	244.012623548204050E-3	624.300747416728140E-3
192.000000000000030E+0	237.633897105798460E-3	728.811529682520610E-3
193.000000000000030E+0	229.827307877805840E-3	703.328087897829860E-3
194.000000000000030E+0	292.084642469846280E-3	699.693019650594830E-3
195.000000000000030E+0	306.220336525393490E-3	720.985801671165440E-3
196.000000000000030E+0	366.308125556385260E-3	731.472037564931070E-3
197.000000000000030E+0	424.492597877401290E-3	760.748335151847810E-3
198.000000000000030E+0	397.570792392071940E-3	890.903595870519370E-3
199.000000000000030E+0	455.776972357722960E-3	768.697674043713140E-3
200.000000000000030E+0	533.388736867703160E-3	784.269992100081410E-3
201.000000000000030E+0	528.146358720784080E-3	830.263070064302000E-3
202.000000000000030E+0	556.243168626473160E-3	744.659249337739970E-3
203.000000000000030E+0	679.021759551411420E-3	762.695118248785330E-3
204.000000000000030E+0	706.090833688963750E-3	769.731349790131910E-3
205.000000000000030E+0	778.519544454764900E-3	787.098322666643260E-3
206.000000000000030E+0	751.241831354498850E-3	747.702693729663800E-3
207.000000000000030E+0	762.402039036250700E-3	669.245859536885090E-3
208.000000000000030E+0	833.257717791786480E-3	584.431211613723470E-3
209.000000000000030E+0	878.700242397235540E-3	576.104712482633170E-3
210.000000000000030E+0	911.830068038326110E-3	545.908647478812070E-3
211.000000000000030E+0	974.522868967337530E-3	591.601718307566580E-3
212.000000000000030E+0	819.392805488427190E-3	582.766504423437360E-3
213.000000000000030E+0	817.667538439098450E-3	457.695936452406140E-3
214.000000000000030E+0	915.382042886903390E-3	368.074365239066890E-3
215.000000000000030E+0	912.754854220942050E-3	369.066779072713680E-3
216.000000000000030E+0	897.715561028194280E-3	385.874861276793430E-3
217.000000000000030E+0	837.366167779891480E-3	412.000639550909210E-3
218.000000000000030E+0	810.657629258352500E-3	371.625339714498070E-3
219.000000000000030E+0	786.444517165788670E-3	340.019908298697330E-3
220.000000000000030E+0	773.008878579311330E-3	281.518255615667070E-3
221.000000000000030E+0	795.235612639157100E-3	230.186230882739400E-3
222.000000000000030E+0	843.260900353564490E-3	293.771097533887140E-3
223.000000000000030E+0	819.464470400252390E-3	315.709697754664340E-3
224.000000000000030E+0	813.332142772320800E-3	296.753979002006900E-3
225.000000000000030E+0	810.434557759078910E-3	307.805116396863420E-3
226.000000000000030E+0	804.804652757390220E-3	300.215098768212170E-3
227.000000000000030E+0	829.427014582851400E-3	293.759524893548450E-3
228.000000000000030E+0	806.733744316858070E-3	277.712443532194930E-3
229.000000000000030E+0	783.851844580481180E-3	285.303505885336150E-3
230.000000000000030E+0	701.602029873321650E-3	233.139067334205220E-3
231.000000000000030E+0	788.431542726821250E-3	169.671221429143320E-3
232.000000000000030E+0	806.925569053104200E-3	187.210870999186290E-3
233.000000000000030E+0	792.427029702424730E-3	214.957565365947260E-3
234.000000000000030E+0	791.973063087945910E-3	233.890369685192030E-3
235.000000000000030E+0	791.828026956050480E-3	272.207181936445110E-3
236.000000000000030E+0	782.182542747249960E-3	250.352202023994610E-3
237.000000000000030E+0	768.624824271010530E-3	232.222785458411050E-3
238.000000000000030E+0	755.044027140805540E-3	204.369851208269170E-3
239.000000000000030E+0	765.881253000268320E-3	209.121947849895960E-3
240.000000000000030E+0	758.250589447429620E-3	220.420542802416820E-3
241.000000000000030E+0	780.274359722341380E-3	194.257018898241010E-3
242.000000000000030E+0	778.756266243601500E-3	184.458508513358790E-3
243.000000000000030E+0	755.128450195519220E-3	165.901711585008270E-3
244.000000000000030E+0	780.716537460584340E-3	173.071097864466170E-3
245.000000000000030E+0	780.925774616450300E-3	236.598412044664640E-3
246.000000000000030E+0	728.200270978048620E-3	159.618492370389550E-3
247.000000000000030E+0	747.042272355575190E-3	131.595668678473440E-3
248.000000000000030E+0	754.670683578553490E-3	122.730362066954990E-3
249.000000000000030E+0	751.452113652769430E-3	136.961003678753360E-3
250.000000000000030E+0	727.855312058079520E-3	134.732414077098460E-3
251.000000000000030E+0	738.670536947009350E-3	129.588932504360380E-3
252.000000000000030E+0	766.791834507626220E-3	138.801640935249190E-3
253.000000000000030E+0	751.573418204832480E-3	168.980517039881820E-3
254.000000000000030E+0	738.190077027095160E-3	159.793816651477290E-3
255.000000000000030E+0	749.015700398925950E-3	141.965458781911720E-3
256.000000000000060E+0	732.845922194132140E-3	158.871707828477950E-3
257.000000000000060E+0	705.672117598217130E-3	148.309132620969150E-3
258.000000000000060E+0	695.874908500737190E-3	174.863458835809120E-3
259.000000000000060E+0	651.650910154727540E-3	118.235961625449600E-3
260.000000000000060E+0	680.845764320155310E-3	104.997771707228640E-3
261.000000000000060E+0	688.174182317737300E-3	111.303888761928930E-3
262.000000000000060E+0	656.392544310985370E-3	115.185403191980340E-3
263.000000000000060E+0	676.976234714613320E-3	93.554163838003149E-3
264.000000000000060E+0	725.267207398813010E-3	114.057215556946800E-3
265.000000000000060E+0	728.606146217205870E-3	140.142863450064240E-3
266.000000000000060E+0	693.707761332374990E-3	167.191615900179360E-3
267.000000000000060E+0	650.313770271555900E-3	147.851867671716600E-3
268.000000000000060E+0	640.460432646295710E-3	133.757883177424850E-3
269.000000000000060E+0	631.085875739900710E-3	108.442344596808750E-3
270.000000000000060E+0	640.622627448359070E-3	93.340868890329137E-3
271.000000000000060E+0	660.986304191737430E-3	100.278861013673980E-3
272.000000000000060E+0	626.457246897938140E-3	99.491207998047795E-3
273.000000000000060E+0	639.611176255345690E-3	94.888192629218895E-3
274.000000000000060E+0	637.352636318154310E-3	128.499077917759720E-3
275.000000000000060E+0	593.126367417658560E-3	148.896457050362920E-3
276.000000000000060E+0	554.461213070197020E-3	123.584125612968190E-3
277.000000000000060E+0	526.037139859328760E-3	76.156175308949164E-3
278.000000000000060E+0	588.340334813071910E-3	102.804860171514620E-3
279.000000000000060E+0	572.729451843106530E-3	132.275087264157740E-3
280.000000000000060E+0	540.712614315445040E-3	154.393673600447980E-3
281.000000000000060E+0	493.432095159264170E-3	147.493502523227350E-3
282.000000000000060E+0	520.343737673298780E-3	130.343551914266160E-3
283.000000000000060E+0	518.422774700893600E-3	177.196115302326850E-3
284.000000000000060E+0	489.944864931793010E-3	215.012814970768350E-3
285.000000000000060E+0	483.140960718520640E-3	206.909290754572760E-3
286.000000000000060E+0	504.961719074220830E-3	227.887939354206810E-3
287.000000000000060E+0	526.293286137417330E-3	325.506796046402870E-3
288.000000000000060E+0	509.853882884220840E-3	300.546516200978440E-3
289.000000000000060E+0	563.607968252673900E-3	313.541795367985430E-3
290.000000000000060E+0	628.597525491141890E-3	367.893328612358740E-3
291.000000000000060E+0	572.174348439696720E-3	370.648589062612280E-3
292.000000000000060E+0	619.106323290164460E-3	330.706531278460110E-3
293.000000000000060E+0	662.189656698003000E-3	319.263057665728160E-3
294.000000000000060E+0	700.558578440685590E-3	344.201824346188730E-3
295.000000000000060E+0	693.458605316034870E-3	390.014822864024280E-3
296.000000000000060E+0	675.371127327888950E-3	430.778873483791790E-3
297.000000000000060E+0	676.172336301167910E-3	422.834887235459090E-3
298.000000000000060E+0	723.913934916351590E-3	402.220826060836590E-3
299.000000000000060E+0	800.188692646894290E-3	413.764567934746860E-3
300.000000000000060E+0	837.327514632846160E-3	433.115778461379390E-3
301.000000000000060E+0	842.778336219905170E-3	370.230617613099610E-3
302.000000000000060E+0	876.033275185043040E-3	298.801454176245930E-3
303.000000000000060E+0	922.897622340255520E-3	255.930535188788670E-3
304.000000000000060E+0	879.244131829526880E-3	246.473231308587610E-3
305.000000000000060E+0	890.144219076390070E-3	154.420443420793170E-3
306.000000000000060E+0	927.586525225973620E-3	173.674006041022570E-3
307.000000000000060E+0	867.202572887603050E-3	135.763794922720670E-3
308.000000000000060E+0	853.758833282826650E-3	108.349504175568320E-3
309.000000000000060E+0	871.613546103312870E-3	107.264114937575290E-3
310.000000000000060E+0	857.051476698551860E-3	160.895452566075290E-3
311.000000000000060E+0	819.762834344578080E-3	119.230819622635100E-3
312.000000000000060E+0	811.228539908607220E-3	73.047991248735358E-3
313.000000000000060E+0	851.514809079711780E-3	48.850514268057511E-3
314.000000000000060E+0	823.298877615540770E-3	75.013309521287388E-3
315.000000000000060E+0	834.862571688956940E-3	61.069199070373677E-3
316.000000000000060E+0	810.553986977170400E-3	57.578870248305596E-3
317.000000000000060E+0	800.050080079551580E-3	30.210456176793216E-3
318.000000000000060E+0	804.038944936847020E-3	-840.702187209580980E-6
319.000000000000060E+0	807.967684740627860E-3	40.867598584324677E-3
320.000000000000060E+0	752.030993937785500E-3	21.514425234305929E-3
321.000000000000060E+0	729.913311120286790E-3	9.961845758101591E-3
322.000000000000060E+0	721.276129458905730E-3	1.404670713183941E-3
323.000000000000060E+0	696.467390864738190E-3	-12.461888095636817E-3
324.000000000000060E+0	681.599584647435640E-3	-56.180415311108040E-3
325.000000000000060E+0	699.584297278563640E-3	-42.710243780397186E-3
326.000000000000060E+0	673.219470689702340E-3	-25.875219877393583E-3
327.000000000000060E+0	653.992332360512130E-3	-19.410152620630089E-3
328.000000000000060E+0	650.449519395817740E-3	-4.463714777974371E-3
329.000000000000060E+0	577.317394455621690E-3	31.498696876594005E-3
330.000000000000060E+0	549.872553461148270E-3	6.835575574402766E-3
331.000000000000060E+0	517.859751686080340E-3	2.979332045348253E-3
332.000000000000060E+0	509.992986433987050E-3	-2.127264035500212E-3
333.000000000000060E+0	513.338874023665400E-3	2.866559977129685E-3
334.000000000000060E+0	503.029720196544350E-3	36.753398455993069E-3
335.000000000000060E+0	473.783083391688900E-3	76.329621538000436E-3
336.000000000000060E+0	431.224267627449530E-3	142.194732699036400E-3
337.000000000000060E+0	375.445016985808120E-3	224.229609696474260E-3
338.000000000000060E+0	385.399936546634460E-3	276.367615882637700E-3
339.000000000000060E+0	437.829316307312310E-3	395.991574867424700E-3
340.000000000000060E+0	488.327382506737630E-3	486.801271167428990E-3
341.000000000000060E+0	568.907312207846520E-3	558.459956753257440E-3
342.000000000000060E+0	613.751778246349970E-3	501.276229160269150E-3
343.000000000000060E+0	773.951317660713340E-3	427.315376296581010E-3
344.000000000000060E+0	891.408054102723390E-3	375.911618789638580E-3
345.000000000000060E+0	954.215996455884060E-3	372.604373527252230E-3
346.000000000000060E+0	948.572323367443900E-3	289.971803118220410E-3
347.000000000000060E+0	997.983964810402520E-3	260.866963912601450E-3
348.000000000000060E+0	870.107457956933340E-3	228.426061306157750E-3
349.000000000000060E+0	887.776840096700660E-3	148.854322258907410E-3
350.000000000000060E+0	897.158978506501060E-3	123.955425223953200E-3
351.000000000000060E+0	889.100760873436700E-3	122.105309308076490E-3
352.000000000000060E+0	858.610430622946170E-3	111.755778056226430E-3
353.000000000000060E+0	848.729739647531070E-3	94.137629812522633E-3
354.000000000000060E+0	849.188073385222060E-3	86.631327383046075E-3
355.000000000000060E+0	836.287128738807280E-3	79.908944011326338E-3
356.000000000000060E+0	848.418646193593640E-3	64.559758164311934E-3
357.000000000000060E+0	821.469672875830390E-3	74.848443285821353E-3
358.000000000000060E+0	809.924159443105470E-3	47.171079994742460E-3
359.000000000000060E+0	806.478051081493950E-3	38.679801448123510E-3
360.000000000000060E+0	812.876980548526970E-3	21.049321866672899E-3
361.000000000000060E+0	811.247242736373270E-3	93.122524131634882E-3
362.000000000000060E+0	775.128207236236650E-3	43.688242511341270E-3
363.000000000000060E+0	784.891136569356270E-3	22.460735719094318E-3
364.000000000000060E+0	773.679379016602770E-3	36.530937763634891E-3
365.000000000000060E+0	758.820972431387240E-3	15.384853820976783E-3
366.000000000000060E+0	762.277161698539100E-3	17.515026604914021E-3
367.000000000000060E+0	742.704210394775080E-3	11.306105012301317E-3
368.000000000000060E+0	736.562069491905390E-3	-8.868422169439522E-3
369.000000000000060E+0	760.836239925316460E-3	-30.016419448980234E-3
370.000000000000060E+0	767.411573554323660E-3	1.570851346254177E-3
371.000000000000060E+0	712.836938708262480E-3	6.748494728319386E-3
372.000000000000060E+0	688.339257210087820E-3	-19.004836199852000E-3
373.000000000000060E+0	672.249551176664290E-3	-30.341216687499426E-3
374.000000000000060E+0	670.512422627189800E-3	-30.147278583596684E-3
375.000000000000060E+0	652.825875197501790E-3	-13.951203489165004E-3
376.000000000000060E+0	634.956605150851840E-3	-8.030990805717345E-3
377.000000000000060E+0	627.437532280474500E-3	9.141930381573547E-3
378.000000000000060E+0	620.792303500052210E-3	30.740208888300490E-3
379.000000000000060E+0	599.798783609738370E-3	56.228166662326849E-3
380.000000000000060E+0	599.288540325710880E-3	26.283697007259462E-3
381.000000000000060E+0	616.127649841254010E-3	47.284026983423488E-3
382.000000000000060E+0	634.509723694875240E-3	75.090167807656996E-3
383.000000000000060E+0	636.060173587378100E-3	115.395267152090160E-3
384.000000000000060E+0	641.433429404274720E-3	132.087359370183320E-3
385.000000000000060E+0	647.118152423705290E-3	126.692570397060580E-3
386.000000000000060E+0	671.239532514771310E-3	122.320970034217120E-3
387.000000000000060E+0	662.915624183888160E-3	114.958586799158930E-3
388.000000000000060E+0	661.493931946406820E-3	99.139405270823613E-3
389.000000000000060E+0	610.426604508346630E-3	100.022325392040370E-3
390.000000000000060E+0	626.764662087285760E-3	57.875476730964846E-3
391.000000000000060E+0	646.700769600720320E-3	75.763127246152917E-3
392.000000000000060E+0	673.484777717801350E-3	102.537624387154330E-3
393.000000000000060E+0	660.851657823618540E-3	186.846698274790830E-3
394.000000000000060E+0	655.810137078954860E-3	208.690507777104490E-3
395.000000000000060E+0	617.462809392361870E-3	233.023464414012120E-3
396.000000000000060E+0	648.783636598187830E-3	183.414056917220130E-3
397.000000000000060E+0	693.465379945529590E-3	196.079837656139070E-3
398.000000000000060E+0	714.604016816771770E-3	237.693362955247150E-3
399.000000000000060E+0	686.283813759186900E-3	153.932606730102840E-3
400.000000000000060E+0	760.303336881202660E-3	109.223110555756120E-3
401.000000000000060E+0	824.009246471807070E-3	114.895854650615260E-3
402.000000000000060E+0	847.147030450830060E-3	124.034589567110860E-3
403.000000000000060E+0	893.841489718298690E-3	190.387785603664040E-3
404.000000000000060E+0	799.146954235511630E-3	133.036891437156220E-3
405.000000000000060E+0	854.851319636612320E-3	77.949887557836134E-3
406.000000000000060E+0	812.477608745948210E-3	106.920850629111300E-3
407.000000000000060E+0	810.263106520353830E-3	66.157190633094165E-3
408.000000000000060E+0	797.914306419158950E-3	96.909149728683197E-3
409.000000000000060E+0	753.192590713490430E-3	20.781412015104632E-3
410.000000000000060E+0	757.303107191720780E-3	-34.566300923633650E-3
411.000000000000060E+0	771.221191659385190E-3	-71.539077733894868E-3
412.000000000000060E+0	821.401014307359680E-3	-38.837317241632911E-3
413.000000000000060E+0	783.933680211605810E-3	-2.662770724170252E-3
414.000000000000060E+0	755.692032883644730E-3	-13.579361562636704E-3
415.000000000000060E+0	733.282805872456980E-3	-26.759071566718178E-3
416.000000000000060E+0	730.896214973857040E-3	-58.119061989270325E-3
417.000000000000060E+0	712.595678107637460E-3	-44.782444305796094E-3
418.000000000000060E+0	689.735316712872470E-3	-54.613993594024413E-3
419.000000000000060E+0	701.631032279156130E-3	-66.938840388399964E-3
420.000000000000060E+0	687.235663917542540E-3	-73.392720911697615E-3
421.000000000000060E+0	778.680453926644980E-3	-155.739656290304120E-3
422.000000000000060E+0	714.257029854362460E-3	-7.261272587452603E-3
423.000000000000060E+0	663.569896882769460E-3	-25.548769645558661E-3
424.000000000000060E+0	629.014589987064940E-3	-37.740384396142884E-3
425.000000000000060E+0	612.536406948035240E-3	-40.097135857640083E-3
426.000000000000060E+0	572.244977757120910E-3	-84.623967932413238E-3
427.000000000000060E+0	670.591010988741960E-3	-79.843653868114664E-3
428.000000000000060E+0	611.152078267258480E-3	-53.555129244351039E-3
429.000000000000060E+0	591.854189400911060E-3	-85.898325243002213E-3
430.000000000000060E+0	606.387918857044130E-3	-53.626595621751254E-3
431.000000000000060E+0	592.049885221156650E-3	-28.802301720008326E-3
432.000000000000060E+0	543.239151214844670E-3	-866.769962149732260E-6
433.000000000000060E+0	501.362823351594990E-3	3.141312420245881E-3
434.000000000000060E+0	461.065390264927930E-3	-13.196656260415237E-3
435.000000000000060E+0	473.474544473922950E-3	-18.891045727593921E-3
436.000000000000060E+0	499.763171905858450E-3	22.520233253806404E-3
437.000000000000060E+0	487.550318876854520E-3	79.578988608535850E-3
438.000000000000060E+0	473.010852927281180E-3	119.025447579953810E-3
439.000000000000060E+0	453.361039731603300E-3	169.849617673339140E-3
440.000000000000060E+0	365.076419686300890E-3	146.329590175905850E-3
441.000000000000060E+0	464.452859076439790E-3	175.110646891213470E-3
442.000000000000060E+0	477.040726654835380E-3	250.452717008026850E-3
443.000000000000060E+0	499.076936085327270E-3	322.804309888010070E-3
444.000000000000060E+0	508.552329470649210E-3	382.170275431168940E-3
445.000000000000060E+0	545.962194715200580E-3	415.469782238966800E-3
446.000000000000060E+0	661.099171767640880E-3	424.585443171178690E-3
447.000000000000060E+0	754.104364325563600E-3	441.247903840099540E-3
448.000000000000060E+0	796.071709081457860E-3	403.875835069530450E-3
449.000000000000060E+0	866.352194948499800E-3	305.693483826755490E-3
450.000000000000060E+0	974.763165036303560E-3	275.483852531108130E-3
451.000000000000060E+0	965.146967705047260E-3	226.283033325230840E-3
452.000000000000060E+0	989.156917248692810E-3	162.040194078823560E-3
453.000000000000060E+0	956.892930958141650E-3	188.601949252651500E-3
454.000000000000060E+0	896.375414728243890E-3	110.393606006506120E-3
455.000000000000060E+0	877.105484283125850E-3	53.150006587370735E-3
456.000000000000060E+0	877.308330895888110E-3	9.381707540905223E-3
457.000000000000060E+0	880.032971000585750E-3	-11.970616102941579E-3
458.000000000000060E+0	877.274218054944990E-3	-20.242287374581221E-3
459.000000000000060E+0	822.567922324329850E-3	18.022225906684206E-3
460.000000000000060E+0	797.971124517107170E-3	-19.248364351980438E-3
461.000000000000060E+0	782.080450742245300E-3	-19.472927850055572E-3
462.000000000000060E+0	766.191511705623720E-3	-22.299122070690069E-3
463.000000000000060E+0	730.281113790066770E-3	11.746334420888408E-3
464.000000000000060E+0	685.753364014097590E-3	-43.424266146939935E-3
465.000000000000060E+0	683.953604136143140E-3	-52.747868213858955E-3
466.000000000000060E+0	679.157647375411400E-3	-31.037710259359010E-3
467.000000000000060E+0	629.877071381476750E-3	7.325064757407085E-3
468.000000000000060E+0	578.595033053018180E-3	34.861043543660396E-3
469.000000000000060E+0	530.439126270109920E-3	36.174007120374149E-3
470.000000000000060E+0	502.750026342896230E-3	78.684111618281288E-3
471.000000000000060E+0	465.253357648734600E-3	110.244245427665810E-3
472.000000000000060E+0	490.870548985979650E-3	214.507776121437120E-3
473.000000000000060E+0	465.303214636219990E-3	325.535768732776400E-3
474.000000000000060E+0	522.973164027218720E-3	421.812909922354430E-3
475.000000000000060E+0	630.790032514450540E-3	565.646202708262490E-3
476.000000000000060E+0	721.524757272407280E-3	680.497001701258600E-3
477.000000000000060E+0	853.521893686295380E-3	650.843503245990940E-3
478.000000000000060E+0	1.064490546345351E+0	608.018134880862430E-3
479.000000000000060E+0	1.171591792893368E+0	434.313938112997570E-3
480.000000000000060E+0	1.230156788720964E+0	254.611077054266720E-3
481.000000000000060E+0	1.263902876581436E+0	95.799271727992089E-3
482.000000000000060E+0	1.307617419277280E+0	191.598254408798240E-3
483.000000000000060E+0	1.149583409174569E+0	79.560850510123557E-3
484.000000000000060E+0	1.141828183445091E+0	-14.001791481499767E-3
485.000000000000060E+0	1.120093115261224E+0	28.952064735091793E-3
486.000000000000060E+0	1.051942466458624E+0	-59.826147621390560E-3
487.000000000000060E+0	1.156105446008276E+0	-68.379847605905208E-3
488.000000000000060E+0	1.035428839244950E+0	-56.574154467876371E-3
489.000000000000060E+0	1.000375846765205E+0	-110.923342866169880E-3
490.000000000000060E+0	1.006359956383204E+0	-171.721120745310320E-3
491.000000000000060E+0	1.078170268397415E+0	-96.721623322394659E-3
492.000000000000060E+0	976.278684798860150E-3	-98.066732670102630E-3
493.000000000000060E+0	960.870018397593450E-3	-122.986108038262060E-3
494.000000000000060E+0	922.698721389183180E-3	-153.099214076293230E-3
495.000000000000060E+0	930.471904832437690E-3	-199.916710031189300E-3
496.000000000000060E+0	949.214069127490620E-3	-203.287798125806330E-3
497.000000000000060E+0	966.173743106034990E-3	-160.190510639311530E-3
498.000000000000060E+0	917.148304793766740E-3	-128.765846440041800E-3
499.000000000000060E+0	883.557435735203290E-3	-153.228454206504520E-3
500.000000000000060E+0	875.742632303014080E-3	-192.486935054795280E-3
501.000000000000060E+0	938.643406273236060E-3	-144.580240270220210E-3
502.000000000000060E+0	867.392799084665710E-3	-147.850919259336880E-3
503.000000000000060E+0	831.905234016012910E-3	-183.134639452511820E-3
504.000000000000060E+0	857.941774489959560E-3	-223.323354438985320E-3
505.000000000000060E+0	847.068549693168250E-3	-209.380172036461500E-3
506.000000000000060E+0	914.453690774046920E-3	-183.192261697312450E-3
507.000000000000060E+0	845.465554842798060E-3	-154.216915264369730E-3
508.000000000000060E+0	822.011387286595510E-3	-171.535700628228230E-3
509.000000000000060E+0	788.545969534104830E-3	-162.750042007667910E-3
510.000000000000060E+0	778.022878405470240E-3	-271.434776563763300E-3
511.000000000000060E+0	840.533281402814690E-3	-187.794364179811490E-3
512.000000000000110E+0	801.788774069612350E-3	-174.421436702144630E-3
513.000000000000110E+0	796.320394188293480E-3	-191.801772391848010E-3
514.000000000000110E+0	795.041975655063290E-3	-171.863071589813730E-3
515.000000000000110E+0	771.686554435897510E-3	-175.670019284449890E-3
516.000000000000110E+0	762.877743127875370E-3	-181.268443624132970E-3
517.000000000000110E+0	763.384646011615820E-3	-164.257616125580350E-3
518.000000000000110E+0	745.737706751872450E-3	-154.632656254031440E-3
519.000000000000110E+0	736.055023780763480E-3	-176.046840426416160E-3
520.000000000000110E+0	754.515525564211750E-3	-150.705515455416660E-3
521.000000000000110E+0	740.322919862659080E-3	-140.932891315440730E-3
522.000000000000110E+0	736.155815676497900E-3	-142.834287478617950E-3
523.000000000000110E+0	731.621500682544720E-3	-123.045797074644640E-3
524.000000000000110E+0	715.215155573647680E-3	-128.349797329564640E-3
525.000000000000110E+0	749.953437480656570E-3	-119.455977139493740E-3
526.000000000000110E+0	780.244462974125860E-3	-98.470692715955987E-3
527.000000000000110E+0	803.430060985660610E-3	-64.467869802222813E-3
528.000000000000110E+0	801.352356336412550E-3	-64.673739966462751E-3
529.000000000000110E+0	783.207699379208200E-3	-142.901643151783830E-3
530.000000000000110E+0	836.384079950111660E-3	-147.406126410795480E-3
531.000000000000110E+0	835.298436965157710E-3	-146.785339275733060E-3
532.000000000000110E+0	798.740847908425700E-3	-149.087301051523290E-3
533.000000000000110E+0	780.604154300231780E-3	-201.990636108389690E-3
534.000000000000110E+0	817.751961905752500E-3	-222.925661898743300E-3
535.000000000000110E+0	818.990856341075050E-3	-195.375555039898260E-3
536.000000000000110E+0	804.274869458290630E-3	-175.596305784042280E-3
537.000000000000110E+0	760.695851948048120E-3	-178.510346036725580E-3
538.000000000000110E+0	772.473064436073890E-3	-223.842792314531410E-3
539.000000000000110E+0	766.548247528601290E-3	-198.084375440703400E-3
540.000000000000110E+0	754.920576716278550E-3	-204.344306895132280E-3
541.000000000000110E+0	747.834097732938520E-3	-214.635087668339270E-3
542.000000000000110E+0	782.102847043629760E-3	-226.984635607446440E-3
543.000000000000110E+0	751.261387079269480E-3	-192.294633682629080E-3
544.000000000000110E+0	735.230549868734150E-3	-198.099863411412340E-3
545.000000000000110E+0	723.945546774133590E-3	-224.065288123712100E-3
546.000000000000110E+0	743.666624313440990E-3	-231.661437954423230E-3
547.000000000000110E+0	759.523819057458920E-3	-205.274001690959470E-3
548.000000000000110E+0	715.158388618763910E-3	-206.909763269072950E-3
549.000000000000110E+0	719.483072437073210E-3	-215.513927725542620E-3
550.000000000000110E+0	724.244088980171120E-3	-218.421119454733250E-3
551.000000000000110E+0	728.193714192113540E-3	-185.710331641010030E-3
552.000000000000110E+0	680.597838460662680E-3	-209.056084219244650E-3
553.000000000000110E+0	708.082460848654000E-3	-234.752916632293780E-3
554.000000000000110E+0	715.843379341627230E-3	-226.671754005280530E-3
555.000000000000110E+0	725.666827707431410E-3	-212.608612393932000E-3
556.000000000000110E+0	694.689827996447180E-3	-207.874552279464640E-3
557.000000000000110E+0	699.726587122488470E-3	-241.141507707498810E-3
558.000000000000110E+0	707.915950955681610E-3	-216.359368316386890E-3
559.000000000000110E+0	682.566179395088120E-3	-209.705531393432950E-3
560.000000000000110E+0	668.024833392336310E-3	-215.281980198097110E-3
561.000000000000110E+0	662.277365274198890E-3	-249.880009983157260E-3
562.000000000000110E+0	667.050831770440670E-3	-228.852010349683170E-3
563.000000000000110E+0	654.946252281566110E-3	-232.487490913666300E-3
564.000000000000110E+0	658.066631370655020E-3	-242.022266091478670E-3
565.000000000000110E+0	662.614616320579720E-3	-233.555162714229630E-3
566.000000000000110E+0	657.996076971266270E-3	-206.573381362004290E-3
567.000000000000110E+0	625.919149331384820E-3	-209.580597588708030E-3
568.000000000000110E+0	620.168999475677500E-3	-222.115816456027460E-3
569.000000000000110E+0	624.661093948832180E-3	-224.566505125388010E-3
570.000000000000110E+0	651.535063137226200E-3	-228.357712100931280E-3
571.000000000000110E+0	624.777472227007970E-3	-185.978595290749750E-3
572.000000000000110E+0	616.805060444107880E-3	-199.128901886596100E-3
573.000000000000110E+0	628.497466249218540E-3	-197.675838658851270E-3
574.000000000000110E+0	609.756491885434680E-3	-136.885870194301070E-3
575.000000000000110E+0	561.342094778867760E-3	-185.577406822170470E-3
576.000000000000110E+0	581.612676034880200E-3	-208.022274725421590E-3
577.000000000000110E+0	590.559490999511880E-3	-189.461973925477530E-3
578.000000000000110E+0	582.481475554948340E-3	-179.089534697037840E-3
579.000000000000110E+0	578.246317631195490E-3	-189.495377028188170E-3
580.000000000000110E+0	598.821737488366980E-3	-135.063672116526760E-3
581.000000000000110E+0	555.578648804241790E-3	-136.900739794586580E-3
582.000000000000110E+0	545.843247100930020E-3	-138.061411053705670E-3
583.000000000000110E+0	523.646818978205860E-3	-131.381244570576870E-3
584.000000000000110E+0	513.902540329117200E-3	-152.664857387618840E-3
585.000000000000110E+0	540.915502926927470E-3	-124.469634667638230E-3
586.000000000000110E+0	527.000158336746740E-3	-101.020826125712980E-3
587.000000000000110E+0	531.975318191279300E-3	-69.153771469372363E-3
588.000000000000110E+0	541.541868794485850E-3	-32.226166253439020E-3
589.000000000000110E+0	589.851545347884530E-3	33.332592105710074E-3
590.000000000000110E+0	552.754624285796030E-3	77.563071397682357E-3
591.000000000000110E+0	596.804878301775310E-3	98.760519719298209E-3
592.000000000000110E+0	657.647320465836290E-3	126.774719788809220E-3
593.000000000000110E+0	665.918688104328750E-3	116.262354127018440E-3
594.000000000000110E+0	730.910222116785690E-3	32.338409777239591E-3
595.000000000000110E+0	800.090939167386160E-3	4.249273394474416E-3
596.000000000000110E+0	801.778797556568780E-3	-30.378862896387807E-3
597.000000000000110E+0	805.322481398251470E-3	-76.363993708439201E-3
598.000000000000110E+0	834.287650211870010E-3	-115.048789628397720E-3
599.000000000000110E+0	836.228418502354410E-3	-75.864376177672152E-3
600.000000000000110E+0	803.533208034239890E-3	-94.585623255385762E-3
601.000000000000110E+0	782.111512389574990E-3	-118.801401689160240E-3
602.000000000000110E+0	803.490608644160440E-3	-158.361086391183740E-3
603.000000000000110E+0	770.776837338196800E-3	-135.318367824112800E-3
604.000000000000110E+0	756.693634454899790E-3	-168.789637864826840E-3
605.000000000000110E+0	756.680133839287120E-3	-201.873783734593940E-3
606.000000000000110E+0	783.586413588283400E-3	-188.708536175310000E-3
607.000000000000110E+0	748.503334234970730E-3	-184.909078449692370E-3
608.000000000000110E+0	785.128216706232450E-3	-186.943442496602770E-3
609.000000000000110E+0	722.548262451877750E-3	-162.614638533131910E-3
610.000000000000110E+0	719.440198648014560E-3	-177.604500217614090E-3
611.000000000000110E+0	716.967662827373670E-3	-150.849249601711840E-3
612.000000000000110E+0	677.696979738537930E-3	-157.308332222550220E-3
613.000000000000110E+0	695.414581410789820E-3	-199.687680242507630E-3
614.000000000000110E+0	706.354718275716280E-3	-200.565963073181200E-3
615.000000000000110E+0	729.160373709104470E-3	-212.583930879973540E-3
616.000000000000110E+0	725.839657314295120E-3	-169.097241906382890E-3
617.000000000000110E+0	703.513577286533190E-3	-189.800915973774270E-3
618.000000000000110E+0	694.502547856903020E-3	-183.499381465084990E-3
619.000000000000110E+0	687.795863509025220E-3	-193.629995257659450E-3
620.000000000000110E+0	677.460728015461090E-3	-198.744754860632480E-3
621.000000000000110E+0	671.124322159949330E-3	-232.995401774030190E-3
622.000000000000110E+0	683.462255783293340E-3	-206.897086152437710E-3
623.000000000000110E+0	665.334819074543390E-3	-223.552103845746470E-3
624.000000000000110E+0	680.302184435287000E-3	-231.520609410329400E-3
625.000000000000110E+0	667.420163138866760E-3	-209.295914035075300E-3
626.000000000000110E+0	639.455368639632260E-3	-207.745339177407840E-3
627.000000000000110E+0	628.190473934539750E-3	-214.999196470534340E-3
628.000000000000110E+0	605.744897050334630E-3	-222.403763157578070E-3
629.000000000000110E+0	603.969983776948100E-3	-237.969129081475970E-3
630.000000000000110E+0	608.356082274139950E-3	-228.046687714696380E-3
631.000000000000110E+0	596.878150217717510E-3	-232.523889678488000E-3
632.000000000000110E+0	593.477731573535010E-3	-217.433665405830890E-3
633.000000000000110E+0	575.001890850118880E-3	-212.017055744770480E-3
634.000000000000110E+0	560.276223826595700E-3	-204.696698568209680E-3
635.000000000000110E+0	542.283577068353060E-3	-207.071496441744220E-3
636.000000000000110E+0	530.916904963276370E-3	-223.005844777945990E-3
637.000000000000110E+0	543.004056187906040E-3	-184.822489663508620E-3
638.000000000000110E+0	516.187568981952500E-3	-165.665666857815090E-3
639.000000000000110E+0	495.031886538335570E-3	-162.430986933316900E-3
640.000000000000110E+0	494.812926406336890E-3	-154.427429087660490E-3
641.000000000000110E+0	481.910552229728010E-3	-131.189668322210020E-3
642.000000000000110E+0	465.814166906944330E-3	-111.159366453472020E-3
643.000000000000110E+0	451.833586712356960E-3	-93.893092298483624E-3
644.000000000000110E+0	438.693677503022020E-3	-76.732530952719022E-3
645.000000000000110E+0	448.827311961674520E-3	-67.816035876943098E-3
646.000000000000110E+0	461.980819372727110E-3	-12.130676663583414E-3
647.000000000000110E+0	449.784617381035090E-3	37.384721418304290E-3
648.000000000000110E+0	450.451836633485480E-3	68.803698547792905E-3
649.000000000000110E+0	459.948372390676370E-3	98.296364749833442E-3
650.000000000000110E+0	534.509646244792910E-3	141.882935489005380E-3
651.000000000000110E+0	544.790730927829370E-3	186.231056331711800E-3
652.000000000000110E+0	582.299743508564730E-3	214.233021315897610E-3
653.000000000000110E+0	646.903330494688620E-3	228.471815648011110E-3
654.000000000000110E+0	693.028844873316840E-3	216.530223818263730E-3
655.000000000000110E+0	788.677463930308460E-3	214.559763416004220E-3
656.000000000000110E+0	829.649497213431060E-3	204.043034835326040E-3
657.000000000000110E+0	870.994069695529280E-3	141.626972837099270E-3
658.000000000000110E+0	921.177276878149430E-3	74.942956797899377E-3
659.000000000000110E+0	978.427995112163610E-3	64.820324100744398E-3
660.000000000000110E+0	897.370541415039690E-3	-6.473948005443536E-3
661.000000000000110E+0	900.080020663620140E-3	-63.946674349453933E-3
662.000000000000110E+0	882.759002698303100E-3	-97.743657156361366E-3
663.000000000000110E+0	870.260468037891590E-3	-88.608744529598771E-3
664.000000000000110E+0	829.459461255198090E-3	-123.314647999570200E-3
665.000000000000110E+0	815.890103384407260E-3	-130.595359934539910E-3
666.000000000000110E+0	812.328096068426600E-3	-123.777557609600460E-3
667.000000000000110E+0	759.219735569506500E-3	-119.250970690489860E-3
668.000000000000110E+0	715.153095087376230E-3	-190.878421201090860E-3
669.000000000000110E+0	797.037857718973290E-3	-113.786907174234870E-3
670.000000000000110E+0	752.028910648025570E-3	-125.447926255691430E-3
671.000000000000110E+0	754.175399680337420E-3	-139.819883834354730E-3
672.000000000000110E+0	784.006698815537310E-3	-144.226715725265190E-3
673.000000000000110E+0	785.436621585927200E-3	-80.748410072802437E-3
674.000000000000110E+0	775.153497889396910E-3	-59.903962594358658E-3
675.000000000000110E+0	751.513652477481810E-3	-45.426164125193062E-3
676.000000000000110E+0	745.461580919637100E-3	-38.727352475385959E-3
677.000000000000110E+0	722.976339846007400E-3	-35.735041271712710E-3
678.000000000000110E+0	740.372206899661540E-3	-89.380933581510530E-3
679.000000000000110E+0	803.428593921675870E-3	-52.839402761127280E-3
680.000000000000110E+0	818.853229348684320E-3	-46.703110262841963E-3
681.000000000000110E+0	827.236243389995350E-3	-74.924684294859975E-3
682.000000000000110E+0	933.562420912038450E-3	-83.246366230328273E-3
683.000000000000110E+0	886.365471799497320E-3	-91.524213935424648E-3
684.000000000000110E+0	892.028669925376880E-3	-118.004631037513390E-3
685.000000000000110E+0	874.935454426482240E-3	-128.990512205458790E-3
686.000000000000110E+0	850.437491939338040E-3	-138.294310001028150E-3
687.000000000000110E+0	816.389063309011950E-3	-246.817665331048650E-3
688.000000000000110E+0	874.524159264340240E-3	-185.714543767548700E-3
689.000000000000110E+0	843.498241578300330E-3	-193.097959431666330E-3
690.000000000000110E+0	827.881974201139960E-3	-212.495768126693270E-3
691.000000000000110E+0	834.598089875285610E-3	-272.990503948028980E-3
692.000000000000110E+0	872.558806901179820E-3	-188.620116006873730E-3
693.000000000000110E+0	822.408447856134870E-3	-200.827296808223920E-3
694.000000000000110E+0	792.778420809785220E-3	-217.165381189408340E-3
695.000000000000110E+0	782.471445291980430E-3	-271.631863901541150E-3
696.000000000000110E+0	820.703013298772150E-3	-261.808581959648840E-3
697.000000000000110E+0	803.145332718214200E-3	-271.909838065071130E-3
698.000000000000110E+0	816.890286807971160E-3	-259.514769520377660E-3
699.000000000000110E+0	788.837097889867110E-3	-244.629840352020570E-3
700.000000000000110E+0	754.947225717368160E-3	-255.425925924082750E-3
701.000000000000110E+0	794.423636539756670E-3	-283.161111741916990E-3
702.000000000000110E+0	776.494893832343160E-3	-260.553701585591320E-3
703.000000000000110E+0	747.258430562714570E-3	-256.559186522531570E-3
704.000000000000110E+0	733.236778406221590E-3	-298.304077575409050E-3
705.000000000000110E+0	767.511350281173790E-3	-303.032866652291230E-3
706.000000000000110E+0	793.844579444693000E-3	-255.285316346058280E-3
707.000000000000110E+0	747.366348623555780E-3	-259.950823224687380E-3
708.000000000000110E+0	749.742303283218670E-3	-276.930327831310500E-3
709.000000000000110E+0	744.557989305967170E-3	-263.122924815799630E-3
710.000000000000110E+0	685.795555851485440E-3	-308.656281958896050E-3
711.000000000000110E+0	748.680229586764060E-3	-269.446893085438730E-3
712.000000000000110E+0	714.707768023269740E-3	-273.721633359354900E-3
713.000000000000110E+0	694.509146339236770E-3	-313.669424745866620E-3
714.000000000000110E+0	757.897829894807140E-3	-287.050071184474340E-3
715.000000000000110E+0	723.706580999232910E-3	-261.972526905239530E-3
716.000000000000110E+0	698.950355332091160E-3	-274.739866255677700E-3
717.000000000000110E+0	702.852314512545820E-3	-280.894133604702330E-3
718.000000000000110E+0	697.675806386558240E-3	-282.701782080736490E-3
719.000000000000110E+0	699.385526921555420E-3	-293.534956266251700E-3
720.000000000000110E+0	726.259621307471460E-3	-285.105653827284870E-3
721.000000000000110E+0	723.077553968633270E-3	-276.986066516052120E-3
722.000000000000110E+0	715.266849567676940E-3	-270.915275543901710E-3
723.000000000000110E+0	705.248294211035300E-3	-269.249136783776770E-3
724.000000000000110E+0	699.607212712197170E-3	-304.180454113443630E-3
725.000000000000110E+0	707.015897208101100E-3	-271.586795203683670E-3
726.000000000000110E+0	680.719932743012570E-3	-277.874725070549720E-3
727.000000000000110E+0	682.870615166508490E-3	-292.559933485895820E-3
728.000000000000110E+0	681.387548984281780E-3	-299.101613400477420E-3
729.000000000000110E+0	766.944717733510030E-3	-292.124085675330490E-3
730.000000000000110E+0	701.690755573989970E-3	-246.125365221194410E-3
731.000000000000110E+0	691.720038068482480E-3	-252.265280076817480E-3
732.000000000000110E+0	680.825883117955110E-3	-257.548097032772040E-3
733.000000000000110E+0	691.343610135556010E-3	-277.371865431828120E-3
734.000000000000110E+0	702.177030241327600E-3	-290.298460298359650E-3
735.000000000000110E+0	700.085847217232880E-3	-283.058803022378010E-3
736.000000000000110E+0	688.596678795966870E-3	-297.654310877650490E-3
737.000000000000110E+0	702.665929650688080E-3	-310.865310245581390E-3
738.000000000000110E+0	687.142885911590120E-3	-318.252881581110260E-3
739.000000000000110E+0	715.690773608664840E-3	-303.109137841734040E-3
740.000000000000110E+0	698.033517409653140E-3	-297.960707467490040E-3
741.000000000000110E+0	681.277063325071650E-3	-299.586773275464850E-3
742.000000000000110E+0	651.809318070722070E-3	-324.075099611665970E-3
743.000000000000110E+0	691.774658545687200E-3	-306.805767740485510E-3
744.000000000000110E+0	669.222374639945600E-3	-302.120466088712740E-3
745.000000000000110E+0	663.245384736568910E-3	-320.955654619772880E-3
746.000000000000110E+0	658.819968819317260E-3	-296.759222791843800E-3
747.000000000000110E+0	623.131978655353970E-3	-313.671661642081660E-3
748.000000000000110E+0	665.656364771620490E-3	-311.426983202016670E-3
749.000000000000110E+0	640.635697933218510E-3	-308.402735394541220E-3
750.000000000000110E+0	638.430831555973800E-3	-311.207178698878590E-3
751.000000000000110E+0	634.715975468070350E-3	-322.121439813123910E-3
752.000000000000110E+0	652.775306302804450E-3	-301.524563850194440E-3
753.000000000000110E+0	637.714132838239520E-3	-307.132658501674430E-3
754.000000000000110E+0	629.224189817212180E-3	-305.597911431778220E-3
755.000000000000110E+0	641.324640061655240E-3	-314.040893361945070E-3
756.000000000000110E+0	626.823200905391560E-3	-292.172168500156320E-3
757.000000000000110E+0	596.898767947622530E-3	-316.165344940626650E-3
758.000000000000110E+0	641.698224455857220E-3	-312.848695903471860E-3
759.000000000000110E+0	620.349398461480290E-3	-298.881824501842470E-3
760.000000000000110E+0	607.115912603117700E-3	-305.208566482319640E-3
761.000000000000110E+0	586.120529305544480E-3	-331.919211582999090E-3
762.000000000000110E+0	621.591035758812580E-3	-318.284024579896410E-3
763.000000000000110E+0	605.571539022238920E-3	-302.123372782207130E-3
764.000000000000110E+0	595.382671777981540E-3	-313.104914855765750E-3
765.000000000000110E+0	586.740033037630780E-3	-310.848991693521480E-3
766.000000000000110E+0	575.193323203106010E-3	-350.375886770541430E-3
767.000000000000110E+0	615.154398525035060E-3	-300.103479432743010E-3
768.000000000000110E+0	592.010670033533580E-3	-291.294519700244110E-3
769.000000000000110E+0	570.275515031141270E-3	-285.145779473300330E-3
770.000000000000110E+0	549.527000414203660E-3	-303.065353733877830E-3
771.000000000000110E+0	583.457860248902670E-3	-313.562713803196950E-3
772.000000000000110E+0	568.958123353369700E-3	-298.591351035406130E-3
773.000000000000110E+0	558.246123370539690E-3	-300.736369857746160E-3
774.000000000000110E+0	572.178289019322220E-3	-302.367351304105970E-3
775.000000000000110E+0	551.221512950815560E-3	-291.350067904074140E-3
776.000000000000110E+0	560.422828325879310E-3	-299.988284449318080E-3
777.000000000000110E+0	553.439995207868570E-3	-280.564262090522880E-3
778.000000000000110E+0	537.231066601671640E-3	-277.024209078821910E-3
779.000000000000110E+0	520.483522889029100E-3	-286.862528212634860E-3
780.000000000000110E+0	540.170352392195460E-3	-301.243283530943870E-3
781.000000000000110E+0	532.634669258775780E-3	-271.280626275121840E-3
782.000000000000110E+0	517.767290240087270E-3	-268.662785823371280E-3
783.000000000000110E+0	499.429789019119880E-3	-264.460405220659610E-3
784.000000000000110E+0	487.218116824606360E-3	-301.617005920044530E-3
785.000000000000110E+0	530.464755289115740E-3	-288.543848634655210E-3
786.000000000000110E+0	509.109999820866470E-3	-264.231801053198490E-3
787.000000000000110E+0	499.705357204114910E-3	-269.005481683362190E-3
788.000000000000110E+0	511.211171476271710E-3	-265.554623289036450E-3
789.000000000000110E+0	507.172646201993200E-3	-236.714743741681360E-3
790.000000000000110E+0	499.455658720644120E-3	-226.121784962009710E-3
791.000000000000110E+0	481.908399271151870E-3	-215.324385898299410E-3
792.000000000000110E+0	454.537762265604940E-3	-207.363258287143690E-3
793.000000000000110E+0	456.406151969717290E-3	-231.342452704509980E-3
794.000000000000110E+0	449.146740786018630E-3	-211.628491406436470E-3
795.000000000000110E+0	456.273648716877980E-3	-215.602778311521390E-3
796.000000000000110E+0	442.591628500219710E-3	-207.699664919636480E-3
797.000000000000110E+0	460.026082532250970E-3	-210.626851648238020E-3
798.000000000000110E+0	471.315195088746420E-3	-168.352912216988920E-3
799.000000000000110E+0	447.080322849569110E-3	-155.028869287688250E-3
800.000000000000110E+0	435.082625988506610E-3	-136.010700436615260E-3
801.000000000000110E+0	434.878975253786160E-3	-122.121355407593250E-3
802.000000000000110E+0	436.505928679949640E-3	-93.116367076534423E-3
803.000000000000110E+0	403.614940782874080E-3	-62.210346384608470E-3
804.000000000000110E+0	401.337461247662510E-3	-70.507534927362517E-3
805.000000000000110E+0	432.848215133776750E-3	-79.389780467572488E-3
806.000000000000110E+0	477.178920926677630E-3	-52.781862023404826E-3
807.000000000000110E+0	482.839846433974100E-3	-18.068735305412021E-3
808.000000000000110E+0	550.620390384309990E-3	-67.271783779342426E-3
809.000000000000110E+0	507.307760663955000E-3	69.377487218813594E-3
810.000000000000110E+0	515.962430422479800E-3	84.657177121845437E-3
811.000000000000110E+0	521.104632398811660E-3	118.692716018194980E-3
812.000000000000110E+0	507.401070386449990E-3	135.657981845557440E-3
813.000000000000110E+0	583.356313293012850E-3	61.061113824869492E-3
814.000000000000110E+0	662.028521989615150E-3	112.676891858628720E-3
815.000000000000110E+0	706.660417578200080E-3	131.711076451977240E-3
816.000000000000110E+0	732.660205472692170E-3	110.004588968332690E-3
817.000000000000110E+0	826.028834099891140E-3	70.201775780920864E-3
818.000000000000110E+0	845.549794882718640E-3	145.147396018251580E-3
819.000000000000110E+0	836.816496189842220E-3	57.950251444830382E-3
820.000000000000110E+0	862.545282706078110E-3	-6.042193665665124E-3
821.000000000000110E+0	902.785775168327920E-3	-33.461172569011294E-3
822.000000000000110E+0	842.956214265626060E-3	-93.601999036863198E-3
823.000000000000110E+0	869.331614153371570E-3	-151.706598530789270E-3
824.000000000000110E+0	895.344940584921420E-3	-161.734707698326850E-3
825.000000000000110E+0	873.973114027683410E-3	-174.019809424708040E-3
826.000000000000110E+0	904.450075760285350E-3	-189.649967597586650E-3
827.000000000000110E+0	852.499407052524470E-3	-145.907998488306990E-3
828.000000000000110E+0	809.304003130119740E-3	-201.054081830125160E-3
829.000000000000110E+0	818.305444605866070E-3	-233.591400795097880E-3
830.000000000000110E+0	796.293978731332120E-3	-225.645023193527530E-3
831.000000000000110E+0	758.427440250205480E-3	-405.388795818759080E-3
832.000000000000110E+0	873.125967714779680E-3	-269.695127440944980E-3
833.000000000000110E+0	819.052478855665340E-3	-265.621495793794070E-3
834.000000000000110E+0	799.407678981699730E-3	-308.244536677681200E-3
835.000000000000110E+0	809.456544048778540E-3	-259.423883842506810E-3
836.000000000000110E+0	760.857328232463550E-3	-272.859892411269290E-3
837.000000000000110E+0	755.236337419709860E-3	-296.415940033363360E-3
838.000000000000110E+0	727.908967337430710E-3	-289.995373244063710E-3
839.000000000000110E+0	693.583557893664100E-3	-314.909197503563050E-3
840.000000000000110E+0	671.693912091054670E-3	-409.205691860364820E-3
841.000000000000110E+0	791.226226383361710E-3	-301.054248576812010E-3
842.000000000000110E+0	730.820166377874720E-3	-295.384348489705350E-3
843.000000000000110E+0	708.423244191169420E-3	-298.680440402130880E-3
844.000000000000110E+0	695.531774190638160E-3	-309.153473324291050E-3
845.000000000000110E+0	650.859527594074500E-3	-290.284974812262620E-3
846.000000000000110E+0	658.733104809724800E-3	-353.215323592533270E-3
847.000000000000110E+0	667.781010069008920E-3	-369.121214795070150E-3
848.000000000000110E+0	696.149648870823980E-3	-348.773121611222650E-3
849.000000000000110E+0	689.148026559924130E-3	-340.048354780666970E-3
850.000000000000110E+0	694.701314366138470E-3	-313.996459275166840E-3
851.000000000000110E+0	659.119545155417820E-3	-315.696279224570110E-3
852.000000000000110E+0	651.455183828284490E-3	-314.795006047746850E-3
853.000000000000110E+0	627.236358667644270E-3	-306.946968632103630E-3
854.000000000000110E+0	598.275961801918220E-3	-334.821756353009040E-3
855.000000000000110E+0	638.700036470607470E-3	-396.091262052718830E-3
856.000000000000110E+0	644.296172887264600E-3	-315.382017783399860E-3
857.000000000000110E+0	619.160104739436940E-3	-315.699139186538910E-3
858.000000000000110E+0	614.247798678612010E-3	-314.455588324616010E-3
859.000000000000110E+0	617.658867833801750E-3	-302.083514845242650E-3
860.000000000000110E+0	577.119261051173500E-3	-298.858198398476220E-3
861.000000000000110E+0	575.491124988812270E-3	-301.151477466767240E-3
862.000000000000110E+0	560.036339818707930E-3	-298.575915229551850E-3
863.000000000000110E+0	562.688737992009250E-3	-342.107107615707780E-3
864.000000000000110E+0	601.303537661049380E-3	-302.111424075766470E-3
865.000000000000110E+0	579.379382025069560E-3	-266.967058673205580E-3
866.000000000000110E+0	553.692907407358100E-3	-277.655767855660980E-3
867.000000000000110E+0	559.028798806206370E-3	-266.423141055372680E-3
868.000000000000110E+0	550.117137857195850E-3	-260.149113761056430E-3
869.000000000000110E+0	541.784047259722180E-3	-263.680811952602120E-3
870.000000000000110E+0	539.411412594024810E-3	-255.457073515833970E-3
871.000000000000110E+0	531.838078020083760E-3	-255.446017086006170E-3
872.000000000000110E+0	535.761793118920140E-3	-257.627802104095420E-3
873.000000000000110E+0	580.680649572364760E-3	-254.302205864806450E-3
874.000000000000110E+0	551.835386914908630E-3	-204.014266091902740E-3
875.000000000000110E+0	536.243411764213860E-3	-185.327191605442390E-3
876.000000000000110E+0	505.943309093077610E-3	-178.275697403282580E-3
877.000000000000110E+0	514.268075874832360E-3	-185.086266402135190E-3
878.000000000000110E+0	534.546983113175610E-3	-173.145279700496260E-3
879.000000000000110E+0	528.499081393338570E-3	-126.477213295768050E-3
880.000000000000110E+0	528.156450059591000E-3	-100.417550538062010E-3
881.000000000000110E+0	513.614163481502460E-3	-85.882777887958187E-3
882.000000000000110E+0	647.830338340161900E-3	-107.648387011287190E-3
883.000000000000110E+0	633.326329702284090E-3	-15.439855231110614E-3
884.000000000000110E+0	673.341880368831140E-3	9.900112138607987E-3
885.000000000000110E+0	717.818470016348690E-3	28.134456735389082E-3
886.000000000000110E+0	764.349460061275800E-3	38.745881854509681E-3
887.000000000000110E+0	737.452677687532860E-3	38.725725078367204E-3
888.000000000000110E+0	803.273957880819460E-3	-124.131466598208020E-3
889.000000000000110E+0	855.396194153399960E-3	-153.683431273892720E-3
890.000000000000110E+0	861.063178745337660E-3	-181.716297608187060E-3
891.000000000000110E+0	867.107978360572520E-3	-245.416073150403700E-3
892.000000000000110E+0	887.126614049453590E-3	-240.201862357592030E-3
893.000000000000110E+0	860.095658506717760E-3	-251.124094919917000E-3
894.000000000000110E+0	848.239923007147010E-3	-272.015893557110700E-3
895.000000000000110E+0	823.918994013621670E-3	-257.491795742623540E-3
896.000000000000110E+0	785.778521888599310E-3	-286.269736680919600E-3
897.000000000000110E+0	776.118052707334580E-3	-319.017111765059980E-3
898.000000000000110E+0	771.468923359414420E-3	-327.062158684831180E-3
899.000000000000110E+0	760.128099408108220E-3	-348.184302059654780E-3
900.000000000000110E+0	774.653964934086230E-3	-375.015925782592410E-3
901.000000000000110E+0	797.202752924552890E-3	-279.715288808818570E-3
902.000000000000110E+0	738.324020528054350E-3	-330.348461521623840E-3
903.000000000000110E+0	745.492088750622230E-3	-337.018228652311900E-3
904.000000000000110E+0	722.448450838753530E-3	-318.759276996100680E-3
905.000000000000110E+0	649.466256978263540E-3	-348.482756306417340E-3
906.000000000000110E+0	715.374781612689080E-3	-421.081549832942830E-3
907.000000000000110E+0	725.588524212393730E-3	-375.505423021191660E-3
908.000000000000110E+0	713.371054345092510E-3	-377.366552456799060E-3
909.000000000000110E+0	706.109615734599850E-3	-370.426777174585720E-3
910.000000000000110E+0	706.992101731014230E-3	-372.935999868919290E-3
911.000000000000110E+0	679.276962372209360E-3	-340.228921553178350E-3
912.000000000000110E+0	659.014046655639120E-3	-348.062636733605600E-3
913.000000000000110E+0	629.132319977222410E-3	-359.555318173187810E-3
914.000000000000110E+0	658.717036053412140E-3	-412.141136498938580E-3
915.000000000000110E+0	659.002843755080890E-3	-396.189913604753970E-3
916.000000000000110E+0	694.813093368703120E-3	-350.134810295258890E-3
917.000000000000110E+0	664.947411607843990E-3	-351.366335228071310E-3
918.000000000000110E+0	662.872661623484130E-3	-333.982271536560180E-3
919.000000000000110E+0	649.242543336339240E-3	-321.635301492738220E-3
920.000000000000110E+0	595.338313206602690E-3	-376.428742205945520E-3
921.000000000000110E+0	637.404766624474090E-3	-353.856370647470000E-3
922.000000000000110E+0	624.566677053766780E-3	-345.346478069999020E-3
923.000000000000110E+0	613.039957561703040E-3	-377.043877403576480E-3
924.000000000000110E+0	678.642598821718730E-3	-349.345015809020890E-3
925.000000000000110E+0	638.165277853703250E-3	-329.531603555914880E-3
926.000000000000110E+0	610.456461169031740E-3	-335.371660368757870E-3
927.000000000000110E+0	614.021538499201820E-3	-340.106371445676570E-3
928.000000000000110E+0	589.135708366339880E-3	-318.167562178520930E-3
929.000000000000110E+0	520.103308042487060E-3	-426.260391176970730E-3
930.000000000000110E+0	621.224158813728940E-3	-352.044054006570240E-3
931.000000000000110E+0	606.870372471523200E-3	-353.095971514811650E-3
932.000000000000110E+0	611.744261164428930E-3	-336.417961225244260E-3
933.000000000000110E+0	616.859009968966810E-3	-312.635133186792980E-3
934.000000000000110E+0	558.397003053101360E-3	-320.110475494892630E-3
935.000000000000110E+0	584.890557343717200E-3	-328.425679395373760E-3
936.000000000000110E+0	576.322261960022790E-3	-309.986365226386280E-3
937.000000000000110E+0	570.833729141166480E-3	-316.875856450097190E-3
938.000000000000110E+0	569.263675888361580E-3	-313.017894292608070E-3
939.000000000000110E+0	597.277124882382490E-3	-330.607476432693230E-3
940.000000000000110E+0	595.676712560117450E-3	-292.703061467979810E-3
941.000000000000110E+0	593.022479090602680E-3	-276.287272038301560E-3
942.000000000000110E+0	542.607344721779520E-3	-254.799335704801450E-3
943.000000000000110E+0	591.145909416482600E-3	-311.892207959922780E-3
944.000000000000110E+0	603.305450775803000E-3	-274.473898652768890E-3
945.000000000000110E+0	588.514652285439310E-3	-269.441234966158130E-3
946.000000000000110E+0	618.636349564973380E-3	-288.290682660274970E-3
947.000000000000110E+0	638.470476055586040E-3	-246.879269201914140E-3
948.000000000000110E+0	625.988483585218970E-3	-291.538486594167370E-3
949.000000000000110E+0	640.106203499588800E-3	-283.401192066232930E-3
950.000000000000110E+0	651.526730930798380E-3	-285.747494727521420E-3
951.000000000000110E+0	635.758510103062950E-3	-301.668142744535460E-3
952.000000000000110E+0	656.421412740424650E-3	-321.915363659435240E-3
953.000000000000110E+0	648.733366871242170E-3	-337.635114944926430E-3
954.000000000000110E+0	660.195301293643230E-3	-338.409135472245940E-3
955.000000000000110E+0	660.694950894670900E-3	-330.038494936666320E-3
956.000000000000110E+0	639.494167276799200E-3	-320.717707081186240E-3
957.000000000000110E+0	622.292021552569020E-3	-339.353014107674210E-3
958.000000000000110E+0	631.946869494949710E-3	-353.615946973228120E-3
959.000000000000110E+0	629.167064726380510E-3	-348.564803880948240E-3
960.000000000000110E+0	621.950129545133960E-3	-354.445982201792350E-3
961.000000000000110E+0	606.303866841890300E-3	-379.926955725128410E-3
962.000000000000110E+0	648.310129457376540E-3	-362.901270309442250E-3
963.000000000000110E+0	627.840571426750540E-3	-345.040176863521790E-3
964.000000000000110E+0	609.169888581314930E-3	-353.625870586932400E-3
965.000000000000110E+0	622.153179899949560E-3	-364.470060691861330E-3
966.000000000000110E+0	581.402386828716700E-3	-338.555958338212670E-3
967.000000000000110E+0	589.035586246943850E-3	-400.471049860952220E-3
968.000000000000110E+0	613.963838258666960E-3	-384.276702307613740E-3
969.000000000000110E+0	609.029923369604040E-3	-376.557295561159630E-3
970.000000000000110E+0	607.638182736282010E-3	-372.309361197273590E-3
971.000000000000110E+0	603.403112589516730E-3	-344.183437176728450E-3
972.000000000000110E+0	591.970204794932010E-3	-363.334235409102760E-3
973.000000000000110E+0	600.004299388948840E-3	-362.654275972391800E-3
974.000000000000110E+0	574.236796869617260E-3	-335.949592487665760E-3
975.000000000000110E+0	555.933606000161730E-3	-385.094445985160400E-3
976.000000000000110E+0	603.886386012316030E-3	-385.231318661241500E-3
977.000000000000110E+0	581.027080323133880E-3	-369.123433103357660E-3
978.000000000000110E+0	588.799776880763680E-3	-379.132915114230580E-3
979.000000000000110E+0	607.039507739622120E-3	-364.594948373464840E-3
980.000000000000110E+0	535.862608309332080E-3	-334.952101455461840E-3
981.000000000000110E+0	569.439273282893570E-3	-359.227692217751800E-3
982.000000000000110E+0	559.840279905240660E-3	-363.669794541497000E-3
983.000000000000110E+0	549.403548862059220E-3	-362.514367690107030E-3
984.000000000000110E+0	678.052987132652940E-3	-425.516108740812580E-3
985.000000000000110E+0	563.082755718183890E-3	-368.602173752796580E-3
986.000000000000110E+0	588.854874152702550E-3	-354.777096792966820E-3
987.000000000000110E+0	570.798984531756260E-3	-352.279753163151240E-3
988.000000000000110E+0	566.368323870376610E-3	-344.282605551011640E-3
989.000000000000110E+0	566.682174655839370E-3	-368.849740237983610E-3
990.000000000000110E+0	512.804277427153400E-3	-348.602060312752930E-3
991.000000000000110E+0	529.158582858460960E-3	-351.397362062821130E-3
992.000000000000110E+0	537.654429078101010E-3	-357.226416184864950E-3
993.000000000000110E+0	550.494044461045660E-3	-368.725725084325770E-3
994.000000000000110E+0	541.193431569914400E-3	-350.150566002068010E-3
995.000000000000110E+0	550.310086556926700E-3	-321.094830817412910E-3
996.000000000000110E+0	521.391144438228090E-3	-326.675032182837220E-3
997.000000000000110E+0	532.442995298296970E-3	-333.614521385976410E-3
998.000000000000110E+0	521.512642294909460E-3	-311.965254001484950E-3
999.000000000000110E+0	588.718462710141280E-3	-269.339394828935990E-3
1.000000000000000E+3	527.342669705420870E-3	-330.806929812723470E-3
