Freq (Hz)	Gxyaccelerometre /source
source
source_Real	Gxyaccelerometre /source
source
source_Imag
10.000000000000018E+0	12.604689868475016E-3	-13.514983469549042E-3
11.000000000000020E+0	19.358226780828693E-3	17.129021983212433E-3
12.000000000000021E+0	-35.588347763197338E-3	29.645803616416500E-3
13.000000000000023E+0	-11.265428583182347E-3	7.401533630613655E-3
14.000000000000025E+0	-112.326097895508920E-3	74.792821809538973E-3
15.000000000000027E+0	-129.988135418122240E-3	-24.543594030964337E-3
16.000000000000028E+0	-133.126651827059570E-3	-33.345993757625737E-3
17.000000000000028E+0	-113.905221294432770E-3	173.720864732354210E-3
18.000000000000028E+0	-306.908228821421710E-3	221.405267550712380E-3
19.000000000000028E+0	-452.069892446484820E-3	103.261332083975480E-3
20.000000000000028E+0	-416.491500609059540E-3	299.360188672186280E-3
21.000000000000028E+0	-553.777622006729310E-3	495.114365040389190E-3
22.000000000000028E+0	-783.588319887541740E-3	717.025704947447770E-3
23.000000000000028E+0	-1.059258011974823E+0	896.184953095113150E-3
24.000000000000028E+0	-1.326534458365431E+0	1.732694734056030E+0
25.000000000000028E+0	-1.820832787490413E+0	3.625877818242664E+0
26.000000000000028E+0	-1.316076832475766E+0	6.788684961185510E+0
27.000000000000028E+0	-245.600308603565330E-3	4.935653163934553E+0
28.000000000000028E+0	303.683359540558860E-3	4.771488791531527E+0
29.000000000000028E+0	302.878812927157960E-3	1.842889812862603E+0
30.000000000000028E+0	-435.819770690732800E-3	1.109457216817372E+0
31.000000000000028E+0	-519.901127162389230E-3	1.990275330209618E+0
32.000000000000028E+0	-1.034255142845239E+0	3.793688325562393E+0
33.000000000000028E+0	-950.049232534822430E-3	3.197109465061058E+0
34.000000000000028E+0	-696.033593352896270E-3	2.578889122883224E+0
35.000000000000028E+0	-608.323326267654280E-3	1.755064939208396E+0
36.000000000000028E+0	-1.976766444385874E+0	3.222762361928041E+0
37.000000000000028E+0	-3.136580465093818E+0	7.320045209084353E+0
38.000000000000028E+0	-2.387136081513991E+0	5.521447769454729E+0
39.000000000000028E+0	-1.003551526849509E+0	2.540623988848049E+0
40.000000000000028E+0	-2.181253484127871E+0	5.906107877683878E+0
41.000000000000028E+0	-3.547858789088318E+0	14.065292381859274E+0
42.000000000000028E+0	-1.515788304592952E+0	12.546249815274306E+0
43.000000000000028E+0	-1.032117032499242E+0	4.771547246212622E+0
44.000000000000028E+0	-474.302127290962600E-3	2.533437819456035E+0
45.000000000000028E+0	-1.996150095070615E+0	6.760622055307335E+0
46.000000000000028E+0	-4.238065511941564E+0	12.101117769910839E+0
47.000000000000028E+0	-3.393884169226664E+0	11.511469346109333E+0
48.000000000000028E+0	-1.927745159532643E+0	4.057140266043377E+0
49.000000000000028E+0	-1.178646199191943E+0	3.806056521915438E+0
50.000000000000028E+0	-6.587595355539024E+0	16.256377405307827E+0
51.000000000000028E+0	-8.719534334725497E+0	28.004007938245870E+0
52.000000000000028E+0	-3.964999572959591E+0	16.924980155450310E+0
53.000000000000028E+0	-1.323907124559382E+0	9.454858470599078E+0
54.000000000000028E+0	-3.337994267560040E+0	20.363172455789797E+0
55.000000000000028E+0	-3.979617031747053E+0	26.571225436863063E+0
56.000000000000028E+0	-3.380669707050174E+0	26.329822124159087E+0
57.000000000000028E+0	-4.061573990865764E+0	14.544219364884773E+0
58.000000000000028E+0	-1.536769980719452E+0	3.293169894615320E+0
59.000000000000028E+0	-8.247497609842865E+0	25.332763877312491E+0
60.000000000000028E+0	-21.372854197281455E+0	64.442924877418079E+0
61.000000000000028E+0	-15.368771796738860E+0	46.440968523768461E+0
62.000000000000028E+0	-6.831233226911979E+0	19.058029899426543E+0
63.000000000000028E+0	-14.780073266747246E+0	67.870690996461462E+0
64.000000000000028E+0	-13.049717385793519E+0	105.278027805803890E+0
65.000000000000028E+0	-7.404530454629986E+0	150.740499851278140E+0
66.000000000000028E+0	4.016731718209206E+0	152.599220433005430E+0
67.000000000000028E+0	2.527398105811959E+0	45.964984377323020E+0
68.000000000000028E+0	9.071685000774824E+0	48.274676688225711E+0
69.000000000000028E+0	25.839121026391716E+0	121.367267217664410E+0
70.000000000000028E+0	20.616894119097079E+0	117.881573396932620E+0
71.000000000000028E+0	5.285967759459292E+0	42.363979362331783E+0
72.000000000000028E+0	2.755718771496076E+0	38.347208597178515E+0
73.000000000000028E+0	13.364476873666508E+0	97.299861766821479E+0
74.000000000000028E+0	12.350694808466411E+0	108.824273869903860E+0
75.000000000000028E+0	13.607017851304960E+0	111.172596712479190E+0
76.000000000000028E+0	19.402920989898480E+0	86.812908580865383E+0
77.000000000000028E+0	6.725150893036975E+0	45.450047655085520E+0
78.000000000000028E+0	32.597114586249020E+0	175.049413216530980E+0
79.000000000000028E+0	60.259647758868894E+0	191.476685724374930E+0
80.000000000000028E+0	25.187759971921071E+0	53.458508089509429E+0
81.000000000000028E+0	13.371101861284455E+0	32.907871386699796E+0
82.000000000000028E+0	30.745972803526769E+0	66.370982675452666E+0
83.000000000000028E+0	47.005905545922779E+0	89.944962863932204E+0
84.000000000000028E+0	33.762530616837850E+0	51.569083634321863E+0
85.000000000000028E+0	15.090974558072469E+0	18.438555816007273E+0
86.000000000000028E+0	12.286041868102100E+0	12.838286161793160E+0
87.000000000000028E+0	16.368595493250403E+0	19.041499756158018E+0
88.000000000000028E+0	62.221370347598530E+0	81.384459023072026E+0
89.000000000000028E+0	46.589126689411735E+0	55.941355923216783E+0
90.000000000000028E+0	417.657752715613560E-3	297.913271709400630E-3
91.000000000000028E+0	25.338833951282336E+0	21.129061687441641E+0
92.000000000000028E+0	36.533464195945932E+0	26.950757230223921E+0
93.000000000000028E+0	21.188613589497326E+0	12.666400760748314E+0
94.000000000000028E+0	17.124163103238924E+0	10.399501869997383E+0
95.000000000000028E+0	7.484822018845527E+0	4.755443736158528E+0
96.000000000000028E+0	6.698179251994283E+0	4.202308687273240E+0
97.000000000000028E+0	25.749337723952671E+0	17.367770423754408E+0
98.000000000000028E+0	21.502170722732849E+0	16.526206321578229E+0
99.000000000000028E+0	7.787806509235709E+0	6.202326618636197E+0
100.000000000000030E+0	1.212326470803512E+0	1.546562747711286E+0
101.000000000000030E+0	17.577459848024258E+0	21.090226472554374E+0
102.000000000000030E+0	24.584653596284131E+0	27.738074053410195E+0
103.000000000000030E+0	5.160830620680676E+0	4.742787633332132E+0
104.000000000000030E+0	9.250671516289689E+0	12.733478693857277E+0
105.000000000000030E+0	3.933501998997706E+0	5.239650901010660E+0
106.000000000000030E+0	9.338566978003415E+0	15.955468450567675E+0
107.000000000000030E+0	20.682327316423379E+0	38.777312612114244E+0
108.000000000000030E+0	11.525626527696740E+0	20.855217041062552E+0
109.000000000000030E+0	747.364732880641420E-3	1.435702666998640E+0
110.000000000000030E+0	7.822219712282856E+0	18.945540050712424E+0
111.000000000000030E+0	12.677884628727503E+0	35.546654491850226E+0
112.000000000000030E+0	3.721206531295542E+0	20.349481932616111E+0
113.000000000000030E+0	-1.548638641657486E+0	10.454467505075153E+0
114.000000000000030E+0	124.125765040652120E-3	2.099575181878345E+0
115.000000000000030E+0	4.590186929032028E+0	16.542376989303701E+0
116.000000000000030E+0	1.042141038779036E+0	29.460412408430578E+0
117.000000000000030E+0	-4.605930010247575E+0	54.136208140204985E+0
118.000000000000030E+0	-4.857574876741760E+0	36.939996010901858E+0
119.000000000000030E+0	-2.466786868707890E+0	5.483422006370120E+0
120.000000000000030E+0	-20.628976663294377E+0	137.886920600581450E+0
121.000000000000030E+0	-18.124649614412796E+0	178.874259534428010E+0
122.000000000000030E+0	-6.626492256716451E+0	38.045662307072781E+0
123.000000000000030E+0	-2.732208871328748E+0	98.828963182334704E+0
124.000000000000030E+0	-605.071418637726510E-3	70.992775930605461E+0
125.000000000000030E+0	6.287059374284134E+0	224.976687859657970E+0
126.000000000000030E+0	28.606430815661895E+0	253.433968457420460E+0
127.000000000000030E+0	31.119182376553834E+0	170.072255615923780E+0
128.000000000000030E+0	7.790972459969939E+0	37.571222923764623E+0
129.000000000000030E+0	37.683481744552857E+0	191.437211941447970E+0
130.000000000000030E+0	85.619701561955964E+0	317.894756049176580E+0
131.000000000000030E+0	60.098786352765842E+0	189.853514454537300E+0
132.000000000000030E+0	16.138571086472233E+0	46.936623206040238E+0
133.000000000000030E+0	49.121172150467203E+0	119.640055356796960E+0
134.000000000000030E+0	64.214456690615250E+0	107.965707667648710E+0
135.000000000000030E+0	68.270053110064026E+0	97.457132435027148E+0
136.000000000000030E+0	103.969582885581270E+0	142.274808680110400E+0
137.000000000000030E+0	29.446050743331689E+0	30.872240525782587E+0
138.000000000000030E+0	42.597056786096026E+0	59.289059365906212E+0
139.000000000000030E+0	152.899410811018550E+0	189.286598337567820E+0
140.000000000000030E+0	77.045804413055436E+0	91.745121335970609E+0
141.000000000000030E+0	30.266171388047532E+0	38.905251176351086E+0
142.000000000000030E+0	23.666861924542886E+0	27.606807257177500E+0
143.000000000000030E+0	52.092137796081865E+0	43.239162063780626E+0
144.000000000000030E+0	61.778190631820642E+0	45.642455529492132E+0
145.000000000000030E+0	41.221593710021416E+0	27.520377122318724E+0
146.000000000000030E+0	42.500136961495841E+0	28.466061542746900E+0
147.000000000000030E+0	14.661191529309463E+0	8.207447697442886E+0
148.000000000000030E+0	70.434794933704481E+0	49.330207779683327E+0
149.000000000000030E+0	109.085174393204350E+0	82.706184694744621E+0
150.000000000000030E+0	32.944279624233495E+0	29.406956512544099E+0
151.000000000000030E+0	11.163312257981527E+0	9.482552639141634E+0
152.000000000000030E+0	56.358963192936052E+0	35.228369374692676E+0
153.000000000000030E+0	52.133957423005803E+0	34.140570755779670E+0
154.000000000000030E+0	40.157119888803223E+0	23.428567081163223E+0
155.000000000000030E+0	50.179305583908018E+0	31.184322270361370E+0
156.000000000000030E+0	15.151573491893322E+0	10.068918648552444E+0
157.000000000000030E+0	58.417681985063552E+0	45.810258642335619E+0
158.000000000000030E+0	80.683525178553424E+0	61.676240098144852E+0
159.000000000000030E+0	53.068602111002008E+0	39.828286762882833E+0
160.000000000000030E+0	20.079270949926858E+0	15.432323095638964E+0
161.000000000000030E+0	30.083498037461517E+0	22.228049879718675E+0
162.000000000000030E+0	97.832987731494043E+0	64.501518610232395E+0
163.000000000000030E+0	43.970573110785239E+0	27.251908000188841E+0
164.000000000000030E+0	28.016426361580990E+0	14.061718863145476E+0
165.000000000000030E+0	39.003679637493562E+0	17.417435148590418E+0
166.000000000000030E+0	23.368467176910521E+0	10.992659669536534E+0
167.000000000000030E+0	100.463059022781340E+0	68.320242046008843E+0
168.000000000000030E+0	89.428154281892063E+0	61.167566759866020E+0
169.000000000000030E+0	18.748258508846323E+0	14.801324095747500E+0
170.000000000000030E+0	21.526882508858712E+0	14.000226060273556E+0
171.000000000000030E+0	67.771330760701730E+0	38.879442372293326E+0
172.000000000000030E+0	65.290417892980145E+0	33.042630354847248E+0
173.000000000000030E+0	34.045356234972026E+0	15.286737860029987E+0
174.000000000000030E+0	23.290153535310019E+0	8.778992327616221E+0
175.000000000000030E+0	29.740456274887002E+0	13.600850548509163E+0
176.000000000000030E+0	72.733147148117339E+0	40.909606221763397E+0
177.000000000000030E+0	51.822752119993723E+0	31.301599752097548E+0
178.000000000000030E+0	54.606721868990725E+0	33.204650277658573E+0
179.000000000000030E+0	2.939914942770809E+0	5.751075180555063E+0
180.000000000000030E+0	55.673340296875530E+0	23.614440944118034E+0
181.000000000000030E+0	83.341486664703169E+0	58.044308948632192E+0
182.000000000000030E+0	20.546993160426048E+0	19.095850706810975E+0
183.000000000000030E+0	21.268655418483529E+0	21.825743654643876E+0
184.000000000000030E+0	13.557418074870402E+0	23.827777758784642E+0
185.000000000000030E+0	21.507524194462519E+0	37.436925436226026E+0
186.000000000000030E+0	39.472142114485983E+0	78.457646481828604E+0
187.000000000000030E+0	32.263807763942069E+0	71.980314104777719E+0
188.000000000000030E+0	8.780788707196969E+0	24.470288502840255E+0
189.000000000000030E+0	14.911900235466334E+0	44.194789518712682E+0
190.000000000000030E+0	57.103198681456476E+0	149.907975252221660E+0
191.000000000000030E+0	82.392363222246828E+0	210.798987335660880E+0
192.000000000000030E+0	26.364463761404249E+0	80.858519753407535E+0
193.000000000000030E+0	23.161116751149347E+0	70.878713711536960E+0
194.000000000000030E+0	65.763642709244479E+0	157.537764948406790E+0
195.000000000000030E+0	66.563278689906923E+0	156.721070170086700E+0
196.000000000000030E+0	96.903407388476324E+0	193.504123725812860E+0
197.000000000000030E+0	85.752683575920301E+0	153.680444821385460E+0
198.000000000000030E+0	13.478668134439170E+0	30.203913713749717E+0
199.000000000000030E+0	161.789322466928100E+0	272.868274195793790E+0
200.000000000000030E+0	192.433448418145160E+0	282.945192950564430E+0
201.000000000000030E+0	65.279286666746074E+0	102.621139130476730E+0
202.000000000000030E+0	68.113665804115968E+0	91.185787274620935E+0
203.000000000000030E+0	62.164388586244897E+0	69.824677982296237E+0
204.000000000000030E+0	191.963351502152160E+0	209.265157699353660E+0
205.000000000000030E+0	139.347025799513490E+0	140.882539245943520E+0
206.000000000000030E+0	123.353010133764470E+0	122.771887968996370E+0
207.000000000000030E+0	60.245912725878043E+0	52.884601012848691E+0
208.000000000000030E+0	75.798287755446296E+0	53.163486164349578E+0
209.000000000000030E+0	226.277425015787830E+0	148.354904881315860E+0
210.000000000000030E+0	168.387695787604140E+0	100.812972155268800E+0
211.000000000000030E+0	42.263978018032091E+0	25.657111612451068E+0
212.000000000000030E+0	101.929469504982990E+0	72.494022699828605E+0
213.000000000000030E+0	136.229294733214800E+0	76.255435973643799E+0
214.000000000000030E+0	100.873657183073150E+0	40.561214441028994E+0
215.000000000000030E+0	137.870552295339930E+0	55.747104963958222E+0
216.000000000000030E+0	74.221526098758460E+0	31.903447294939809E+0
217.000000000000030E+0	49.522782385939898E+0	24.366183875619559E+0
218.000000000000030E+0	168.802975087179160E+0	77.383423898671168E+0
219.000000000000030E+0	132.462747434366750E+0	57.270373500654841E+0
220.000000000000030E+0	72.301398254699876E+0	26.331086329364052E+0
221.000000000000030E+0	45.383911930607702E+0	13.136674796732288E+0
222.000000000000030E+0	108.649434561139100E+0	37.850757249718811E+0
223.000000000000030E+0	156.716783679403990E+0	60.377246599039985E+0
224.000000000000030E+0	67.592990975320660E+0	24.662112770069378E+0
225.000000000000030E+0	118.958199859208860E+0	45.180628347428012E+0
226.000000000000030E+0	53.584850114540323E+0	19.988678015838982E+0
227.000000000000030E+0	97.441396610686837E+0	34.510979109735636E+0
228.000000000000030E+0	195.738270595877570E+0	67.381529287557242E+0
229.000000000000030E+0	99.241196937276271E+0	36.121445156023881E+0
230.000000000000030E+0	35.432021586122815E+0	11.773894764594107E+0
231.000000000000030E+0	97.034151716123318E+0	20.881842176271125E+0
232.000000000000030E+0	123.816149180488390E+0	28.725981702432517E+0
233.000000000000030E+0	86.772806389054040E+0	23.538408588064208E+0
234.000000000000030E+0	111.796385816908890E+0	33.016398191918711E+0
235.000000000000030E+0	57.040489009678346E+0	19.608842123572764E+0
236.000000000000030E+0	85.053479701214968E+0	27.222962376805309E+0
237.000000000000030E+0	111.970969395330460E+0	33.829522001352856E+0
238.000000000000030E+0	148.909376641198750E+0	40.305712056182685E+0
239.000000000000030E+0	68.964718885113783E+0	18.830642857072839E+0
240.000000000000030E+0	44.529646763128753E+0	12.944597797782819E+0
241.000000000000030E+0	173.653939196671530E+0	43.232865629835388E+0
242.000000000000030E+0	114.386779091696010E+0	27.093990224537293E+0
243.000000000000030E+0	59.053533515840129E+0	12.974060615626183E+0
244.000000000000030E+0	126.839706579793270E+0	28.118127665100047E+0
245.000000000000030E+0	44.710065984468159E+0	13.545884843579230E+0
246.000000000000030E+0	116.973342200115250E+0	25.640073580899411E+0
247.000000000000030E+0	145.464449709198730E+0	25.624375268708739E+0
248.000000000000030E+0	82.976320226512683E+0	13.494248611982133E+0
249.000000000000030E+0	43.061337562235813E+0	7.848436254447262E+0
250.000000000000030E+0	99.545330296492651E+0	18.426715363284135E+0
251.000000000000030E+0	157.698542068560360E+0	27.665900698601622E+0
252.000000000000030E+0	79.097732317593270E+0	14.317960293602795E+0
253.000000000000030E+0	76.082992995716196E+0	17.106171111088887E+0
254.000000000000030E+0	85.532731533294594E+0	18.515016722216973E+0
255.000000000000030E+0	86.940175227058631E+0	16.478295256181617E+0
256.000000000000060E+0	100.775150868232840E+0	21.846775482046702E+0
257.000000000000060E+0	157.841884853491990E+0	33.173186881118497E+0
258.000000000000060E+0	49.087214107098134E+0	12.334918156302528E+0
259.000000000000060E+0	66.969867143706637E+0	12.151055907809065E+0
260.000000000000060E+0	189.833489965432760E+0	29.275490112918266E+0
261.000000000000060E+0	73.006212285908134E+0	11.807875883737653E+0
262.000000000000060E+0	73.011857057688957E+0	12.812303043162993E+0
263.000000000000060E+0	74.479464775123247E+0	10.292627263460798E+0
264.000000000000060E+0	85.439139390358179E+0	13.436358681370123E+0
265.000000000000060E+0	111.265670265603630E+0	21.401260084984074E+0
266.000000000000060E+0	106.805778426668060E+0	25.741431302907596E+0
267.000000000000060E+0	101.018620106593190E+0	22.967054266961906E+0
268.000000000000060E+0	34.172419660333269E+0	7.136788291402704E+0
269.000000000000060E+0	108.450299789044290E+0	18.635506249545408E+0
270.000000000000060E+0	190.255212831877570E+0	27.720823642111338E+0
271.000000000000060E+0	48.221489007450174E+0	7.315727971040998E+0
272.000000000000060E+0	74.347449109811166E+0	11.807537641453123E+0
273.000000000000060E+0	98.631560837261148E+0	14.632281128731043E+0
274.000000000000060E+0	85.985249586527587E+0	17.335811694802118E+0
275.000000000000060E+0	92.370146874629569E+0	23.188292347774194E+0
276.000000000000060E+0	115.917679458879390E+0	25.836947150343327E+0
277.000000000000060E+0	29.504244230012954E+0	4.271429193269101E+0
278.000000000000060E+0	97.685070279782849E+0	17.069201951194394E+0
279.000000000000060E+0	141.024531484269800E+0	32.570408503418172E+0
280.000000000000060E+0	84.412453264837609E+0	24.102912364425187E+0
281.000000000000060E+0	48.429311997706819E+0	14.476173968834354E+0
282.000000000000060E+0	55.722678700068911E+0	13.958257471149931E+0
283.000000000000060E+0	144.653741365176980E+0	49.442428621399621E+0
284.000000000000060E+0	58.541682632660887E+0	25.691078480281789E+0
285.000000000000060E+0	85.422197286187583E+0	36.582794033643452E+0
286.000000000000060E+0	98.041695972836251E+0	44.245968005264409E+0
287.000000000000060E+0	28.979707611279611E+0	17.923640721584587E+0
288.000000000000060E+0	159.176173329962980E+0	93.830499212628524E+0
289.000000000000060E+0	158.042906598323270E+0	87.921142835577740E+0
290.000000000000060E+0	56.664046570309495E+0	33.163230620593069E+0
291.000000000000060E+0	78.809395473916496E+0	51.051906323555094E+0
292.000000000000060E+0	138.501821143897700E+0	73.983183700711123E+0
293.000000000000060E+0	121.101055251795970E+0	58.386736783276703E+0
294.000000000000060E+0	109.661670255153280E+0	53.879501478219026E+0
295.000000000000060E+0	114.232056358817590E+0	64.246365802719225E+0
296.000000000000060E+0	85.850546984927519E+0	54.758932417582550E+0
297.000000000000060E+0	106.119977658308440E+0	66.360639703240679E+0
298.000000000000060E+0	203.257686738376240E+0	112.933970075560380E+0
299.000000000000060E+0	163.098524458142090E+0	84.335596245418685E+0
300.000000000000060E+0	55.293724443297059E+0	28.601215280485142E+0
301.000000000000060E+0	158.312554121566960E+0	69.546347087214869E+0
302.000000000000060E+0	292.478158105467340E+0	99.759793871121772E+0
303.000000000000060E+0	72.850150324465972E+0	20.202216919625311E+0
304.000000000000060E+0	181.360725411665900E+0	50.839763845418062E+0
305.000000000000060E+0	108.269048322894790E+0	18.782298522498085E+0
306.000000000000060E+0	101.947144621201990E+0	19.087781602362430E+0
307.000000000000060E+0	215.130111324757820E+0	33.679420735969096E+0
308.000000000000060E+0	156.433939950712730E+0	19.852842710530929E+0
309.000000000000060E+0	84.513566173774265E+0	10.400564466185550E+0
310.000000000000060E+0	83.512000578600549E+0	15.677822736566295E+0
311.000000000000060E+0	198.551736492356840E+0	28.878457631479172E+0
312.000000000000060E+0	178.462608758910620E+0	16.069867419008773E+0
313.000000000000060E+0	73.489667759991406E+0	4.216025399892018E+0
314.000000000000060E+0	115.715607106685720E+0	10.543207197703644E+0
315.000000000000060E+0	120.104064232702900E+0	8.785468718461772E+0
316.000000000000060E+0	106.197571753361130E+0	7.543897510733149E+0
317.000000000000060E+0	202.307026865348690E+0	7.639256243515691E+0
318.000000000000060E+0	129.109319161015720E+0	-134.996554198418300E-3
319.000000000000060E+0	35.497649076259748E+0	1.795497147390874E+0
320.000000000000060E+0	190.085355100832710E+0	5.438043369781221E+0
321.000000000000060E+0	196.497685120494000E+0	2.681797415079321E+0
322.000000000000060E+0	72.710812214402182E+0	141.602840130046040E-3
323.000000000000060E+0	96.217128166365256E+0	-1.721612669624122E+0
324.000000000000060E+0	71.998879016342016E+0	-5.934462133166639E+0
325.000000000000060E+0	141.675095676554290E+0	-8.649390641693211E+0
326.000000000000060E+0	127.939914997791760E+0	-4.917376243250036E+0
327.000000000000060E+0	109.672807199446960E+0	-3.255031933464209E+0
328.000000000000060E+0	79.662281084557520E+0	-546.683010319669820E-3
329.000000000000060E+0	52.299491962240793E+0	2.853483820060301E+0
330.000000000000060E+0	208.941737253161280E+0	2.597396481513791E+0
331.000000000000060E+0	101.580078370042980E+0	584.406843110510720E-3
332.000000000000060E+0	43.794484868464494E+0	-182.673948646549760E-3
333.000000000000060E+0	78.467592218137682E+0	438.174606943708860E-3
334.000000000000060E+0	108.405291276852910E+0	7.920531740111554E+0
335.000000000000060E+0	80.329927293662067E+0	12.941688218596024E+0
336.000000000000060E+0	119.284151543681790E+0	39.333542468066554E+0
337.000000000000060E+0	52.464186268199526E+0	31.333546798428227E+0
338.000000000000060E+0	43.421102321455841E+0	31.136970688433831E+0
339.000000000000060E+0	152.566286879233130E+0	137.987480423941240E+0
340.000000000000060E+0	149.038068980452640E+0	148.572298075097760E+0
341.000000000000060E+0	105.649697533395010E+0	103.709557338118430E+0
342.000000000000060E+0	71.403001447293718E+0	58.317757414069852E+0
343.000000000000060E+0	167.839735127012600E+0	92.667972696389796E+0
344.000000000000060E+0	268.585287890169180E+0	113.263874932680070E+0
345.000000000000060E+0	136.994539128379810E+0	53.493930743325713E+0
346.000000000000060E+0	194.256562506385530E+0	59.382847580409546E+0
347.000000000000060E+0	98.064237607997157E+0	25.633397765125618E+0
348.000000000000060E+0	153.221211263827460E+0	40.224592350623368E+0
349.000000000000060E+0	339.776441725592690E+0	56.970614312372859E+0
350.000000000000060E+0	139.146734920437210E+0	19.225124095954762E+0
351.000000000000060E+0	79.225526134657599E+0	10.880496114145759E+0
352.000000000000060E+0	141.078444768627150E+0	18.362613357307307E+0
353.000000000000060E+0	192.111139875242140E+0	21.308181537208505E+0
354.000000000000060E+0	182.888386273522370E+0	18.657661550353829E+0
355.000000000000060E+0	133.627416659015610E+0	12.768372714628331E+0
356.000000000000060E+0	96.524164709770389E+0	7.344931371596770E+0
357.000000000000060E+0	125.816188648811180E+0	11.463777874539010E+0
358.000000000000060E+0	197.220498980851570E+0	11.486388973043455E+0
359.000000000000060E+0	195.238845217054230E+0	9.363924731528096E+0
360.000000000000060E+0	124.231236451744730E+0	3.216948375390011E+0
361.000000000000060E+0	57.428851055441918E+0	6.592219099843943E+0
362.000000000000060E+0	272.163555553475020E+0	15.339846114186480E+0
363.000000000000060E+0	161.617063866211450E+0	4.624893810192999E+0
364.000000000000060E+0	120.341486323156540E+0	5.682182395558213E+0
365.000000000000060E+0	129.224495896746160E+0	2.619985545590096E+0
366.000000000000060E+0	79.586324987088361E+0	1.828674227140837E+0
367.000000000000060E+0	167.667091181736790E+0	2.552377801924942E+0
368.000000000000060E+0	227.183465296481560E+0	-2.735355190846620E+0
369.000000000000060E+0	93.720882560088427E+0	-3.697464939798832E+0
370.000000000000060E+0	85.404608680978214E+0	174.818766286600510E-3
371.000000000000060E+0	121.972381728961950E+0	1.154724075593023E+0
372.000000000000060E+0	219.184545579561390E+0	-6.051618213905219E+0
373.000000000000060E+0	134.367414457818850E+0	-6.064519984681021E+0
374.000000000000060E+0	74.370374060696960E+0	-3.343807377034580E+0
375.000000000000060E+0	104.655995144378540E+0	-2.236549040245330E+0
376.000000000000060E+0	120.365548013719580E+0	-1.522394761439888E+0
377.000000000000060E+0	145.276156297218650E+0	2.116711925320538E+0
378.000000000000060E+0	167.257296730457990E+0	8.282197138396551E+0
379.000000000000060E+0	59.760471620096588E+0	5.602248370447491E+0
380.000000000000060E+0	94.278966434257541E+0	4.134902674042169E+0
381.000000000000060E+0	243.515776668080210E+0	18.688345763786980E+0
382.000000000000060E+0	114.370813502361710E+0	13.535054322225744E+0
383.000000000000060E+0	104.589996249801540E+0	18.974919449227180E+0
384.000000000000060E+0	81.201321741535324E+0	16.721405019643917E+0
385.000000000000060E+0	128.863613439979420E+0	25.228874134061670E+0
386.000000000000060E+0	214.795174837584000E+0	39.142441516172724E+0
387.000000000000060E+0	124.490828505809350E+0	21.588403097457309E+0
388.000000000000060E+0	121.379923831988890E+0	18.191449504477362E+0
389.000000000000060E+0	50.243239941886685E+0	8.232678027304155E+0
390.000000000000060E+0	167.289632154501110E+0	15.447532062267328E+0
391.000000000000060E+0	242.075819227043670E+0	28.359980314603273E+0
392.000000000000060E+0	106.211630785921300E+0	16.170652497861290E+0
393.000000000000060E+0	68.876530069178202E+0	19.473889608498386E+0
394.000000000000060E+0	157.565115310650580E+0	50.140036060740080E+0
395.000000000000060E+0	121.925115109879060E+0	46.013156241653789E+0
396.000000000000060E+0	203.119809877807430E+0	57.422885332442981E+0
397.000000000000060E+0	135.652779578722230E+0	38.356312754198576E+0
398.000000000000060E+0	56.171102656169786E+0	18.683771679207911E+0
399.000000000000060E+0	154.146633423097170E+0	34.574898352204229E+0
400.000000000000060E+0	252.091565563630350E+0	36.214789019178355E+0
401.000000000000060E+0	172.725882679906530E+0	24.084059730837939E+0
402.000000000000060E+0	114.598615437092280E+0	16.778896365999753E+0
403.000000000000060E+0	83.930305425222670E+0	17.877112641060485E+0
404.000000000000060E+0	279.573823473277000E+0	46.541668218789120E+0
405.000000000000060E+0	161.805414256084960E+0	14.754277799878043E+0
406.000000000000060E+0	161.619033003627380E+0	21.268825504341542E+0
407.000000000000060E+0	138.890590274553660E+0	11.340280933432583E+0
408.000000000000060E+0	63.489888357281771E+0	7.711042461044741E+0
409.000000000000060E+0	279.699009033138850E+0	7.717203300457305E+0
410.000000000000060E+0	219.920900228675630E+0	-10.038057343895611E+0
411.000000000000060E+0	78.316406999747713E+0	-7.264690841987083E+0
412.000000000000060E+0	93.938500586634319E+0	-4.441581255609789E+0
413.000000000000060E+0	175.289088141331320E+0	-595.400687521482010E-3
414.000000000000060E+0	188.376705237985730E+0	-3.385023632766966E+0
415.000000000000060E+0	164.481770119286120E+0	-6.002294643750330E+0
416.000000000000060E+0	85.227207950619061E+0	-6.777057098635590E+0
417.000000000000060E+0	82.521781763578161E+0	-5.186008292467204E+0
418.000000000000060E+0	164.359474209248330E+0	-13.014162177979113E+0
419.000000000000060E+0	188.997371222709350E+0	-18.031221944400244E+0
420.000000000000060E+0	170.371189898360740E+0	-18.194639551047089E+0
421.000000000000060E+0	36.762859386368277E+0	-7.352740210968666E+0
422.000000000000060E+0	151.845490943955550E+0	-1.543690093108984E+0
423.000000000000060E+0	238.156993053916210E+0	-9.169521076222612E+0
424.000000000000060E+0	107.228523691498910E+0	-6.433627719877376E+0
425.000000000000060E+0	128.000112281583880E+0	-8.378992389236490E+0
426.000000000000060E+0	72.356382269068263E+0	-10.700109936905204E+0
427.000000000000060E+0	98.037142221378602E+0	-11.672753618038424E+0
428.000000000000060E+0	253.401662788115710E+0	-22.205534897021781E+0
429.000000000000060E+0	113.703848661223520E+0	-16.502324979010865E+0
430.000000000000060E+0	85.826728265768821E+0	-7.590182962288493E+0
431.000000000000060E+0	62.483575146829118E+0	-3.039728287847787E+0
432.000000000000060E+0	181.277565292069940E+0	-289.238999169005860E-3
433.000000000000060E+0	154.094391135499050E+0	965.485676676727020E-3
434.000000000000060E+0	68.709112231715053E+0	-1.966598567633170E+0
435.000000000000060E+0	59.832255247769510E+0	-2.387232604292493E+0
436.000000000000060E+0	98.504962430504946E+0	4.438811931924996E+0
437.000000000000060E+0	119.882188800777360E+0	19.567423028089628E+0
438.000000000000060E+0	171.729791518692450E+0	43.212994314671512E+0
439.000000000000060E+0	98.743865617499679E+0	36.993932766364196E+0
440.000000000000060E+0	18.540283245109812E+0	7.431299045096710E+0
441.000000000000060E+0	181.694758105851580E+0	68.503586546814262E+0
442.000000000000060E+0	168.451418126243680E+0	88.439231697085290E+0
443.000000000000060E+0	101.811683102436210E+0	65.852071546739864E+0
444.000000000000060E+0	106.898716678921420E+0	80.332956175711956E+0
445.000000000000060E+0	63.781769868157688E+0	48.537056767754223E+0
446.000000000000060E+0	220.356390787832480E+0	141.522058767814060E+0
447.000000000000060E+0	250.852897565661210E+0	146.781162474848910E+0
448.000000000000060E+0	178.564129682495290E+0	90.592010953629170E+0
449.000000000000060E+0	115.405872004695420E+0	40.721110043793580E+0
450.000000000000060E+0	120.552322618252250E+0	34.070038197650106E+0
451.000000000000060E+0	455.412878358257960E+0	106.773590943689470E+0
452.000000000000060E+0	271.480071547905420E+0	44.472906891774180E+0
453.000000000000060E+0	97.165106700477850E+0	19.151075245902962E+0
454.000000000000060E+0	148.384994618809030E+0	18.274435425242590E+0
455.000000000000060E+0	184.760456274545760E+0	11.195938965201897E+0
456.000000000000060E+0	245.516451436450240E+0	2.625489195463918E+0
457.000000000000060E+0	236.644927123061880E+0	-3.218953912690249E+0
458.000000000000060E+0	128.997328748629140E+0	-2.976493490111361E+0
459.000000000000060E+0	74.142426970480599E+0	1.624439188384718E+0
460.000000000000060E+0	330.914652341893710E+0	-7.982200861641760E+0
461.000000000000060E+0	202.841421669877120E+0	-5.050524361568546E+0
462.000000000000060E+0	154.919319291301920E+0	-4.508748477641998E+0
463.000000000000060E+0	69.581255373779129E+0	1.119191883251420E+0
464.000000000000060E+0	155.993598422750210E+0	-9.878052213228541E+0
465.000000000000060E+0	220.091485071019800E+0	-16.973894982513720E+0
466.000000000000060E+0	136.379066619581210E+0	-6.232564665270722E+0
467.000000000000060E+0	147.338947586191240E+0	1.713457087729767E+0
468.000000000000060E+0	57.928737215014202E+0	3.490275780325999E+0
469.000000000000060E+0	134.011512235554140E+0	9.139094681625137E+0
470.000000000000060E+0	268.545090752730000E+0	42.029300423979677E+0
471.000000000000060E+0	103.010806500909070E+0	24.408955780523424E+0
472.000000000000060E+0	53.817588165318781E+0	23.517995075095932E+0
473.000000000000060E+0	97.843911967657945E+0	68.453627863103620E+0
474.000000000000060E+0	172.406294343150560E+0	139.057232202509970E+0
475.000000000000060E+0	234.416051096145030E+0	210.207109056313190E+0
476.000000000000060E+0	186.739440017685810E+0	176.120954618097160E+0
477.000000000000060E+0	132.320144090034460E+0	100.899235001023740E+0
478.000000000000060E+0	171.530184397149210E+0	97.975001422971090E+0
479.000000000000060E+0	469.405015891285070E+0	174.010386773248110E+0
480.000000000000060E+0	343.001324519392880E+0	70.992525072941902E+0
481.000000000000060E+0	183.170085268296330E+0	13.883630693617125E+0
482.000000000000060E+0	109.581730574996330E+0	16.056430561217851E+0
483.000000000000060E+0	423.740500382754080E+0	29.326410190839635E+0
484.000000000000060E+0	339.592107939685320E+0	-4.164284918759050E+0
485.000000000000060E+0	191.702418610237030E+0	4.955106640560730E+0
486.000000000000060E+0	206.946279911288170E+0	-11.769463717298564E+0
487.000000000000060E+0	75.140705996338738E+0	-4.444326460679077E+0
488.000000000000060E+0	363.011730281408400E+0	-19.834372893812212E+0
489.000000000000060E+0	353.471033802024070E+0	-39.193457941297005E+0
490.000000000000060E+0	166.629405396171930E+0	-28.432955884484425E+0
491.000000000000060E+0	94.718832405880533E+0	-8.497135840256460E+0
492.000000000000060E+0	221.689645903403740E+0	-22.268620199382838E+0
493.000000000000060E+0	310.844362050926350E+0	-39.786378555170053E+0
494.000000000000060E+0	213.324614190139160E+0	-35.395985730279619E+0
495.000000000000060E+0	118.406689427485550E+0	-25.440290752562319E+0
496.000000000000060E+0	138.271401237391840E+0	-29.612802438923733E+0
497.000000000000060E+0	184.114654573275940E+0	-30.526000879985311E+0
498.000000000000060E+0	339.625505126597320E+0	-47.682763421873020E+0
499.000000000000060E+0	243.023237905557240E+0	-42.145619033291858E+0
500.000000000000060E+0	76.290174805718905E+0	-16.768467562815090E+0
501.000000000000060E+0	132.983286989760640E+0	-20.483556861322477E+0
502.000000000000060E+0	373.285857423322680E+0	-63.628216910250011E+0
503.000000000000060E+0	194.743982709579480E+0	-42.870711231008485E+0
504.000000000000060E+0	136.180369508002680E+0	-35.447926457885259E+0
505.000000000000060E+0	143.558108172159790E+0	-35.484992799229396E+0
506.000000000000060E+0	128.844671244642650E+0	-25.811418304817067E+0
507.000000000000060E+0	341.475115067634480E+0	-62.286675765363235E+0
508.000000000000060E+0	186.237532057096360E+0	-38.863677606874795E+0
509.000000000000060E+0	137.392287499961130E+0	-28.356749544176267E+0
510.000000000000060E+0	49.889930389341075E+0	-17.405480589164753E+0
511.000000000000060E+0	282.912202588150530E+0	-63.209058319595819E+0
512.000000000000110E+0	339.689895682984000E+0	-73.896269883523729E+0
513.000000000000110E+0	124.091005524104390E+0	-29.888566174009107E+0
514.000000000000110E+0	106.982978450122190E+0	-23.126355396663953E+0
515.000000000000110E+0	134.665746500211300E+0	-30.655885020492576E+0
516.000000000000110E+0	166.710278044360170E+0	-39.612261478943431E+0
517.000000000000110E+0	264.817874567178310E+0	-56.980911275998835E+0
518.000000000000110E+0	187.462097395029700E+0	-38.871257017972439E+0
519.000000000000110E+0	40.748494868430718E+0	-9.746069983833104E+0
520.000000000000110E+0	213.439309267636960E+0	-42.631967178639385E+0
521.000000000000110E+0	298.962748768034030E+0	-56.912576186763452E+0
522.000000000000110E+0	187.283399427379180E+0	-36.338082704950821E+0
523.000000000000110E+0	84.703139900706660E+0	-14.245570085193432E+0
524.000000000000110E+0	92.030590330368000E+0	-16.515460452664588E+0
525.000000000000110E+0	212.878032176886390E+0	-33.908176260447455E+0
526.000000000000110E+0	251.144702988042210E+0	-31.695698013554058E+0
527.000000000000110E+0	181.408421555217220E+0	-14.556356638561507E+0
528.000000000000110E+0	150.987570539330680E+0	-12.185564562225167E+0
529.000000000000110E+0	66.746386252159851E+0	-12.178338233188319E+0
530.000000000000110E+0	401.213511882019530E+0	-70.710730952372756E+0
531.000000000000110E+0	298.023886639054980E+0	-52.371147097466711E+0
532.000000000000110E+0	72.870854270142303E+0	-13.601556771389687E+0
533.000000000000110E+0	114.433315415500060E+0	-29.610985344408874E+0
534.000000000000110E+0	163.983838340583650E+0	-44.703293181440650E+0
535.000000000000110E+0	264.317073006777600E+0	-63.054543827183032E+0
536.000000000000110E+0	224.586927793418620E+0	-49.033777313561764E+0
537.000000000000110E+0	128.453101909625810E+0	-30.143726448168017E+0
538.000000000000110E+0	58.158978097332394E+0	-16.852973462537999E+0
539.000000000000110E+0	258.398692561692940E+0	-66.773022827721590E+0
540.000000000000110E+0	261.973759811887870E+0	-70.911891958657407E+0
541.000000000000110E+0	178.176949135444690E+0	-51.138381111662667E+0
542.000000000000110E+0	46.200250782199404E+0	-13.408399072334751E+0
543.000000000000110E+0	189.928672640970660E+0	-48.614590287028520E+0
544.000000000000110E+0	275.164900374009450E+0	-74.140185264932512E+0
545.000000000000110E+0	155.293620074696060E+0	-48.064263784562186E+0
546.000000000000110E+0	175.200970933121740E+0	-54.577289783373864E+0
547.000000000000110E+0	82.753261360174605E+0	-22.365451465974100E+0
548.000000000000110E+0	112.883303955589920E+0	-32.659419326105215E+0
549.000000000000110E+0	379.034312963379420E+0	-113.535921356419270E+0
550.000000000000110E+0	191.133479516044700E+0	-57.642981415228100E+0
551.000000000000110E+0	70.350285597988787E+0	-17.941345297022842E+0
552.000000000000110E+0	109.926876248385180E+0	-33.765729187324105E+0
553.000000000000110E+0	218.724063671313620E+0	-72.514311148123681E+0
554.000000000000110E+0	280.496265509993410E+0	-88.819122073262932E+0
555.000000000000110E+0	109.380698904126830E+0	-32.046770954315640E+0
556.000000000000110E+0	117.045037760615060E+0	-35.023810397789958E+0
557.000000000000110E+0	86.993094044401019E+0	-29.979775306629762E+0
558.000000000000110E+0	231.009899525311820E+0	-70.603234562880317E+0
559.000000000000110E+0	277.692742213137020E+0	-85.315835779490371E+0
560.000000000000110E+0	122.821804876107110E+0	-39.581344949347780E+0
561.000000000000110E+0	38.078274755905319E+0	-14.367091758009256E+0
562.000000000000110E+0	278.197886955710320E+0	-95.444219049798463E+0
563.000000000000110E+0	237.229022388773330E+0	-84.209627881582719E+0
564.000000000000110E+0	125.880439014464710E+0	-46.296024831733312E+0
565.000000000000110E+0	132.667210510252600E+0	-46.761890206439531E+0
566.000000000000110E+0	57.115599968926496E+0	-17.931053127868360E+0
567.000000000000110E+0	209.664168063713250E+0	-70.203223024365485E+0
568.000000000000110E+0	230.546450361228780E+0	-82.571062236772917E+0
569.000000000000110E+0	162.109177947216210E+0	-58.278467945272631E+0
570.000000000000110E+0	60.106054485761263E+0	-21.066680616836514E+0
571.000000000000110E+0	130.542048685731090E+0	-38.858678361769904E+0
572.000000000000110E+0	297.752157690812850E+0	-96.126092338875736E+0
573.000000000000110E+0	199.857620334742280E+0	-62.859478094326519E+0
574.000000000000110E+0	61.977202254835241E+0	-13.913428353388184E+0
575.000000000000110E+0	109.166529956567810E+0	-36.090009513887090E+0
576.000000000000110E+0	93.414981199474525E+0	-33.411233426043474E+0
577.000000000000110E+0	234.059851254863640E+0	-75.090557532817286E+0
578.000000000000110E+0	218.519090384608550E+0	-67.185797079838210E+0
579.000000000000110E+0	69.395067637516178E+0	-22.741250752339113E+0
580.000000000000110E+0	74.329974896580012E+0	-16.765054989434773E+0
581.000000000000110E+0	270.189871212594650E+0	-66.577780362184910E+0
582.000000000000110E+0	192.786101135654750E+0	-48.761840135780531E+0
583.000000000000110E+0	90.765989249629953E+0	-22.772884700350474E+0
584.000000000000110E+0	67.180767917017363E+0	-19.957368466545940E+0
585.000000000000110E+0	105.219983841202550E+0	-24.212086504421226E+0
586.000000000000110E+0	203.528614276081210E+0	-39.014464092918374E+0
587.000000000000110E+0	156.598319744989770E+0	-20.356892595981058E+0
588.000000000000110E+0	150.684742696648470E+0	-8.966973469306607E+0
589.000000000000110E+0	35.426832249054158E+0	2.001975172004816E+0
590.000000000000110E+0	208.609156781509990E+0	29.272241625406441E+0
591.000000000000110E+0	347.560731553715810E+0	57.515076920848877E+0
592.000000000000110E+0	142.239102585119470E+0	27.419441716066352E+0
593.000000000000110E+0	81.836352186973045E+0	14.287760845862667E+0
594.000000000000110E+0	141.971825987107480E+0	6.281404947789134E+0
595.000000000000110E+0	213.300920195353770E+0	1.132838632251282E+0
596.000000000000110E+0	284.666628415027900E+0	-10.785828338379025E+0
597.000000000000110E+0	218.248241363250230E+0	-20.695196912178677E+0
598.000000000000110E+0	76.614461656096864E+0	-10.565182259771898E+0
599.000000000000110E+0	170.806440654365450E+0	-15.495914490181287E+0
600.000000000000110E+0	346.355342369641620E+0	-40.770232764877974E+0
601.000000000000110E+0	315.262312674438420E+0	-47.887806344977697E+0
602.000000000000110E+0	78.765104201226421E+0	-15.523924407864524E+0
603.000000000000110E+0	103.821855761863700E+0	-18.227070905091978E+0
604.000000000000110E+0	233.338665887098560E+0	-52.049002557444680E+0
605.000000000000110E+0	229.330717846423060E+0	-61.182866666961921E+0
606.000000000000110E+0	179.484136529161300E+0	-43.224573682952823E+0
607.000000000000110E+0	164.535204030163270E+0	-40.646516265482461E+0
608.000000000000110E+0	44.065939585690124E+0	-10.492347960127569E+0
609.000000000000110E+0	372.959323077314370E+0	-83.937155012975040E+0
610.000000000000110E+0	328.883434912183300E+0	-81.189761424504653E+0
611.000000000000110E+0	121.540509583051090E+0	-25.571996642793252E+0
612.000000000000110E+0	63.018775744513960E+0	-14.628039975773641E+0
613.000000000000110E+0	161.673301992338450E+0	-46.424345268259195E+0
614.000000000000110E+0	263.253285951620740E+0	-74.749481334188147E+0
615.000000000000110E+0	183.673298561524010E+0	-53.549250910715294E+0
616.000000000000110E+0	135.309921123884490E+0	-31.522849756212217E+0
617.000000000000110E+0	75.772959740311180E+0	-20.442785511298592E+0
618.000000000000110E+0	151.559342086003800E+0	-40.044555075940742E+0
619.000000000000110E+0	314.272567705906910E+0	-88.474791755866278E+0
620.000000000000110E+0	249.258741261366200E+0	-73.124338253492766E+0
621.000000000000110E+0	38.611401936814822E+0	-13.404787772216446E+0
622.000000000000110E+0	155.072575606417500E+0	-46.943432155373230E+0
623.000000000000110E+0	277.447912271146040E+0	-93.222333654652289E+0
624.000000000000110E+0	167.420793560203490E+0	-56.976686301830327E+0
625.000000000000110E+0	144.157150924077830E+0	-45.206159977923129E+0
626.000000000000110E+0	86.168028846754709E+0	-27.994145106796196E+0
627.000000000000110E+0	85.903759351306391E+0	-29.400699311230881E+0
628.000000000000110E+0	280.202184555437440E+0	-102.878324841959210E+0
629.000000000000110E+0	219.542258575836600E+0	-86.501451186631073E+0
630.000000000000110E+0	99.509967453175619E+0	-37.302032696811217E+0
631.000000000000110E+0	55.889925679907876E+0	-21.772857505662522E+0
632.000000000000110E+0	216.788893974649280E+0	-79.425395981084918E+0
633.000000000000110E+0	287.733312468103690E+0	-106.094207201622790E+0
634.000000000000110E+0	81.127311026349872E+0	-29.639831255716121E+0
635.000000000000110E+0	101.257822429438560E+0	-38.665395198301127E+0
636.000000000000110E+0	57.082845654224592E+0	-23.977025591848466E+0
637.000000000000110E+0	163.330637504041360E+0	-55.592908962320372E+0
638.000000000000110E+0	224.074037638712010E+0	-71.914507635572804E+0
639.000000000000110E+0	143.343358402381800E+0	-47.034148322144418E+0
640.000000000000110E+0	18.933119174140653E+0	-5.908885485080946E+0
641.000000000000110E+0	169.675935737028620E+0	-46.190583768313360E+0
642.000000000000110E+0	203.726611446357400E+0	-48.616213646876375E+0
643.000000000000110E+0	126.223347296221700E+0	-26.229790671698151E+0
644.000000000000110E+0	74.304217869452017E+0	-12.996655730343932E+0
645.000000000000110E+0	54.386803222470334E+0	-8.217631370174368E+0
646.000000000000110E+0	132.518121672552690E+0	-3.479656337806051E+0
647.000000000000110E+0	154.119625369830060E+0	12.809951778905504E+0
648.000000000000110E+0	143.725878452967660E+0	21.953228315152565E+0
649.000000000000110E+0	59.869472226635125E+0	12.794808792954527E+0
650.000000000000110E+0	41.633612991425061E+0	11.051436148509216E+0
651.000000000000110E+0	312.420914227665210E+0	106.797846537599940E+0
652.000000000000110E+0	265.251986316989300E+0	97.588458645604618E+0
653.000000000000110E+0	67.231397987742397E+0	23.744628977357941E+0
654.000000000000110E+0	136.107640515256970E+0	42.525528456945594E+0
655.000000000000110E+0	140.198779397537180E+0	38.141088486086446E+0
656.000000000000110E+0	287.836801088715500E+0	70.790248928849451E+0
657.000000000000110E+0	312.362388673041270E+0	50.791321175576684E+0
658.000000000000110E+0	133.888047394659030E+0	10.892546313840842E+0
659.000000000000110E+0	51.373503056159180E+0	3.403466718988429E+0
660.000000000000110E+0	291.737058886292520E+0	-2.104694174061755E+0
661.000000000000110E+0	370.136360061447590E+0	-26.296538905830495E+0
662.000000000000110E+0	192.626280334763830E+0	-21.328581239948083E+0
663.000000000000110E+0	70.399098625129525E+0	-7.167941063958018E+0
664.000000000000110E+0	141.246549020598000E+0	-20.998938811634328E+0
665.000000000000110E+0	317.575915790032130E+0	-50.832754138212536E+0
666.000000000000110E+0	170.829713877210960E+0	-26.029980808501925E+0
667.000000000000110E+0	257.375677271896280E+0	-40.426108422712353E+0
668.000000000000110E+0	52.459131313773696E+0	-14.001639972669651E+0
669.000000000000110E+0	172.242879769663030E+0	-24.589778743839709E+0
670.000000000000110E+0	399.225195368976070E+0	-66.595807899068035E+0
671.000000000000110E+0	193.226341379836700E+0	-35.823078579488843E+0
672.000000000000110E+0	60.742065289120923E+0	-11.174175675099375E+0
673.000000000000110E+0	113.530956946359010E+0	-11.671781039381234E+0
674.000000000000110E+0	176.626406620588060E+0	-13.649711552853484E+0
675.000000000000110E+0	284.264419234560880E+0	-17.182711346004158E+0
676.000000000000110E+0	156.581765607386700E+0	-8.134553655219486E+0
677.000000000000110E+0	108.016804456429010E+0	-5.339019761160070E+0
678.000000000000110E+0	69.916334979924372E+0	-8.440602219891513E+0
679.000000000000110E+0	293.541386492283270E+0	-19.305451243919215E+0
680.000000000000110E+0	398.215444966368750E+0	-22.712128581850695E+0
681.000000000000110E+0	131.582204836943080E+0	-11.917702149785654E+0
682.000000000000110E+0	60.003817825799238E+0	-5.350579331443579E+0
683.000000000000110E+0	279.796633038143450E+0	-28.891205394773426E+0
684.000000000000110E+0	273.088231747753180E+0	-36.126278352439527E+0
685.000000000000110E+0	154.729334594064680E+0	-22.811529720876415E+0
686.000000000000110E+0	179.964835848074840E+0	-29.265070077405618E+0
687.000000000000110E+0	28.149495527677196E+0	-8.510394220896456E+0
688.000000000000110E+0	260.598269978492680E+0	-55.340825411135896E+0
689.000000000000110E+0	366.262413730134650E+0	-83.846677113956389E+0
690.000000000000110E+0	184.444938733616650E+0	-47.342218039111856E+0
691.000000000000110E+0	72.857557370505447E+0	-23.831136860100891E+0
692.000000000000110E+0	126.928446243315850E+0	-27.437988208510397E+0
693.000000000000110E+0	389.501411807231700E+0	-95.113949571097720E+0
694.000000000000110E+0	191.718607628674960E+0	-52.517378644408623E+0
695.000000000000110E+0	120.224716611130450E+0	-41.735534320910560E+0
696.000000000000110E+0	112.845716605750980E+0	-35.998377690879451E+0
697.000000000000110E+0	99.187659544020519E+0	-33.580597864384984E+0
698.000000000000110E+0	282.724522000810510E+0	-89.817678517760200E+0
699.000000000000110E+0	323.847979097021040E+0	-100.429961568426880E+0
700.000000000000110E+0	55.609446409396277E+0	-18.814685126829424E+0
701.000000000000110E+0	81.696748691332786E+0	-29.119654956263492E+0
702.000000000000110E+0	258.360891859749700E+0	-86.693276741040833E+0
703.000000000000110E+0	242.205741681884010E+0	-83.157453319324432E+0
704.000000000000110E+0	128.770930814361240E+0	-52.388116453459816E+0
705.000000000000110E+0	101.238671331250230E+0	-39.971584496227884E+0
706.000000000000110E+0	85.719487910082719E+0	-27.565756767470834E+0
707.000000000000110E+0	261.592666829033130E+0	-90.987812358675484E+0
708.000000000000110E+0	216.736084856312890E+0	-80.055233337234156E+0
709.000000000000110E+0	170.763646946043850E+0	-60.346985569973448E+0
710.000000000000110E+0	23.687173011806077E+0	-10.660895495106512E+0
711.000000000000110E+0	220.592240629003810E+0	-79.390227666419719E+0
712.000000000000110E+0	371.076320180628270E+0	-142.116290049212860E+0
713.000000000000110E+0	98.346310824696260E+0	-44.417313875363547E+0
714.000000000000110E+0	87.077809306359086E+0	-32.980291503734406E+0
715.000000000000110E+0	72.155558640897013E+0	-26.119389437243512E+0
716.000000000000110E+0	120.141789405820490E+0	-47.224726193021254E+0
717.000000000000110E+0	257.596064476496280E+0	-102.947976206479280E+0
718.000000000000110E+0	184.227121865233810E+0	-74.649765954547263E+0
719.000000000000110E+0	51.893501374205357E+0	-21.779914038868231E+0
720.000000000000110E+0	108.871648738915750E+0	-42.739430482287425E+0
721.000000000000110E+0	289.112118221876700E+0	-110.748878828944110E+0
722.000000000000110E+0	243.110972257693050E+0	-92.080984987277844E+0
723.000000000000110E+0	77.117754005118570E+0	-29.441955219204726E+0
724.000000000000110E+0	70.654400819695255E+0	-30.719648591286557E+0
725.000000000000110E+0	194.095568875284640E+0	-74.558144621971309E+0
726.000000000000110E+0	158.294687935519680E+0	-64.617019091780804E+0
727.000000000000110E+0	205.623792624806440E+0	-88.094701627719758E+0
728.000000000000110E+0	103.516882332571900E+0	-45.439730394272082E+0
729.000000000000110E+0	20.984192168914017E+0	-7.992737689223415E+0
730.000000000000110E+0	271.434690692588220E+0	-95.208554266567830E+0
731.000000000000110E+0	308.692248236703900E+0	-112.577823647296140E+0
732.000000000000110E+0	71.225660760769074E+0	-26.943795533783636E+0
733.000000000000110E+0	80.011152285239660E+0	-32.101030861275355E+0
734.000000000000110E+0	77.259263576719320E+0	-31.941012442971111E+0
735.000000000000110E+0	246.344885941692520E+0	-99.602197105554211E+0
736.000000000000110E+0	179.482442419971870E+0	-77.583474272003997E+0
737.000000000000110E+0	134.475063052068520E+0	-59.492897594674865E+0
738.000000000000110E+0	47.775152090945667E+0	-22.127246214225572E+0
739.000000000000110E+0	139.262189350813430E+0	-58.980279898310428E+0
740.000000000000110E+0	338.201570549194800E+0	-144.363811642464780E+0
741.000000000000110E+0	206.779250417604540E+0	-90.929713838569071E+0
742.000000000000110E+0	32.795909362883087E+0	-16.305900052319163E+0
743.000000000000110E+0	125.473398897037330E+0	-55.648124723943361E+0
744.000000000000110E+0	197.713675276215580E+0	-89.257846106386268E+0
745.000000000000110E+0	124.861189010216520E+0	-60.422440287759244E+0
746.000000000000110E+0	152.491648622176800E+0	-68.688420614304292E+0
747.000000000000110E+0	60.515904454804151E+0	-30.462446088985956E+0
748.000000000000110E+0	62.336235491981441E+0	-29.163975274387582E+0
749.000000000000110E+0	265.879988392483140E+0	-127.994921250014930E+0
750.000000000000110E+0	207.749385017659680E+0	-101.268762083750600E+0
751.000000000000110E+0	76.590795993765752E+0	-38.870200901672710E+0
752.000000000000110E+0	34.587613380494275E+0	-15.976423952432654E+0
753.000000000000110E+0	170.784031943962820E+0	-82.252142550350769E+0
754.000000000000110E+0	257.575661524283360E+0	-125.097835511292060E+0
755.000000000000110E+0	112.844221910777920E+0	-55.257038395074595E+0
756.000000000000110E+0	107.317027469702030E+0	-50.022157105104036E+0
757.000000000000110E+0	54.166747529976305E+0	-28.691043333883293E+0
758.000000000000110E+0	149.590109610346620E+0	-72.930029923861312E+0
759.000000000000110E+0	322.804027271767270E+0	-155.525671285903800E+0
760.000000000000110E+0	109.510410500763360E+0	-55.052939166952612E+0
761.000000000000110E+0	18.489588360371549E+0	-10.470627258765539E+0
762.000000000000110E+0	145.523254871738770E+0	-74.514792791373310E+0
763.000000000000110E+0	228.827732942682960E+0	-114.163566164906370E+0
764.000000000000110E+0	106.104951189470940E+0	-55.799376237713162E+0
765.000000000000110E+0	93.422407349449628E+0	-49.494255532237304E+0
766.000000000000110E+0	27.575518868326867E+0	-16.797477451309280E+0
767.000000000000110E+0	124.947864054344680E+0	-60.955897966926706E+0
768.000000000000110E+0	167.662520280432660E+0	-82.497116671992884E+0
769.000000000000110E+0	182.594122262261040E+0	-91.299629648087432E+0
770.000000000000110E+0	61.941493097533325E+0	-34.160870170635704E+0
771.000000000000110E+0	45.766910854758329E+0	-24.596115242812868E+0
772.000000000000110E+0	259.476019228800280E+0	-136.173985329842540E+0
773.000000000000110E+0	202.787594237723400E+0	-109.245012889697970E+0
774.000000000000110E+0	58.180305537789948E+0	-30.745355461977489E+0
775.000000000000110E+0	83.750717620646341E+0	-44.266736135110683E+0
776.000000000000110E+0	63.160808799718872E+0	-33.809298477115760E+0
777.000000000000110E+0	187.774028566600580E+0	-95.191316530648933E+0
778.000000000000110E+0	231.704488173516750E+0	-119.478854754826670E+0
779.000000000000110E+0	64.141415380784224E+0	-35.351298879045437E+0
780.000000000000110E+0	25.342216118000906E+0	-14.132897819231928E+0
781.000000000000110E+0	158.195787888454700E+0	-80.572022230900316E+0
782.000000000000110E+0	190.667980616596710E+0	-98.935162196164157E+0
783.000000000000110E+0	94.099181114324722E+0	-49.827839899781885E+0
784.000000000000110E+0	35.235310712585658E+0	-21.812753985949122E+0
785.000000000000110E+0	63.786088971181854E+0	-34.696147892174565E+0
786.000000000000110E+0	123.284457551795330E+0	-63.985532148729021E+0
787.000000000000110E+0	124.068300471108690E+0	-66.789463928508510E+0
788.000000000000110E+0	135.934296753211750E+0	-70.612660639077518E+0
789.000000000000110E+0	37.579903383601525E+0	-17.539820544153422E+0
790.000000000000110E+0	87.811398972169826E+0	-39.755421585290605E+0
791.000000000000110E+0	288.289989182141940E+0	-128.812581343585040E+0
792.000000000000110E+0	106.360229935477240E+0	-48.522269572627060E+0
793.000000000000110E+0	51.608366204988066E+0	-26.159169779829462E+0
794.000000000000110E+0	53.422368879995943E+0	-25.171495876039167E+0
795.000000000000110E+0	110.702774763982890E+0	-52.310331471102543E+0
796.000000000000110E+0	143.071604715990730E+0	-67.140728485358593E+0
797.000000000000110E+0	133.638721720628890E+0	-61.187624535045153E+0
798.000000000000110E+0	51.033536547133806E+0	-18.229084459762319E+0
799.000000000000110E+0	40.258916069207679E+0	-13.960118390308230E+0
800.000000000000110E+0	155.307763995240240E+0	-48.550589020291468E+0
801.000000000000110E+0	224.024362378886510E+0	-62.909821662603534E+0
802.000000000000110E+0	58.572495299956891E+0	-12.494808465564599E+0
803.000000000000110E+0	28.504841024254951E+0	-4.393534169764663E+0
804.000000000000110E+0	94.724284730255704E+0	-16.641296811230170E+0
805.000000000000110E+0	105.356708609016780E+0	-19.323739072530955E+0
806.000000000000110E+0	106.175888355101510E+0	-11.744360120703082E+0
807.000000000000110E+0	104.543040175277580E+0	-3.912188554654532E+0
808.000000000000110E+0	11.150521288872902E+0	-1.362309624328411E+0
809.000000000000110E+0	145.169264722650350E+0	19.852798614156576E+0
810.000000000000110E+0	236.018143958573320E+0	38.724970344661791E+0
811.000000000000110E+0	105.876124103395980E+0	24.115549833941959E+0
812.000000000000110E+0	36.019824854045012E+0	9.630205829894297E+0
813.000000000000110E+0	59.954660503747483E+0	6.275578520244638E+0
814.000000000000110E+0	266.436572962607500E+0	45.347358794554012E+0
815.000000000000110E+0	201.887210788940930E+0	37.628797642335847E+0
816.000000000000110E+0	136.410045267702860E+0	20.481160091319587E+0
817.000000000000110E+0	114.411397602594210E+0	9.723490209674464E+0
818.000000000000110E+0	82.816879977429465E+0	14.216376785647833E+0
819.000000000000110E+0	374.639049805794680E+0	25.944071652685075E+0
820.000000000000110E+0	362.542418557324990E+0	-2.539636525597277E+0
821.000000000000110E+0	81.504133764687751E+0	-3.020898157682531E+0
822.000000000000110E+0	91.349306465744775E+0	-10.143442270336472E+0
823.000000000000110E+0	320.802539199566130E+0	-55.983080828601011E+0
824.000000000000110E+0	214.107874135472290E+0	-38.676350163533783E+0
825.000000000000110E+0	204.382776291997690E+0	-40.695361458109559E+0
826.000000000000110E+0	77.756230845358658E+0	-16.304345652176302E+0
827.000000000000110E+0	70.696542901111130E+0	-12.099939295451392E+0
828.000000000000110E+0	231.705668572973080E+0	-57.562263710049123E+0
829.000000000000110E+0	269.250019319736340E+0	-76.859428947460202E+0
830.000000000000110E+0	144.357160957812480E+0	-40.906343388874994E+0
831.000000000000110E+0	13.853973888585164E+0	-7.405119453675449E+0
832.000000000000110E+0	182.605981886465800E+0	-56.404167757425924E+0
833.000000000000110E+0	354.022658135615070E+0	-114.810748305479750E+0
834.000000000000110E+0	93.635746212969536E+0	-36.105116283911101E+0
835.000000000000110E+0	103.781247967512660E+0	-33.261000378214220E+0
836.000000000000110E+0	58.659369526501813E+0	-21.036518495651453E+0
837.000000000000110E+0	102.983482602910660E+0	-40.419063928973806E+0
838.000000000000110E+0	308.050657007938180E+0	-122.725875439977390E+0
839.000000000000110E+0	173.386423530253410E+0	-78.723001533862899E+0
840.000000000000110E+0	37.419297132214368E+0	-22.796379565579009E+0
841.000000000000110E+0	94.036562551221408E+0	-35.780040819687954E+0
842.000000000000110E+0	277.128159322428590E+0	-112.010210658693010E+0
843.000000000000110E+0	225.164309511201740E+0	-94.932197212743205E+0
844.000000000000110E+0	94.444330724971238E+0	-41.979092778887342E+0
845.000000000000110E+0	62.711899653419628E+0	-27.969663866817751E+0
846.000000000000110E+0	139.774705911136550E+0	-74.947755954536348E+0
847.000000000000110E+0	171.817851212736120E+0	-94.973671019141051E+0
848.000000000000110E+0	263.684049499385650E+0	-132.106522228604750E+0
849.000000000000110E+0	133.676283475354300E+0	-65.960285043398699E+0
850.000000000000110E+0	18.877996458236002E+0	-8.532622471721888E+0
851.000000000000110E+0	313.925038391401980E+0	-150.359623385508000E+0
852.000000000000110E+0	261.530076167202480E+0	-126.376094553302280E+0
853.000000000000110E+0	85.655895339468415E+0	-41.916921837514039E+0
854.000000000000110E+0	74.989738054231026E+0	-41.967582531893051E+0
855.000000000000110E+0	66.401946675143435E+0	-41.179316360545194E+0
856.000000000000110E+0	188.273379697238280E+0	-92.159539172375062E+0
857.000000000000110E+0	193.404995819944360E+0	-98.613896837600237E+0
858.000000000000110E+0	91.052171873247929E+0	-46.612888700993224E+0
859.000000000000110E+0	34.239978370083449E+0	-16.746028516574381E+0
860.000000000000110E+0	84.416132772980447E+0	-43.714453942063940E+0
861.000000000000110E+0	281.233457160398360E+0	-147.167988278858760E+0
862.000000000000110E+0	131.761171671817660E+0	-70.246713697840079E+0
863.000000000000110E+0	21.137704681520592E+0	-12.851437254698899E+0
864.000000000000110E+0	64.092489893383814E+0	-32.201828496752803E+0
865.000000000000110E+0	131.116192146278680E+0	-60.415860915479172E+0
866.000000000000110E+0	94.512458404752550E+0	-47.394374858754155E+0
867.000000000000110E+0	150.412996726128940E+0	-71.684147809384484E+0
868.000000000000110E+0	49.918811074952963E+0	-23.606489541007029E+0
869.000000000000110E+0	37.079140191818631E+0	-18.046042222421029E+0
870.000000000000110E+0	239.841698641480830E+0	-113.585395139075600E+0
871.000000000000110E+0	152.216048359800710E+0	-73.110566725185933E+0
872.000000000000110E+0	69.687366388731192E+0	-33.510047315312406E+0
873.000000000000110E+0	26.193632618510161E+0	-11.471190850607758E+0
874.000000000000110E+0	118.749772803496100E+0	-43.901946706475215E+0
875.000000000000110E+0	190.860583857693770E+0	-65.961940451912412E+0
876.000000000000110E+0	101.393256221592310E+0	-35.727230976324030E+0
877.000000000000110E+0	100.125549000143480E+0	-36.035415973226904E+0
878.000000000000110E+0	29.975532224438162E+0	-9.709383973967201E+0
879.000000000000110E+0	122.308078666503160E+0	-29.270031865553740E+0
880.000000000000110E+0	313.388001271352950E+0	-59.583965039407666E+0
881.000000000000110E+0	134.461391507895680E+0	-22.483643642343377E+0
882.000000000000110E+0	33.582870909974908E+0	-5.580383737398917E+0
883.000000000000110E+0	156.208303157527100E+0	-3.808200407179373E+0
884.000000000000110E+0	225.433289997930930E+0	3.314534437591116E+0
885.000000000000110E+0	202.230393579102950E+0	7.926296823488522E+0
886.000000000000110E+0	155.160696520426430E+0	7.865300271634804E+0
887.000000000000110E+0	62.282058775530139E+0	3.270606994090872E+0
888.000000000000110E+0	159.882180474445310E+0	-24.706900243063597E+0
889.000000000000110E+0	373.245721120183420E+0	-67.058613917285470E+0
890.000000000000110E+0	248.633369863949380E+0	-52.470871532745264E+0
891.000000000000110E+0	90.159430578643750E+0	-25.517667882518559E+0
892.000000000000110E+0	74.641457446259380E+0	-20.210212165584959E+0
893.000000000000110E+0	402.618866325255450E+0	-117.553550472692110E+0
894.000000000000110E+0	210.702345866528960E+0	-67.568603328966816E+0
895.000000000000110E+0	100.825238381463510E+0	-31.509980805943059E+0
896.000000000000110E+0	106.099277874128990E+0	-38.653401044943095E+0
897.000000000000110E+0	49.860228984891606E+0	-20.494647930451798E+0
898.000000000000110E+0	258.357352975513720E+0	-109.529899413594120E+0
899.000000000000110E+0	286.682062553532770E+0	-131.317594943470680E+0
900.000000000000110E+0	82.824380999050163E+0	-40.095918079205632E+0
901.000000000000110E+0	30.047858599315134E+0	-10.542920750537608E+0
902.000000000000110E+0	170.697374651058230E+0	-76.375159867380574E+0
903.000000000000110E+0	228.652572671766480E+0	-103.368078858862940E+0
904.000000000000110E+0	109.534474562446210E+0	-48.328887517354509E+0
905.000000000000110E+0	40.627846813824647E+0	-21.799599114431523E+0
906.000000000000110E+0	61.005873389618102E+0	-35.909076439488821E+0
907.000000000000110E+0	106.660860180020950E+0	-55.198959307105895E+0
908.000000000000110E+0	187.691252103596580E+0	-99.286900276123333E+0
909.000000000000110E+0	159.266837053462550E+0	-83.551760018346300E+0
910.000000000000110E+0	24.942243835736626E+0	-13.156951288536259E+0
911.000000000000110E+0	89.574084976325224E+0	-44.864901974857105E+0
912.000000000000110E+0	307.500895584123840E+0	-162.408636140774800E+0
913.000000000000110E+0	120.183173203367370E+0	-68.685867357386115E+0
914.000000000000110E+0	54.679827070975058E+0	-34.211664249062736E+0
915.000000000000110E+0	64.444760223927560E+0	-38.743935974403890E+0
916.000000000000110E+0	74.481335956864669E+0	-37.533127519742464E+0
917.000000000000110E+0	214.591354453181650E+0	-113.392693120685660E+0
918.000000000000110E+0	157.448046731200800E+0	-79.328744931933031E+0
919.000000000000110E+0	84.483161903118145E+0	-41.853029393504187E+0
920.000000000000110E+0	18.721139621047573E+0	-11.837261073045067E+0
921.000000000000110E+0	216.063932564341340E+0	-119.948269935171680E+0
922.000000000000110E+0	267.454569966793430E+0	-147.885721693421200E+0
923.000000000000110E+0	102.024532269398700E+0	-62.749132030710406E+0
924.000000000000110E+0	44.876161614590458E+0	-23.100912639313613E+0
925.000000000000110E+0	120.386090785128460E+0	-62.164180532783156E+0
926.000000000000110E+0	137.855111650517610E+0	-75.734635679043180E+0
927.000000000000110E+0	200.917392735801510E+0	-111.288091897753820E+0
928.000000000000110E+0	162.427316170600820E+0	-87.720201785943203E+0
929.000000000000110E+0	19.183734681535306E+0	-15.722388462329221E+0
930.000000000000110E+0	180.008915186769660E+0	-102.009986830980220E+0
931.000000000000110E+0	306.134707899838700E+0	-178.118651039219880E+0
932.000000000000110E+0	144.142977694682060E+0	-79.268886950697038E+0
933.000000000000110E+0	60.343855825744171E+0	-30.583340922644972E+0
934.000000000000110E+0	77.131720726703520E+0	-44.217056435770921E+0
935.000000000000110E+0	208.072846086720120E+0	-116.836329432484630E+0
936.000000000000110E+0	208.032975649029770E+0	-111.894664192488360E+0
937.000000000000110E+0	127.267829881259640E+0	-70.647721978244093E+0
938.000000000000110E+0	87.945650031396241E+0	-48.358192083945518E+0
939.000000000000110E+0	49.310222809551284E+0	-27.294412670851710E+0
940.000000000000110E+0	349.419821454628500E+0	-171.697582465157470E+0
941.000000000000110E+0	262.341014540573210E+0	-122.223837724204690E+0
942.000000000000110E+0	42.708660327974186E+0	-20.055272723942988E+0
943.000000000000110E+0	87.064210849746175E+0	-45.935611705441438E+0
944.000000000000110E+0	214.533063567763830E+0	-97.601847077043047E+0
945.000000000000110E+0	164.123285117960960E+0	-75.141001939639210E+0
946.000000000000110E+0	173.824101443701180E+0	-81.003757543914588E+0
947.000000000000110E+0	93.610650192173850E+0	-36.196707249072340E+0
948.000000000000110E+0	58.252451221762314E+0	-27.129622852368630E+0
949.000000000000110E+0	248.654357641020230E+0	-110.089452316913550E+0
950.000000000000110E+0	276.493502451765490E+0	-121.264902701930010E+0
951.000000000000110E+0	145.664025112454600E+0	-69.117747103761232E+0
952.000000000000110E+0	22.782376431969116E+0	-11.172696154906880E+0
953.000000000000110E+0	183.567899778342540E+0	-95.538432439163785E+0
954.000000000000110E+0	272.082525315456110E+0	-139.466627509600440E+0
955.000000000000110E+0	102.364177304914040E+0	-51.134217035252938E+0
956.000000000000110E+0	106.712539353649770E+0	-53.518237834841116E+0
957.000000000000110E+0	59.103987038974523E+0	-32.231035354456267E+0
958.000000000000110E+0	125.562394460704060E+0	-70.260439864086919E+0
959.000000000000110E+0	341.935145653665300E+0	-189.435467408972780E+0
960.000000000000110E+0	128.212174637471610E+0	-73.067418126984307E+0
961.000000000000110E+0	15.433794801952109E+0	-9.671247364683383E+0
962.000000000000110E+0	111.039156027401300E+0	-62.155824728759839E+0
963.000000000000110E+0	200.049253032558170E+0	-109.940377842916090E+0
964.000000000000110E+0	170.287590037569030E+0	-98.852714827101607E+0
965.000000000000110E+0	59.233930093538120E+0	-34.700448046703059E+0
966.000000000000110E+0	48.795771457208914E+0	-28.414226605875029E+0
967.000000000000110E+0	72.068672987102715E+0	-48.997747856155811E+0
968.000000000000110E+0	145.211097207182320E+0	-90.886853746159787E+0
969.000000000000110E+0	159.389725296592330E+0	-98.549121471486103E+0
970.000000000000110E+0	55.696979928154427E+0	-34.126405493955431E+0
971.000000000000110E+0	26.509474452207733E+0	-15.121105351202408E+0
972.000000000000110E+0	264.662562183915100E+0	-162.442246068480020E+0
973.000000000000110E+0	162.784683537723310E+0	-98.390230883161067E+0
974.000000000000110E+0	40.180920662583347E+0	-23.507312655616957E+0
975.000000000000110E+0	37.171709238478826E+0	-25.748791979863348E+0
976.000000000000110E+0	25.321165175978400E+0	-16.152882523472432E+0
977.000000000000110E+0	112.371259528098020E+0	-71.388867238497340E+0
978.000000000000110E+0	152.052133913858110E+0	-97.907592773722356E+0
979.000000000000110E+0	55.234397823143297E+0	-33.174418083190446E+0
980.000000000000110E+0	8.030975256010027E+0	-5.019928610477984E+0
981.000000000000110E+0	73.177132460555214E+0	-46.163399066889880E+0
982.000000000000110E+0	174.586977106818520E+0	-113.410935891937740E+0
983.000000000000110E+0	84.044895545273135E+0	-55.455561270546809E+0
984.000000000000110E+0	3.483738317604593E+0	-2.186240309989756E+0
985.000000000000110E+0	39.908944128428423E+0	-26.124976139883891E+0
986.000000000000110E+0	58.673009929464207E+0	-35.349694868080924E+0
987.000000000000110E+0	87.256478573900352E+0	-53.852041729042831E+0
988.000000000000110E+0	115.943842075283510E+0	-70.479662023629402E+0
989.000000000000110E+0	20.378082398764651E+0	-13.263961238762274E+0
990.000000000000110E+0	26.885255252255092E+0	-18.276476592576326E+0
991.000000000000110E+0	152.142560274723170E+0	-101.033028793036890E+0
992.000000000000110E+0	67.386709187791254E+0	-44.772834221643841E+0
993.000000000000110E+0	14.020638018859040E+0	-9.391145956374631E+0
994.000000000000110E+0	7.347406444615776E+0	-4.753750461764612E+0
995.000000000000110E+0	47.043471528086329E+0	-27.448916348023516E+0
996.000000000000110E+0	84.902768676116011E+0	-53.195408064641882E+0
997.000000000000110E+0	33.358671785114716E+0	-20.901650354941793E+0
998.000000000000110E+0	33.188879403018618E+0	-19.853358007632742E+0
999.000000000000110E+0	2.187977144087580E+0	-1.001002138059736E+0
1.000000000000000E+3	83.469436275660513E+0	-52.361148706162012E+0
