Freq (Hz)	accelerometre (V^2 )	source
source
source(V^2 )
10.000000000000020E+0	2.190939493706594E-3	159.024365750702450E-3
11.000000000000021E+0	1.900368215514596E-3	356.905195188577550E-3
12.000000000000023E+0	2.513807675231887E-3	877.341810557861420E-3
13.000000000000025E+0	246.749349977974820E-6	976.696298061393570E-3
14.000000000000027E+0	10.429545156700084E-3	1.753398510945226E+0
15.000000000000028E+0	7.373335368028730E-3	2.386356241748353E+0
16.000000000000032E+0	6.157999713273467E-3	3.085603985691769E+0
17.000000000000036E+0	10.078524709753631E-3	4.295115051180273E+0
18.000000000000039E+0	31.620668026182915E-3	4.533209762764848E+0
19.000000000000043E+0	43.177350174481738E-3	4.984428693967412E+0
20.000000000000046E+0	43.804206966749318E-3	6.012451198124670E+0
21.000000000000050E+0	71.366246736559419E-3	7.736883960556886E+0
22.000000000000053E+0	120.520781899427010E-3	9.363792828232523E+0
23.000000000000057E+0	183.793226703584810E-3	10.478245747336157E+0
24.000000000000060E+0	313.693975823954310E-3	15.182116110369401E+0
25.000000000000064E+0	710.220726769262290E-3	23.181252532956577E+0
26.000000000000067E+0	1.191388013075017E+0	40.137548399320714E+0
27.000000000000071E+0	710.302499075710970E-3	34.388181578218386E+0
28.000000000000075E+0	683.447280530711910E-3	33.451894783915847E+0
29.000000000000078E+0	187.039375869076070E-3	18.653620046554135E+0
30.000000000000082E+0	103.382737274494850E-3	13.750357082500551E+0
31.000000000000085E+0	199.694151100554610E-3	21.196148649757703E+0
32.000000000000085E+0	462.905417842364940E-3	33.403910816082224E+0
33.000000000000085E+0	355.881097403431050E-3	31.262681514169323E+0
34.000000000000085E+0	332.524419106814520E-3	21.461875685221237E+0
35.000000000000085E+0	215.361189499272710E-3	16.024105555055947E+0
36.000000000000085E+0	452.741539380308590E-3	31.573379062299704E+0
37.000000000000085E+0	1.167361459673077E+0	54.332278617014616E+0
38.000000000000085E+0	887.143805231894290E-3	40.792160740694108E+0
39.000000000000085E+0	431.947627532762830E-3	17.277643283815024E+0
40.000000000000085E+0	1.158210654492587E+0	34.227376344709576E+0
41.000000000000085E+0	2.764366042088754E+0	76.119703357505557E+0
42.000000000000085E+0	2.209748135299243E+0	72.275419332646862E+0
43.000000000000085E+0	757.738736572644570E-3	31.458330091514643E+0
44.000000000000085E+0	370.580804287445660E-3	17.938352512715021E+0
45.000000000000085E+0	1.150722335223385E+0	43.186897689713604E+0
46.000000000000085E+0	2.279559555153194E+0	72.123195975442400E+0
47.000000000000085E+0	2.219230472315532E+0	64.905265197163231E+0
48.000000000000085E+0	806.974639138087420E-3	25.009498905468625E+0
49.000000000000085E+0	738.398514530853480E-3	21.505596291148358E+0
50.000000000000085E+0	3.789850796632811E+0	81.188422253421208E+0
51.000000000000085E+0	7.256342691010731E+0	118.553529512162190E+0
52.000000000000085E+0	4.502727524292500E+0	67.111837504103477E+0
53.000000000000085E+0	2.560331682559480E+0	35.601581282057104E+0
54.000000000000085E+0	5.458235244968018E+0	78.015624725771886E+0
55.000000000000085E+0	6.910140587487122E+0	104.468198215662820E+0
56.000000000000085E+0	6.431456114306441E+0	109.572279571361830E+0
57.000000000000085E+0	3.437098006418471E+0	66.348250500563878E+0
58.000000000000085E+0	731.485818047264420E-3	18.065308820873771E+0
59.000000000000085E+0	6.992675835099405E+0	101.506275925618110E+0
60.000000000000085E+0	21.234626650174430E+0	217.086015369178710E+0
61.000000000000085E+0	17.308449800018003E+0	138.256190557664240E+0
62.000000000000085E+0	7.753934121852335E+0	52.862490101399736E+0
63.000000000000085E+0	28.040447538686827E+0	172.071397798521620E+0
64.000000000000085E+0	45.356889529877364E+0	248.117761529879150E+0
65.000000000000085E+0	67.145122700324663E+0	339.231589866322680E+0
66.000000000000085E+0	68.727892845715587E+0	339.060082557445580E+0
67.000000000000085E+0	20.304989419384249E+0	104.369359806900050E+0
68.000000000000085E+0	19.617610249402542E+0	122.992873106534830E+0
69.000000000000085E+0	48.589007778653418E+0	316.899593285622020E+0
70.000000000000085E+0	47.988305567293743E+0	298.436824459341610E+0
71.000000000000085E+0	18.056033309056168E+0	100.949805690229280E+0
72.000000000000085E+0	15.195872832822484E+0	97.277751831177511E+0
73.000000000000085E+0	40.086839680854091E+0	240.631006073311340E+0
74.000000000000085E+0	47.570640521144064E+0	252.167415886754210E+0
75.000000000000085E+0	51.366929011016907E+0	244.225008336673080E+0
76.000000000000085E+0	43.158377138806074E+0	183.351225368155640E+0
77.000000000000085E+0	26.533240260870990E+0	79.562756161599637E+0
78.000000000000085E+0	90.679325086875380E+0	349.648513413116570E+0
79.000000000000085E+0	102.875086314535140E+0	391.690424711337870E+0
80.000000000000085E+0	32.847705486251101E+0	106.319685498354990E+0
81.000000000000085E+0	22.030864667110446E+0	57.273111106711880E+0
82.000000000000085E+0	42.367750243000820E+0	126.288359474992220E+0
83.000000000000085E+0	56.103909861352562E+0	183.587245906006220E+0
84.000000000000085E+0	32.123134643890715E+0	118.277935931303630E+0
85.000000000000085E+0	12.507094098446679E+0	45.395840442948369E+0
86.000000000000085E+0	9.091282321374205E+0	34.739097013842773E+0
87.000000000000085E+0	15.407321374851040E+0	40.926867696023848E+0
88.000000000000085E+0	55.509776181541476E+0	189.069724627616100E+0
89.000000000000085E+0	35.582231497418370E+0	148.955514777375380E+0
90.000000000000085E+0	74.364080426614548E-3	3.604676483195845E+0
91.000000000000085E+0	18.184623592804382E+0	59.864693159397163E+0
92.000000000000085E+0	21.990026188754655E+0	93.733859245881405E+0
93.000000000000085E+0	11.056374500264500E+0	55.126839091032274E+0
94.000000000000085E+0	8.579916923159340E+0	46.787804860740671E+0
95.000000000000085E+0	3.478071267634513E+0	22.615514386986675E+0
96.000000000000085E+0	2.661531340497402E+0	23.500644080964928E+0
97.000000000000085E+0	9.867028817075829E+0	97.777493057788490E+0
98.000000000000085E+0	7.815691120797190E+0	94.112639946662256E+0
99.000000000000085E+0	2.737116919191995E+0	36.221523699034961E+0
100.000000000000090E+0	596.244132996669670E-3	6.483799042587306E+0
101.000000000000090E+0	7.397346357313607E+0	101.906676394468180E+0
102.000000000000090E+0	9.637100792284134E+0	142.562068751096460E+0
103.000000000000090E+0	1.975143699032488E+0	24.881281756627608E+0
104.000000000000090E+0	4.676052941037257E+0	52.982334971216645E+0
105.000000000000090E+0	1.743199020626671E+0	24.636085905487327E+0
106.000000000000090E+0	5.205928598158275E+0	65.665326304569106E+0
107.000000000000090E+0	12.067190762909291E+0	160.064446103520140E+0
108.000000000000090E+0	6.681742583708193E+0	84.981652937568555E+0
109.000000000000090E+0	480.167039784589080E-3	5.464704833865136E+0
110.000000000000090E+0	5.740579339643276E+0	73.196122145804281E+0
111.000000000000090E+0	10.172957828814877E+0	140.020309455259310E+0
112.000000000000090E+0	5.332190242184259E+0	80.275946183679537E+0
113.000000000000090E+0	2.619642573677392E+0	42.659451366899127E+0
114.000000000000090E+0	209.156774073817690E-3	21.459484643427277E+0
115.000000000000090E+0	4.288971968533758E+0	68.746624958475152E+0
116.000000000000090E+0	8.975689523018016E+0	96.845924099950551E+0
117.000000000000090E+0	19.352618934308346E+0	152.566428865987920E+0
118.000000000000090E+0	16.007589067939524E+0	86.731451364180501E+0
119.000000000000090E+0	2.339763880318006E+0	15.470915529863055E+0
120.000000000000090E+0	67.263704407514652E+0	288.999339073219630E+0
121.000000000000090E+0	101.718124508309840E+0	317.798244731059640E+0
122.000000000000090E+0	25.071107558086616E+0	59.495203220121155E+0
123.000000000000090E+0	62.343553257490768E+0	156.796199051222800E+0
124.000000000000090E+0	52.247762618735351E+0	96.477567890545060E+0
125.000000000000090E+0	163.474081242054670E+0	309.872025944268100E+0
126.000000000000090E+0	195.151210646881110E+0	333.332291379659750E+0
127.000000000000090E+0	135.402066612388750E+0	220.790145101082630E+0
128.000000000000090E+0	34.437424130427317E+0	42.762780020279933E+0
129.000000000000090E+0	154.345044719345140E+0	246.660325093636940E+0
130.000000000000090E+0	264.204586985336790E+0	410.266875581058800E+0
131.000000000000090E+0	165.395943177428790E+0	239.778383303596630E+0
132.000000000000090E+0	44.721791719617450E+0	55.091298507571047E+0
133.000000000000090E+0	110.432965611690680E+0	151.469340863846300E+0
134.000000000000090E+0	108.596899389930930E+0	145.320403696229220E+0
135.000000000000090E+0	115.640995412265480E+0	122.455023502667200E+0
136.000000000000090E+0	168.644452701667890E+0	184.138079923666790E+0
137.000000000000090E+0	38.495355888726422E+0	47.302683491368271E+0
138.000000000000090E+0	74.501467829722969E+0	71.553300539772465E+0
139.000000000000090E+0	224.613744268973680E+0	263.624902341995490E+0
140.000000000000090E+0	107.150687090626700E+0	133.981556856646450E+0
141.000000000000090E+0	41.342833225677481E+0	58.794205502166406E+0
142.000000000000090E+0	26.363479681885945E+0	50.193765692463820E+0
143.000000000000090E+0	48.169794342135063E+0	95.192126213057747E+0
144.000000000000090E+0	53.781816904595630E+0	109.735569051420310E+0
145.000000000000090E+0	34.583898806725706E+0	71.056583865884562E+0
146.000000000000090E+0	37.004435925489744E+0	70.730470457664694E+0
147.000000000000090E+0	12.135627412997236E+0	23.284884720778553E+0
148.000000000000090E+0	65.450476554752100E+0	112.998843052429150E+0
149.000000000000090E+0	99.138406921071990E+0	189.053308783222060E+0
150.000000000000090E+0	30.591674609850987E+0	63.774566844610000E+0
151.000000000000090E+0	7.675045113078497E+0	28.007041311040318E+0
152.000000000000090E+0	39.506078782169219E+0	111.857360264042010E+0
153.000000000000090E+0	37.239486372918790E+0	104.328484821063810E+0
154.000000000000090E+0	28.565664599777669E+0	75.703397094355552E+0
155.000000000000090E+0	37.637189869766381E+0	92.762129389691381E+0
156.000000000000090E+0	12.921377954677260E+0	25.632618550099465E+0
157.000000000000090E+0	50.609797711237753E+0	108.921851457477100E+0
158.000000000000090E+0	67.650433717882350E+0	152.494157615848680E+0
159.000000000000090E+0	43.304772194241458E+0	101.711774893654560E+0
160.000000000000090E+0	16.731917924098983E+0	38.367693076513930E+0
161.000000000000090E+0	21.495963937145639E+0	65.135301378957962E+0
162.000000000000090E+0	67.886033570569907E+0	202.336512386268170E+0
163.000000000000090E+0	29.713550731855737E+0	90.132498790348336E+0
164.000000000000090E+0	18.452571607205449E+0	53.314551472738437E+0
165.000000000000090E+0	25.424921363267604E+0	71.814953664086630E+0
166.000000000000090E+0	18.575536265218567E+0	35.931843358049669E+0
167.000000000000090E+0	78.354544036847074E+0	188.407505980846570E+0
168.000000000000090E+0	67.255976356243124E+0	174.583289215489740E+0
169.000000000000090E+0	14.684612598655775E+0	38.916116747864372E+0
170.000000000000090E+0	12.841997505427150E+0	51.431793469182310E+0
171.000000000000090E+0	40.340014178593570E+0	151.394656706227950E+0
172.000000000000090E+0	37.242576008117297E+0	143.842543015338150E+0
173.000000000000090E+0	18.847524891871750E+0	73.957472449692545E+0
174.000000000000090E+0	13.462141333242977E+0	46.066287585775775E+0
175.000000000000090E+0	18.984757057859820E+0	56.370318883059234E+0
176.000000000000090E+0	45.553698145903596E+0	152.911845427484790E+0
177.000000000000090E+0	29.526345907643766E+0	124.191204566471100E+0
178.000000000000090E+0	30.002792025446702E+0	136.207544406193250E+0
179.000000000000090E+0	2.624285559596354E+0	16.006073779147492E+0
180.000000000000090E+0	24.451360852982084E+0	149.787360856673870E+0
181.000000000000090E+0	39.857489624942900E+0	258.991515246626360E+0
182.000000000000090E+0	9.764942117592884E+0	80.742084615463966E+0
183.000000000000090E+0	11.404491598067032E+0	81.507416119501329E+0
184.000000000000090E+0	10.697090982498498E+0	70.315897299238955E+0
185.000000000000090E+0	14.856454580624511E+0	125.554512484628500E+0
186.000000000000090E+0	33.606595434558855E+0	229.638012627901390E+0
187.000000000000090E+0	34.448178330878179E+0	180.733851445786480E+0
188.000000000000090E+0	12.299613804398557E+0	55.039329073934098E+0
189.000000000000090E+0	23.843249329091215E+0	91.333563052939880E+0
190.000000000000090E+0	90.588726225727086E+0	284.154481852491590E+0
191.000000000000090E+0	151.722517229471150E+0	337.691265538841260E+0
192.000000000000090E+0	65.208910258310112E+0	110.968184702634660E+0
193.000000000000090E+0	55.195939170392329E+0	100.816175609167350E+0
194.000000000000090E+0	129.462831247159870E+0	225.198284481816530E+0
195.000000000000090E+0	133.400567162340080E+0	217.409446958058140E+0
196.000000000000090E+0	177.063532862862050E+0	264.576821885938610E+0
197.000000000000090E+0	153.338577384047990E+0	202.045219428966930E+0
198.000000000000090E+0	32.295046306961957E+0	33.931527986162557E+0
199.000000000000090E+0	283.532576072082860E+0	355.024255143365560E+0
200.000000000000090E+0	324.602472591085530E+0	360.836626047824780E+0
201.000000000000090E+0	119.736255841518980E+0	123.659332786164140E+0
202.000000000000090E+0	105.841586887866100E+0	122.512662081346320E+0
203.000000000000090E+0	95.510748849079391E+0	91.592937576251899E+0
204.000000000000090E+0	296.679670830694870E+0	271.921098628200520E+0
205.000000000000090E+0	219.443581845973140E+0	179.047535287813360E+0
206.000000000000090E+0	184.537346091954620E+0	164.263393977680410E+0
207.000000000000090E+0	81.387282941330028E+0	79.082327713649192E+0
208.000000000000090E+0	94.287128083702569E+0	91.021470381472213E+0
209.000000000000090E+0	284.360204055844750E+0	257.570151556418920E+0
210.000000000000080E+0	208.636916258454360E+0	184.724312141389250E+0
211.000000000000080E+0	56.428990755304667E+0	43.417409875924989E+0
212.000000000000080E+0	125.816988200260850E+0	124.445448658810010E+0
213.000000000000080E+0	146.349563849335080E+0	166.672692228062490E+0
214.000000000000080E+0	107.359124730146590E+0	110.292654312068980E+0
215.000000000000080E+0	146.542028735386030E+0	151.178523176577560E+0
216.000000000000080E+0	79.066316858996203E+0	82.810145842139420E+0
217.000000000000080E+0	51.607153943472745E+0	59.255676944921547E+0
218.000000000000080E+0	165.684971880767450E+0	208.337758993764420E+0
219.000000000000080E+0	123.728777045470980E+0	168.542970805438980E+0
220.000000000000080E+0	63.379752186592420E+0	93.647002731933028E+0
221.000000000000080E+0	39.181882004343485E+0	57.167833478110253E+0
222.000000000000080E+0	102.782367801172400E+0	128.898448475561280E+0
223.000000000000080E+0	147.532110502286460E+0	191.303361303187730E+0
224.000000000000080E+0	62.381079326279938E+0	83.222415796170679E+0
225.000000000000080E+0	110.420156381266490E+0	146.923727483218780E+0
226.000000000000080E+0	49.221042082572069E+0	66.709923231782824E+0
227.000000000000080E+0	91.049446184683830E+0	117.598014546442120E+0
228.000000000000080E+0	176.713955794689950E+0	242.757845556391290E+0
229.000000000000080E+0	88.186089399652218E+0	126.736732140864840E+0
230.000000000000080E+0	27.674458660626623E+0	50.630583817158460E+0
231.000000000000080E+0	80.097450497672000E+0	123.148719276979520E+0
232.000000000000080E+0	105.353768941730920E+0	153.537415115141750E+0
233.000000000000080E+0	73.911474342187020E+0	109.637137064679950E+0
234.000000000000080E+0	96.350422678515656E+0	141.291721907606240E+0
235.000000000000080E+0	50.566936069482338E+0	72.126448882778916E+0
236.000000000000080E+0	73.378271420700059E+0	108.791457988982640E+0
237.000000000000080E+0	93.939212157102275E+0	145.707359072115050E+0
238.000000000000080E+0	120.686318746038750E+0	197.245469493053950E+0
239.000000000000080E+0	56.781053073422697E+0	90.084904923929244E+0
240.000000000000080E+0	36.646610691712290E+0	58.772924960993535E+0
241.000000000000080E+0	143.928700248889900E+0	222.605554201343780E+0
242.000000000000080E+0	94.122667515512177E+0	146.955047927168350E+0
243.000000000000080E+0	46.795581119064956E+0	78.287299987759127E+0
244.000000000000080E+0	103.929536621419970E+0	162.524025295054880E+0
245.000000000000080E+0	38.146958056158397E+0	57.292894367939006E+0
246.000000000000080E+0	89.292602099261387E+0	160.669388111675630E+0
247.000000000000080E+0	112.077561105561590E+0	194.785547288280780E+0
248.000000000000080E+0	64.330858907912656E+0	110.044375992913590E+0
249.000000000000080E+0	33.495536085101548E+0	57.410757183593525E+0
250.000000000000080E+0	74.994560761285982E+0	136.869906030406130E+0
251.000000000000080E+0	120.120309143274130E+0	213.574795207786250E+0
252.000000000000080E+0	62.688836767135953E+0	103.236495595974450E+0
253.000000000000080E+0	60.124445419811515E+0	101.319120334323160E+0
254.000000000000080E+0	66.146875367431917E+0	115.953910264329280E+0
255.000000000000080E+0	67.500019883706983E+0	116.143354338572780E+0
256.000000000000110E+0	77.358113185608204E+0	137.573654147088800E+0
257.000000000000110E+0	116.344914365615370E+0	223.753699544835000E+0
258.000000000000110E+0	36.347982861834183E+0	70.603461932474914E+0
259.000000000000110E+0	45.101067915641451E+0	102.822923066810900E+0
260.000000000000110E+0	132.352278130991890E+0	278.885633798796850E+0
261.000000000000110E+0	51.598450667339442E+0	106.175786249934420E+0
262.000000000000110E+0	49.457036925207952E+0	111.360061391316710E+0
263.000000000000110E+0	51.436764509466990E+0	110.131478306449410E+0
264.000000000000110E+0	63.540730871932837E+0	117.881662176416510E+0
265.000000000000110E+0	84.104977792919683E+0	152.777355035952550E+0
266.000000000000110E+0	78.423219077149767E+0	154.017617507229000E+0
267.000000000000110E+0	69.107979988205940E+0	155.379788552625060E+0
268.000000000000110E+0	22.861739486642485E+0	53.405250300869909E+0
269.000000000000110E+0	70.482698262525645E+0	171.896823695635420E+0
270.000000000000110E+0	124.495209104085960E+0	297.046726485629730E+0
271.000000000000110E+0	32.633754355240015E+0	73.012948420060780E+0
272.000000000000110E+0	47.770251426945713E+0	118.728953182695970E+0
273.000000000000110E+0	64.490409759970987E+0	154.244088709953050E+0
274.000000000000110E+0	57.041106992610672E+0	134.934959672498450E+0
275.000000000000110E+0	58.254150311800721E+0	155.772663491420080E+0
276.000000000000110E+0	67.484267024986778E+0	209.123692344046790E+0
277.000000000000110E+0	15.867738884973884E+0	56.166147034158826E+0
278.000000000000110E+0	59.252670897846954E+0	166.107348987852160E+0
279.000000000000110E+0	85.103195662577676E+0	246.307759076145030E+0
280.000000000000110E+0	49.385133227824767E+0	156.179522000747000E+0
281.000000000000110E+0	26.050193511277296E+0	98.217582010564527E+0
282.000000000000110E+0	30.833431543977603E+0	107.154682371881480E+0
283.000000000000110E+0	83.775289208379888E+0	279.101537748881010E+0
284.000000000000110E+0	34.235407773631898E+0	119.588702292511430E+0
285.000000000000110E+0	48.873459935607237E+0	176.926138552610670E+0
286.000000000000110E+0	59.611783368959742E+0	194.226301880167910E+0
287.000000000000110E+0	21.102426278678720E+0	55.106485778862591E+0
288.000000000000110E+0	109.380902935966670E+0	312.267788622407750E+0
289.000000000000110E+0	116.678279743187540E+0	280.502015875854910E+0
290.000000000000110E+0	47.866840094315897E+0	90.233101296209909E+0
291.000000000000110E+0	64.061328680723108E+0	137.836366987343750E+0
292.000000000000110E+0	110.256825065395900E+0	223.799303545262630E+0
293.000000000000110E+0	98.873621589531510E+0	182.955662680289490E+0
294.000000000000110E+0	95.413923995947329E+0	156.606998823004770E+0
295.000000000000110E+0	104.322963698904910E+0	164.808186107920310E+0
296.000000000000110E+0	81.626647194149982E+0	127.204487170256470E+0
297.000000000000110E+0	99.878770965949883E+0	157.042559265551860E+0
298.000000000000110E+0	192.637076012930860E+0	280.880489577383630E+0
299.000000000000110E+0	165.483959482581350E+0	203.922825865400170E+0
300.000000000000110E+0	58.773079358708571E+0	66.133416885470694E+0
301.000000000000110E+0	159.265193233498280E+0	187.957744624858520E+0
302.000000000000110E+0	286.126063579434910E+0	333.979864279671290E+0
303.000000000000110E+0	72.474238873273308E+0	79.013422342026047E+0
304.000000000000110E+0	172.036123110330610E+0	206.323043315683430E+0
305.000000000000110E+0	99.325601665438128E+0	121.692397040730640E+0
306.000000000000110E+0	97.964997146451694E+0	110.001498851346650E+0
307.000000000000110E+0	191.239419874459880E+0	248.210773169442430E+0
308.000000000000110E+0	135.796845876031820E+0	183.349825456477760E+0
309.000000000000110E+0	74.832750115868976E+0	97.032234796101036E+0
310.000000000000110E+0	74.130693873903326E+0	97.485946018410715E+0
311.000000000000110E+0	166.244991610949370E+0	242.259452189549760E+0
312.000000000000110E+0	145.992368571488380E+0	220.057695066310600E+0
313.000000000000110E+0	62.835844117723468E+0	86.376647337154395E+0
314.000000000000110E+0	96.115270306407169E+0	140.632933882314010E+0
315.000000000000110E+0	100.862393619816460E+0	143.940104655220980E+0
316.000000000000110E+0	86.565943838708421E+0	131.098378947211730E+0
317.000000000000110E+0	162.134925613468400E+0	252.943464390625420E+0
318.000000000000110E+0	103.860199069056340E+0	160.655134971321100E+0
319.000000000000110E+0	28.795035398449293E+0	43.996772611024177E+0
320.000000000000110E+0	143.096216553440940E+0	252.814157162283580E+0
321.000000000000110E+0	143.484090501423050E+0	269.265253403557270E+0
322.000000000000110E+0	52.481233782686445E+0	100.878700730709610E+0
323.000000000000110E+0	67.074635662084788E+0	138.234959580101160E+0
324.000000000000110E+0	49.453716444772752E+0	105.730467582075220E+0
325.000000000000110E+0	99.520226639524452E+0	202.588884515199400E+0
326.000000000000110E+0	86.274261145959230E+0	190.075804425087940E+0
327.000000000000110E+0	71.792507934043854E+0	167.707090273052530E+0
328.000000000000110E+0	51.826898824168701E+0	122.491960880563770E+0
329.000000000000110E+0	30.296441891049092E+0	90.629903346836130E+0
330.000000000000110E+0	114.924461472626150E+0	380.032983667256420E+0
331.000000000000110E+0	52.619453963114246E+0	196.203917130807700E+0
332.000000000000110E+0	22.345843475104623E+0	85.913396042259677E+0
333.000000000000110E+0	40.293400070297082E+0	152.901625637273870E+0
334.000000000000110E+0	54.832685000347908E+0	215.546008695527380E+0
335.000000000000110E+0	39.056842783879830E+0	169.593653442345380E+0
336.000000000000110E+0	57.044635787056947E+0	276.682408520795600E+0
337.000000000000110E+0	26.737159774033149E+0	139.811041245126720E+0
338.000000000000110E+0	25.358095432360010E+0	112.746716707858610E+0
339.000000000000110E+0	121.464273966858130E+0	348.530678206724130E+0
340.000000000000110E+0	145.132218172002270E+0	305.259328396140690E+0
341.000000000000110E+0	118.059222549765000E+0	185.764113095318440E+0
342.000000000000110E+0	73.110015007644748E+0	116.423010456893890E+0
343.000000000000110E+0	169.544770711679800E+0	216.920399939875320E+0
344.000000000000110E+0	282.021362552719610E+0	301.331319350715490E+0
345.000000000000110E+0	150.672042728404450E+0	143.584404545645160E+0
346.000000000000110E+0	201.509859503656460E+0	204.812859036334970E+0
347.000000000000110E+0	104.596499367971250E+0	98.302819939312258E+0
348.000000000000110E+0	142.563030249907430E+0	176.163521374002670E+0
349.000000000000110E+0	310.176768533367750E+0	382.790000869841950E+0
350.000000000000110E+0	127.272686584382680E+0	155.161577775688840E+0
351.000000000000110E+0	71.841082129552319E+0	89.198257007504935E+0
352.000000000000110E+0	123.265990669381350E+0	164.420227263015080E+0
353.000000000000110E+0	165.125717822424320E+0	226.446553274648470E+0
354.000000000000110E+0	156.982013945325520E+0	215.449588284574020E+0
355.000000000000110E+0	112.833117943577850E+0	159.874314214914990E+0
356.000000000000110E+0	82.423753023735912E+0	113.847821682843840E+0
357.000000000000110E+0	104.262749645526470E+0	153.234155831041990E+0
358.000000000000110E+0	160.321869499491210E+0	243.575408252365060E+0
359.000000000000110E+0	157.856498775837250E+0	242.147243481280010E+0
360.000000000000110E+0	101.086889267862560E+0	152.881211978717660E+0
361.000000000000110E+0	47.235381790450113E+0	70.839587246944191E+0
362.000000000000110E+0	211.652190156147440E+0	351.154495844913360E+0
363.000000000000110E+0	126.975809290703220E+0	205.942819406849960E+0
364.000000000000110E+0	93.344335745412309E+0	155.596136783805630E+0
365.000000000000110E+0	98.137154394445432E+0	170.363436367639960E+0
366.000000000000110E+0	60.733903672860755E+0	104.466320353405220E+0
367.000000000000110E+0	124.581991685566240E+0	225.799453573596030E+0
368.000000000000110E+0	167.386813872796380E+0	308.488940979647110E+0
369.000000000000110E+0	71.451887839596210E+0	123.241222142282850E+0
370.000000000000110E+0	65.563425006966113E+0	111.327684386714350E+0
371.000000000000110E+0	86.970469832631849E+0	171.140389567039450E+0
372.000000000000110E+0	151.008485088717460E+0	318.467666955485410E+0
373.000000000000110E+0	90.531283435156496E+0	199.918906602359750E+0
374.000000000000110E+0	49.983271482127506E+0	110.951712240490790E+0
375.000000000000110E+0	68.373929002865140E+0	160.360558768314600E+0
376.000000000000110E+0	76.460381136175783E+0	189.617724747707290E+0
377.000000000000110E+0	91.198192571419838E+0	231.607753527523020E+0
378.000000000000110E+0	104.113775724408880E+0	269.495793215113620E+0
379.000000000000110E+0	36.180782297765589E+0	99.693531400152352E+0
380.000000000000110E+0	56.626096814864411E+0	157.365722727850570E+0
381.000000000000110E+0	150.934930192926290E+0	395.273806717326690E+0
382.000000000000110E+0	73.602091818783521E+0	180.290743258576900E+0
383.000000000000110E+0	68.735352757134464E+0	164.482488178155710E+0
384.000000000000110E+0	54.312011955869920E+0	126.635707469320180E+0
385.000000000000110E+0	86.602369213633196E+0	199.171574921677030E+0
386.000000000000110E+0	148.986076393524000E+0	320.038883713152810E+0
387.000000000000110E+0	85.028856294639368E+0	187.837436605454200E+0
388.000000000000110E+0	82.122597788870578E+0	183.554056145315770E+0
389.000000000000110E+0	31.517670014469747E+0	82.372245125822843E+0
390.000000000000110E+0	105.762161917209140E+0	266.952463429493600E+0
391.000000000000110E+0	158.720549666516260E+0	374.374533953492690E+0
392.000000000000110E+0	73.225156292727178E+0	157.780327542848850E+0
393.000000000000110E+0	49.193104855816514E+0	104.303043797709420E+0
394.000000000000110E+0	113.828689796641170E+0	240.328139455306480E+0
395.000000000000110E+0	86.030284336717429E+0	197.516393686542470E+0
396.000000000000110E+0	142.328449565349330E+0	313.111937089422950E+0
397.000000000000110E+0	101.614758879613800E+0	195.660768918403990E+0
398.000000000000110E+0	44.607942643143993E+0	78.651865368251023E+0
399.000000000000110E+0	111.132978874339950E+0	224.655982763762490E+0
400.000000000000110E+0	195.644839074421240E+0	331.606568474591990E+0
401.000000000000110E+0	145.125229922506970E+0	209.660288297365610E+0
402.000000000000110E+0	99.204013460530376E+0	135.331863170504480E+0
403.000000000000110E+0	78.463304652742764E+0	93.945537997810291E+0
404.000000000000110E+0	229.640412327090420E+0	349.883110899564940E+0
405.000000000000110E+0	139.505061371160020E+0	189.327061435158470E+0
406.000000000000110E+0	133.623189777710020E+0	198.976718860225080E+0
407.000000000000110E+0	113.315418343426660E+0	171.455435866021560E+0
408.000000000000110E+0	51.425169872421819E+0	79.598312879881277E+0
409.000000000000110E+0	210.854368247337790E+0	371.398411889963990E+0
410.000000000000110E+0	166.931034644779320E+0	290.464977057331110E+0
411.000000000000110E+0	60.961691109777483E+0	101.619810830857570E+0
412.000000000000110E+0	77.384192549754218E+0	114.438500789343310E+0
413.000000000000110E+0	137.461092560660520E+0	223.674347638933260E+0
414.000000000000110E+0	142.447180846506230E+0	249.358402100818070E+0
415.000000000000110E+0	120.827641192066610E+0	224.411665863087880E+0
416.000000000000110E+0	62.724335571897726E+0	116.677573922891680E+0
417.000000000000110E+0	59.057517719278110E+0	115.844936750902180E+0
418.000000000000110E+0	114.106556723186900E+0	238.358878436781880E+0
419.000000000000110E+0	133.857490231929090E+0	269.457367301401630E+0
420.000000000000110E+0	118.458277013029080E+0	247.987042454620680E+0
421.000000000000110E+0	29.804863199792692E+0	47.264495103983990E+0
422.000000000000110E+0	108.499483388622410E+0	212.654108383642150E+0
423.000000000000110E+0	158.300663374848850E+0	358.976549081713360E+0
424.000000000000110E+0	67.718564577144747E+0	170.539806201156010E+0
425.000000000000110E+0	78.766437087667512E+0	209.035672754546480E+0
426.000000000000110E+0	42.342931143445028E+0	126.538328083122930E+0
427.000000000000110E+0	66.705929740466232E+0	146.263374611141050E+0
428.000000000000110E+0	156.084629929984120E+0	414.705092126853400E+0
429.000000000000110E+0	68.733956114270683E+0	192.171500608127470E+0
430.000000000000110E+0	52.468167826897080E+0	141.583121309181310E+0
431.000000000000110E+0	37.107094574754555E+0	105.612165362247510E+0
432.000000000000110E+0	98.506393299075071E+0	333.796075594835310E+0
433.000000000000110E+0	77.283899851573395E+0	307.445234892352630E+0
434.000000000000110E+0	31.727858053541802E+0	149.128375653772480E+0
435.000000000000110E+0	28.394714130812169E+0	126.460137806008330E+0
436.000000000000110E+0	49.341258531883639E+0	197.151815437649390E+0
437.000000000000110E+0	60.018753554968171E+0	245.940077685695260E+0
438.000000000000110E+0	86.387920331051390E+0	363.117386829106070E+0
439.000000000000110E+0	51.059837487790006E+0	217.845903744846650E+0
440.000000000000110E+0	7.868309302062298E+0	50.864107075516713E+0
441.000000000000110E+0	96.400703821368154E+0	391.268079918984480E+0
442.000000000000110E+0	102.526243516577640E+0	353.180220746795670E+0
443.000000000000110E+0	72.086520262434291E+0	204.049028087354740E+0
444.000000000000110E+0	85.089549980814709E+0	210.264019305826020E+0
445.000000000000110E+0	55.038339924453353E+0	116.931318793098480E+0
446.000000000000110E+0	205.853069175417200E+0	333.459903942294200E+0
447.000000000000110E+0	254.024880804666910E+0	332.766389305748870E+0
448.000000000000110E+0	178.811211056982130E+0	224.398784105785640E+0
449.000000000000110E+0	112.495011906693250E+0	133.285662278206530E+0
450.000000000000110E+0	126.957677836414970E+0	123.733873884135360E+0
451.000000000000110E+0	463.755225125520720E+0	471.913348226537320E+0
452.000000000000110E+0	275.785192923233750E+0	274.498233298419390E+0
453.000000000000110E+0	96.636466436664634E+0	101.592713459272350E+0
454.000000000000110E+0	135.102299680730680E+0	165.632436976278170E+0
455.000000000000110E+0	162.752285545294710E+0	210.781168055273890E+0
456.000000000000110E+0	215.508442665000070E+0	279.969161401243810E+0
457.000000000000110E+0	208.374698802055860E+0	269.009002781306660E+0
458.000000000000110E+0	113.324304179882300E+0	147.170746187517210E+0
459.000000000000110E+0	61.119481172755243E+0	90.287771061013700E+0
460.000000000000110E+0	264.293656401711760E+0	414.820111886757500E+0
461.000000000000110E+0	158.790502101976870E+0	259.449329254928730E+0
462.000000000000110E+0	118.834270128702740E+0	202.255045094796400E+0
463.000000000000110E+0	50.860881285541872E+0	95.343609769272490E+0
464.000000000000110E+0	107.435173669337020E+0	227.547810273510410E+0
465.000000000000110E+0	151.460976777395100E+0	321.863732381078650E+0
466.000000000000110E+0	92.847590125658200E+0	200.873852543627380E+0
467.000000000000110E+0	92.846243517577108E+0	233.988249027879280E+0
468.000000000000110E+0	33.663917988501410E+0	100.194013360767510E+0
469.000000000000110E+0	71.436316917246515E+0	252.716082765833870E+0
470.000000000000110E+0	138.332689078330220E+0	534.208701309279940E+0
471.000000000000110E+0	50.635011754630185E+0	221.486486839151520E+0
472.000000000000110E+0	31.485256896765598E+0	109.717217816782150E+0
473.000000000000110E+0	67.826904500292954E+0	210.328634647992600E+0
474.000000000000110E+0	148.832501679228530E+0	329.693355800843730E+0
475.000000000000110E+0	266.808829995345720E+0	371.676822196826090E+0
476.000000000000110E+0	254.678350567221800E+0	258.905232793257030E+0
477.000000000000110E+0	178.739514967040490E+0	155.142865147982150E+0
478.000000000000110E+0	242.260812767592970E+0	161.203508666513020E+0
479.000000000000110E+0	625.596264647151090E+0	400.700655204468090E+0
480.000000000000110E+0	440.101872933331950E+0	278.878648231917960E+0
481.000000000000110E+0	232.918285517629730E+0	144.973394579693210E+0
482.000000000000110E+0	146.449126721894230E+0	83.849432645575007E+0
483.000000000000110E+0	489.571815696344060E+0	368.689047466288400E+0
484.000000000000110E+0	387.923547656003110E+0	297.494787025953830E+0
485.000000000000110E+0	214.936270849207940E+0	171.203025895145430E+0
486.000000000000110E+0	218.458166106993930E+0	196.780432058220130E+0
487.000000000000110E+0	87.248636514787265E+0	65.050016766046014E+0
488.000000000000110E+0	377.066977940658030E+0	350.657725463320670E+0
489.000000000000110E+0	358.030706523397210E+0	353.416579882717940E+0
490.000000000000110E+0	172.642803235084160E+0	165.644595981363470E+0
491.000000000000110E+0	103.006124264744610E+0	87.903751242052280E+0
492.000000000000110E+0	218.668149960541400E+0	227.131737907750280E+0
493.000000000000110E+0	303.626770039608120E+0	323.559060757111470E+0
494.000000000000110E+0	202.307605933537420E+0	231.258317339205580E+0
495.000000000000110E+0	115.312988548435030E+0	127.312937527826420E+0
496.000000000000110E+0	137.334474144487930E+0	145.738783223808380E+0
497.000000000000110E+0	182.863236605264260E+0	190.650849731949170E+0
498.000000000000110E+0	317.700991951725310E+0	370.392421726639440E+0
499.000000000000110E+0	221.254126827977590E+0	275.139472121608780E+0
500.000000000000110E+0	70.110736845030530E+0	87.205064482727494E+0
501.000000000000110E+0	127.836652509576010E+0	141.732889844951610E+0
502.000000000000110E+0	333.223057027206040E+0	430.392764326441810E+0
503.000000000000110E+0	169.902422335435660E+0	234.152911518463900E+0
504.000000000000110E+0	124.833842481380880E+0	158.834400623443970E+0
505.000000000000110E+0	129.143289775375340E+0	169.620815450698560E+0
506.000000000000110E+0	122.664870285703120E+0	141.029084572731250E+0
507.000000000000110E+0	298.411111793070010E+0	404.025482620549500E+0
508.000000000000110E+0	159.848304880010180E+0	226.694353065990210E+0
509.000000000000110E+0	113.038849265015300E+0	174.364106104988450E+0
510.000000000000110E+0	43.608048951408882E+0	64.224424761563753E+0
511.000000000000110E+0	249.716980488773800E+0	336.653374643844130E+0
512.000000000000110E+0	285.287424627590040E+0	423.722682985187300E+0
513.000000000000110E+0	104.592582180545420E+0	155.895668315554360E+0
514.000000000000110E+0	89.087759667053888E+0	134.649240702971160E+0
515.000000000000110E+0	109.360278989636980E+0	174.596542701032830E+0
516.000000000000110E+0	134.407831192230700E+0	218.605971108535190E+0
517.000000000000110E+0	211.565368428261390E+0	346.978270220664970E+0
518.000000000000110E+0	145.855511082503800E+0	251.459443842631970E+0
519.000000000000110E+0	31.756347791874354E+0	55.443628827387137E+0
520.000000000000110E+0	167.511720524672630E+0	282.956219647622330E+0
521.000000000000110E+0	229.400258622417370E+0	403.916306456091940E+0
522.000000000000110E+0	143.109895278645410E+0	254.495885638234990E+0
523.000000000000110E+0	63.771385139728807E+0	115.861608141991700E+0
524.000000000000110E+0	67.986072043492896E+0	128.759997573487080E+0
525.000000000000110E+0	163.737989436206450E+0	283.922369012295520E+0
526.000000000000110E+0	199.117579091989510E+0	321.947782231324310E+0
527.000000000000110E+0	146.735145115504170E+0	225.865946955497240E+0
528.000000000000110E+0	121.835892805444790E+0	188.498860362493530E+0
529.000000000000110E+0	54.060056571796693E+0	85.290456079633913E+0
530.000000000000110E+0	346.024496260983540E+0	479.745433499308090E+0
531.000000000000110E+0	256.662116342947970E+0	356.837252010862070E+0
532.000000000000110E+0	60.288537052753838E+0	91.316742646935424E+0
533.000000000000110E+0	95.371721686987968E+0	146.693503978356490E+0
534.000000000000110E+0	144.145916186921710E+0	200.644668344124650E+0
535.000000000000110E+0	228.875871361174550E+0	322.852602216790270E+0
536.000000000000110E+0	189.304376016608670E+0	279.336870222507290E+0
537.000000000000110E+0	103.137839895090750E+0	168.933305160615930E+0
538.000000000000110E+0	48.726093514545575E+0	75.331763981896671E+0
539.000000000000110E+0	211.326531432851510E+0	337.133367358766800E+0
540.000000000000110E+0	212.282573308108570E+0	347.058815597768100E+0
541.000000000000110E+0	144.254383253254220E+0	238.309361878290160E+0
542.000000000000110E+0	39.215803470090442E+0	59.130631698585240E+0
543.000000000000110E+0	152.086013400223240E+0	252.898887304895250E+0
544.000000000000110E+0	217.062108919180300E+0	374.369289957381060E+0
545.000000000000110E+0	123.263292461213340E+0	214.631403454612890E+0
546.000000000000110E+0	143.002229077674060E+0	235.702315340889380E+0
547.000000000000110E+0	67.508482619759178E+0	109.058213118769120E+0
548.000000000000110E+0	87.537822338839291E+0	157.935537618493700E+0
549.000000000000110E+0	297.215629491580840E+0	526.882652879285390E+0
550.000000000000110E+0	151.049451665450700E+0	263.962978405970940E+0
551.000000000000110E+0	54.594743025338531E+0	96.669921065506187E+0
552.000000000000110E+0	81.917853119300091E+0	161.599899007802120E+0
553.000000000000110E+0	171.943554432292610E+0	308.978882651180470E+0
554.000000000000110E+0	220.959487383790020E+0	391.902904706699530E+0
555.000000000000110E+0	86.223226067674517E+0	150.794036579332500E+0
556.000000000000110E+0	88.623919849179401E+0	168.548796297594980E+0
557.000000000000110E+0	68.129695789673974E+0	124.377276048072420E+0
558.000000000000110E+0	178.837086595857670E+0	326.371040026551380E+0
559.000000000000110E+0	207.462778139289640E+0	406.891092954831660E+0
560.000000000000110E+0	90.594518132630171E+0	183.909622183008710E+0
561.000000000000110E+0	28.825509027000134E+0	57.530072374706137E+0
562.000000000000110E+0	207.442418384255290E+0	417.112177466704620E+0
563.000000000000110E+0	174.990611190786750E+0	362.295651045420530E+0
564.000000000000110E+0	94.083057699684616E+0	191.371053646025790E+0
565.000000000000110E+0	98.854748351522289E+0	200.270512137987770E+0
566.000000000000110E+0	41.303644955785607E+0	86.839625473375008E+0
567.000000000000110E+0	145.967010221785300E+0	335.018160304469290E+0
568.000000000000110E+0	161.345488703553880E+0	371.810908050150090E+0
569.000000000000110E+0	114.380403379224320E+0	259.582861845038170E+0
570.000000000000110E+0	43.999981881071349E+0	92.311852353614384E+0
571.000000000000110E+0	88.822358608005871E+0	209.025823044200170E+0
572.000000000000110E+0	202.848441051426990E+0	482.856622283179890E+0
573.000000000000110E+0	138.094642489534180E+0	318.128316988927620E+0
574.000000000000110E+0	39.743115493164268E+0	101.764477882353250E+0
575.000000000000110E+0	68.017453762642702E+0	194.589215833192210E+0
576.000000000000110E+0	61.325159713191603E+0	160.727930009025020E+0
577.000000000000110E+0	152.484912973045060E+0	396.418566448845410E+0
578.000000000000110E+0	139.328235222025030E+0	375.186039799882620E+0
579.000000000000110E+0	44.453784658059540E+0	120.055404251945060E+0
580.000000000000110E+0	46.799610068546855E+0	124.193043054946500E+0
581.000000000000110E+0	159.254490381298410E+0	486.407758140842530E+0
582.000000000000110E+0	111.988522213820290E+0	353.269645845072430E+0
583.000000000000110E+0	50.541949534650072E+0	173.405408244525200E+0
584.000000000000110E+0	37.585855105535821E+0	130.777834567152070E+0
585.000000000000110E+0	59.949797843090948E+0	194.590246834073270E+0
586.000000000000110E+0	111.225873618357470E+0	386.288992221166950E+0
587.000000000000110E+0	84.743098266421526E+0	294.471864116596010E+0
588.000000000000110E+0	81.922892366722209E+0	278.359499746410680E+0
589.000000000000110E+0	20.985783457524843E+0	60.125067810091693E+0
590.000000000000110E+0	117.600891087226470E+0	377.465884621020850E+0
591.000000000000110E+0	213.132869243324960E+0	582.442121622161610E+0
592.000000000000110E+0	97.048769852924181E+0	216.350588338419130E+0
593.000000000000110E+0	56.197382285863945E+0	122.979781039859600E+0
594.000000000000110E+0	104.024804359804050E+0	194.338852501050130E+0
595.000000000000110E+0	170.736326280562310E+0	266.707393044615570E+0
596.000000000000110E+0	228.641987286172790E+0	355.159855743787320E+0
597.000000000000110E+0	177.408551029202210E+0	271.111169327988990E+0
598.000000000000110E+0	65.204405443913899E+0	91.931546350838602E+0
599.000000000000110E+0	144.094992087893500E+0	204.380458499459540E+0
600.000000000000110E+0	282.255269736635340E+0	431.179499760829570E+0
601.000000000000110E+0	252.341958790514130E+0	403.223186590730050E+0
602.000000000000110E+0	65.800969993871220E+0	98.111571990712861E+0
603.000000000000110E+0	82.525788078412546E+0	134.756248319187760E+0
604.000000000000110E+0	185.388658827228770E+0	308.428407834528000E+0
605.000000000000110E+0	185.923489765108290E+0	303.143793273605470E+0
606.000000000000110E+0	148.838874032996360E+0	229.117346602913190E+0
607.000000000000110E+0	130.712635968887610E+0	219.888897541962760E+0
608.000000000000110E+0	36.602370542068982E+0	56.192621928615360E+0
609.000000000000110E+0	283.189570776797840E+0	516.279871138299770E+0
610.000000000000110E+0	251.085265186332070E+0	457.235665313783390E+0
611.000000000000110E+0	91.033919825563799E+0	169.586907175967440E+0
612.000000000000110E+0	45.055063556015575E+0	93.085397969873043E+0
613.000000000000110E+0	121.774624260373940E+0	232.626763787988690E+0
614.000000000000110E+0	201.014169240194600E+0	372.825910343834610E+0
615.000000000000110E+0	145.366311398919120E+0	251.992900161906330E+0
616.000000000000110E+0	103.583840515069340E+0	186.490709367650050E+0
617.000000000000110E+0	57.222745858365933E+0	107.773140637095440E+0
618.000000000000110E+0	112.641970889661750E+0	218.295956075605400E+0
619.000000000000110E+0	233.336009526524720E+0	457.023608866327610E+0
620.000000000000110E+0	183.449755660564560E+0	368.038610767764960E+0
621.000000000000110E+0	29.071644316968257E+0	57.602520155201319E+0
622.000000000000110E+0	115.723911512675530E+0	226.942098645655650E+0
623.000000000000110E+0	205.469154487076990E+0	417.072653920216620E+0
624.000000000000110E+0	127.124340464992880E+0	246.168060477715240E+0
625.000000000000110E+0	105.703194558725660E+0	216.049545060453680E+0
626.000000000000110E+0	60.945682229829813E+0	134.817329411700260E+0
627.000000000000110E+0	60.325374190510899E+0	136.839480509718950E+0
628.000000000000110E+0	192.657170489351020E+0	462.684108471997830E+0
629.000000000000110E+0	153.225706736345930E+0	363.603297724941060E+0
630.000000000000110E+0	69.081290319862958E+0	163.660069148838490E+0
631.000000000000110E+0	38.451649030162585E+0	93.708938329553547E+0
632.000000000000110E+0	145.952283682611640E+0	365.343593443880710E+0
633.000000000000110E+0	187.971524612397790E+0	500.485454888444110E+0
634.000000000000110E+0	51.553523864733563E+0	144.890581211997020E+0
635.000000000000110E+0	62.944757262372583E+0	186.807402057502060E+0
636.000000000000110E+0	35.676898070576364E+0	107.588793516905550E+0
637.000000000000110E+0	98.990977149885424E+0	300.872784329271610E+0
638.000000000000110E+0	127.608309625151240E+0	434.197378658534940E+0
639.000000000000110E+0	78.630514623323421E+0	289.678797534710330E+0
640.000000000000110E+0	10.310829365478984E+0	38.375104201576406E+0
641.000000000000110E+0	87.862183411091308E+0	352.225782591771970E+0
642.000000000000110E+0	100.347375746914790E+0	437.550042648746970E+0
643.000000000000110E+0	59.538093666590328E+0	279.561742293363120E+0
644.000000000000110E+0	33.621177505452536E+0	169.512934110833670E+0
645.000000000000110E+0	24.982532777893972E+0	121.248005556283420E+0
646.000000000000110E+0	61.280230293066531E+0	286.928176844305990E+0
647.000000000000110E+0	69.819227285972914E+0	342.748766519321240E+0
648.000000000000110E+0	66.266042467297453E+0	319.137874104623220E+0
649.000000000000110E+0	28.808862705125279E+0	130.230370547381820E+0
650.000000000000110E+0	23.852696882547061E+0	77.993113527989294E+0
651.000000000000110E+0	190.149529874480520E+0	573.639890083404910E+0
652.000000000000110E+0	175.433178330396520E+0	455.707621657608680E+0
653.000000000000110E+0	48.993968988948374E+0	104.091415107096510E+0
654.000000000000110E+0	103.625488566603440E+0	196.567937745767270E+0
655.000000000000110E+0	118.836845778272760E+0	177.886762510863750E+0
656.000000000000110E+0	253.333778789883670E+0	347.055505791557270E+0
657.000000000000110E+0	279.335005664143520E+0	358.724822462454540E+0
658.000000000000110E+0	124.220288526971560E+0	145.425720978427700E+0
659.000000000000110E+0	50.555467811593267E+0	52.578630981830180E+0
660.000000000000110E+0	261.870256542616350E+0	325.177117199241930E+0
661.000000000000110E+0	334.904432361138330E+0	411.312678819523060E+0
662.000000000000110E+0	172.204744102083110E+0	218.307564315242470E+0
663.000000000000110E+0	61.967768688192976E+0	80.982035276809768E+0
664.000000000000110E+0	119.797241442865700E+0	170.357854733046080E+0
665.000000000000110E+0	265.801467148756330E+0	389.320484952996710E+0
666.000000000000110E+0	142.096168159087030E+0	210.451279583565420E+0
667.000000000000110E+0	200.377723234148420E+0	339.258091674179130E+0
668.000000000000110E+0	40.323181312679146E+0	73.599584197326024E+0
669.000000000000110E+0	140.165032633628160E+0	216.231792024142410E+0
670.000000000000110E+0	308.635343699189260E+0	530.953887624367550E+0
671.000000000000110E+0	150.782770344772220E+0	256.289414257926070E+0
672.000000000000110E+0	49.271719524758268E+0	77.536178745255455E+0
673.000000000000110E+0	90.156195476588891E+0	144.612982840292090E+0
674.000000000000110E+0	137.800086236728020E+0	227.975507744081200E+0
675.000000000000110E+0	214.486372549933260E+0	378.392135469312960E+0
676.000000000000110E+0	117.113684343912420E+0	210.177754005079180E+0
677.000000000000110E+0	78.363636625287043E+0	149.557132193520890E+0
678.000000000000110E+0	52.593009796958690E+0	94.568129787537870E+0
679.000000000000110E+0	236.933507114844500E+0	365.474880025004210E+0
680.000000000000110E+0	327.234930079886110E+0	486.448767104307990E+0
681.000000000000110E+0	109.860056769866970E+0	159.233000183041670E+0
682.000000000000110E+0	56.574165918930817E+0	64.401136891517041E+0
683.000000000000110E+0	250.728229494703700E+0	315.770534833376530E+0
684.000000000000110E+0	247.942615613249100E+0	306.238038848195460E+0
685.000000000000110E+0	138.395462748021660E+0	176.942270375498200E+0
686.000000000000110E+0	157.155577975642610E+0	211.694654443239560E+0
687.000000000000110E+0	25.131431307745061E+0	34.549331079513614E+0
688.000000000000110E+0	238.238693474928450E+0	298.065752906655350E+0
689.000000000000110E+0	325.192612584779340E+0	434.298879711813700E+0
690.000000000000110E+0	162.820976720245000E+0	222.876678466200420E+0
691.000000000000110E+0	67.382497744747610E+0	87.387513760075947E+0
692.000000000000110E+0	116.001966678350610E+0	145.559935749533000E+0
693.000000000000110E+0	339.522006885775000E+0	473.738060124259110E+0
694.000000000000110E+0	163.480923659045460E+0	241.958010017934240E+0
695.000000000000110E+0	105.482351171874110E+0	153.754251760281450E+0
696.000000000000110E+0	102.112968782985970E+0	137.600611909336890E+0
697.000000000000110E+0	88.881315430394039E+0	123.621973581989070E+0
698.000000000000110E+0	254.348649796326700E+0	346.213880519291820E+0
699.000000000000110E+0	280.105176323326820E+0	410.646566718167210E+0
700.000000000000110E+0	46.873516302477348E+0	73.794992849865665E+0
701.000000000000110E+0	73.249849902197525E+0	102.982023212706120E+0
702.000000000000110E+0	223.294143138188560E+0	332.861276490492060E+0
703.000000000000110E+0	202.404096880498460E+0	324.252424074633950E+0
704.000000000000110E+0	110.136216847903410E+0	175.762066379679060E+0
705.000000000000110E+0	89.914446202669751E+0	132.052012506755830E+0
706.000000000000110E+0	75.169153933363731E+0	108.101226430409300E+0
707.000000000000110E+0	219.213116809635120E+0	350.107516458724430E+0
708.000000000000110E+0	184.713422022867060E+0	289.155132268468830E+0
709.000000000000110E+0	143.082404019722960E+0	229.445745360491860E+0
710.000000000000110E+0	19.611012641360084E+0	34.674425400585633E+0
711.000000000000110E+0	186.619492080253420E+0	294.759962397678860E+0
712.000000000000110E+0	304.188231884564630E+0	519.331217667880200E+0
713.000000000000110E+0	82.309483973640439E+0	141.734273511620530E+0
714.000000000000110E+0	75.512116990993746E+0	114.968574518558940E+0
715.000000000000110E+0	59.089596531321902E+0	99.749362908494532E+0
716.000000000000110E+0	96.996887335108326E+0	171.976196123556800E+0
717.000000000000110E+0	210.052229205736010E+0	366.645491564093050E+0
718.000000000000110E+0	149.728902127950900E+0	264.225172855813180E+0
719.000000000000110E+0	42.791205343898049E+0	74.380752693800474E+0
720.000000000000110E+0	91.327802511117284E+0	150.028125383651680E+0
721.000000000000110E+0	239.771299588050340E+0	399.910494671659310E+0
722.000000000000110E+0	198.882791479793580E+0	339.969584546338810E+0
723.000000000000110E+0	62.362780676878245E+0	109.433362835592490E+0
724.000000000000110E+0	58.821770970109242E+0	101.072567788214290E+0
725.000000000000110E+0	157.527987307022390E+0	274.615632924276610E+0
726.000000000000110E+0	125.764527216764800E+0	232.641415681238920E+0
727.000000000000110E+0	166.253492927090120E+0	301.236523354275330E+0
728.000000000000110E+0	84.185398675600965E+0	152.027672656532420E+0
729.000000000000110E+0	18.484108579649614E+0	27.443444577522218E+0
730.000000000000110E+0	213.940018772247810E+0	386.908312934612810E+0
731.000000000000110E+0	241.971189021218210E+0	446.347126119673990E+0
732.000000000000110E+0	55.495607733936275E+0	104.737506761524330E+0
733.000000000000110E+0	64.275127373287674E+0	115.833848732044660E+0
734.000000000000110E+0	63.579533720669573E+0	110.127744374510570E+0
735.000000000000110E+0	200.722608113671210E+0	351.995225837676570E+0
736.000000000000110E+0	146.748188432444350E+0	260.763576591876810E+0
737.000000000000110E+0	113.034392438919060E+0	191.461525105919120E+0
738.000000000000110E+0	39.905293179124683E+0	69.588119024840608E+0
739.000000000000110E+0	117.588786140069300E+0	194.654946576532440E+0
740.000000000000110E+0	279.146386821324090E+0	484.602766798799450E+0
741.000000000000110E+0	168.190884653065640E+0	303.653640030637690E+0
742.000000000000110E+0	26.752115130756415E+0	50.487703986377454E+0
743.000000000000110E+0	103.955654602202320E+0	181.524352080010430E+0
744.000000000000110E+0	159.336801171538440E+0	295.541401493074320E+0
745.000000000000110E+0	102.249620887501040E+0	188.337310479841510E+0
746.000000000000110E+0	120.879689666323090E+0	231.521608291065520E+0
747.000000000000110E+0	47.294348150051697E+0	97.176869801722404E+0
748.000000000000110E+0	50.607602398672022E+0	93.703038985007623E+0
749.000000000000110E+0	209.862158990688700E+0	415.135978840345730E+0
750.000000000000110E+0	164.217480420255330E+0	325.541710569543970E+0
751.000000000000110E+0	61.189160620043310E+0	120.777730330626510E+0
752.000000000000110E+0	27.448413995407293E+0	53.088555957655238E+0
753.000000000000110E+0	134.230168813134070E+0	267.919303298342010E+0
754.000000000000110E+0	200.364594400304840E+0	409.481346914574600E+0
755.000000000000110E+0	89.779465952315149E+0	176.066210393013590E+0
756.000000000000110E+0	81.933467215720370E+0	171.311542753836310E+0
757.000000000000110E+0	41.450167368215901E+0	90.850064845006045E+0
758.000000000000110E+0	118.855165606440240E+0	233.209007123610210E+0
759.000000000000110E+0	246.779300323449380E+0	520.451686246842310E+0
760.000000000000110E+0	83.328112635335572E+0	180.464700540326840E+0
761.000000000000110E+0	14.357565986514999E+0	31.645286408467562E+0
762.000000000000110E+0	114.220336712277050E+0	234.211623677983940E+0
763.000000000000110E+0	173.101642666671440E+0	377.954982176369980E+0
764.000000000000110E+0	80.674478535798457E+0	178.280171715545830E+0
765.000000000000110E+0	70.228976820488555E+0	159.288792278217100E+0
766.000000000000110E+0	21.773088277066357E+0	47.999582372755242E+0
767.000000000000110E+0	95.172581616431117E+0	203.153149830394800E+0
768.000000000000110E+0	123.310799907267750E+0	283.258792251236000E+0
769.000000000000110E+0	130.200657396693660E+0	320.279294264951320E+0
770.000000000000110E+0	44.435239320286641E+0	112.829007444739180E+0
771.000000000000110E+0	34.454713483443150E+0	78.530321058838965E+0
772.000000000000110E+0	188.325725300847380E+0	456.137930190718630E+0
773.000000000000110E+0	146.094051651040590E+0	363.344759254521760E+0
774.000000000000110E+0	42.628158193770105E+0	101.783128540730080E+0
775.000000000000110E+0	59.111412735638417E+0	152.063002049522230E+0
776.000000000000110E+0	45.583728126315130E+0	112.812488255096310E+0
777.000000000000110E+0	130.652195097210780E+0	339.345667017823590E+0
778.000000000000110E+0	157.592136547926800E+0	431.334292056559490E+0
779.000000000000110E+0	43.563206164778705E+0	123.341100245016420E+0
780.000000000000110E+0	18.004446525498672E+0	47.067059000132616E+0
781.000000000000110E+0	106.169596202275490E+0	297.150126135297060E+0
782.000000000000110E+0	125.333144090892420E+0	368.342362810941660E+0
783.000000000000110E+0	60.197650461055538E+0	188.489117716038830E+0
784.000000000000110E+0	23.765031000193950E+0	72.376225377974109E+0
785.000000000000110E+0	43.862162981431261E+0	120.285530176816040E+0
786.000000000000110E+0	79.695574428020691E+0	242.227388855630950E+0
787.000000000000110E+0	80.009758473477888E+0	248.424053919422530E+0
788.000000000000110E+0	88.290912771391760E+0	266.051863795742970E+0
789.000000000000110E+0	23.250504538397106E+0	74.221801730691510E+0
790.000000000000110E+0	52.876824655000817E+0	175.911925803839440E+0
791.000000000000110E+0	166.692572540074420E+0	598.321606066995970E+0
792.000000000000110E+0	58.431777782766218E+0	234.097874057092210E+0
793.000000000000110E+0	29.630282850969017E+0	113.167956033745740E+0
794.000000000000110E+0	29.343996566387638E+0	119.033278087209100E+0
795.000000000000110E+0	61.813543867089706E+0	242.720009967912490E+0
796.000000000000110E+0	77.290547677493677E+0	323.355588085468350E+0
797.000000000000110E+0	74.384719243919846E+0	290.579328472784600E+0
798.000000000000110E+0	27.138532751472582E+0	108.345837934452520E+0
799.000000000000110E+0	20.176642465204992E+0	90.108624191618801E+0
800.000000000000110E+0	74.196193841844348E+0	357.063035430012460E+0
801.000000000000110E+0	105.132944119765850E+0	515.273369319975360E+0
802.000000000000110E+0	26.750233271647993E+0	134.282942013689020E+0
803.000000000000110E+0	11.791705925781795E+0	70.704306744913609E+0
804.000000000000110E+0	39.209336642076906E+0	236.139613527782270E+0
805.000000000000110E+0	47.160610685060689E+0	243.522386363178700E+0
806.000000000000110E+0	51.307108959253711E+0	222.604397408580780E+0
807.000000000000110E+0	50.574938362463669E+0	216.631456913410970E+0
808.000000000000110E+0	6.259274090344602E+0	20.341991577449015E+0
809.000000000000110E+0	75.051969090698549E+0	286.267387202101530E+0
810.000000000000110E+0	125.081695923963510E+0	457.531058601816140E+0
811.000000000000110E+0	58.051697981294254E+0	203.235224698706870E+0
812.000000000000110E+0	19.614157524662616E+0	71.102309991505365E+0
813.000000000000110E+0	35.424458958974149E+0	102.968548699467720E+0
814.000000000000110E+0	181.554916899975980E+0	402.580606295427400E+0
815.000000000000110E+0	147.681920111440890E+0	285.808314904381350E+0
816.000000000000110E+0	102.272513596433360E+0	186.325496886366640E+0
817.000000000000110E+0	95.241974885140991E+0	138.583829668234700E+0
818.000000000000110E+0	72.116134714166790E+0	97.980933941131909E+0
819.000000000000110E+0	315.036200468448210E+0	447.736231593521890E+0
820.000000000000110E+0	312.766889651389420E+0	420.373818525977980E+0
821.000000000000110E+0	73.749744330519803E+0	90.363961758989006E+0
822.000000000000110E+0	78.043300294727402E+0	108.493596210852530E+0
823.000000000000110E+0	287.470788720435110E+0	369.142796723028250E+0
824.000000000000110E+0	198.039045711400520E+0	239.235224129538300E+0
825.000000000000110E+0	185.789090075579960E+0	233.958371549537190E+0
826.000000000000110E+0	73.506633137564421E+0	86.073761599191698E+0
827.000000000000110E+0	62.119575768030039E+0	83.042790950151001E+0
828.000000000000110E+0	199.211330193160900E+0	286.471998913484980E+0
829.000000000000110E+0	238.421528912442770E+0	329.225788672135190E+0
830.000000000000110E+0	124.300295778667530E+0	181.460512188749360E+0
831.000000000000110E+0	13.619473645614018E+0	18.417064219204118E+0
832.000000000000110E+0	174.752103480254360E+0	209.262871690743400E+0
833.000000000000110E+0	320.529409028345300E+0	432.328933332087390E+0
834.000000000000110E+0	86.023802860530836E+0	117.187918820660000E+0
835.000000000000110E+0	92.674454232316876E+0	128.265498267416750E+0
836.000000000000110E+0	50.438591470936238E+0	77.199337957232387E+0
837.000000000000110E+0	89.856772254996429E+0	136.509920281656780E+0
838.000000000000110E+0	259.904642553025210E+0	423.332819126758410E+0
839.000000000000110E+0	145.090650965518480E+0	250.058898717167490E+0
840.000000000000110E+0	34.496520570128055E+0	55.763540907388361E+0
841.000000000000110E+0	85.208770641976343E+0	118.894992056895290E+0
842.000000000000110E+0	235.649772265030010E+0	379.254471524751580E+0
843.000000000000110E+0	187.905376493880960E+0	317.905277858223030E+0
844.000000000000110E+0	78.712464922752744E+0	135.865722819574130E+0
845.000000000000110E+0	48.977529705114932E+0	96.434647207243671E+0
846.000000000000110E+0	118.588427324580240E+0	212.261475430625690E+0
847.000000000000110E+0	149.836179830834450E+0	257.370041020118490E+0
848.000000000000110E+0	229.677057391408200E+0	378.838126920110370E+0
849.000000000000110E+0	114.588541438919690E+0	194.034413088235540E+0
850.000000000000110E+0	15.824960664259729E+0	27.228014096094903E+0
851.000000000000110E+0	254.408058876361790E+0	476.327968631480300E+0
852.000000000000110E+0	210.178504840477760E+0	401.494978557882060E+0
853.000000000000110E+0	66.614488910688053E+0	136.605359802626170E+0
854.000000000000110E+0	58.943505396986339E+0	125.401138782657240E+0
855.000000000000110E+0	58.766073569357616E+0	104.042846099962430E+0
856.000000000000110E+0	150.428224168917670E+0	292.330173175447500E+0
857.000000000000110E+0	150.932853037828240E+0	312.474124683559410E+0
858.000000000000110E+0	70.626082364869333E+0	148.317249868057640E+0
859.000000000000110E+0	26.235103989123296E+0	55.493916574300712E+0
860.000000000000110E+0	61.809353851487039E+0	146.334926621085230E+0
861.000000000000110E+0	206.207181142175470E+0	488.779014050091180E+0
862.000000000000110E+0	94.814801641663891E+0	235.396193810826470E+0
863.000000000000110E+0	16.338798358424619E+0	37.677205126918906E+0
864.000000000000110E+0	48.309513186645539E+0	106.681923591255030E+0
865.000000000000110E+0	92.126882564314656E+0	226.382769994689230E+0
866.000000000000110E+0	65.521594709921715E+0	170.776593144798230E+0
867.000000000000110E+0	103.217021019847450E+0	269.148671334226380E+0
868.000000000000110E+0	33.629687630289780E+0	90.815895638832359E+0
869.000000000000110E+0	24.860757026935929E+0	68.476102722532062E+0
870.000000000000110E+0	158.408611046858990E+0	444.689473955527490E+0
871.000000000000110E+0	99.667420476295348E+0	286.314772018078370E+0
872.000000000000110E+0	46.022892106232021E+0	130.224365520774650E+0
873.000000000000110E+0	18.187713443926146E+0	45.259374823216170E+0
874.000000000000110E+0	74.543791468926898E+0	215.354910405807740E+0
875.000000000000110E+0	114.618620188924150E+0	356.065586013261740E+0
876.000000000000110E+0	57.702894371566721E+0	200.523850238915400E+0
877.000000000000110E+0	58.190373098378053E+0	194.793507638996350E+0
878.000000000000110E+0	17.748483147039359E+0	56.216286814475254E+0
879.000000000000110E+0	68.395029194505255E+0	231.606070211272990E+0
880.000000000000110E+0	171.546832248326150E+0	593.520088621807420E+0
881.000000000000110E+0	71.039975888358583E+0	261.970733238409420E+0
882.000000000000110E+0	22.420030186716776E+0	51.986201752704879E+0
883.000000000000110E+0	99.037183774601971E+0	246.765962547889500E+0
884.000000000000110E+0	151.852551628376090E+0	334.855146056787760E+0
885.000000000000110E+0	145.418238945707000E+0	281.788322046751260E+0
886.000000000000110E+0	118.962902763147740E+0	203.101534819510480E+0
887.000000000000110E+0	46.134640825269450E+0	84.598782309116956E+0
888.000000000000110E+0	131.577915583717580E+0	199.162095621797450E+0
889.000000000000110E+0	329.708767875517590E+0	436.514689492813150E+0
890.000000000000110E+0	223.786961055091350E+0	288.962365122428650E+0
891.000000000000110E+0	84.585821146512885E+0	104.156533031149910E+0
892.000000000000110E+0	71.225977895364437E+0	84.322377701209504E+0
893.000000000000110E+0	375.923356585732620E+0	468.249063234670300E+0
894.000000000000110E+0	197.181128550646830E+0	248.494340768877090E+0
895.000000000000110E+0	91.248713640423176E+0	122.457796486818140E+0
896.000000000000110E+0	94.480886830614594E+0	135.088854825916030E+0
897.000000000000110E+0	45.271092271046335E+0	64.293591093994152E+0
898.000000000000110E+0	235.187354053449160E+0	334.960818694459650E+0
899.000000000000110E+0	263.697980157082330E+0	377.235758302062440E+0
900.000000000000110E+0	79.273066089058005E+0	107.020909970930390E+0
901.000000000000110E+0	26.997906998424231E+0	37.824695028572307E+0
902.000000000000110E+0	151.365500630021360E+0	231.356520224117790E+0
903.000000000000110E+0	205.397032890117860E+0	306.865214314808610E+0
904.000000000000110E+0	94.622237002324056E+0	151.750371774671120E+0
905.000000000000110E+0	34.053880117496547E+0	62.686124992167343E+0
906.000000000000110E+0	58.837367517931035E+0	85.386678366390072E+0
907.000000000000110E+0	98.183982720025838E+0	147.095912491010640E+0
908.000000000000110E+0	171.433419799136860E+0	263.215809057154390E+0
909.000000000000110E+0	143.512601969695370E+0	225.717433237410940E+0
910.000000000000110E+0	22.628272184846853E+0	35.417025811239760E+0
911.000000000000110E+0	76.181542813296289E+0	131.990966334068420E+0
912.000000000000110E+0	259.261621937605180E+0	466.762081229375950E+0
913.000000000000110E+0	100.403021017201040E+0	191.212153293751530E+0
914.000000000000110E+0	50.221762682520968E+0	83.180854518382873E+0
915.000000000000110E+0	57.893295791998263E+0	97.916741974593478E+0
916.000000000000110E+0	64.940067769728756E+0	107.275247403592020E+0
917.000000000000110E+0	182.599548021044880E+0	322.834614025503980E+0
918.000000000000110E+0	130.941191757616710E+0	237.666917881686740E+0
919.000000000000110E+0	68.409870367032397E+0	130.313436348401860E+0
920.000000000000110E+0	15.721697020376462E+0	31.690787705877192E+0
921.000000000000110E+0	180.284590700501410E+0	339.200287822590440E+0
922.000000000000110E+0	218.224288879999140E+0	428.438831390571860E+0
923.000000000000110E+0	86.312169095384632E+0	166.632479553731490E+0
924.000000000000110E+0	38.609161219957649E+0	66.271020420875757E+0
925.000000000000110E+0	97.374950126218408E+0	188.767562181591470E+0
926.000000000000110E+0	109.593900996361070E+0	225.905706117429590E+0
927.000000000000110E+0	161.251288284370670E+0	327.284350256924480E+0
928.000000000000110E+0	123.657230245000890E+0	275.828884169357650E+0
929.000000000000110E+0	16.744214101482676E+0	37.028457258409077E+0
930.000000000000110E+0	147.798646656964820E+0	289.884035391952120E+0
931.000000000000110E+0	248.740070762056290E+0	504.576114056238570E+0
932.000000000000110E+0	114.914696912371100E+0	235.766991275394500E+0
933.000000000000110E+0	46.865231505200199E+0	97.992272174931756E+0
934.000000000000110E+0	57.292550687429284E+0	138.295158172451610E+0
935.000000000000110E+0	160.107933143338780E+0	355.826744925288840E+0
936.000000000000110E+0	154.611701605356530E+0	361.040787091048800E+0
937.000000000000110E+0	95.075805072105496E+0	223.045788601555220E+0
938.000000000000110E+0	65.239984269181406E+0	154.582032414801060E+0
939.000000000000110E+0	38.512177709279527E+0	82.636914800933681E+0
940.000000000000110E+0	258.424947167874850E+0	586.655007896071880E+0
941.000000000000110E+0	189.384943145665090E+0	442.477540229494930E+0
942.000000000000110E+0	28.350324080570875E+0	78.894781902344903E+0
943.000000000000110E+0	65.866800497109281E+0	147.442179953832380E+0
944.000000000000110E+0	156.293977602400160E+0	355.768840028855270E+0
945.000000000000110E+0	116.907202835538330E+0	279.049491791971150E+0
946.000000000000110E+0	130.947068005392170E+0	281.109456645496780E+0
947.000000000000110E+0	68.770736582975516E+0	146.759909757474960E+0
948.000000000000110E+0	44.430635658209425E+0	93.174209923708076E+0
949.000000000000110E+0	190.419427245737810E+0	388.569723557427270E+0
950.000000000000110E+0	214.856825292332960E+0	424.501897621251710E+0
951.000000000000110E+0	113.518476005533370E+0	229.241147026163470E+0
952.000000000000110E+0	18.616096223214644E+0	34.828204062404843E+0
953.000000000000110E+0	151.397805888488790E+0	283.064655676805610E+0
954.000000000000110E+0	226.871828051614840E+0	412.210516009905120E+0
955.000000000000110E+0	84.545233215173681E+0	155.002841304945860E+0
956.000000000000110E+0	85.443189217172403E+0	166.942351328852770E+0
957.000000000000110E+0	47.768117474304944E+0	95.078476573718134E+0
958.000000000000110E+0	104.267100840791640E+0	198.830924300187120E+0
959.000000000000110E+0	281.266789789592740E+0	543.669813834487060E+0
960.000000000000110E+0	105.752256454917830E+0	206.364654654814020E+0
961.000000000000110E+0	13.124331405503028E+0	25.637308522847853E+0
962.000000000000110E+0	94.600442652538533E+0	171.376632163807530E+0
963.000000000000110E+0	163.572338692705300E+0	318.707547208719120E+0
964.000000000000110E+0	138.722688408571860E+0	279.604379207635930E+0
965.000000000000110E+0	49.514913804167392E+0	95.236929965711766E+0
966.000000000000110E+0	38.006361632400456E+0	83.964351161703306E+0
967.000000000000110E+0	62.101081438485359E+0	122.405282407487900E+0
968.000000000000110E+0	124.125486002443610E+0	236.600702172812190E+0
969.000000000000110E+0	134.228977542298680E+0	261.801503728061900E+0
970.000000000000110E+0	46.587883321876419E+0	91.737673896644807E+0
971.000000000000110E+0	21.233671524167825E+0	44.002469393787251E+0
972.000000000000110E+0	215.739770303473960E+0	447.184232765552390E+0
973.000000000000110E+0	133.421667325918580E+0	271.445335592464180E+0
974.000000000000110E+0	31.045859291082088E+0	70.143106825849557E+0
975.000000000000110E+0	30.638285569755361E+0	66.989680767515040E+0
976.000000000000110E+0	21.562258472198351E+0	42.025194789123830E+0
977.000000000000110E+0	91.696855999620965E+0	193.516805426978980E+0
978.000000000000110E+0	126.697358837365530E+0	258.340980823068380E+0
979.000000000000110E+0	45.658819755736673E+0	91.057913259975180E+0
980.000000000000110E+0	6.021472398308715E+0	15.079060491535159E+0
981.000000000000110E+0	58.305205931817760E+0	128.622390493316350E+0
982.000000000000110E+0	139.040100942029570E+0	311.975190524143440E+0
983.000000000000110E+0	66.329756822040437E+0	153.094343949219710E+0
984.000000000000110E+0	3.339586387139262E+0	5.212496959423589E+0
985.000000000000110E+0	32.147841499533840E+0	70.977690421613701E+0
986.000000000000110E+0	47.149519736771758E+0	99.762824906143322E+0
987.000000000000110E+0	68.840867833374688E+0	153.009588744031900E+0
988.000000000000110E+0	89.982889069697109E+0	204.830827594510850E+0
989.000000000000110E+0	16.482597896322975E+0	36.053085424019208E+0
990.000000000000110E+0	20.199814139713109E+0	52.536646955531964E+0
991.000000000000110E+0	116.060352681273640E+0	287.642041417880820E+0
992.000000000000110E+0	52.279412248485436E+0	125.465809076940020E+0
993.000000000000110E+0	11.226044344535710E+0	25.572132310078949E+0
994.000000000000110E+0	5.687686029275438E+0	13.689856972917795E+0
995.000000000000110E+0	34.744921118946223E+0	85.590752335294354E+0
996.000000000000110E+0	61.676477321048345E+0	162.921675297201010E+0
997.000000000000110E+0	24.758164704034435E+0	62.711629267289439E+0
998.000000000000110E+0	23.514041109397812E+0	63.672326561412241E+0
999.000000000000110E+0	1.571587646335213E+0	3.749911944153641E+0
1.000000000000000E+3	61.366897336062927E+0	158.356610650164300E+0
