Freq (Hz)	Coh_accelerometre /source
source
source
10.000000000000018E+0	994.632756835853060E-3
11.000000000000020E+0	995.324644723194710E-3
12.000000000000021E+0	996.042843470837600E-3
13.000000000000023E+0	996.112588985861080E-3
14.000000000000025E+0	999.051028616134260E-3
15.000000000000027E+0	999.571739064693210E-3
16.000000000000028E+0	971.439803588513780E-3
17.000000000000028E+0	995.630964062846350E-3
18.000000000000028E+0	999.590781831506400E-3
19.000000000000028E+0	998.614884116949430E-3
20.000000000000028E+0	998.999289679277870E-3
21.000000000000028E+0	998.620486522510120E-3
22.000000000000028E+0	999.455233386345560E-3
23.000000000000028E+0	999.697230578389880E-3
24.000000000000028E+0	999.819682852816080E-3
25.000000000000028E+0	999.927439435916440E-3
26.000000000000028E+0	999.967246869510770E-3
27.000000000000028E+0	999.936125775248480E-3
28.000000000000028E+0	999.880897295377210E-3
29.000000000000028E+0	999.569533690910620E-3
30.000000000000028E+0	999.502193084341740E-3
31.000000000000028E+0	999.824288106579750E-3
32.000000000000028E+0	999.943498373529470E-3
33.000000000000028E+0	999.912927336030540E-3
34.000000000000028E+0	999.615685911886100E-3
35.000000000000028E+0	999.658039271759220E-3
36.000000000000028E+0	999.961658787320130E-3
37.000000000000028E+0	999.936446358418830E-3
38.000000000000028E+0	999.830024350861320E-3
39.000000000000028E+0	999.777838825284590E-3
40.000000000000028E+0	999.798080370265300E-3
41.000000000000028E+0	999.932359444834050E-3
42.000000000000028E+0	999.881811673343780E-3
43.000000000000028E+0	999.664639536032790E-3
44.000000000000028E+0	999.106300081318510E-3
45.000000000000028E+0	999.639591835955520E-3
46.000000000000028E+0	999.899395456862240E-3
47.000000000000028E+0	999.859364167569150E-3
48.000000000000028E+0	999.917131003359550E-3
49.000000000000028E+0	999.663397040229330E-3
50.000000000000028E+0	999.722791640823890E-3
51.000000000000028E+0	999.862336375380910E-3
52.000000000000028E+0	999.822596538674110E-3
53.000000000000028E+0	999.196226465516090E-3
54.000000000000028E+0	999.686906687031970E-3
55.000000000000028E+0	999.767637129972520E-3
56.000000000000028E+0	999.654407876406800E-3
57.000000000000028E+0	999.829151208722400E-3
58.000000000000028E+0	999.486743045182810E-3
59.000000000000028E+0	999.627554355843720E-3
60.000000000000028E+0	999.780416202296960E-3
61.000000000000028E+0	999.648208291985310E-3
62.000000000000028E+0	999.515678017301010E-3
63.000000000000028E+0	999.850076076262860E-3
64.000000000000028E+0	999.804148766592740E-3
65.000000000000028E+0	999.837367284729720E-3
66.000000000000028E+0	999.820523247917260E-3
67.000000000000028E+0	998.929070713051920E-3
68.000000000000028E+0	999.196664493727240E-3
69.000000000000028E+0	999.782590460000620E-3
70.000000000000028E+0	999.815631971602280E-3
71.000000000000028E+0	999.706586018688450E-3
72.000000000000028E+0	999.690095585472950E-3
73.000000000000028E+0	999.788594182704380E-3
74.000000000000028E+0	999.804286552275050E-3
75.000000000000028E+0	999.840125956496630E-3
76.000000000000028E+0	999.619195792855740E-3
77.000000000000028E+0	998.045482351671450E-3
78.000000000000028E+0	999.724567871472570E-3
79.000000000000028E+0	999.932006835015820E-3
80.000000000000028E+0	999.625315984180360E-3
81.000000000000028E+0	992.873818704303910E-3
82.000000000000028E+0	965.304009725648340E-3
83.000000000000028E+0	999.295792533586360E-3
84.000000000000028E+0	999.661128170698740E-3
85.000000000000028E+0	999.002027260707190E-3
86.000000000000028E+0	994.637349456927390E-3
87.000000000000028E+0	997.779065258134090E-3
88.000000000000028E+0	999.310473598981290E-3
89.000000000000028E+0	999.479870023038170E-3
90.000000000000028E+0	995.269504164409510E-3
91.000000000000028E+0	998.910820372257310E-3
92.000000000000028E+0	998.908362354544390E-3
93.000000000000028E+0	998.417213813898360E-3
94.000000000000028E+0	998.013603485730980E-3
95.000000000000028E+0	984.001583254771720E-3
96.000000000000028E+0	999.758428719860200E-3
97.000000000000028E+0	999.883707606517350E-3
98.000000000000028E+0	999.769361449574180E-3
99.000000000000028E+0	998.875313073019240E-3
100.000000000000030E+0	999.450701772434780E-3
101.000000000000030E+0	999.922573320534580E-3
102.000000000000030E+0	999.805323157692100E-3
103.000000000000030E+0	998.130819065757850E-3
104.000000000000030E+0	999.390306917527060E-3
105.000000000000030E+0	998.375190819218880E-3
106.000000000000030E+0	999.852396558884800E-3
107.000000000000030E+0	999.867017355758890E-3
108.000000000000030E+0	999.826214223072610E-3
109.000000000000030E+0	997.912566432025860E-3
110.000000000000030E+0	999.670841909056970E-3
111.000000000000030E+0	999.718019403137540E-3
112.000000000000030E+0	999.408427174815820E-3
113.000000000000030E+0	998.452124805287330E-3
114.000000000000030E+0	997.548185446216590E-3
115.000000000000030E+0	999.200143281374190E-3
116.000000000000030E+0	999.082155278384510E-3
117.000000000000030E+0	999.292873813130480E-3
118.000000000000030E+0	997.245626087522320E-3
119.000000000000030E+0	998.734535477515560E-3
120.000000000000030E+0	999.429537137376590E-3
121.000000000000030E+0	997.078357624875400E-3
122.000000000000030E+0	996.865882447369400E-3
123.000000000000030E+0	997.537380961394100E-3
124.000000000000030E+0	997.046625534138030E-3
125.000000000000030E+0	997.641266087641140E-3
126.000000000000030E+0	998.670142296499200E-3
127.000000000000030E+0	998.127566851662040E-3
128.000000000000030E+0	998.508202793118690E-3
129.000000000000030E+0	999.751515389271980E-3
130.000000000000030E+0	999.580952464409920E-3
131.000000000000030E+0	999.526588736149410E-3
132.000000000000030E+0	999.514008209850150E-3
133.000000000000030E+0	999.530297150527660E-3
134.000000000000030E+0	999.637117571735010E-3
135.000000000000030E+0	999.757389328571500E-3
136.000000000000030E+0	999.804204188850740E-3
137.000000000000030E+0	999.333922248317070E-3
138.000000000000030E+0	999.835608469778920E-3
139.000000000000030E+0	999.888327975393060E-3
140.000000000000030E+0	999.884510205512720E-3
141.000000000000030E+0	999.528145617081030E-3
142.000000000000030E+0	999.251363276994150E-3
143.000000000000030E+0	999.786469164733020E-3
144.000000000000030E+0	999.833638439533990E-3
145.000000000000030E+0	999.505546451420980E-3
146.000000000000030E+0	999.533206820942600E-3
147.000000000000030E+0	999.302024254858480E-3
148.000000000000030E+0	999.746291960320720E-3
149.000000000000030E+0	999.774781473999780E-3
150.000000000000030E+0	999.406629084832800E-3
151.000000000000030E+0	999.448365451832130E-3
152.000000000000030E+0	999.210236077009650E-3
153.000000000000030E+0	999.319806275341120E-3
154.000000000000030E+0	999.404386333852090E-3
155.000000000000030E+0	999.615559090199280E-3
156.000000000000030E+0	999.467408250855000E-3
157.000000000000030E+0	999.625226883246400E-3
158.000000000000030E+0	999.531275833543730E-3
159.000000000000030E+0	999.173893211007470E-3
160.000000000000030E+0	997.542125502674180E-3
161.000000000000030E+0	996.507137977286960E-3
162.000000000000030E+0	999.500550983069560E-3
163.000000000000030E+0	999.479246031776180E-3
164.000000000000030E+0	998.831750298370240E-3
165.000000000000030E+0	998.857911513383210E-3
166.000000000000030E+0	998.632148950231780E-3
167.000000000000030E+0	999.462332122018740E-3
168.000000000000030E+0	999.279084535214520E-3
169.000000000000030E+0	997.618481907796450E-3
170.000000000000030E+0	998.057750256325370E-3
171.000000000000030E+0	999.384067933299040E-3
172.000000000000030E+0	999.267993946995720E-3
173.000000000000030E+0	998.419983207737280E-3
174.000000000000030E+0	997.902103399054500E-3
175.000000000000030E+0	997.414407209078260E-3
176.000000000000030E+0	998.399101122246950E-3
177.000000000000030E+0	997.988286128889350E-3
178.000000000000030E+0	996.771069128877700E-3
179.000000000000030E+0	958.091234567303160E-3
180.000000000000030E+0	998.495589562482080E-3
181.000000000000030E+0	999.480972772636920E-3
182.000000000000030E+0	999.052621135990580E-3
183.000000000000030E+0	997.867897534505220E-3
184.000000000000030E+0	998.755839812984210E-3
185.000000000000030E+0	998.895978894594250E-3
186.000000000000030E+0	999.516555690987850E-3
187.000000000000030E+0	999.372811349772070E-3
188.000000000000030E+0	999.415015510398460E-3
189.000000000000030E+0	999.526407580568210E-3
190.000000000000030E+0	999.634146291110030E-3
191.000000000000030E+0	999.771731757569390E-3
192.000000000000030E+0	999.058125565545960E-3
193.000000000000030E+0	997.284192226912670E-3
194.000000000000030E+0	999.349830286082150E-3
195.000000000000030E+0	999.464251026416230E-3
196.000000000000030E+0	999.523983098165480E-3
197.000000000000030E+0	998.730014345097670E-3
198.000000000000030E+0	990.758345898445580E-3
199.000000000000030E+0	999.481185896192840E-3
200.000000000000030E+0	999.173179194239420E-3
201.000000000000030E+0	997.977190730717440E-3
202.000000000000030E+0	998.276475268691790E-3
203.000000000000030E+0	995.352427312129690E-3
204.000000000000030E+0	998.914130329360830E-3
205.000000000000030E+0	997.105711881526080E-3
206.000000000000030E+0	997.814049890467960E-3
207.000000000000030E+0	995.553163784389290E-3
208.000000000000030E+0	994.456276976399490E-3
209.000000000000030E+0	997.261237492787610E-3
210.000000000000030E+0	994.646185029023240E-3
211.000000000000030E+0	986.898114374451630E-3
212.000000000000030E+0	998.494240401811560E-3
213.000000000000030E+0	999.371225610281020E-3
214.000000000000030E+0	995.332672368920650E-3
215.000000000000030E+0	995.973404991988830E-3
216.000000000000030E+0	990.320985454332110E-3
217.000000000000030E+0	984.863323830814320E-3
218.000000000000030E+0	998.717462784434520E-3
219.000000000000030E+0	999.248676919592180E-3
220.000000000000030E+0	999.491271210635520E-3
221.000000000000030E+0	998.468679933193660E-3
222.000000000000030E+0	990.801023209848310E-3
223.000000000000030E+0	997.101795123798710E-3
224.000000000000030E+0	992.918613819105950E-3
225.000000000000030E+0	998.257200646639810E-3
226.000000000000030E+0	994.027671212268760E-3
227.000000000000030E+0	993.924103047963300E-3
228.000000000000030E+0	997.596621978064980E-3
229.000000000000030E+0	997.680836389706620E-3
230.000000000000030E+0	969.661422438568560E-3
231.000000000000030E+0	993.043856434864920E-3
232.000000000000030E+0	997.747656942791990E-3
233.000000000000030E+0	998.238785619672050E-3
234.000000000000030E+0	998.207253523964220E-3
235.000000000000030E+0	995.620136785592360E-3
236.000000000000030E+0	995.272406679422520E-3
237.000000000000030E+0	995.546684554257430E-3
238.000000000000030E+0	996.390632812419910E-3
239.000000000000030E+0	993.536875177254090E-3
240.000000000000030E+0	996.592053051192470E-3
241.000000000000030E+0	998.124161164850700E-3
242.000000000000030E+0	996.103907398289130E-3
243.000000000000030E+0	981.510626732998820E-3
244.000000000000030E+0	982.193858291998460E-3
245.000000000000030E+0	955.602832229854430E-3
246.000000000000030E+0	996.259195067142780E-3
247.000000000000030E+0	997.681680836027930E-3
248.000000000000030E+0	991.172349936266350E-3
249.000000000000030E+0	995.808741278392920E-3
250.000000000000030E+0	993.049856334530690E-3
251.000000000000030E+0	977.093753283656770E-3
252.000000000000030E+0	973.018836118331400E-3
253.000000000000030E+0	975.551083856825100E-3
254.000000000000030E+0	992.048394396408240E-3
255.000000000000030E+0	993.175947660612460E-3
256.000000000000060E+0	995.021797138062490E-3
257.000000000000060E+0	997.217176304501680E-3
258.000000000000060E+0	996.141473907496080E-3
259.000000000000060E+0	989.367851365550720E-3
260.000000000000060E+0	987.161357269469300E-3
261.000000000000060E+0	981.980590004070340E-3
262.000000000000060E+0	993.763955411088310E-3
263.000000000000060E+0	994.183617018223220E-3
264.000000000000060E+0	995.257558604893840E-3
265.000000000000060E+0	992.942833029539890E-3
266.000000000000060E+0	969.505286481494700E-3
267.000000000000060E+0	993.648897662488090E-3
268.000000000000060E+0	991.805155357214140E-3
269.000000000000060E+0	996.869368402104830E-3
270.000000000000060E+0	995.322584835096500E-3
271.000000000000060E+0	942.019528650741230E-3
272.000000000000060E+0	997.138788556069190E-3
273.000000000000060E+0	998.359857201189250E-3
274.000000000000060E+0	996.977422808489780E-3
275.000000000000060E+0	997.450795890550410E-3
276.000000000000060E+0	998.709585179503810E-3
277.000000000000060E+0	997.865961646786310E-3
278.000000000000060E+0	997.564195089454710E-3
279.000000000000060E+0	997.788619099508560E-3
280.000000000000060E+0	997.303004517360870E-3
281.000000000000060E+0	995.689405981319390E-3
282.000000000000060E+0	993.298544575827110E-3
283.000000000000060E+0	996.580533610757710E-3
284.000000000000060E+0	993.355690331975460E-3
285.000000000000060E+0	994.689690107968370E-3
286.000000000000060E+0	993.784147048604520E-3
287.000000000000060E+0	988.332136679237360E-3
288.000000000000060E+0	997.121945312569920E-3
289.000000000000060E+0	996.567192837651600E-3
290.000000000000060E+0	990.835189581812050E-3
291.000000000000060E+0	993.511338563042300E-3
292.000000000000060E+0	995.940352933190280E-3
293.000000000000060E+0	995.672067927866440E-3
294.000000000000060E+0	996.231346432349340E-3
295.000000000000060E+0	996.450346401674850E-3
296.000000000000060E+0	992.811551913257210E-3
297.000000000000060E+0	994.409012264046430E-3
298.000000000000060E+0	995.425179274333160E-3
299.000000000000060E+0	994.551076873256610E-3
300.000000000000060E+0	986.600562406460100E-3
301.000000000000060E+0	995.051768554767400E-3
302.000000000000060E+0	997.093992139980840E-3
303.000000000000060E+0	989.442786734942900E-3
304.000000000000060E+0	995.187293959395090E-3
305.000000000000060E+0	990.771173538533940E-3
306.000000000000060E+0	993.720806863903740E-3
307.000000000000060E+0	996.585647738394860E-3
308.000000000000060E+0	995.274885092647170E-3
309.000000000000060E+0	988.944456430530080E-3
310.000000000000060E+0	993.276580283235070E-3
311.000000000000060E+0	997.342319303529340E-3
312.000000000000060E+0	997.138204621372150E-3
313.000000000000060E+0	993.072626286125910E-3
314.000000000000060E+0	995.123268574117260E-3
315.000000000000060E+0	995.241364228450440E-3
316.000000000000060E+0	995.483201656626510E-3
317.000000000000060E+0	998.026640953568740E-3
318.000000000000060E+0	997.208363140624660E-3
319.000000000000060E+0	983.662292812506500E-3
320.000000000000060E+0	998.226988418617790E-3
321.000000000000060E+0	998.123819103045150E-3
322.000000000000060E+0	994.812528433009930E-3
323.000000000000060E+0	996.980731457385190E-3
324.000000000000060E+0	996.881046480953330E-3
325.000000000000060E+0	997.575995690942350E-3
326.000000000000060E+0	995.695602753371990E-3
327.000000000000060E+0	996.092024756706330E-3
328.000000000000060E+0	995.326339635895450E-3
329.000000000000060E+0	993.700393881437160E-3
330.000000000000060E+0	997.995083042124700E-3
331.000000000000060E+0	997.158373881639190E-3
332.000000000000060E+0	995.945733379128950E-3
333.000000000000060E+0	995.782691189680550E-3
334.000000000000060E+0	995.047357441503740E-3
335.000000000000060E+0	994.359248217191350E-3
336.000000000000060E+0	994.642309464022540E-3
337.000000000000060E+0	984.456150400456310E-3
338.000000000000060E+0	995.003152105098930E-3
339.000000000000060E+0	995.190015929291020E-3
340.000000000000060E+0	990.790851259989450E-3
341.000000000000060E+0	986.634014441547080E-3
342.000000000000060E+0	985.837450294535290E-3
343.000000000000060E+0	894.106917397239130E-3
344.000000000000060E+0	992.122192814215430E-3
345.000000000000060E+0	994.878325895080740E-3
346.000000000000060E+0	989.634590741194640E-3
347.000000000000060E+0	992.940421201874530E-3
348.000000000000060E+0	998.493716999941490E-3
349.000000000000060E+0	999.039102966139180E-3
350.000000000000060E+0	996.359595946316180E-3
351.000000000000060E+0	996.867441213903800E-3
352.000000000000060E+0	998.102372125907470E-3
353.000000000000060E+0	997.961574359868870E-3
354.000000000000060E+0	998.200369082219760E-3
355.000000000000060E+0	998.285365960665080E-3
356.000000000000060E+0	996.078005547660570E-3
357.000000000000060E+0	996.748956452423890E-3
358.000000000000060E+0	998.468118572546910E-3
359.000000000000060E+0	999.197095709278840E-3
360.000000000000060E+0	998.008238186211650E-3
361.000000000000060E+0	994.410461634039790E-3
362.000000000000060E+0	998.796279250506510E-3
363.000000000000060E+0	998.513992741329460E-3
364.000000000000060E+0	997.484545441148510E-3
365.000000000000060E+0	997.577601796393100E-3
366.000000000000060E+0	997.198730538554230E-3
367.000000000000060E+0	998.263119679186680E-3
368.000000000000060E+0	998.230128075494160E-3
369.000000000000060E+0	997.152015909814950E-3
370.000000000000060E+0	995.608373755855760E-3
371.000000000000060E+0	997.789335595908770E-3
372.000000000000060E+0	999.058887928497290E-3
373.000000000000060E+0	998.684339247492780E-3
374.000000000000060E+0	996.211872006970480E-3
375.000000000000060E+0	993.265862369313470E-3
376.000000000000060E+0	976.693310052161870E-3
377.000000000000060E+0	996.140725445641580E-3
378.000000000000060E+0	998.674841151618090E-3
379.000000000000060E+0	997.836635847565100E-3
380.000000000000060E+0	999.105922014189570E-3
381.000000000000060E+0	999.349064588342490E-3
382.000000000000060E+0	998.045160339162910E-3
383.000000000000060E+0	998.114562173493700E-3
384.000000000000060E+0	996.187961491476700E-3
385.000000000000060E+0	996.308097514915890E-3
386.000000000000060E+0	997.680085929125940E-3
387.000000000000060E+0	997.595299047827840E-3
388.000000000000060E+0	997.374735824765770E-3
389.000000000000060E+0	994.801915463749410E-3
390.000000000000060E+0	996.165847975116420E-3
391.000000000000060E+0	994.975204090224440E-3
392.000000000000060E+0	985.721855664294490E-3
393.000000000000060E+0	993.828640417625420E-3
394.000000000000060E+0	994.684081923570610E-3
395.000000000000060E+0	991.411648066295890E-3
396.000000000000060E+0	990.118247868548070E-3
397.000000000000060E+0	984.866712174147780E-3
398.000000000000060E+0	976.746960328249370E-3
399.000000000000060E+0	961.072008897384310E-3
400.000000000000060E+0	969.892376879637360E-3
401.000000000000060E+0	971.332947471604480E-3
402.000000000000060E+0	981.082848045100930E-3
403.000000000000060E+0	990.994801999740550E-3
404.000000000000060E+0	995.550958404124890E-3
405.000000000000060E+0	996.504876183624600E-3
406.000000000000060E+0	995.720033123116850E-3
407.000000000000060E+0	993.185152380056450E-3
408.000000000000060E+0	969.201987603424460E-3
409.000000000000060E+0	992.217028270795500E-3
410.000000000000060E+0	993.045564982718120E-3
411.000000000000060E+0	989.094844120771200E-3
412.000000000000060E+0	993.752072988497550E-3
413.000000000000060E+0	995.637770027571480E-3
414.000000000000060E+0	996.254472443079520E-3
415.000000000000060E+0	995.662805666655770E-3
416.000000000000060E+0	996.251746242478360E-3
417.000000000000060E+0	996.427242627542900E-3
418.000000000000060E+0	996.574681278775800E-3
419.000000000000060E+0	996.618768883176130E-3
420.000000000000060E+0	997.397530774471020E-3
421.000000000000060E+0	990.959883107981330E-3
422.000000000000060E+0	996.834314424620450E-3
423.000000000000060E+0	997.928412110814950E-3
424.000000000000060E+0	996.713949463367670E-3
425.000000000000060E+0	995.505923973224680E-3
426.000000000000060E+0	995.160098932439400E-3
427.000000000000060E+0	994.376463392678820E-3
428.000000000000060E+0	997.854602980612460E-3
429.000000000000060E+0	997.191837281768080E-3
430.000000000000060E+0	996.704622649134170E-3
431.000000000000060E+0	995.659401109646570E-3
432.000000000000060E+0	996.959144965874900E-3
433.000000000000060E+0	996.075379597362590E-3
434.000000000000060E+0	994.803984642196100E-3
435.000000000000060E+0	994.048363166490590E-3
436.000000000000060E+0	994.368568168627620E-3
437.000000000000060E+0	993.478429776130990E-3
438.000000000000060E+0	993.763290782013750E-3
439.000000000000060E+0	992.359405916641070E-3
440.000000000000060E+0	990.353998670722820E-3
441.000000000000060E+0	996.884320744980680E-3
442.000000000000060E+0	995.690181368250380E-3
443.000000000000060E+0	994.368193512645380E-3
444.000000000000060E+0	994.312277644234690E-3
445.000000000000060E+0	991.587639789275780E-3
446.000000000000060E+0	994.453088249750090E-3
447.000000000000060E+0	994.376519844982100E-3
448.000000000000060E+0	993.249447596999850E-3
449.000000000000060E+0	989.177110534941510E-3
450.000000000000060E+0	992.790053201829000E-3
451.000000000000060E+0	995.439410089724360E-3
452.000000000000060E+0	995.125635010629670E-3
453.000000000000060E+0	994.188530191941090E-3
454.000000000000060E+0	995.216456188318110E-3
455.000000000000060E+0	994.910522225381790E-3
456.000000000000060E+0	994.965039230399690E-3
457.000000000000060E+0	995.923836212008420E-3
458.000000000000060E+0	996.459560638347840E-3
459.000000000000060E+0	992.452237207024360E-3
460.000000000000060E+0	995.451741434926430E-3
461.000000000000060E+0	994.191613487889650E-3
462.000000000000060E+0	995.667900610764380E-3
463.000000000000060E+0	996.241796001900660E-3
464.000000000000060E+0	999.128044735405510E-3
465.000000000000060E+0	999.341128727547880E-3
466.000000000000060E+0	998.776709051201310E-3
467.000000000000060E+0	998.640583718673370E-3
468.000000000000060E+0	996.135867873208290E-3
469.000000000000060E+0	997.768197069323290E-3
470.000000000000060E+0	998.595010036553600E-3
471.000000000000060E+0	997.041237862166810E-3
472.000000000000060E+0	996.527673639866270E-3
473.000000000000060E+0	997.822539874262280E-3
474.000000000000060E+0	999.100767575906710E-3
475.000000000000060E+0	999.383538760640680E-3
476.000000000000060E+0	999.187195132358320E-3
477.000000000000060E+0	997.748183509931550E-3
478.000000000000060E+0	996.390541136108030E-3
479.000000000000060E+0	998.628857538937260E-3
480.000000000000060E+0	998.470547050327560E-3
481.000000000000060E+0	997.572721517584140E-3
482.000000000000060E+0	997.074212948087510E-3
483.000000000000060E+0	999.670682760771760E-3
484.000000000000060E+0	999.510763904363660E-3
485.000000000000060E+0	998.691151345619030E-3
486.000000000000060E+0	998.631668407318320E-3
487.000000000000060E+0	996.942421249658820E-3
488.000000000000060E+0	999.269134024917900E-3
489.000000000000060E+0	998.965202531094440E-3
490.000000000000060E+0	998.253351725281510E-3
491.000000000000060E+0	996.288627282019170E-3
492.000000000000060E+0	997.407426524679060E-3
493.000000000000060E+0	998.470765851987240E-3
494.000000000000060E+0	998.468760110822080E-3
495.000000000000060E+0	997.077475717036310E-3
496.000000000000060E+0	997.164526155879580E-3
497.000000000000060E+0	997.535956046835870E-3
498.000000000000060E+0	998.335373882749840E-3
499.000000000000060E+0	998.568659513886510E-3
500.000000000000060E+0	995.852575012835640E-3
501.000000000000060E+0	997.588748439007240E-3
502.000000000000060E+0	998.722363524014110E-3
503.000000000000060E+0	997.376092084976350E-3
504.000000000000060E+0	995.787745606823150E-3
505.000000000000060E+0	996.445120534799610E-3
506.000000000000060E+0	995.025483462366850E-3
507.000000000000060E+0	997.773369015645060E-3
508.000000000000060E+0	997.247395153441520E-3
509.000000000000060E+0	996.620035218924060E-3
510.000000000000060E+0	995.056076605816850E-3
511.000000000000060E+0	997.475407244412190E-3
512.000000000000110E+0	997.475130535430350E-3
513.000000000000110E+0	995.868543924549040E-3
514.000000000000110E+0	995.781109928215110E-3
515.000000000000110E+0	994.382699089211730E-3
516.000000000000110E+0	993.661591358084180E-3
517.000000000000110E+0	994.598117400178560E-3
518.000000000000110E+0	992.377119837221320E-3
519.000000000000110E+0	988.387294421310900E-3
520.000000000000110E+0	990.698746377427270E-3
521.000000000000110E+0	993.005978808932150E-3
522.000000000000110E+0	993.626503405614540E-3
523.000000000000110E+0	995.301118776602540E-3
524.000000000000110E+0	994.409749945424300E-3
525.000000000000110E+0	996.247078743668580E-3
526.000000000000110E+0	996.892950530068540E-3
527.000000000000110E+0	997.401631237742500E-3
528.000000000000110E+0	996.325153456139140E-3
529.000000000000110E+0	994.014246919372230E-3
530.000000000000110E+0	997.791809628641110E-3
531.000000000000110E+0	997.965493267186310E-3
532.000000000000110E+0	996.144716362394430E-3
533.000000000000110E+0	997.294484323751010E-3
534.000000000000110E+0	996.555190827526300E-3
535.000000000000110E+0	997.531307565355240E-3
536.000000000000110E+0	997.122346553114270E-3
537.000000000000110E+0	995.202466286942090E-3
538.000000000000110E+0	995.309334076362130E-3
539.000000000000110E+0	996.548187104589810E-3
540.000000000000110E+0	997.286302691467900E-3
541.000000000000110E+0	997.924393754124560E-3
542.000000000000110E+0	996.071851589791830E-3
543.000000000000110E+0	994.368872551421030E-3
544.000000000000110E+0	996.022684313079280E-3
545.000000000000110E+0	996.419551907573360E-3
546.000000000000110E+0	997.235668237116850E-3
547.000000000000110E+0	994.208059099947360E-3
548.000000000000110E+0	994.530320645411360E-3
549.000000000000110E+0	998.613121457554650E-3
550.000000000000110E+0	999.161931792826970E-3
551.000000000000110E+0	996.721370447211540E-3
552.000000000000110E+0	995.936811280206950E-3
553.000000000000110E+0	998.393041261640520E-3
554.000000000000110E+0	999.020964535770270E-3
555.000000000000110E+0	997.712894082595000E-3
556.000000000000110E+0	997.427273881570040E-3
557.000000000000110E+0	996.623894406429180E-3
558.000000000000110E+0	999.055486434914260E-3
559.000000000000110E+0	998.888656705651190E-3
560.000000000000110E+0	997.371658098967550E-3
561.000000000000110E+0	986.328379164830850E-3
562.000000000000110E+0	998.323688547368410E-3
563.000000000000110E+0	998.454110259186180E-3
564.000000000000110E+0	998.405527143038430E-3
565.000000000000110E+0	997.897667013065920E-3
566.000000000000110E+0	992.061925939096030E-3
567.000000000000110E+0	997.779183741468460E-3
568.000000000000110E+0	997.363639846122860E-3
569.000000000000110E+0	995.817822871647110E-3
570.000000000000110E+0	952.989388569876580E-3
571.000000000000110E+0	995.503428949495390E-3
572.000000000000110E+0	998.435420402036140E-3
573.000000000000110E+0	998.075358843709570E-3
574.000000000000110E+0	985.741844771817700E-3
575.000000000000110E+0	989.689605940426990E-3
576.000000000000110E+0	995.424951540925250E-3
577.000000000000110E+0	998.478344616045010E-3
578.000000000000110E+0	997.859869324897790E-3
579.000000000000110E+0	991.936123558635250E-3
580.000000000000110E+0	996.548935080992630E-3
581.000000000000110E+0	998.695540844575460E-3
582.000000000000110E+0	998.560810824017820E-3
583.000000000000110E+0	997.803018153458290E-3
584.000000000000110E+0	997.947522166774290E-3
585.000000000000110E+0	997.993963588703850E-3
586.000000000000110E+0	999.008891160481530E-3
587.000000000000110E+0	998.863104439881910E-3
588.000000000000110E+0	998.723951879304290E-3
589.000000000000110E+0	994.958944463322110E-3
590.000000000000110E+0	998.775509406218180E-3
591.000000000000110E+0	999.272774856706620E-3
592.000000000000110E+0	998.718282372685010E-3
593.000000000000110E+0	997.093855468884070E-3
594.000000000000110E+0	997.297565637208060E-3
595.000000000000110E+0	998.659426597305110E-3
596.000000000000110E+0	999.077741220503860E-3
597.000000000000110E+0	999.144678338179330E-3
598.000000000000110E+0	998.794411890909120E-3
599.000000000000110E+0	998.988660069238700E-3
600.000000000000110E+0	998.716827700006030E-3
601.000000000000110E+0	998.906594774293890E-3
602.000000000000110E+0	997.679024971548370E-3
603.000000000000110E+0	998.770192357538170E-3
604.000000000000110E+0	999.211840578168590E-3
605.000000000000110E+0	998.461881295238380E-3
606.000000000000110E+0	996.990187272917220E-3
607.000000000000110E+0	997.130330950633750E-3
608.000000000000110E+0	991.045002510111520E-3
609.000000000000110E+0	998.881354994411770E-3
610.000000000000110E+0	998.441983217107980E-3
611.000000000000110E+0	995.228348540277420E-3
612.000000000000110E+0	994.159012265328320E-3
613.000000000000110E+0	997.818016784142170E-3
614.000000000000110E+0	998.737065259806770E-3
615.000000000000110E+0	998.753110034723780E-3
616.000000000000110E+0	997.257199733506240E-3
617.000000000000110E+0	997.499097471265190E-3
618.000000000000110E+0	998.976426169263850E-3
619.000000000000110E+0	999.267081832496020E-3
620.000000000000110E+0	999.252898234244900E-3
621.000000000000110E+0	993.973640261954230E-3
622.000000000000110E+0	998.303927031225390E-3
623.000000000000110E+0	998.810891212716380E-3
624.000000000000110E+0	997.894817202144230E-3
625.000000000000110E+0	997.871276551229540E-3
626.000000000000110E+0	996.132875319131970E-3
627.000000000000110E+0	997.894141213395260E-3
628.000000000000110E+0	999.264263644690120E-3
629.000000000000110E+0	998.811506323071360E-3
630.000000000000110E+0	994.504886211148080E-3
631.000000000000110E+0	994.074241609955940E-3
632.000000000000110E+0	998.721725558941560E-3
633.000000000000110E+0	998.964868264970000E-3
634.000000000000110E+0	997.112842648245290E-3
635.000000000000110E+0	997.924365001026440E-3
636.000000000000110E+0	995.848625196709140E-3
637.000000000000110E+0	998.908850056125290E-3
638.000000000000110E+0	999.120904250304860E-3
639.000000000000110E+0	998.767051560113250E-3
640.000000000000110E+0	978.828330687978030E-3
641.000000000000110E+0	998.267408286108940E-3
642.000000000000110E+0	999.208362521695870E-3
643.000000000000110E+0	998.836164858210470E-3
644.000000000000110E+0	997.401124605394430E-3
645.000000000000110E+0	993.183004917211230E-3
646.000000000000110E+0	997.515880884542680E-3
647.000000000000110E+0	998.286483735496440E-3
648.000000000000110E+0	998.000693298096370E-3
649.000000000000110E+0	996.013662693525090E-3
650.000000000000110E+0	993.044049782114360E-3
651.000000000000110E+0	998.551258698465840E-3
652.000000000000110E+0	998.759274958183730E-3
653.000000000000110E+0	997.045685003672190E-3
654.000000000000110E+0	997.016358512745950E-3
655.000000000000110E+0	996.470061491964260E-3
656.000000000000110E+0	998.528049359675760E-3
657.000000000000110E+0	998.861627233835650E-3
658.000000000000110E+0	998.000207372538140E-3
659.000000000000110E+0	988.505958877951230E-3
660.000000000000110E+0	997.539416563864130E-3
661.000000000000110E+0	998.325314487729540E-3
662.000000000000110E+0	997.392287579694450E-3
663.000000000000110E+0	993.823070565862500E-3
664.000000000000110E+0	993.632317462928350E-3
665.000000000000110E+0	996.187744664446480E-3
666.000000000000110E+0	996.641446768867460E-3
667.000000000000110E+0	997.073183803320880E-3
668.000000000000110E+0	993.133279656072560E-3
669.000000000000110E+0	995.545098194942080E-3
670.000000000000110E+0	996.638028443290520E-3
671.000000000000110E+0	995.705475182634520E-3
672.000000000000110E+0	992.197192092152740E-3
673.000000000000110E+0	991.888620388081790E-3
674.000000000000110E+0	989.729636801454760E-3
675.000000000000110E+0	990.399410035578080E-3
676.000000000000110E+0	988.458360746361290E-3
677.000000000000110E+0	981.515306653755640E-3
678.000000000000110E+0	983.362268533555570E-3
679.000000000000110E+0	990.809062192214760E-3
680.000000000000110E+0	988.744946358502190E-3
681.000000000000110E+0	981.393225269648120E-3
682.000000000000110E+0	983.831853776884200E-3
683.000000000000110E+0	985.952107006629500E-3
684.000000000000110E+0	985.171061046513200E-3
685.000000000000110E+0	991.182630216469570E-3
686.000000000000110E+0	992.557564117566680E-3
687.000000000000110E+0	961.440370058008530E-3
688.000000000000110E+0	990.463708145548180E-3
689.000000000000110E+0	994.691394277221090E-3
690.000000000000110E+0	996.090096270703880E-3
691.000000000000110E+0	982.188076088445940E-3
692.000000000000110E+0	991.473861229920090E-3
693.000000000000110E+0	986.879252000551710E-3
694.000000000000110E+0	952.472256340949450E-3
695.000000000000110E+0	945.753048639835560E-3
696.000000000000110E+0	954.977365695572230E-3
697.000000000000110E+0	988.375365738456190E-3
698.000000000000110E+0	996.914555240964280E-3
699.000000000000110E+0	998.675448972139670E-3
700.000000000000110E+0	996.806249612983920E-3
701.000000000000110E+0	990.790172004142210E-3
702.000000000000110E+0	995.679047922075510E-3
703.000000000000110E+0	996.492197138583610E-3
704.000000000000110E+0	990.641624496362170E-3
705.000000000000110E+0	985.481534176268050E-3
706.000000000000110E+0	989.655097076572950E-3
707.000000000000110E+0	996.530407556434520E-3
708.000000000000110E+0	997.240653002631200E-3
709.000000000000110E+0	996.814723134581530E-3
710.000000000000110E+0	984.394109367694110E-3
711.000000000000110E+0	975.704842035678420E-3
712.000000000000110E+0	963.670183228785840E-3
713.000000000000110E+0	973.220138651276660E-3
714.000000000000110E+0	978.926270875309810E-3
715.000000000000110E+0	984.006254056103530E-3
716.000000000000110E+0	992.050758021377320E-3
717.000000000000110E+0	989.470486045818440E-3
718.000000000000110E+0	990.511014543970610E-3
719.000000000000110E+0	982.622368706280950E-3
720.000000000000110E+0	990.017784199260450E-3
721.000000000000110E+0	998.151245324186860E-3
722.000000000000110E+0	996.126698717692550E-3
723.000000000000110E+0	992.303938466758130E-3
724.000000000000110E+0	977.703183492099950E-3
725.000000000000110E+0	995.431523297340750E-3
726.000000000000110E+0	995.852551206198750E-3
727.000000000000110E+0	997.320505907012490E-3
728.000000000000110E+0	992.578723305095000E-3
729.000000000000110E+0	926.461305246612190E-3
730.000000000000110E+0	994.645204476132470E-3
731.000000000000110E+0	994.834045202515500E-3
732.000000000000110E+0	991.876503701334400E-3
733.000000000000110E+0	994.495449364022680E-3
734.000000000000110E+0	996.983184249025540E-3
735.000000000000110E+0	996.307972717199950E-3
736.000000000000110E+0	995.145101061494790E-3
737.000000000000110E+0	937.246745577900890E-3
738.000000000000110E+0	930.428543094239060E-3
739.000000000000110E+0	566.066408457305600E-3
740.000000000000110E+0	946.759154700459020E-3
741.000000000000110E+0	971.623946353395330E-3
742.000000000000110E+0	967.566346187565540E-3
743.000000000000110E+0	990.289825656732070E-3
744.000000000000110E+0	990.974407135425620E-3
745.000000000000110E+0	989.300500687278260E-3
746.000000000000110E+0	987.346758692948520E-3
747.000000000000110E+0	958.137169765646110E-3
748.000000000000110E+0	990.694011820404730E-3
749.000000000000110E+0	989.302885294887970E-3
750.000000000000110E+0	968.813403931792940E-3
751.000000000000110E+0	985.141484596519400E-3
752.000000000000110E+0	992.387525719247260E-3
753.000000000000110E+0	994.957072471674970E-3
754.000000000000110E+0	992.046241880763070E-3
755.000000000000110E+0	967.784793880382740E-3
756.000000000000110E+0	993.364966535422170E-3
757.000000000000110E+0	988.476471336602440E-3
758.000000000000110E+0	979.694540058634540E-3
759.000000000000110E+0	985.226001448334830E-3
760.000000000000110E+0	985.318752402466910E-3
761.000000000000110E+0	968.974773378892370E-3
762.000000000000110E+0	974.863673451552670E-3
763.000000000000110E+0	989.481865497021000E-3
764.000000000000110E+0	992.173791482152120E-3
765.000000000000110E+0	985.024574060280430E-3
766.000000000000110E+0	938.228626465529740E-3
767.000000000000110E+0	995.588119918938360E-3
768.000000000000110E+0	994.245088429137840E-3
769.000000000000110E+0	989.994392066924850E-3
770.000000000000110E+0	988.018170108989290E-3
771.000000000000110E+0	769.102399325792610E-3
772.000000000000110E+0	996.359648714446270E-3
773.000000000000110E+0	996.998160269514490E-3
774.000000000000110E+0	984.539214307826320E-3
775.000000000000110E+0	994.158084869728340E-3
776.000000000000110E+0	993.699307192092430E-3
777.000000000000110E+0	996.890330286810840E-3
778.000000000000110E+0	995.958023660303730E-3
779.000000000000110E+0	990.262479055622370E-3
780.000000000000110E+0	981.931947760055880E-3
781.000000000000110E+0	997.133483047077270E-3
782.000000000000110E+0	997.025675012784830E-3
783.000000000000110E+0	991.745811671153720E-3
784.000000000000110E+0	993.276063642720590E-3
785.000000000000110E+0	995.138105678836870E-3
786.000000000000110E+0	995.350669320716250E-3
787.000000000000110E+0	994.498446184042930E-3
788.000000000000110E+0	996.338236955520040E-3
789.000000000000110E+0	993.412066586067070E-3
790.000000000000110E+0	983.657960472287820E-3
791.000000000000110E+0	998.206854329666710E-3
792.000000000000110E+0	997.512958165764570E-3
793.000000000000110E+0	995.381632020916560E-3
794.000000000000110E+0	994.525336304389660E-3
795.000000000000110E+0	995.632125663172500E-3
796.000000000000110E+0	996.229179834276390E-3
797.000000000000110E+0	996.705597551710620E-3
798.000000000000110E+0	989.819783331573050E-3
799.000000000000110E+0	987.567652390442640E-3
800.000000000000110E+0	998.196870129678390E-3
801.000000000000110E+0	998.852706211884380E-3
802.000000000000110E+0	997.207178928781970E-3
803.000000000000110E+0	986.822449845671020E-3
804.000000000000110E+0	998.626257662379670E-3
805.000000000000110E+0	998.791875711320220E-3
806.000000000000110E+0	997.441084380159100E-3
807.000000000000110E+0	996.037375084003360E-3
808.000000000000110E+0	982.830025864827480E-3
809.000000000000110E+0	996.104978480256480E-3
810.000000000000110E+0	997.754520521434760E-3
811.000000000000110E+0	993.455801450670140E-3
812.000000000000110E+0	984.044196084801430E-3
813.000000000000110E+0	988.925161279673450E-3
814.000000000000110E+0	995.422511205165450E-3
815.000000000000110E+0	994.606186458204420E-3
816.000000000000110E+0	994.750459454499800E-3
817.000000000000110E+0	996.211944445327460E-3
818.000000000000110E+0	993.330016971344600E-3
819.000000000000110E+0	995.421664457503350E-3
820.000000000000110E+0	994.993117229815650E-3
821.000000000000110E+0	989.559522047956500E-3
822.000000000000110E+0	996.467557873248700E-3
823.000000000000110E+0	997.009708854221350E-3
824.000000000000110E+0	994.828405590791110E-3
825.000000000000110E+0	995.111613162977470E-3
826.000000000000110E+0	994.439318372879580E-3
827.000000000000110E+0	992.398024331865080E-3
828.000000000000110E+0	989.324001074287530E-3
829.000000000000110E+0	990.736360913909600E-3
830.000000000000110E+0	988.939468757698110E-3
831.000000000000110E+0	981.601108147074570E-3
832.000000000000110E+0	993.655510040186930E-3
833.000000000000110E+0	993.968372177307930E-3
834.000000000000110E+0	990.925173939175560E-3
835.000000000000110E+0	996.940000986261900E-3
836.000000000000110E+0	985.059583441130760E-3
837.000000000000110E+0	993.047826849166260E-3
838.000000000000110E+0	997.288433961119550E-3
839.000000000000110E+0	996.344892662516020E-3
840.000000000000110E+0	992.024796900940920E-3
841.000000000000110E+0	990.932041902005010E-3
842.000000000000110E+0	989.441250325081010E-3
843.000000000000110E+0	982.506746944088350E-3
844.000000000000110E+0	949.318885263104260E-3
845.000000000000110E+0	984.123207837792610E-3
846.000000000000110E+0	995.935840457267460E-3
847.000000000000110E+0	997.581228718644300E-3
848.000000000000110E+0	995.857712015048140E-3
849.000000000000110E+0	992.875795230144910E-3
850.000000000000110E+0	958.380567605009000E-3
851.000000000000110E+0	985.046701481320010E-3
852.000000000000110E+0	940.157948401553420E-3
853.000000000000110E+0	930.763833904492020E-3
854.000000000000110E+0	989.864247214559680E-3
855.000000000000110E+0	988.493900699294880E-3
856.000000000000110E+0	990.331018333394990E-3
857.000000000000110E+0	984.734492421315830E-3
858.000000000000110E+0	982.029102064481570E-3
859.000000000000110E+0	979.133383354467090E-3
860.000000000000110E+0	989.764973804555410E-3
861.000000000000110E+0	996.855402968221620E-3
862.000000000000110E+0	992.269210534611030E-3
863.000000000000110E+0	958.150644642708830E-3
864.000000000000110E+0	994.147624885231560E-3
865.000000000000110E+0	995.669074488805820E-3
866.000000000000110E+0	994.676243550493890E-3
867.000000000000110E+0	997.484683760500260E-3
868.000000000000110E+0	992.005683197409560E-3
869.000000000000110E+0	989.882407455415000E-3
870.000000000000110E+0	997.390910684551660E-3
871.000000000000110E+0	996.855665302463060E-3
872.000000000000110E+0	992.080628352305370E-3
873.000000000000110E+0	975.637876752806000E-3
874.000000000000110E+0	995.797556225342720E-3
875.000000000000110E+0	997.424689168097460E-3
876.000000000000110E+0	994.691927653643110E-3
877.000000000000110E+0	994.870609095199980E-3
878.000000000000110E+0	985.427716114508190E-3
879.000000000000110E+0	996.149843043006360E-3
880.000000000000110E+0	997.278579566276410E-3
881.000000000000110E+0	996.677431784076970E-3
882.000000000000110E+0	978.685925454829910E-3
883.000000000000110E+0	995.798112480073880E-3
884.000000000000110E+0	997.044100126917460E-3
885.000000000000110E+0	995.934145851327560E-3
886.000000000000110E+0	994.118900946416750E-3
887.000000000000110E+0	987.657994858673120E-3
888.000000000000110E+0	991.935607365169170E-3
889.000000000000110E+0	996.449499605388090E-3
890.000000000000110E+0	995.299382822280920E-3
891.000000000000110E+0	988.724815157552060E-3
892.000000000000110E+0	992.903419077107770E-3
893.000000000000110E+0	999.335595154744240E-3
894.000000000000110E+0	998.492754314354800E-3
895.000000000000110E+0	995.059191347994590E-3
896.000000000000110E+0	994.743939639480710E-3
897.000000000000110E+0	989.172673415923630E-3
898.000000000000110E+0	997.863330792045030E-3
899.000000000000110E+0	998.102144576456740E-3
900.000000000000110E+0	995.190575566033740E-3
901.000000000000110E+0	987.088602325582600E-3
902.000000000000110E+0	996.175082590969210E-3
903.000000000000110E+0	996.267963106341690E-3
904.000000000000110E+0	993.498065260100870E-3
905.000000000000110E+0	987.525266555281720E-3
906.000000000000110E+0	990.181990787209140E-3
907.000000000000110E+0	992.839789790929350E-3
908.000000000000110E+0	997.818485864263360E-3
909.000000000000110E+0	998.023359168303870E-3
910.000000000000110E+0	992.094937645224490E-3
911.000000000000110E+0	989.377882515133140E-3
912.000000000000110E+0	997.308082870697280E-3
913.000000000000110E+0	994.156999957560790E-3
914.000000000000110E+0	984.705754808444020E-3
915.000000000000110E+0	994.543032871549770E-3
916.000000000000110E+0	996.583404464905120E-3
917.000000000000110E+0	997.447742423031020E-3
918.000000000000110E+0	996.178491765009610E-3
919.000000000000110E+0	996.342898796020450E-3
920.000000000000110E+0	978.733824112141830E-3
921.000000000000110E+0	994.414673355934140E-3
922.000000000000110E+0	996.976762505110690E-3
923.000000000000110E+0	991.836554476205000E-3
924.000000000000110E+0	955.254395190746510E-3
925.000000000000110E+0	993.671541914947220E-3
926.000000000000110E+0	995.190371716116020E-3
927.000000000000110E+0	995.654932179433680E-3
928.000000000000110E+0	996.252891068390210E-3
929.000000000000110E+0	969.150215773262770E-3
930.000000000000110E+0	993.673490717451150E-3
931.000000000000110E+0	996.688281987438080E-3
932.000000000000110E+0	993.150562701071270E-3
933.000000000000110E+0	985.852708641059010E-3
934.000000000000110E+0	967.828521589043310E-3
935.000000000000110E+0	994.443610276146030E-3
936.000000000000110E+0	995.086542363612490E-3
937.000000000000110E+0	995.063892980754480E-3
938.000000000000110E+0	996.525908324194740E-3
939.000000000000110E+0	992.233298889925950E-3
940.000000000000110E+0	997.162410070292380E-3
941.000000000000110E+0	996.666571036632920E-3
942.000000000000110E+0	989.704015159597940E-3
943.000000000000110E+0	991.227739286621440E-3
944.000000000000110E+0	997.612765895884100E-3
945.000000000000110E+0	997.101013211272650E-3
946.000000000000110E+0	997.189223073750570E-3
947.000000000000110E+0	994.828764928104350E-3
948.000000000000110E+0	996.025444561006170E-3
949.000000000000110E+0	994.024773958675060E-3
950.000000000000110E+0	993.843039985632610E-3
951.000000000000110E+0	989.969933627267710E-3
952.000000000000110E+0	988.978974404462030E-3
953.000000000000110E+0	992.907053239907910E-3
954.000000000000110E+0	992.683592304730910E-3
955.000000000000110E+0	993.007043274718670E-3
956.000000000000110E+0	993.357132617425970E-3
957.000000000000110E+0	987.248785649747270E-3
958.000000000000110E+0	965.504222244699780E-3
959.000000000000110E+0	993.330432207794710E-3
960.000000000000110E+0	987.270917785817660E-3
961.000000000000110E+0	985.082497530844420E-3
962.000000000000110E+0	985.545894274579500E-3
963.000000000000110E+0	989.240866355640350E-3
964.000000000000110E+0	987.878747245243830E-3
965.000000000000110E+0	776.066807734285820E-3
966.000000000000110E+0	944.072739870165710E-3
967.000000000000110E+0	983.160163864843390E-3
968.000000000000110E+0	991.008622951684130E-3
969.000000000000110E+0	986.436467286146200E-3
970.000000000000110E+0	827.723376036518580E-3
971.000000000000110E+0	955.618029139399080E-3
972.000000000000110E+0	985.831490584180510E-3
973.000000000000110E+0	975.108297805753810E-3
974.000000000000110E+0	938.978464054228020E-3
975.000000000000110E+0	692.014631725155090E-3
976.000000000000110E+0	969.280324424234510E-3
977.000000000000110E+0	991.001989354786340E-3
978.000000000000110E+0	992.530097740191070E-3
979.000000000000110E+0	989.097377656740110E-3
980.000000000000110E+0	971.810157057479640E-3
981.000000000000110E+0	975.476341474569070E-3
982.000000000000110E+0	992.089351276009940E-3
983.000000000000110E+0	983.005157955918580E-3
984.000000000000110E+0	822.073736017122410E-3
985.000000000000110E+0	984.420555368240250E-3
986.000000000000110E+0	983.365054044425650E-3
987.000000000000110E+0	988.001003587424260E-3
988.000000000000110E+0	991.716170166983100E-3
989.000000000000110E+0	985.623757535854630E-3
990.000000000000110E+0	575.119900567807710E-3
991.000000000000110E+0	992.425054040789290E-3
992.000000000000110E+0	975.870345626656310E-3
993.000000000000110E+0	361.339386903038680E-3
994.000000000000110E+0	977.496625925846960E-3
995.000000000000110E+0	994.501795069518080E-3
996.000000000000110E+0	998.225957696534220E-3
997.000000000000110E+0	995.166691442116890E-3
998.000000000000110E+0	994.185384088291820E-3
999.000000000000110E+0	987.630296157032570E-3
1.000000000000000E+3	964.904925080865120E-3
