Freq (Hz)	accelerometre /source
source
source_Mod	accelerometre /source
source
source_Phase(rad)
10.000000000000018E+0	133.643351868742990E-3	7.074209515859776E+0
11.000000000000020E+0	115.641235096201990E-3	9.491461717406441E+0
12.000000000000021E+0	65.647268809131631E-3	11.457810059904309E+0
13.000000000000023E+0	57.092326425035811E-3	12.996408407293719E+0
14.000000000000025E+0	92.105961299537423E-3	14.387304754499924E+0
15.000000000000027E+0	115.471524820333460E-3	16.068085146068004E+0
16.000000000000028E+0	14.743942981950737E-3	18.212652055579152E+0
17.000000000000028E+0	29.001920306705183E-3	20.814992141218585E+0
18.000000000000028E+0	75.929110930893093E-3	20.909049068651480E+0
19.000000000000028E+0	46.074317936521995E-3	21.892185875609385E+0
20.000000000000028E+0	68.318619275639481E-3	21.249621751268048E+0
21.000000000000028E+0	54.871489565656711E-3	20.733644206258713E+0
22.000000000000028E+0	86.255621482465281E-3	20.883448982737736E+0
23.000000000000028E+0	92.472117872423570E-3	21.158179867542358E+0
24.000000000000028E+0	105.887819833797000E-3	20.640597811488291E+0
25.000000000000028E+0	154.083756036092310E-3	20.714365752012643E+0
26.000000000000028E+0	188.478987889146690E-3	20.239342596477616E+0
27.000000000000028E+0	167.514582989937130E-3	19.865631841745131E+0
28.000000000000028E+0	137.951258108096410E-3	19.681292423620967E+0
29.000000000000028E+0	111.622923594383360E-3	20.039737806220167E+0
30.000000000000028E+0	140.662170681166210E-3	20.420642229993973E+0
31.000000000000028E+0	269.687844731533950E-3	20.074271761546989E+0
32.000000000000028E+0	289.811819577793010E-3	19.634298662461511E+0
33.000000000000028E+0	280.385630370732830E-3	19.206294710503613E+0
34.000000000000028E+0	235.494703785893930E-3	19.099507207928362E+0
35.000000000000028E+0	286.919541057853610E-3	18.834127140101412E+0
36.000000000000028E+0	316.812470308879820E-3	18.457446119956199E+0
37.000000000000028E+0	214.062800136221560E-3	18.150327343351925E+0
38.000000000000028E+0	143.037747487570340E-3	18.451126851754957E+0
39.000000000000028E+0	197.323669986081560E-3	18.488871745097931E+0
40.000000000000028E+0	167.434790197760720E-3	18.207120395817860E+0
41.000000000000028E+0	146.144578673286590E-3	18.049895625177562E+0
42.000000000000028E+0	104.267987190312300E-3	18.102862199533586E+0
43.000000000000028E+0	93.704149405720819E-3	18.402238175111911E+0
44.000000000000028E+0	66.608080689777971E-3	18.625981940209272E+0
45.000000000000028E+0	70.141323855461180E-3	18.402841419745577E+0
46.000000000000028E+0	92.741805920621714E-3	18.311169269712387E+0
47.000000000000028E+0	95.465651494762008E-3	18.277045032139899E+0
48.000000000000028E+0	117.633360749918810E-3	18.033030907087777E+0
49.000000000000028E+0	113.067391850825370E-3	18.050630076974226E+0
50.000000000000028E+0	96.352840133485287E-3	18.164509694154486E+0
51.000000000000028E+0	104.478820176555730E-3	18.364085541792530E+0
52.000000000000028E+0	108.043819767386630E-3	18.421460990270617E+0
53.000000000000028E+0	93.680465095376558E-3	18.597602727518623E+0
54.000000000000028E+0	104.683430364902850E-3	18.452614234711273E+0
55.000000000000028E+0	133.815725781953830E-3	18.296651066066552E+0
56.000000000000028E+0	133.704697665892050E-3	18.176416904004771E+0
57.000000000000028E+0	153.274642381200060E-3	18.155902926956408E+0
58.000000000000028E+0	196.987855342370200E-3	18.331406577416345E+0
59.000000000000028E+0	175.752090815501300E-3	18.219237077604607E+0
60.000000000000028E+0	190.073269084977630E-3	18.074357950341920E+0
61.000000000000028E+0	217.180516842173270E-3	17.969158394504127E+0
62.000000000000028E+0	272.683323804863380E-3	17.895762479293722E+0
63.000000000000028E+0	275.798999020380130E-3	17.719601642339978E+0
64.000000000000028E+0	285.443391554916100E-3	17.560833156878900E+0
65.000000000000028E+0	287.073644242786470E-3	17.369174470885831E+0
66.000000000000028E+0	286.590433528577940E-3	17.170912656032925E+0
67.000000000000028E+0	295.887983339127300E-3	16.944693292188315E+0
68.000000000000028E+0	285.333957928944000E-3	16.861993460916963E+0
69.000000000000028E+0	243.470533708082890E-3	16.646788210424411E+0
70.000000000000028E+0	204.367986894688300E-3	16.503643787173722E+0
71.000000000000028E+0	174.920310561017890E-3	16.279363051528748E+0
72.000000000000028E+0	222.403727383302250E-3	16.208143569596857E+0
73.000000000000028E+0	203.619706789652940E-3	16.120082522515755E+0
74.000000000000028E+0	173.722883225498140E-3	16.048628563779829E+0
75.000000000000028E+0	169.396532483967050E-3	16.149131979451194E+0
76.000000000000028E+0	151.828200830094300E-3	16.192981428670205E+0
77.000000000000028E+0	116.949925068077960E-3	15.925930900706135E+0
78.000000000000028E+0	147.150503714121970E-3	15.826647721092908E+0
79.000000000000028E+0	136.672151275098880E-3	15.820978914999493E+0
80.000000000000028E+0	115.043447312228170E-3	16.264974431194759E+0
81.000000000000028E+0	42.655869209986132E-3	17.949487078081283E+0
82.000000000000028E+0	15.070040415499343E-3	15.160784761687758E+0
83.000000000000028E+0	78.931472876229994E-3	15.486906237291416E+0
84.000000000000028E+0	113.836137379245870E-3	15.471453294963396E+0
85.000000000000028E+0	108.597305942618170E-3	15.943734597943614E+0
86.000000000000028E+0	100.856284282387600E-3	16.418719390159886E+0
87.000000000000028E+0	104.310482597281580E-3	19.359158619511376E+0
88.000000000000028E+0	125.965023211707610E-3	20.254662654726200E+0
89.000000000000028E+0	123.213082240163600E-3	20.481013351580863E+0
90.000000000000028E+0	410.702329137664970E-3	22.014343786330713E+0
91.000000000000028E+0	206.931014806462980E-3	19.265704357748309E+0
92.000000000000028E+0	147.742434759780910E-3	19.428443329749665E+0
93.000000000000028E+0	136.796365456331170E-3	19.230841678213828E+0
94.000000000000028E+0	129.266994842545950E-3	18.809596444566541E+0
95.000000000000028E+0	43.336868357933191E-3	17.637053357412825E+0
96.000000000000028E+0	380.906708773501020E-3	17.857240875380288E+0
97.000000000000028E+0	345.089949812918410E-3	18.061014955632611E+0
98.000000000000028E+0	299.080144660995470E-3	17.811475302205853E+0
99.000000000000028E+0	238.769437898624980E-3	17.538206413581250E+0
100.000000000000030E+0	660.115363896609960E-3	17.163005910712179E+0
101.000000000000030E+0	412.321035107247210E-3	17.518807210237551E+0
102.000000000000030E+0	311.856183230680930E-3	17.411729336441979E+0
103.000000000000030E+0	301.194338228147730E-3	16.611501202180396E+0
104.000000000000030E+0	387.051871997831250E-3	17.013036909376872E+0
105.000000000000030E+0	283.098320280691980E-3	16.754181469719583E+0
106.000000000000030E+0	386.987611637409130E-3	16.926309820067651E+0
107.000000000000030E+0	327.475116188694240E-3	16.876162945508561E+0
108.000000000000030E+0	318.197590498536910E-3	16.773009910959448E+0
109.000000000000030E+0	389.181510745186310E-3	16.770114997237254E+0
110.000000000000030E+0	306.064409907562730E-3	16.775407949300174E+0
111.000000000000030E+0	281.969528568535410E-3	16.700183808535172E+0
112.000000000000030E+0	249.510945043395240E-3	16.620953848438148E+0
113.000000000000030E+0	178.238375927330490E-3	16.523962203515136E+0
114.000000000000030E+0	195.376790681740940E-3	15.829120517932349E+0
115.000000000000030E+0	226.756067926386000E-3	16.057941779749747E+0
116.000000000000030E+0	175.877519260072640E-3	16.006780088992805E+0
117.000000000000030E+0	162.542661314596550E-3	16.068494157472799E+0
118.000000000000030E+0	97.330577622625022E-3	16.558988148370720E+0
119.000000000000030E+0	575.482322560210370E-3	14.945052237193385E+0
120.000000000000030E+0	223.494391053575660E-3	15.507271443463850E+0
121.000000000000030E+0	114.315889067706790E-3	15.479423335090432E+0
122.000000000000030E+0	236.100988472979530E-3	13.879954627482800E+0
123.000000000000030E+0	125.008706326564690E-3	14.826004555290103E+0
124.000000000000030E+0	174.172643962299450E-3	13.365488333859691E+0
125.000000000000030E+0	118.681796867928350E-3	13.844713707633446E+0
126.000000000000030E+0	110.992625865920070E-3	12.687210269557797E+0
127.000000000000030E+0	106.481121000173980E-3	11.883823306345448E+0
128.000000000000030E+0	518.765011034960310E-3	11.588739784069027E+0
129.000000000000030E+0	200.554588483592140E-3	12.426562373126545E+0
130.000000000000030E+0	164.801175098072410E-3	11.680712705802007E+0
131.000000000000030E+0	183.514377632377550E-3	11.258921008816214E+0
132.000000000000030E+0	336.553792301011350E-3	11.132102967537531E+0
133.000000000000030E+0	211.256337553935000E-3	11.339982420874344E+0
134.000000000000030E+0	227.906753332031250E-3	10.790033469333444E+0
135.000000000000030E+0	289.489418559855100E-3	10.816725730654618E+0
136.000000000000030E+0	278.382554597711050E-3	10.669770206786179E+0
137.000000000000030E+0	370.025188087433450E-3	10.281662799998124E+0
138.000000000000030E+0	355.724159604506930E-3	11.055588223195929E+0
139.000000000000030E+0	277.536841602412490E-3	10.624464196240641E+0
140.000000000000030E+0	308.280480396620480E-3	10.452754789886308E+0
141.000000000000030E+0	265.044333137700370E-3	10.492667310423794E+0
142.000000000000030E+0	226.781808481363480E-3	10.090704359299201E+0
143.000000000000030E+0	259.924915427392660E-3	9.975223113418899E+0
144.000000000000030E+0	253.479248643530440E-3	9.934819974345945E+0
145.000000000000030E+0	246.358655290511040E-3	9.915434672667706E+0
146.000000000000030E+0	254.621248047380680E-3	9.827358260795316E+0
147.000000000000030E+0	404.687203191905040E-3	9.896698290731765E+0
148.000000000000030E+0	272.699592457336880E-3	10.383307892893681E+0
149.000000000000030E+0	258.667756979850280E-3	10.152706411577336E+0
150.000000000000030E+0	300.812656114493700E-3	9.985463040103914E+0
151.000000000000030E+0	375.871875327970510E-3	10.225297693239002E+0
152.000000000000030E+0	262.660262071158000E-3	10.071357200116788E+0
153.000000000000030E+0	278.661436247475690E-3	9.840545666423480E+0
154.000000000000030E+0	283.549580839621120E-3	9.806780527115702E+0
155.000000000000030E+0	289.855064287482090E-3	9.627591074416641E+0
156.000000000000030E+0	334.199928895687560E-3	9.920924603832301E+0
157.000000000000030E+0	227.344199347712020E-3	9.829845865579646E+0
158.000000000000030E+0	223.439122215584230E-3	9.667256957554960E+0
159.000000000000030E+0	243.344091680179790E-3	9.699614791575454E+0
160.000000000000030E+0	258.611679130761000E-3	9.872392297726314E+0
161.000000000000030E+0	196.381991812725610E-3	9.745351960979843E+0
162.000000000000030E+0	241.915288930997950E-3	9.651661406215370E+0
163.000000000000030E+0	305.677498524925320E-3	9.656893824640271E+0
164.000000000000030E+0	310.106863086565600E-3	9.955701620578171E+0
165.000000000000030E+0	272.107495604171970E-3	9.859469519246529E+0
166.000000000000030E+0	353.176606231179910E-3	9.761014978051046E+0
167.000000000000030E+0	325.661565972408420E-3	9.795687200023755E+0
168.000000000000030E+0	333.663583975289780E-3	9.640950870955436E+0
169.000000000000030E+0	365.309630699234780E-3	9.411070869830629E+0
170.000000000000030E+0	430.265463477949470E-3	9.479351805579411E+0
171.000000000000030E+0	414.782409033322470E-3	9.414308705608812E+0
172.000000000000030E+0	442.473526659522660E-3	9.367809025558582E+0
173.000000000000030E+0	441.416513696393620E-3	9.302262079409044E+0
174.000000000000030E+0	451.007657133653320E-3	9.391550165920020E+0
175.000000000000030E+0	351.192384986106940E-3	9.474032895154432E+0
176.000000000000030E+0	321.435849536969520E-3	9.405275528211419E+0
177.000000000000030E+0	280.693448790559690E-3	9.485097856124453E+0
178.000000000000030E+0	258.669862802851810E-3	9.479860188689555E+0
179.000000000000030E+0	193.312332193181140E-3	9.950268496841964E+0
180.000000000000030E+0	338.930982944559530E-3	9.129087928849387E+0
181.000000000000030E+0	363.689819333583460E-3	9.247013805045830E+0
182.000000000000030E+0	399.481743028707260E-3	9.403735107944470E+0
183.000000000000030E+0	310.992653618964500E-3	9.298128697793276E+0
184.000000000000030E+0	355.473992505817400E-3	9.277539648377083E+0
185.000000000000030E+0	287.082133997549950E-3	9.196088420467063E+0
186.000000000000030E+0	277.723442748121720E-3	9.072463164973744E+0
187.000000000000030E+0	286.274859377538050E-3	8.845462909541833E+0
188.000000000000030E+0	505.489184744501880E-3	8.799425964437095E+0
189.000000000000030E+0	498.787342278797010E-3	9.377353249648971E+0
190.000000000000030E+0	405.891700967567270E-3	9.361245378208812E+0
191.000000000000030E+0	451.909523638682530E-3	9.298681484367046E+0
192.000000000000030E+0	512.161036642947990E-3	9.433190293049769E+0
193.000000000000030E+0	413.891126846254230E-3	9.217547783982864E+0
194.000000000000030E+0	540.176749833532700E-3	8.927797504684108E+0
195.000000000000030E+0	715.872992332768580E-3	8.795180047050106E+0
196.000000000000030E+0	786.443389073176240E-3	8.834660629809289E+0
197.000000000000030E+0	683.704028345048290E-3	8.856561240814148E+0
198.000000000000030E+0	639.291744123649750E-3	8.292052142823747E+0
199.000000000000030E+0	714.102551069620840E-3	8.381003114441610E+0
200.000000000000030E+0	685.349130890427820E-3	8.168418790083583E+0
201.000000000000030E+0	928.744463725663770E-3	8.031233032224229E+0
202.000000000000030E+0	819.488739495814130E-3	8.281900802615635E+0
203.000000000000030E+0	650.913973266906480E-3	7.927068468736699E+0
204.000000000000030E+0	670.427101310479560E-3	7.887332369677334E+0
205.000000000000030E+0	611.093267828376360E-3	7.564596136336404E+0
206.000000000000030E+0	688.690831610245360E-3	7.497905665504820E+0
207.000000000000030E+0	646.946235791094890E-3	7.503306854946163E+0
208.000000000000030E+0	541.088350461728760E-3	7.419359030594261E+0
209.000000000000030E+0	430.185041065382970E-3	7.360942777940500E+0
210.000000000000030E+0	264.343568951723780E-3	7.309234752303466E+0
211.000000000000030E+0	410.501856693966940E-3	5.812856291408151E+0
212.000000000000030E+0	570.807417064726930E-3	7.017621688523465E+0
213.000000000000030E+0	394.931592352999790E-3	7.507063595327002E+0
214.000000000000030E+0	241.532935874507000E-3	7.585765155644767E+0
215.000000000000030E+0	239.483793630624280E-3	7.825524124793501E+0
216.000000000000030E+0	195.904106621315020E-3	8.313702578134496E+0
217.000000000000030E+0	316.876827290367090E-3	6.521363692510214E+0
218.000000000000030E+0	466.598907886221710E-3	7.204208749938927E+0
219.000000000000030E+0	504.463541829141550E-3	7.308905033609542E+0
220.000000000000030E+0	468.328212459680040E-3	7.447956086372296E+0
221.000000000000030E+0	356.937796155823940E-3	7.760576305993462E+0
222.000000000000030E+0	178.120812051078600E-3	7.042775718005499E+0
223.000000000000030E+0	237.599835725927740E-3	6.917034446421864E+0
224.000000000000030E+0	231.568265433620770E-3	6.593241021719781E+0
225.000000000000030E+0	319.610886539495990E-3	6.715168072262322E+0
226.000000000000030E+0	229.578815974316040E-3	7.099460966726917E+0
227.000000000000030E+0	240.676909855920250E-3	6.302934215318047E+0
228.000000000000030E+0	232.249656462010600E-3	6.597253815678110E+0
229.000000000000030E+0	233.523899454754270E-3	6.690342294532750E+0
230.000000000000030E+0	100.870004997526320E-3	6.998568120302242E+0
231.000000000000030E+0	188.812679448423810E-3	5.845406922375031E+0
232.000000000000030E+0	262.267440597114100E-3	6.039405960212050E+0
233.000000000000030E+0	264.319694783646030E-3	6.209911161815985E+0
234.000000000000030E+0	239.558076427357020E-3	6.172458384764257E+0
235.000000000000030E+0	220.194270906723550E-3	6.152772343676519E+0
236.000000000000030E+0	195.590024215364670E-3	5.957702496141660E+0
237.000000000000030E+0	163.589393398974690E-3	5.584709280217208E+0
238.000000000000030E+0	158.639910024950010E-3	5.019338990082865E+0
239.000000000000030E+0	160.351483090816290E-3	4.445885662886319E+0
240.000000000000030E+0	212.587831182301260E-3	4.516930027220310E+0
241.000000000000030E+0	122.685947835534150E-3	4.305698294060297E+0
242.000000000000030E+0	84.098513097456917E-3	4.000120674253806E+0
243.000000000000030E+0	54.254180455591522E-3	3.554217508692978E+0
244.000000000000030E+0	37.030783885554648E-3	3.592557654816336E+0
245.000000000000030E+0	25.751161763936964E-3	3.159938068608623E+0
246.000000000000030E+0	44.701420428234502E-3	2.865030869182167E+0
247.000000000000030E+0	58.433777260237643E-3	3.034412936531260E+0
248.000000000000030E+0	48.638926970191322E-3	3.554582617310276E+0
249.000000000000030E+0	76.653191851386249E-3	3.767169611814911E+0
250.000000000000030E+0	50.634306074450915E-3	5.321598122952414E+0
251.000000000000030E+0	26.356607289018640E-3	6.716978029161224E+0
252.000000000000030E+0	37.141101126448854E-3	7.964082627660565E+0
253.000000000000030E+0	51.450958778152742E-3	8.371023861476331E+0
254.000000000000030E+0	91.453084001852272E-3	8.845646758491135E+0
255.000000000000030E+0	92.550059603516047E-3	9.293438197799150E+0
256.000000000000060E+0	70.368001905240396E-3	9.613294985060897E+0
257.000000000000060E+0	76.217286112875871E-3	8.935825486876258E+0
258.000000000000060E+0	171.139549159303630E-3	8.912719363398271E+0
259.000000000000060E+0	99.089907234535771E-3	10.061957895201431E+0
260.000000000000060E+0	67.341326969550530E-3	9.291629853099142E+0
261.000000000000060E+0	88.760027899716265E-3	8.964824810652718E+0
262.000000000000060E+0	120.681575947135590E-3	8.853216991240199E+0
263.000000000000060E+0	134.718404186067980E-3	8.964581155358511E+0
264.000000000000060E+0	163.976711590887780E-3	9.206370931092794E+0
265.000000000000060E+0	121.930086159632270E-3	9.610791170624076E+0
266.000000000000060E+0	71.233736940626374E-3	8.645677192591835E+0
267.000000000000060E+0	156.201725671028410E-3	8.727121304458729E+0
268.000000000000060E+0	174.890203760313390E-3	9.238721150377337E+0
269.000000000000060E+0	137.206560700391970E-3	9.041931479130969E+0
270.000000000000060E+0	142.214721207599340E-3	9.098892311847855E+0
271.000000000000060E+0	83.070706197969024E-3	8.539926632464635E+0
272.000000000000060E+0	268.913069142477870E-3	8.804981851297381E+0
273.000000000000060E+0	274.619603751200040E-3	9.131902259903708E+0
274.000000000000060E+0	226.343692245226300E-3	9.077668415554426E+0
275.000000000000060E+0	280.923978285599400E-3	8.704619897355682E+0
276.000000000000060E+0	409.123496421751830E-3	8.638953782430141E+0
277.000000000000060E+0	658.195348476847240E-3	8.723466459376153E+0
278.000000000000060E+0	432.696010372400800E-3	8.974752915455120E+0
279.000000000000060E+0	488.578949236811330E-3	8.650000026506589E+0
280.000000000000060E+0	540.703989461865600E-3	8.574149337545393E+0
281.000000000000060E+0	623.240402423553500E-3	8.447760366290414E+0
282.000000000000060E+0	518.476802471379510E-3	8.490791441669204E+0
283.000000000000060E+0	539.376574345801660E-3	8.111084713057274E+0
284.000000000000060E+0	700.023707086404050E-3	7.952792923103669E+0
285.000000000000060E+0	681.479293010595730E-3	8.054267564211615E+0
286.000000000000060E+0	647.382028976908890E-3	7.942308676705238E+0
287.000000000000060E+0	743.709333293250400E-3	7.936504526474229E+0
288.000000000000060E+0	633.144734061702690E-3	7.929427511317785E+0
289.000000000000060E+0	630.137338813957280E-3	7.841209267283610E+0
290.000000000000060E+0	637.769961175863600E-3	7.782355128795610E+0
291.000000000000060E+0	636.547630729318080E-3	7.738547329517135E+0
292.000000000000060E+0	662.337872493134360E-3	7.594567518882655E+0
293.000000000000060E+0	727.273470976567250E-3	7.511517993533065E+0
294.000000000000060E+0	803.312026327106520E-3	7.413178592400881E+0
295.000000000000060E+0	849.399690299886820E-3	7.384623336329932E+0
296.000000000000060E+0	866.186796699945470E-3	7.217004627969677E+0
297.000000000000060E+0	958.501092236062720E-3	7.126215584787106E+0
298.000000000000060E+0	864.836101588723700E-3	7.039629630361741E+0
299.000000000000060E+0	842.722812126983970E-3	6.914177522516304E+0
300.000000000000060E+0	798.780314202033330E-3	6.929595017525489E+0
301.000000000000060E+0	710.564446642082740E-3	6.722560886079212E+0
302.000000000000060E+0	690.636868829383910E-3	6.647508425611815E+0
303.000000000000060E+0	669.509309344003880E-3	6.628771651492931E+0
304.000000000000060E+0	577.769715646098690E-3	6.572887234457697E+0
305.000000000000060E+0	546.240483308255590E-3	6.370286663193292E+0
306.000000000000060E+0	658.110176002853040E-3	6.379682175294794E+0
307.000000000000060E+0	591.856139768466070E-3	6.412455060087084E+0
308.000000000000060E+0	513.444469958735380E-3	6.425437822539893E+0
309.000000000000060E+0	443.648650624494990E-3	6.253585119022454E+0
310.000000000000060E+0	484.717712020680480E-3	6.275295555054810E+0
311.000000000000060E+0	393.873078881229190E-3	6.339987381682049E+0
312.000000000000060E+0	312.635855527655710E-3	6.364598119206485E+0
313.000000000000060E+0	285.166809641207440E-3	6.286236287035947E+0
314.000000000000060E+0	297.868515402792190E-3	6.344313316715158E+0
315.000000000000060E+0	321.144142391501240E-3	6.373549782117928E+0
316.000000000000060E+0	340.247454584918010E-3	6.425495819138651E+0
317.000000000000060E+0	349.405131469865850E-3	6.509912015195889E+0
318.000000000000060E+0	340.096830518583190E-3	6.569118895233462E+0
319.000000000000060E+0	291.574020617751950E-3	6.284933340509231E+0
320.000000000000060E+0	377.593550160150500E-3	6.385739612698737E+0
321.000000000000060E+0	376.703795301156940E-3	6.414716425171539E+0
322.000000000000060E+0	359.286555882209700E-3	6.370363337074991E+0
323.000000000000060E+0	403.048792251877560E-3	6.277393505344358E+0
324.000000000000060E+0	445.570018377359930E-3	6.267392831863146E+0
325.000000000000060E+0	429.376837725573170E-3	6.372989252577570E+0
326.000000000000060E+0	370.368155739979830E-3	6.301899895794997E+0
327.000000000000060E+0	396.597866026528970E-3	6.095797035530252E+0
328.000000000000060E+0	406.893057625959840E-3	6.081124230194009E+0
329.000000000000060E+0	419.066789948756510E-3	5.990666884192741E+0
330.000000000000060E+0	399.359413696480480E-3	5.956933052960371E+0
331.000000000000060E+0	403.995689073749890E-3	5.795084923154058E+0
332.000000000000060E+0	501.437528687578630E-3	5.868542950329189E+0
333.000000000000060E+0	401.112661407587000E-3	6.002483066794403E+0
334.000000000000060E+0	325.368912210218850E-3	5.817840235482834E+0
335.000000000000060E+0	345.671873681613340E-3	5.622977249412416E+0
336.000000000000060E+0	308.489866021636310E-3	5.672698616096680E+0
337.000000000000060E+0	203.392509833956180E-3	5.320496315690589E+0
338.000000000000060E+0	367.884062520647150E-3	5.076190907607603E+0
339.000000000000060E+0	289.044418521185340E-3	5.172261866119287E+0
340.000000000000060E+0	226.252033768049310E-3	5.066697596871401E+0
341.000000000000060E+0	183.711797727998500E-3	4.702071372333622E+0
342.000000000000060E+0	187.325054574883770E-3	4.993071615642856E+0
343.000000000000060E+0	53.882450698136512E-3	6.722601806035730E+0
344.000000000000060E+0	135.305216242242340E-3	8.021119445234024E+0
345.000000000000060E+0	182.813289742420090E-3	8.465130912309863E+0
346.000000000000060E+0	157.141024175599440E-3	7.665552279803456E+0
347.000000000000060E+0	248.003503612109380E-3	7.238291484060362E+0
348.000000000000060E+0	338.470194548506630E-3	7.108004116476803E+0
349.000000000000060E+0	335.740500284858970E-3	6.910371424898278E+0
350.000000000000060E+0	348.219008788879130E-3	6.503407788913703E+0
351.000000000000060E+0	524.077550149375960E-3	6.443106653397029E+0
352.000000000000060E+0	439.512953917689190E-3	6.466654849289090E+0
353.000000000000060E+0	385.227573728286700E-3	6.205806494109991E+0
354.000000000000060E+0	392.527291873142110E-3	6.050517234104320E+0
355.000000000000060E+0	373.160421069583910E-3	6.212313468057296E+0
356.000000000000060E+0	305.128238659028490E-3	6.420421364640125E+0
357.000000000000060E+0	285.165567606836260E-3	6.428641558352219E+0
358.000000000000060E+0	362.359486127827260E-3	6.340453781074892E+0
359.000000000000060E+0	419.236020129218400E-3	6.368029256700236E+0
360.000000000000060E+0	408.215582523493330E-3	6.294516362104086E+0
361.000000000000060E+0	466.700468657931240E-3	6.189817573919157E+0
362.000000000000060E+0	457.984965165836700E-3	6.078272437079602E+0
363.000000000000060E+0	500.744713526059430E-3	5.904248364242549E+0
364.000000000000060E+0	508.377873821381000E-3	5.915229644292443E+0
365.000000000000060E+0	471.723275240232330E-3	5.631788059337135E+0
366.000000000000060E+0	585.798011766061060E-3	5.419939185530453E+0
367.000000000000060E+0	535.977211961216390E-3	5.343869221054013E+0
368.000000000000060E+0	444.305456672931140E-3	5.143075979748719E+0
369.000000000000060E+0	421.715103691932820E-3	4.906930277152902E+0
370.000000000000060E+0	314.587429855028130E-3	5.049737738074398E+0
371.000000000000060E+0	211.014149051990010E-3	5.096853637585014E+0
372.000000000000060E+0	180.742259146125430E-3	5.537025602555337E+0
373.000000000000060E+0	214.113844476588680E-3	6.033858915793107E+0
374.000000000000060E+0	159.740708502217580E-3	6.825241171613209E+0
375.000000000000060E+0	111.320914707256340E-3	6.810404493567195E+0
376.000000000000060E+0	63.974780086656496E-3	6.412709056321425E+0
377.000000000000060E+0	152.013456291950040E-3	5.682181403351966E+0
378.000000000000060E+0	247.549154094189150E-3	5.886825906019379E+0
379.000000000000060E+0	306.365668956581290E-3	6.002965935002067E+0
380.000000000000060E+0	350.898513700326380E-3	6.226065877896285E+0
381.000000000000060E+0	337.936797519046430E-3	6.160374846297370E+0
382.000000000000060E+0	346.136022346371420E-3	6.096412914735951E+0
383.000000000000060E+0	332.642006942730990E-3	5.966363202938692E+0
384.000000000000060E+0	321.568348248700840E-3	5.894393974130560E+0
385.000000000000060E+0	321.216068198366680E-3	5.608270944555929E+0
386.000000000000060E+0	344.272614694446700E-3	5.470532308502296E+0
387.000000000000060E+0	412.533660360298200E-3	5.398198662213574E+0
388.000000000000060E+0	378.098300601282520E-3	5.469961388157206E+0
389.000000000000060E+0	359.756492541619340E-3	5.594015869354026E+0
390.000000000000060E+0	253.613406832605750E-3	5.608008481909621E+0
391.000000000000060E+0	215.682602054151520E-3	5.505233590601482E+0
392.000000000000060E+0	161.265481796234070E-3	5.332968438589567E+0
393.000000000000060E+0	274.945859261367110E-3	4.913462098293867E+0
394.000000000000060E+0	284.908553737441950E-3	5.259340641432140E+0
395.000000000000060E+0	283.742913834606920E-3	5.519477767590366E+0
396.000000000000060E+0	242.137178067784790E-3	5.687441457751764E+0
397.000000000000060E+0	229.126941415923910E-3	5.789930762027324E+0
398.000000000000060E+0	213.819855414874280E-3	6.204770477502991E+0
399.000000000000060E+0	114.605105035533960E-3	5.975472020029563E+0
400.000000000000060E+0	108.940107852700920E-3	5.702110706118809E+0
401.000000000000060E+0	149.522119155251850E-3	5.286059120644911E+0
402.000000000000060E+0	220.801421729564410E-3	5.346234698789384E+0
403.000000000000060E+0	355.524561253542700E-3	5.527669516109920E+0
404.000000000000060E+0	339.871266534506220E-3	5.766584017976224E+0
405.000000000000060E+0	412.746304122369790E-3	5.802034670843486E+0
406.000000000000060E+0	349.502482584669320E-3	6.166067188477306E+0
407.000000000000060E+0	299.928019340812870E-3	6.141788809917228E+0
408.000000000000060E+0	175.316033233649030E-3	6.138675849541777E+0
409.000000000000060E+0	229.696600644807850E-3	5.655335927027080E+0
410.000000000000060E+0	227.146159367657560E-3	5.567004874661095E+0
411.000000000000060E+0	244.869887870147710E-3	5.177639354289386E+0
412.000000000000060E+0	365.492761592737520E-3	5.370494475024016E+0
413.000000000000060E+0	351.149309360322350E-3	5.596298331767525E+0
414.000000000000060E+0	316.627187375786320E-3	5.750894993249968E+0
415.000000000000060E+0	278.289089176153530E-3	5.764518174240270E+0
416.000000000000060E+0	277.946620267730870E-3	5.818879778888077E+0
417.000000000000060E+0	232.575057973748470E-3	5.903368267568894E+0
418.000000000000060E+0	210.666698029441570E-3	5.771817670156811E+0
419.000000000000060E+0	222.321457797016790E-3	5.699794694257468E+0
420.000000000000060E+0	253.832866005342610E-3	5.706765315915456E+0
421.000000000000060E+0	329.244330703992060E-3	5.672070108107562E+0
422.000000000000060E+0	321.185731632082800E-3	5.926263552745431E+0
423.000000000000060E+0	329.007060773140570E-3	5.906787718148383E+0
424.000000000000060E+0	337.622233006871440E-3	6.007737154660677E+0
425.000000000000060E+0	323.783185806891250E-3	5.904968597673560E+0
426.000000000000060E+0	391.166073892540710E-3	5.981000089267003E+0
427.000000000000060E+0	318.038169647684110E-3	5.958513446794700E+0
428.000000000000060E+0	378.088748749585200E-3	5.798812943918509E+0
429.000000000000060E+0	438.453475879423520E-3	5.819998142285359E+0
430.000000000000060E+0	403.353063460557440E-3	5.865366786882226E+0
431.000000000000060E+0	457.972173813954770E-3	5.901657078954168E+0
432.000000000000060E+0	432.696870582169770E-3	5.948331648695955E+0
433.000000000000060E+0	460.303226792917350E-3	5.937740929962559E+0
434.000000000000060E+0	515.755917863456980E-3	5.954553030950729E+0
435.000000000000060E+0	564.989796053969370E-3	5.901565099975749E+0
436.000000000000060E+0	654.696062872356820E-3	5.977563717384367E+0
437.000000000000060E+0	655.292133565762440E-3	5.968021609352907E+0
438.000000000000060E+0	707.442555908859290E-3	5.870871607754863E+0
439.000000000000060E+0	777.613923238856470E-3	5.792649959162744E+0
440.000000000000060E+0	852.382711603073990E-3	5.617688514497733E+0
441.000000000000060E+0	937.032092164181040E-3	5.662781953003094E+0
442.000000000000060E+0	952.982762537887050E-3	5.596055522297785E+0
443.000000000000060E+0	988.894091522724890E-3	5.490802571820269E+0
444.000000000000060E+0	1.017125698825016E+0	5.449655963302483E+0
445.000000000000060E+0	1.099543505293925E+0	5.286861785792180E+0
446.000000000000060E+0	1.121677738998566E+0	5.289926074399257E+0
447.000000000000060E+0	1.117281370104574E+0	5.178564930036549E+0
448.000000000000060E+0	1.164513641331156E+0	5.121688014931519E+0
449.000000000000060E+0	1.091938689443666E+0	5.043243223303240E+0
450.000000000000060E+0	1.205066747807296E+0	4.888581069904484E+0
451.000000000000060E+0	1.136670127018613E+0	4.870907194791926E+0
452.000000000000060E+0	1.088745041101423E+0	4.737997269086929E+0
453.000000000000060E+0	1.131668801075828E+0	4.664026926700796E+0
454.000000000000060E+0	1.112221369876650E+0	4.607234229431796E+0
455.000000000000060E+0	1.069018197601439E+0	4.600742009747078E+0
456.000000000000060E+0	1.005675244562673E+0	4.552793464391288E+0
457.000000000000060E+0	959.701381965829320E-3	4.500113582115426E+0
458.000000000000060E+0	896.487074864087520E-3	4.457134275299076E+0
459.000000000000060E+0	962.865098946383720E-3	4.447582473329435E+0
460.000000000000060E+0	883.887334330460520E-3	4.490856614719178E+0
461.000000000000060E+0	879.893279284003180E-3	4.500220268621120E+0
462.000000000000060E+0	905.787259171048960E-3	4.515778858343451E+0
463.000000000000060E+0	975.880058381323970E-3	4.540697944714068E+0
464.000000000000060E+0	1.017643736176429E+0	4.570933931860493E+0
465.000000000000060E+0	1.115674856685814E+0	4.519808729931320E+0
466.000000000000060E+0	1.275758454990452E+0	4.460901012218796E+0
467.000000000000060E+0	1.371590295998002E+0	4.365390154254007E+0
468.000000000000060E+0	1.521530268099202E+0	4.250507317604564E+0
469.000000000000060E+0	1.480570224814475E+0	4.095840337099023E+0
470.000000000000060E+0	1.499022385486773E+0	3.882069554176129E+0
471.000000000000060E+0	1.457452937685975E+0	3.705094537672096E+0
472.000000000000060E+0	1.443609739771857E+0	3.607868095873147E+0
473.000000000000060E+0	1.195175666792907E+0	3.548959462982154E+0
474.000000000000060E+0	1.108352572025635E+0	3.454709267293189E+0
475.000000000000060E+0	1.073966691249258E+0	3.427441763643727E+0
476.000000000000060E+0	1.000756449607280E+0	3.402414515596107E+0
477.000000000000060E+0	933.535403637769430E-3	3.345573628316292E+0
478.000000000000060E+0	877.055005858322410E-3	3.264574434891606E+0
479.000000000000060E+0	844.191151432245210E-3	3.230123919044841E+0
480.000000000000060E+0	780.356384444984900E-3	3.190130137551305E+0
481.000000000000060E+0	740.196558536980410E-3	3.071542463902637E+0
482.000000000000060E+0	813.036392681680490E-3	3.130206306226986E+0
483.000000000000060E+0	686.022013601886190E-3	3.120487202947334E+0
484.000000000000060E+0	660.618610636414250E-3	3.081751761706119E+0
485.000000000000060E+0	611.608536885723140E-3	3.117608905230451E+0
486.000000000000060E+0	577.208395657782810E-3	3.090486349085353E+0
487.000000000000060E+0	557.291871279247840E-3	3.046360835971510E+0
488.000000000000060E+0	541.024040793234740E-3	3.058746796686242E+0
489.000000000000060E+0	511.361296775533320E-3	3.017006578849800E+0
490.000000000000060E+0	540.604626088851960E-3	2.955831682088105E+0
491.000000000000060E+0	554.545347938327990E-3	3.094613228486299E+0
492.000000000000060E+0	509.227927523020480E-3	3.063280461041152E+0
493.000000000000060E+0	504.690623174127830E-3	3.060436246861653E+0
494.000000000000060E+0	486.831347229296110E-3	3.059417506539129E+0
495.000000000000060E+0	442.681171898001990E-3	3.030438300692338E+0
496.000000000000060E+0	448.020270423475470E-3	2.922972330811579E+0
497.000000000000060E+0	466.957045494314270E-3	2.946209483229312E+0
498.000000000000060E+0	437.349265540959040E-3	2.962927589183417E+0
499.000000000000060E+0	418.134096013002220E-3	2.902731557165423E+0
500.000000000000060E+0	424.120474633530310E-3	2.818470076708720E+0
501.000000000000060E+0	443.303265198197130E-3	2.971877181960857E+0
502.000000000000060E+0	396.592685902991520E-3	2.929971109290312E+0
503.000000000000060E+0	374.014274216801330E-3	2.954782342409265E+0
504.000000000000060E+0	321.061337642106810E-3	2.778876781474112E+0
505.000000000000060E+0	388.573866436941200E-3	2.695440424842603E+0
506.000000000000060E+0	369.851843967867130E-3	2.986386869435846E+0
507.000000000000060E+0	309.704740071386040E-3	2.816229486814589E+0
508.000000000000060E+0	318.142875206727350E-3	2.738700050356391E+0
509.000000000000060E+0	302.652173013107760E-3	2.658210997871867E+0
510.000000000000060E+0	372.637385872551410E-3	2.768998805928684E+0
511.000000000000060E+0	250.903267186618040E-3	2.827233098006479E+0
512.000000000000110E+0	220.656178441053840E-3	2.650442028821760E+0
513.000000000000110E+0	237.302738706586160E-3	2.452213766372203E+0
514.000000000000110E+0	272.781399198052440E-3	2.705542837562011E+0
515.000000000000110E+0	184.098926719925640E-3	2.971225956495089E+0
516.000000000000110E+0	120.359364384907990E-3	2.574316434112458E+0
517.000000000000110E+0	153.784834947783830E-3	2.587693238483718E+0
518.000000000000110E+0	129.381428658813520E-3	2.755325549410524E+0
519.000000000000110E+0	168.112819814373650E-3	2.839405829818981E+0
520.000000000000110E+0	166.692315459043340E-3	3.496872559330798E+0
521.000000000000110E+0	188.182137597287110E-3	3.833423982725552E+0
522.000000000000110E+0	221.166678634663550E-3	3.897768692246536E+0
523.000000000000110E+0	329.291415779279670E-3	3.927988476863272E+0
524.000000000000110E+0	326.377919827692100E-3	3.880718200358650E+0
525.000000000000110E+0	395.686310676749750E-3	3.515580033469729E+0
526.000000000000110E+0	490.950011786650650E-3	3.339181998504281E+0
527.000000000000110E+0	513.133975137516240E-3	3.338290843908100E+0
528.000000000000110E+0	430.142382061148410E-3	3.134937557802489E+0
529.000000000000110E+0	518.444646166260400E-3	3.018054402593674E+0
530.000000000000110E+0	452.284704564729580E-3	3.013291579601834E+0
531.000000000000110E+0	420.378748491282320E-3	2.969705883998364E+0
532.000000000000110E+0	432.208176840332800E-3	2.748531088342146E+0
533.000000000000110E+0	457.215310450423460E-3	2.926284659566944E+0
534.000000000000110E+0	359.311972438074890E-3	2.863579330671499E+0
535.000000000000110E+0	346.651384977306580E-3	2.608272421580534E+0
536.000000000000110E+0	416.662997175774650E-3	2.503768116922980E+0
537.000000000000110E+0	436.634564905994060E-3	2.426973667857410E+0
538.000000000000110E+0	656.969368291587810E-3	2.610531797263041E+0
539.000000000000110E+0	435.976470367307300E-3	2.863823063608755E+0
540.000000000000110E+0	330.103751304156920E-3	2.666520861784837E+0
541.000000000000110E+0	372.335630372933380E-3	2.394973451341716E+0
542.000000000000110E+0	430.813580289270470E-3	2.749886331133908E+0
543.000000000000110E+0	261.912995635512900E-3	2.309124475190615E+0
544.000000000000110E+0	341.660289286042140E-3	2.211344332382561E+0
545.000000000000110E+0	366.119135164622910E-3	2.429313079436662E+0
546.000000000000110E+0	301.866776028051510E-3	2.309124628009931E+0
547.000000000000110E+0	390.481425866005820E-3	2.227663512271866E+0
548.000000000000110E+0	334.228484178897000E-3	2.516495730317135E+0
549.000000000000110E+0	328.875649460594000E-3	2.441395561743942E+0
550.000000000000110E+0	349.802721824753420E-3	2.505297270167439E+0
551.000000000000110E+0	310.131356310003600E-3	2.820339346879727E+0
552.000000000000110E+0	248.249422254896850E-3	2.365190975275166E+0
553.000000000000110E+0	338.601784663681740E-3	2.356065395153442E+0
554.000000000000110E+0	357.687393050339590E-3	2.418359294986216E+0
555.000000000000110E+0	340.910954869931000E-3	2.339232674724000E+0
556.000000000000110E+0	418.690685989135780E-3	2.168252949995409E+0
557.000000000000110E+0	472.789676874281250E-3	2.288438136139928E+0
558.000000000000110E+0	442.595208006095420E-3	2.170801591286219E+0
559.000000000000110E+0	443.605322848205360E-3	2.063824174899718E+0
560.000000000000110E+0	426.772283800599340E-3	2.005957515645731E+0
561.000000000000110E+0	312.755938090193470E-3	1.702281378452419E+0
562.000000000000110E+0	373.066453818480970E-3	1.557015141332305E+0
563.000000000000110E+0	348.264835141099630E-3	1.443052589058207E+0
564.000000000000110E+0	381.631791913021990E-3	1.283517457048304E+0
565.000000000000110E+0	393.196516697291500E-3	1.401953711034366E+0
566.000000000000110E+0	336.870547353017750E-3	1.602934234120439E+0
567.000000000000110E+0	259.825900295061970E-3	1.530189328541120E+0
568.000000000000110E+0	217.210481913003130E-3	1.630056101664991E+0
569.000000000000110E+0	141.352676493089360E-3	1.619180384072821E+0
570.000000000000110E+0	56.310428835341000E-3	1.307506346477420E+0
571.000000000000110E+0	147.736687748849540E-3	879.431224066529180E-3
572.000000000000110E+0	134.160025211907650E-3	1.229111370085288E+0
573.000000000000110E+0	115.858477258140900E-3	1.537523148771801E+0
574.000000000000110E+0	103.841790926238370E-3	1.956027007393954E+0
575.000000000000110E+0	86.235277436636268E-3	2.074840161625629E+0
576.000000000000110E+0	120.820095678102370E-3	2.052988968246375E+0
577.000000000000110E+0	139.271657773598370E-3	2.344864776686356E+0
578.000000000000110E+0	139.190508957187710E-3	2.411276475007975E+0
579.000000000000110E+0	124.107099652199390E-3	2.282024553363191E+0
580.000000000000110E+0	181.575024913906950E-3	1.978075503893207E+0
581.000000000000110E+0	227.635913551624210E-3	1.996408961797289E+0
582.000000000000110E+0	296.239743478049380E-3	1.995746825680139E+0
583.000000000000110E+0	344.587067096771390E-3	2.133095074224053E+0
584.000000000000110E+0	362.996929677775250E-3	2.193243970026500E+0
585.000000000000110E+0	296.513061971843130E-3	2.024691660599406E+0
586.000000000000110E+0	330.716722454696410E-3	1.751417359437312E+0
587.000000000000110E+0	400.238902125804210E-3	1.510320411317790E+0
588.000000000000110E+0	478.203668531333230E-3	1.433813440653620E+0
589.000000000000110E+0	504.237580557508220E-3	1.405544822221145E+0
590.000000000000110E+0	479.872027127348670E-3	1.211112113124829E+0
591.000000000000110E+0	485.937464672238030E-3	1.044289312977962E+0
592.000000000000110E+0	518.587337205075220E-3	878.733700302649080E-3
593.000000000000110E+0	466.254792484456890E-3	939.380493404044060E-3
594.000000000000110E+0	374.334003518217550E-3	690.709074445401750E-3
595.000000000000110E+0	381.112429789399850E-3	436.338016657490830E-3
596.000000000000110E+0	386.797334798249350E-3	340.223831542145420E-3
597.000000000000110E+0	391.301776110877850E-3	246.798074469345320E-3
598.000000000000110E+0	451.522078549134680E-3	274.161381929473700E-3
599.000000000000110E+0	343.907349082753720E-3	453.686721870010250E-3
600.000000000000110E+0	277.921100471273720E-3	230.771761894439930E-3
601.000000000000110E+0	274.832859052022370E-3	16.139803488304974E-3
602.000000000000110E+0	293.040337197301880E-3	-331.376043574299450E-3
603.000000000000110E+0	402.133514271910800E-3	-87.848268371790633E-3
604.000000000000110E+0	331.607954194480580E-3	-18.123888388174039E-3
605.000000000000110E+0	302.688222094307730E-3	-133.828090806387160E-3
606.000000000000110E+0	295.468320095669700E-3	-273.167719589650750E-3
607.000000000000110E+0	321.717720140509760E-3	-370.933080617947940E-3
608.000000000000110E+0	311.717519674172330E-3	-116.268624786004280E-3
609.000000000000110E+0	256.480069781498570E-3	-429.599404690882370E-3
610.000000000000110E+0	242.658216355781530E-3	-539.217769823282510E-3
611.000000000000110E+0	245.516189735416450E-3	-800.680639383984370E-3
612.000000000000110E+0	319.223744412563570E-3	-810.343608817814200E-3
613.000000000000110E+0	309.097188253336040E-3	-665.598792487090420E-3
614.000000000000110E+0	285.639599328036010E-3	-605.411676802706800E-3
615.000000000000110E+0	243.047218497485840E-3	-551.589360403432980E-3
616.000000000000110E+0	186.684488373102390E-3	-782.998801211714170E-3
617.000000000000110E+0	248.285550905800930E-3	-1.146580113788932E+0
618.000000000000110E+0	280.316720214797530E-3	-924.711690806424010E-3
619.000000000000110E+0	270.697898189079080E-3	-900.769734530705630E-3
620.000000000000110E+0	260.045778104178950E-3	-884.567716798483560E-3
621.000000000000110E+0	216.266976818921350E-3	-1.133257552896765E+0
622.000000000000110E+0	305.124080796513490E-3	-1.094374722059468E+0
623.000000000000110E+0	306.184225088711960E-3	-1.074631864659475E+0
624.000000000000110E+0	313.505750832103470E-3	-1.041990795566966E+0
625.000000000000110E+0	276.486795794153810E-3	-997.018055009937900E-3
626.000000000000110E+0	233.206468925381690E-3	-1.227771701628966E+0
627.000000000000110E+0	346.710669266931060E-3	-1.294826345267305E+0
628.000000000000110E+0	323.341764352555850E-3	-1.163283379711541E+0
629.000000000000110E+0	306.694699704116450E-3	-1.121647579993520E+0
630.000000000000110E+0	248.612991361875340E-3	-1.181959130752225E+0
631.000000000000110E+0	382.245239501083910E-3	-1.612055861100748E+0
632.000000000000110E+0	436.202314460306990E-3	-1.233974317181723E+0
633.000000000000110E+0	440.248698985386430E-3	-1.199048410227634E+0
634.000000000000110E+0	489.926656268153460E-3	-1.101837709497649E+0
635.000000000000110E+0	424.751787330954140E-3	-1.151235647292378E+0
636.000000000000110E+0	450.488023050948650E-3	-1.474276071625116E+0
637.000000000000110E+0	634.474586368920730E-3	-1.445662366588303E+0
638.000000000000110E+0	673.898384075667710E-3	-1.442406018161945E+0
639.000000000000110E+0	689.553873841136750E-3	-1.479139647506052E+0
640.000000000000110E+0	557.257853498728250E-3	-1.768407989792462E+0
641.000000000000110E+0	839.073754783142280E-3	-1.818796339357495E+0
642.000000000000110E+0	915.557606684501150E-3	-1.847569693898806E+0
643.000000000000110E+0	982.944908090099490E-3	-1.828826919514153E+0
644.000000000000110E+0	946.823813323936610E-3	-1.791911451845305E+0
645.000000000000110E+0	758.510002249731530E-3	-2.032499578530665E+0
646.000000000000110E+0	1.005119846830882E+0	-2.310703394819523E+0
647.000000000000110E+0	1.190630345013105E+0	-2.325161290859743E+0
648.000000000000110E+0	1.223477186129681E+0	-2.372241982950051E+0
649.000000000000110E+0	1.170098325979056E+0	-2.392719446695445E+0
650.000000000000110E+0	1.183227702578703E+0	-2.815785473804491E+0
651.000000000000110E+0	1.250261181340232E+0	-2.794716108055631E+0
652.000000000000110E+0	1.272917448178102E+0	-2.863636064109379E+0
653.000000000000110E+0	1.176433105522600E+0	-2.872742178482590E+0
654.000000000000110E+0	1.093861668364786E+0	-3.077089360589987E+0
655.000000000000110E+0	1.129882329507779E+0	-3.201724532621648E+0
656.000000000000110E+0	1.166839387543229E+0	-3.263339572055403E+0
657.000000000000110E+0	1.130438167054660E+0	-3.307809351062309E+0
658.000000000000110E+0	1.137881870927562E+0	-3.355040994060715E+0
659.000000000000110E+0	979.643555638684990E-3	-3.355256311949880E+0
660.000000000000110E+0	1.000910009690458E+0	-3.520447630650999E+0
661.000000000000110E+0	1.027383779431022E+0	-3.575264369673909E+0
662.000000000000110E+0	1.039859504154755E+0	-3.646713997515404E+0
663.000000000000110E+0	1.082154973770142E+0	-3.614005473968587E+0
664.000000000000110E+0	1.038586248203740E+0	-3.716428595052284E+0
665.000000000000110E+0	1.057916018077959E+0	-3.765925245902043E+0
666.000000000000110E+0	1.121299066405309E+0	-3.849652993433033E+0
667.000000000000110E+0	1.139910033056780E+0	-3.863398792846346E+0
668.000000000000110E+0	1.108694080189639E+0	-3.894695431006720E+0
669.000000000000110E+0	1.185781411935497E+0	-4.026258021310692E+0
670.000000000000110E+0	1.207748341755699E+0	-4.128305592286344E+0
671.000000000000110E+0	1.280378173918905E+0	-4.221013086741488E+0
672.000000000000110E+0	1.333521206231352E+0	-4.320897974160772E+0
673.000000000000110E+0	1.316800329591482E+0	-4.400418990140833E+0
674.000000000000110E+0	1.325332413456207E+0	-4.556948536663949E+0
675.000000000000110E+0	1.293067154879869E+0	-4.718689698966426E+0
676.000000000000110E+0	1.295332136853400E+0	-4.925410734770807E+0
677.000000000000110E+0	1.314211647307784E+0	-5.090154869722474E+0
678.000000000000110E+0	1.266786944360569E+0	-5.188956296364585E+0
679.000000000000110E+0	1.104023540988649E+0	-5.392838689854447E+0
680.000000000000110E+0	993.728391154432900E-3	-5.596730743236960E+0
681.000000000000110E+0	914.197881608648450E-3	-5.829382137706975E+0
682.000000000000110E+0	890.799770805373540E-3	-5.684352193986856E+0
683.000000000000110E+0	601.549530804490810E-3	-5.888850314301940E+0
684.000000000000110E+0	469.197605829958900E-3	-6.037961056312479E+0
685.000000000000110E+0	386.622311214092960E-3	-6.261880659076062E+0
686.000000000000110E+0	315.440016545356250E-3	-6.151815778889540E+0
687.000000000000110E+0	218.837086327601100E-3	-6.761011405162048E+0
688.000000000000110E+0	266.818640084804100E-3	-6.222904911948806E+0
689.000000000000110E+0	222.016094967644660E-3	-6.062268499648036E+0
690.000000000000110E+0	204.862123353570120E-3	-5.878898318667870E+0
691.000000000000110E+0	162.679643422100420E-3	-5.615353865154652E+0
692.000000000000110E+0	137.892885873817070E-3	-5.504263812851430E+0
693.000000000000110E+0	106.546717613910320E-3	-5.177441433256110E+0
694.000000000000110E+0	63.313542558049898E-3	-4.801072341194073E+0
695.000000000000110E+0	46.653618953938158E-3	-5.492335251875603E+0
696.000000000000110E+0	61.900687461122733E-3	-5.536265478018876E+0
697.000000000000110E+0	152.414399277587490E-3	-5.692796808998237E+0
698.000000000000110E+0	187.737595638440750E-3	-5.209281791862431E+0
699.000000000000110E+0	205.929952820450980E-3	-5.168509543056556E+0
700.000000000000110E+0	358.551804162427490E-3	-5.161743562740069E+0
701.000000000000110E+0	160.442162472759830E-3	-4.313118945237721E+0
702.000000000000110E+0	187.979985357600330E-3	-4.975796632843304E+0
703.000000000000110E+0	203.773992919230650E-3	-4.897521493051722E+0
704.000000000000110E+0	130.077113815893180E-3	-4.980660649148469E+0
705.000000000000110E+0	149.581558646904950E-3	-5.490258900536156E+0
706.000000000000110E+0	202.981307290052260E-3	-5.668492584323150E+0
707.000000000000110E+0	188.993208992608320E-3	-5.581852294246809E+0
708.000000000000110E+0	198.773622437181800E-3	-5.663132080205945E+0
709.000000000000110E+0	189.290431751179160E-3	-5.583496641417677E+0
710.000000000000110E+0	219.191518956358110E-3	-5.305408047986160E+0
711.000000000000110E+0	58.116568274136159E-3	-5.638413620567383E+0
712.000000000000110E+0	46.354604107920104E-3	-6.195883455498728E+0
713.000000000000110E+0	72.542304591915518E-3	-7.234506766767882E+0
714.000000000000110E+0	83.882670285450295E-3	-6.763257290801825E+0
715.000000000000110E+0	109.739921507675770E-3	-6.930774831030422E+0
716.000000000000110E+0	89.633083218137358E-3	-5.887007885289973E+0
717.000000000000110E+0	51.675921794475131E-3	-5.065228159395597E+0
718.000000000000110E+0	70.901189339967918E-3	-4.734837157059952E+0
719.000000000000110E+0	161.238246115897180E-3	-4.278855594669418E+0
720.000000000000110E+0	106.310555141470590E-3	-3.531262449813275E+0
721.000000000000110E+0	132.731167768378650E-3	-3.854961142013622E+0
722.000000000000110E+0	145.866703401598960E-3	-3.804647920817710E+0
723.000000000000110E+0	152.828236964482060E-3	-3.875444183392921E+0
724.000000000000110E+0	125.224439268394690E-3	-4.503491644372207E+0
725.000000000000110E+0	213.319982739831020E-3	-4.600352354539933E+0
726.000000000000110E+0	267.431506772655920E-3	-4.642393213577612E+0
727.000000000000110E+0	259.036970469486650E-3	-4.608928103032362E+0
728.000000000000110E+0	294.567850666084600E-3	-4.793583275148833E+0
729.000000000000110E+0	172.320238361693610E-3	-4.153857928123966E+0
730.000000000000110E+0	238.544073073341110E-3	-5.280645448659703E+0
731.000000000000110E+0	233.514845024239220E-3	-5.436390033490365E+0
732.000000000000110E+0	219.934597807998680E-3	-5.945586390316009E+0
733.000000000000110E+0	304.659110551792570E-3	-5.790040268921044E+0
734.000000000000110E+0	237.134620661011150E-3	-5.543805786142292E+0
735.000000000000110E+0	151.998784018352730E-3	-5.496393973003502E+0
736.000000000000110E+0	102.003520036759480E-3	-5.169519098737596E+0
737.000000000000110E+0	42.932020667066147E-3	-5.374921885356942E+0
738.000000000000110E+0	73.928966981173100E-3	-5.164457431472210E+0
739.000000000000110E+0	21.175927215584187E-3	-4.704626380738336E+0
740.000000000000110E+0	38.713809315356368E-3	-5.807901722737120E+0
741.000000000000110E+0	72.087440865881661E-3	-5.682629040784625E+0
742.000000000000110E+0	117.967277619701220E-3	-6.110269435864729E+0
743.000000000000110E+0	179.022411765133980E-3	-4.829427225782077E+0
744.000000000000110E+0	129.790670727144090E-3	-4.679966023946313E+0
745.000000000000110E+0	133.991272269847140E-3	-4.892847375396991E+0
746.000000000000110E+0	132.030360783380540E-3	-4.511501113778832E+0
747.000000000000110E+0	75.141798834019780E-3	-4.514227813181954E+0
748.000000000000110E+0	99.418808444690129E-3	-4.607909143020567E+0
749.000000000000110E+0	55.789859327144253E-3	-4.618733486481242E+0
750.000000000000110E+0	57.992985332419499E-3	-5.435810484472904E+0
751.000000000000110E+0	100.941119008308820E-3	-5.405415839819878E+0
752.000000000000110E+0	166.044324505830480E-3	-4.778494755112342E+0
753.000000000000110E+0	91.101220684645601E-3	-4.297042535973651E+0
754.000000000000110E+0	64.368046833973597E-3	-4.401859157084742E+0
755.000000000000110E+0	53.365941912876712E-3	-4.915603141758591E+0
756.000000000000110E+0	101.409414070066970E-3	-4.936297918473600E+0
757.000000000000110E+0	146.181671529623110E-3	-4.710862668756736E+0
758.000000000000110E+0	108.480327055966550E-3	-4.179722426547997E+0
759.000000000000110E+0	89.155152024357878E-3	-4.411193835502382E+0
760.000000000000110E+0	110.974842002919750E-3	-4.808627216969087E+0
761.000000000000110E+0	193.762583798114840E-3	-4.060724390363985E+0
762.000000000000110E+0	88.103308636984110E-3	-4.444508360339084E+0
763.000000000000110E+0	107.213454441186560E-3	-4.670978749651786E+0
764.000000000000110E+0	146.351896197196600E-3	-4.679443227757086E+0
765.000000000000110E+0	149.405829667342640E-3	-4.408444017435425E+0
766.000000000000110E+0	123.255127882210700E-3	-4.073269544185965E+0
767.000000000000110E+0	117.000670677936310E-3	-4.612028329178367E+0
768.000000000000110E+0	126.861440939544930E-3	-4.393565996993438E+0
769.000000000000110E+0	111.581766680139490E-3	-4.407232626539824E+0
770.000000000000110E+0	139.838750713750650E-3	-4.319719660068708E+0
771.000000000000110E+0	33.288092567585158E-3	-4.633225524281961E+0
772.000000000000110E+0	94.306046509347624E-3	-4.620686487060551E+0
773.000000000000110E+0	95.403817580454325E-3	-4.398086399367632E+0
774.000000000000110E+0	75.527905317261307E-3	-4.961206270909294E+0
775.000000000000110E+0	139.195577932158780E-3	-4.808874325327833E+0
776.000000000000110E+0	214.651202147396890E-3	-4.642917556868853E+0
777.000000000000110E+0	209.562233794952670E-3	-4.133467171311947E+0
778.000000000000110E+0	172.086256226897350E-3	-4.066486599738198E+0
779.000000000000110E+0	174.176341985816390E-3	-4.363636945783080E+0
780.000000000000110E+0	225.765029470822440E-3	-3.991461747881675E+0
781.000000000000110E+0	175.088238182357720E-3	-4.368268677765693E+0
782.000000000000110E+0	193.501223155403610E-3	-4.550292649432476E+0
783.000000000000110E+0	191.267869761098940E-3	-4.887439648179952E+0
784.000000000000110E+0	448.998920725196760E-3	-4.991899303984126E+0
785.000000000000110E+0	409.591676134187730E-3	-4.517181172609662E+0
786.000000000000110E+0	299.173100735422030E-3	-4.739465298765447E+0
787.000000000000110E+0	361.391363782230300E-3	-5.008557322163213E+0
788.000000000000110E+0	406.875402907903030E-3	-5.060434719290330E+0
789.000000000000110E+0	571.694039259130870E-3	-4.997165349423564E+0
790.000000000000110E+0	150.373153690230600E-3	-5.362137629373205E+0
791.000000000000110E+0	242.296906612145870E-3	-5.419193301607013E+0
792.000000000000110E+0	257.308811786815530E-3	-5.425681245096082E+0
793.000000000000110E+0	236.695520378142260E-3	-5.415459664261586E+0
794.000000000000110E+0	191.794706431662630E-3	-5.437161564836547E+0
795.000000000000110E+0	252.266892838299510E-3	-5.614581920447304E+0
796.000000000000110E+0	286.277709606715500E-3	-5.480234567944857E+0
797.000000000000110E+0	297.158583246127260E-3	-5.302989364138515E+0
798.000000000000110E+0	269.849200427058730E-3	-5.166364875525398E+0
799.000000000000110E+0	243.314997151637740E-3	-5.471386930752566E+0
800.000000000000110E+0	297.043528095177700E-3	-5.446839242897450E+0
801.000000000000110E+0	312.062386040687700E-3	-5.403669579481276E+0
802.000000000000110E+0	315.931351708272970E-3	-5.203612054264893E+0
803.000000000000110E+0	229.349393420831740E-3	-5.966726958704210E+0
804.000000000000110E+0	310.926910178927430E-3	-5.737169718976830E+0
805.000000000000110E+0	298.578248602223430E-3	-5.695648253267895E+0
806.000000000000110E+0	268.765149030620650E-3	-5.831256931755746E+0
807.000000000000110E+0	286.015921413127930E-3	-6.044381809228432E+0
808.000000000000110E+0	427.857957991562570E-3	-5.907142575597652E+0
809.000000000000110E+0	228.551165355573100E-3	-5.989840306726020E+0
810.000000000000110E+0	240.081738502788240E-3	-6.102046096909389E+0
811.000000000000110E+0	246.400907740278650E-3	-6.048116775709592E+0
812.000000000000110E+0	228.790516776870100E-3	-5.931495294177559E+0
813.000000000000110E+0	192.256924630366230E-3	-6.167125902490312E+0
814.000000000000110E+0	225.435316668801980E-3	-6.333228033211989E+0
815.000000000000110E+0	255.053629651773190E-3	-6.399627241094234E+0
816.000000000000110E+0	240.913512492659490E-3	-6.280711491376450E+0
817.000000000000110E+0	221.596705509204490E-3	-6.414234996736881E+0
818.000000000000110E+0	179.739886594442540E-3	-6.421686080362209E+0
819.000000000000110E+0	157.401068719859540E-3	-6.558722088414269E+0
820.000000000000110E+0	132.261168617553770E-3	-6.650209581755253E+0
821.000000000000110E+0	102.657840627228700E-3	-6.990134107517711E+0
822.000000000000110E+0	161.893020538881160E-3	-6.672429818386294E+0
823.000000000000110E+0	118.344848271555780E-3	-6.596997860162281E+0
824.000000000000110E+0	108.777579006673510E-3	-6.535565134299844E+0
825.000000000000110E+0	94.676347802975735E-3	-6.574094750927312E+0
826.000000000000110E+0	119.898367855719740E-3	-6.618015254607606E+0
827.000000000000110E+0	103.102125111005120E-3	-6.054715265725954E+0
828.000000000000110E+0	59.270973311299421E-3	-6.287957917707939E+0
829.000000000000110E+0	55.805344940448448E-3	-6.539239985481047E+0
830.000000000000110E+0	53.922200904090861E-3	-6.738380261687503E+0
831.000000000000110E+0	104.967900622382330E-3	-6.979842621145727E+0
832.000000000000110E+0	72.946365409038053E-3	-6.522171801744457E+0
833.000000000000110E+0	64.323205722231394E-3	-6.568639881213274E+0
834.000000000000110E+0	63.094067764062803E-3	-6.744772858307035E+0
835.000000000000110E+0	68.898679134453397E-3	-6.390115439112303E+0
836.000000000000110E+0	43.937515319479314E-3	-6.239155115168028E+0
837.000000000000110E+0	52.682009571473599E-3	-6.594938374770384E+0
838.000000000000110E+0	48.053667403762601E-3	-6.191724553266925E+0
839.000000000000110E+0	40.071858365768168E-3	-5.665987739624513E+0
840.000000000000110E+0	43.032785438849523E-3	-4.309658104632470E+0
841.000000000000110E+0	38.186339444788067E-3	-7.314111456751489E+0
842.000000000000110E+0	28.812866341071511E-3	-6.369551572092768E+0
843.000000000000110E+0	26.679657826911105E-3	-5.768358406885941E+0
844.000000000000110E+0	15.113030361311211E-3	-5.289341266293246E+0
845.000000000000110E+0	40.849373125528256E-3	-5.933899576382253E+0
846.000000000000110E+0	54.007347137593246E-3	-5.057772599886066E+0
847.000000000000110E+0	60.174057973371463E-3	-4.669561145727312E+0
848.000000000000110E+0	49.196254182492877E-3	-4.299489981416657E+0
849.000000000000110E+0	47.888434663200474E-3	-4.228126673838153E+0
850.000000000000110E+0	50.239590515231719E-3	-3.379099582944700E+0
851.000000000000110E+0	28.871012021011343E-3	-3.686121142501606E+0
852.000000000000110E+0	17.755098027436467E-3	-3.094407053363161E+0
853.000000000000110E+0	31.034409489266897E-3	-547.754573906661930E-3
854.000000000000110E+0	86.018044286229195E-3	1.149095483878517E+0
855.000000000000110E+0	104.169676969710370E-3	1.823955563975946E+0
856.000000000000110E+0	73.345583473207132E-3	2.386001538288915E+0
857.000000000000110E+0	63.614755463078015E-3	2.205706747480373E+0
858.000000000000110E+0	105.038259440070340E-3	1.999798643625954E+0
859.000000000000110E+0	159.064488945183990E-3	2.230553190668146E+0
860.000000000000110E+0	161.811456806276700E-3	2.513487442594391E+0
861.000000000000110E+0	169.153525219146840E-3	2.440647203192422E+0
862.000000000000110E+0	172.807157069648690E-3	2.396829206472752E+0
863.000000000000110E+0	181.693128289778790E-3	2.047755886237959E+0
864.000000000000110E+0	272.377521177807340E-3	2.131825084125367E+0
865.000000000000110E+0	279.203104248408610E-3	2.194238639800666E+0
866.000000000000110E+0	289.413353065057330E-3	2.119102155787175E+0
867.000000000000110E+0	325.336012961582490E-3	2.059120505786780E+0
868.000000000000110E+0	333.553526217684580E-3	2.074463555070441E+0
869.000000000000110E+0	496.831826710129320E-3	1.817334195664743E+0
870.000000000000110E+0	496.595383077144460E-3	1.902989954804110E+0
871.000000000000110E+0	534.564262341572950E-3	1.867631560324508E+0
872.000000000000110E+0	564.555054555000320E-3	1.843184636991318E+0
873.000000000000110E+0	555.394712959263790E-3	1.548390310119759E+0
874.000000000000110E+0	742.088670766494980E-3	1.507467891687196E+0
875.000000000000110E+0	806.584791409112880E-3	1.461897327739952E+0
876.000000000000110E+0	865.313816954008550E-3	1.336033968077355E+0
877.000000000000110E+0	982.768826680185720E-3	1.220298645323421E+0
878.000000000000110E+0	947.631178951780840E-3	1.169270121551921E+0
879.000000000000110E+0	1.020197473571077E+0	859.434447331686170E-3
880.000000000000110E+0	1.100126690467085E+0	711.903853395777110E-3
881.000000000000110E+0	1.165921358540857E+0	606.324265551166700E-3
882.000000000000110E+0	882.752204135451630E-3	555.798662965728770E-3
883.000000000000110E+0	973.040737969500630E-3	254.180024279106800E-3
884.000000000000110E+0	988.252928271627470E-3	155.542075394655500E-3
885.000000000000110E+0	944.924579014542740E-3	71.777157830029886E-3
886.000000000000110E+0	934.194563671160160E-3	7.615764716241586E-3
887.000000000000110E+0	934.158273156889930E-3	2.892100822701003E-3
888.000000000000110E+0	758.686844108222070E-3	-38.208572601460447E-3
889.000000000000110E+0	744.627592400318730E-3	-155.687903108058130E-3
890.000000000000110E+0	729.641733991061250E-3	-227.354586742098570E-3
891.000000000000110E+0	731.304308359596810E-3	-342.748312483085130E-3
892.000000000000110E+0	783.643355331967380E-3	-262.585398516141490E-3
893.000000000000110E+0	737.222355262642790E-3	-316.621687039327470E-3
894.000000000000110E+0	738.652273497361840E-3	-353.413739551349140E-3
895.000000000000110E+0	667.418319953868580E-3	-343.441617238387620E-3
896.000000000000110E+0	655.594776716082460E-3	-459.623850649169500E-3
897.000000000000110E+0	612.008358995585480E-3	-631.568698570335480E-3
898.000000000000110E+0	683.715501622934040E-3	-652.579420160022460E-3
899.000000000000110E+0	684.139065067145830E-3	-733.528147566361310E-3
900.000000000000110E+0	750.918362993993950E-3	-817.681441598345330E-3
901.000000000000110E+0	788.326655900785100E-3	-544.475307668057630E-3
902.000000000000110E+0	683.844868552270330E-3	-706.618764282503810E-3
903.000000000000110E+0	678.865298162664390E-3	-766.876028294031790E-3
904.000000000000110E+0	638.675754654833950E-3	-783.335461097022230E-3
905.000000000000110E+0	526.056583560296280E-3	-954.092449116703880E-3
906.000000000000110E+0	642.719292198277610E-3	-1.142316404687834E+0
907.000000000000110E+0	610.370847837012560E-3	-1.194663620427325E+0
908.000000000000110E+0	656.806238396239970E-3	-1.307010333168092E+0
909.000000000000110E+0	694.387623545648980E-3	-1.368594896625923E+0
910.000000000000110E+0	863.521970837680230E-3	-1.322894609147633E+0
911.000000000000110E+0	424.755197482908910E-3	-1.280508734947567E+0
912.000000000000110E+0	448.616635510096670E-3	-1.424368578000407E+0
913.000000000000110E+0	385.132824985943420E-3	-1.504926955665023E+0
914.000000000000110E+0	347.930767090012970E-3	-1.925984178368066E+0
915.000000000000110E+0	385.616330192095240E-3	-2.063197512866606E+0
916.000000000000110E+0	522.887892852769040E-3	-1.819978004967063E+0
917.000000000000110E+0	418.123834227721590E-3	-1.780567218089939E+0
918.000000000000110E+0	408.427492988028000E-3	-1.776426594271081E+0
919.000000000000110E+0	399.779780987888470E-3	-1.767669118567821E+0
920.000000000000110E+0	511.358577652911040E-3	-1.362984467511672E+0
921.000000000000110E+0	327.785376101580710E-3	-1.404946093162284E+0
922.000000000000110E+0	303.812635030937580E-3	-1.431784798079877E+0
923.000000000000110E+0	269.223280853929160E-3	-1.251961695496444E+0
924.000000000000110E+0	203.608167938235910E-3	-2.375659582770518E+0
925.000000000000110E+0	313.008547844519700E-3	-2.020485988199562E+0
926.000000000000110E+0	322.618464454711150E-3	-1.895718546030305E+0
927.000000000000110E+0	350.956564615731100E-3	-1.872628775461875E+0
928.000000000000110E+0	338.854796424938490E-3	-1.846100956646017E+0
929.000000000000110E+0	432.719718997283560E-3	-2.007898064631100E+0
930.000000000000110E+0	372.792424685112480E-3	-1.696608684864665E+0
931.000000000000110E+0	368.563679706395140E-3	-1.764528889713282E+0
932.000000000000110E+0	397.118499971281290E-3	-1.672388962744658E+0
933.000000000000110E+0	334.646292079593840E-3	-1.353280322363142E+0
934.000000000000110E+0	152.529587206819280E-3	-1.756891247786131E+0
935.000000000000110E+0	230.909003179541630E-3	-2.264323131650882E+0
936.000000000000110E+0	289.859614254619480E-3	-2.271110219128841E+0
937.000000000000110E+0	318.654430614188520E-3	-2.213552915364361E+0
938.000000000000110E+0	335.168672693862690E-3	-2.219625415599661E+0
939.000000000000110E+0	283.378927231217440E-3	-1.882861584428831E+0
940.000000000000110E+0	257.127546476591530E-3	-2.217665006558697E+0
941.000000000000110E+0	285.579138569565790E-3	-2.295816945643537E+0
942.000000000000110E+0	299.009848789753730E-3	-2.063741111192054E+0
943.000000000000110E+0	175.665108004222050E-3	-2.254280841206160E+0
944.000000000000110E+0	182.988036220759760E-3	-2.557766562834890E+0
945.000000000000110E+0	174.503964888578940E-3	-2.646251422824071E+0
946.000000000000110E+0	180.766935506231070E-3	-2.794346498401297E+0
947.000000000000110E+0	215.446997659994170E-3	-2.746946666085433E+0
948.000000000000110E+0	180.112306326988960E-3	-2.086149394797423E+0
949.000000000000110E+0	132.214586023263770E-3	-2.227606936018199E+0
950.000000000000110E+0	125.383433280503800E-3	-2.264041125146230E+0
951.000000000000110E+0	131.084171365641520E-3	-2.481781593570380E+0
952.000000000000110E+0	319.785921204738750E-3	-2.298156383208649E+0
953.000000000000110E+0	215.717161450320190E-3	-1.948127020694316E+0
954.000000000000110E+0	214.092146877151920E-3	-1.987394406948428E+0
955.000000000000110E+0	209.137281390074650E-3	-1.942553351615947E+0
956.000000000000110E+0	198.271800487749530E-3	-2.127112848692222E+0
957.000000000000110E+0	235.040007232430990E-3	-2.124952025920748E+0
958.000000000000110E+0	143.636761383887400E-3	-2.262468439795440E+0
959.000000000000110E+0	150.771895194007220E-3	-2.603153445447873E+0
960.000000000000110E+0	164.850453251506270E-3	-3.174593953718075E+0
961.000000000000110E+0	456.427297643536070E-3	-3.271574248961729E+0
962.000000000000110E+0	304.641808173749640E-3	-2.481070307973066E+0
963.000000000000110E+0	224.974769107551930E-3	-2.411004241695102E+0
964.000000000000110E+0	166.780323378201340E-3	-2.336987894747582E+0
965.000000000000110E+0	62.601767406045575E-3	-2.443410311748690E+0
966.000000000000110E+0	155.527818924080350E-3	-3.622216706319908E+0
967.000000000000110E+0	226.912354800729100E-3	-2.874388518862605E+0
968.000000000000110E+0	182.377645114019100E-3	-2.726675159784775E+0
969.000000000000110E+0	151.740418917183710E-3	-2.633157003980910E+0
970.000000000000110E+0	85.148533557277237E-3	-2.933145096206606E+0
971.000000000000110E+0	284.903532385449350E-3	-2.661668512743408E+0
972.000000000000110E+0	166.805502771682130E-3	-2.778595653468112E+0
973.000000000000110E+0	170.687892105615390E-3	-2.853267661705696E+0
974.000000000000110E+0	162.720539746113280E-3	-2.324112890006090E+0
975.000000000000110E+0	45.919111391755134E-3	-2.430581109518984E+0
976.000000000000110E+0	170.772835418310700E-3	-3.648471280021302E+0
977.000000000000110E+0	164.065987513766580E-3	-3.030740989218653E+0
978.000000000000110E+0	146.763466929577340E-3	-2.806509624429579E+0
979.000000000000110E+0	153.686322913318550E-3	-2.792825823378684E+0
980.000000000000110E+0	250.427923978787100E-3	-2.208956122650072E+0
981.000000000000110E+0	86.430943807997623E-3	-2.137844464887850E+0
982.000000000000110E+0	103.381624003772110E-3	-2.324441706214146E+0
983.000000000000110E+0	101.160237347689590E-3	-2.219999946456379E+0
984.000000000000110E+0	191.883199520488490E-3	-3.682838005525709E+0
985.000000000000110E+0	159.672262276233550E-3	-2.989284752576441E+0
986.000000000000110E+0	222.091771977512590E-3	-2.838533372051387E+0
987.000000000000110E+0	226.033805683569900E-3	-2.690332822278711E+0
988.000000000000110E+0	214.074557814523720E-3	-2.741690672803182E+0
989.000000000000110E+0	324.475921893784160E-3	-2.945430132471755E+0
990.000000000000110E+0	42.706273414699070E-3	-3.820637809561953E+0
991.000000000000110E+0	101.210174787711950E-3	-2.786165868100482E+0
992.000000000000110E+0	94.575268859162134E-3	-2.747693561264529E+0
993.000000000000110E+0	46.155007285792596E-3	-4.365905290163075E+0
994.000000000000110E+0	391.225888208597270E-3	-3.950617899281430E+0
995.000000000000110E+0	281.016502371071340E-3	-2.991808093499086E+0
996.000000000000110E+0	215.660299597092320E-3	-2.998543753629503E+0
997.000000000000110E+0	255.749534354534570E-3	-2.909508551103256E+0
998.000000000000110E+0	249.601641898374860E-3	-2.780751282994468E+0
999.000000000000110E+0	754.344940633275280E-3	-3.774979458441412E+0
1.000000000000000E+3	75.783307815769335E-3	-4.106531642959956E+0
