Freq (Hz)	accelerometre /source
source
source_Real	accelerometre /source
source
source_Imag
10.000000000000018E+0	93.966965642027125E-3	95.030283945396810E-3
11.000000000000020E+0	-115.384218064675980E-3	-7.705678177704997E-3
12.000000000000021E+0	29.275423493862383E-3	-58.758092900922140E-3
13.000000000000023E+0	51.894069776029346E-3	23.802085175535358E-3
14.000000000000025E+0	-22.799678102694915E-3	89.239468764249041E-3
15.000000000000027E+0	-108.064474787363520E-3	-40.690813868294179E-3
16.000000000000028E+0	11.853258902580328E-3	-8.768358343693224E-3
17.000000000000028E+0	-11.150536112245400E-3	26.772689926228735E-3
18.000000000000028E+0	-35.646868754959316E-3	67.041260688642884E-3
19.000000000000028E+0	-45.848884924071798E-3	4.552199966492501E-3
20.000000000000028E+0	-50.380758224701935E-3	46.143395415096045E-3
21.000000000000028E+0	-16.910955202350066E-3	52.200574338776028E-3
22.000000000000028E+0	-38.532181134548885E-3	77.170611338388664E-3
23.000000000000028E+0	-62.204337231958104E-3	68.423044461235635E-3
24.000000000000028E+0	-23.133233743221411E-3	103.329975736647370E-3
25.000000000000028E+0	-44.652829509754403E-3	147.471789475013910E-3
26.000000000000028E+0	33.930519215216004E-3	185.399699949873070E-3
27.000000000000028E+0	88.230877828553184E-3	142.395392172273090E-3
28.000000000000028E+0	92.923046475502716E-3	101.960075751826500E-3
29.000000000000028E+0	41.466912627462028E-3	103.634802209026170E-3
30.000000000000028E+0	-40.789449226126992E-6	140.662164767070050E-3
31.000000000000028E+0	91.481703572969558E-3	253.697913880519100E-3
32.000000000000028E+0	205.062173218779340E-3	204.793544531517350E-3
33.000000000000028E+0	262.732743258555170E-3	97.916328251356335E-3
34.000000000000028E+0	228.176581642550060E-3	58.251206864120927E-3
35.000000000000028E+0	286.885391524744130E-3	-4.426643259131437E-3
36.000000000000028E+0	292.767949802370750E-3	-121.066382252594670E-3
37.000000000000028E+0	163.830592961136140E-3	-137.776700541718840E-3
38.000000000000028E+0	131.833830486257690E-3	-55.494489326766538E-3
39.000000000000028E+0	184.626994254073700E-3	-69.638378280099694E-3
40.000000000000028E+0	134.054805498164480E-3	-100.318084568124830E-3
41.000000000000028E+0	101.855516370191180E-3	-104.803109021412960E-3
42.000000000000028E+0	76.526295620277698E-3	-70.820471838000318E-3
43.000000000000028E+0	84.484649653691096E-3	-40.531612214945542E-3
44.000000000000028E+0	64.950290131226801E-3	-14.768081291942970E-3
45.000000000000028E+0	63.258448215001956E-3	-30.301386793785585E-3
46.000000000000028E+0	79.622276012855112E-3	-47.553503845153007E-3
47.000000000000028E+0	80.243020072188392E-3	-51.717969266143138E-3
48.000000000000028E+0	80.550361817354962E-3	-85.727747972367402E-3
49.000000000000028E+0	78.861889347144026E-3	-81.024919059181438E-3
50.000000000000028E+0	74.614656547029118E-3	-60.963290840946725E-3
51.000000000000028E+0	92.406873018368099E-3	-48.752371064926289E-3
52.000000000000028E+0	98.293758261588565E-3	-44.853138984244048E-3
53.000000000000028E+0	90.722724175022085E-3	-23.354161486744251E-3
54.000000000000028E+0	96.544047430766541E-3	-40.470575714330596E-3
55.000000000000028E+0	113.877530087648590E-3	-70.274864693485928E-3
56.000000000000028E+0	104.539494283930080E-3	-83.357305095520848E-3
57.000000000000028E+0	117.855264745615330E-3	-97.996186501443455E-3
58.000000000000028E+0	171.130687180383130E-3	-97.562815957496954E-3
59.000000000000028E+0	141.979502611914800E-3	-103.588697569249780E-3
60.000000000000028E+0	135.766009146238630E-3	-133.024202238366220E-3
61.000000000000028E+0	138.310262032824400E-3	-167.444463366947290E-3
62.000000000000028E+0	157.772735138932700E-3	-222.404944027888380E-3
63.000000000000028E+0	117.683752239070460E-3	-249.430596197773470E-3
64.000000000000028E+0	79.452557528749412E-3	-274.162763490073400E-3
65.000000000000028E+0	25.920378410058221E-3	-285.901051417992050E-3
66.000000000000028E+0	-30.848020982413741E-3	-284.925387060484310E-3
67.000000000000028E+0	-97.017892194321303E-3	-279.530369152739320E-3
68.000000000000028E+0	-115.504760817593140E-3	-260.910171852051400E-3
69.000000000000028E+0	-143.826941857265020E-3	-196.447732438136400E-3
70.000000000000028E+0	-143.016473217275810E-3	-145.988227113968750E-3
71.000000000000028E+0	-147.133306585221720E-3	-94.598652950568463E-3
72.000000000000028E+0	-195.158404830288620E-3	-106.661215903829860E-3
73.000000000000028E+0	-186.571445113905670E-3	-81.560289732277927E-3
74.000000000000028E+0	-163.739478952805940E-3	-58.043287195365549E-3
75.000000000000028E+0	-153.177364205147440E-3	-72.331737935399584E-3
76.000000000000028E+0	-134.317320339653430E-3	-70.786015738127012E-3
77.000000000000028E+0	-114.182767778344910E-3	-25.289929139987902E-3
78.000000000000028E+0	-146.115338726677480E-3	-17.423505161365462E-3
79.000000000000028E+0	-135.800254876581180E-3	-15.413231640999329E-3
80.000000000000028E+0	-97.653359384166499E-3	-60.817893505680051E-3
81.000000000000028E+0	26.513013143153175E-3	-33.415315532408639E-3
82.000000000000028E+0	-12.869752508382574E-3	7.840636995663303E-3
83.000000000000028E+0	-77.010772473184913E-3	17.306597975754099E-3
84.000000000000028E+0	-110.667126708600530E-3	26.673080802357550E-3
85.000000000000028E+0	-105.592902100637670E-3	-25.367575445039304E-3
86.000000000000028E+0	-76.435830461755977E-3	-65.799345748050422E-3
87.000000000000028E+0	91.056625006638289E-3	50.885831250734592E-3
88.000000000000028E+0	20.775728669159908E-3	124.239913759594520E-3
89.000000000000028E+0	-7.469658432236724E-3	122.986453880201920E-3
90.000000000000028E+0	-410.591851504589990E-3	-9.525473066238225E-3
91.000000000000028E+0	189.270007103345520E-3	83.649921099377827E-3
92.000000000000028E+0	123.671034518991420E-3	80.828845406516553E-3
93.000000000000028E+0	126.972601855748710E-3	50.903869990833087E-3
94.000000000000028E+0	129.163804404095470E-3	-5.164066951867444E-3
95.000000000000028E+0	15.197236882154552E-3	-40.584826600843234E-3
96.000000000000028E+0	208.261867933153540E-3	-318.930894009430250E-3
97.000000000000028E+0	243.247347451484210E-3	-244.781129623383080E-3
98.000000000000028E+0	151.895210558668170E-3	-257.636911058527930E-3
99.000000000000028E+0	61.255326033623173E-3	-230.778312470950900E-3
100.000000000000030E+0	-76.240262597183916E-3	-655.697884708701940E-3
101.000000000000030E+0	98.028863016875870E-3	-400.498411991271670E-3
102.000000000000030E+0	41.345346821170914E-3	-309.103285837347810E-3
103.000000000000030E+0	-186.389515357202830E-3	-236.594543355502840E-3
104.000000000000030E+0	-101.642398548105350E-3	-373.467501175689550E-3
105.000000000000030E+0	-141.789199649216240E-3	-245.031593490684290E-3
106.000000000000030E+0	-133.587360283454470E-3	-363.199433828474920E-3
107.000000000000030E+0	-128.307599262784620E-3	-301.292402317448860E-3
108.000000000000030E+0	-154.155089243440850E-3	-278.362919691939880E-3
109.000000000000030E+0	-189.529013453371530E-3	-339.913226228838130E-3
110.000000000000030E+0	-147.634509910339860E-3	-268.103477216537320E-3
111.000000000000030E+0	-154.189983733550830E-3	-236.076817916138130E-3
112.000000000000030E+0	-152.546484132468910E-3	-197.446909004093090E-3
113.000000000000030E+0	-122.118437014629320E-3	-129.830682022072100E-3
114.000000000000030E+0	-193.944568249476700E-3	-23.613444975710007E-3
115.000000000000030E+0	-213.010133430284350E-3	-77.749581332945059E-3
116.000000000000030E+0	-168.083590296695400E-3	-51.776524159602155E-3
117.000000000000030E+0	-152.092740483234040E-3	-57.340343908379769E-3
118.000000000000030E+0	-64.161565211103361E-3	-73.188352147149513E-3
119.000000000000030E+0	-415.974431760496250E-3	397.674710914368120E-3
120.000000000000030E+0	-219.008612558800050E-3	44.553007277601440E-3
121.000000000000030E+0	-111.343472418142710E-3	25.898912008239607E-3
122.000000000000030E+0	60.060683193985082E-3	228.333946429762760E-3
123.000000000000030E+0	-79.460567458330786E-3	96.504895609711719E-3
124.000000000000030E+0	121.457437873935270E-3	124.836696086996310E-3
125.000000000000030E+0	34.216218183514439E-3	113.642506664620630E-3
126.000000000000030E+0	110.183241989165450E-3	13.379692872750043E-3
127.000000000000030E+0	82.625992357601610E-3	-67.165277609604598E-3
128.000000000000030E+0	289.983712133977670E-3	-430.147164783287680E-3
129.000000000000030E+0	198.597724542152740E-3	-27.947929592408414E-3
130.000000000000030E+0	104.282920402819750E-3	-127.610735543545410E-3
131.000000000000030E+0	47.771241315864771E-3	-177.187570955020110E-3
132.000000000000030E+0	45.806628383072680E-3	-333.421966745395090E-3
133.000000000000030E+0	71.328510977396564E-3	-198.850405276050520E-3
134.000000000000030E+0	-46.514998973407266E-3	-223.109486765693730E-3
135.000000000000030E+0	-51.499187632451676E-3	-284.871825794199120E-3
136.000000000000030E+0	-89.102090845590759E-3	-263.737870074230440E-3
137.000000000000030E+0	-242.290680062321820E-3	-279.667420651884490E-3
138.000000000000030E+0	21.335594129849925E-3	-355.083750894713610E-3
139.000000000000030E+0	-100.648784853173930E-3	-258.643616882810620E-3
140.000000000000030E+0	-159.242976552680910E-3	-263.966908934081030E-3
141.000000000000030E+0	-127.744642214278950E-3	-232.227915879969440E-3
142.000000000000030E+0	-178.328696937266750E-3	-140.103049598266390E-3
143.000000000000030E+0	-221.531864155716820E-3	-135.958062738589540E-3
144.000000000000030E+0	-221.217422982894400E-3	-123.752095989102000E-3
145.000000000000030E+0	-217.294148707944140E-3	-116.085485629507980E-3
146.000000000000030E+0	-234.265071844043130E-3	-99.758989926277158E-3
147.000000000000030E+0	-360.453659093887880E-3	-183.969812939823060E-3
148.000000000000030E+0	-156.726900530292620E-3	-223.163048860167250E-3
149.000000000000030E+0	-193.109514791255350E-3	-172.098006374486550E-3
150.000000000000030E+0	-254.755533415246040E-3	-159.962096363388820E-3
151.000000000000030E+0	-261.732284499588070E-3	-269.770046360214120E-3
152.000000000000030E+0	-209.642113406342480E-3	-158.242211681370400E-3
153.000000000000030E+0	-254.921298658086160E-3	-112.549222751562330E-3
154.000000000000030E+0	-263.111321700847940E-3	-105.701453098610430E-3
155.000000000000030E+0	-283.914143076405110E-3	-58.384224361474002E-3
156.000000000000030E+0	-293.903251023912630E-3	-159.092650714788260E-3
157.000000000000030E+0	-208.946515351555150E-3	-89.592068284500267E-3
158.000000000000030E+0	-216.902573083548910E-3	-53.649931278674665E-3
159.000000000000030E+0	-234.211264522301700E-3	-66.041127538195230E-3
160.000000000000030E+0	-233.133830665293780E-3	-111.931307426286250E-3
161.000000000000030E+0	-186.377252412638920E-3	-61.882198502064452E-3
162.000000000000030E+0	-235.715524954476060E-3	-54.416893645300925E-3
163.000000000000030E+0	-297.479792437874870E-3	-70.317182790372024E-3
164.000000000000030E+0	-267.417478415939490E-3	-157.016428347642870E-3
165.000000000000030E+0	-246.801492968833470E-3	-114.592810561262140E-3
166.000000000000030E+0	-333.399738381606250E-3	-116.526089937191350E-3
167.000000000000030E+0	-303.515982001736630E-3	-118.040265253526070E-3
168.000000000000030E+0	-325.897725841839620E-3	-71.568565462445777E-3
169.000000000000030E+0	-365.275313256753330E-3	5.007175530378838E-3
170.000000000000030E+0	-429.624891695377540E-3	-23.469586652299791E-3
171.000000000000030E+0	-414.759678065004630E-3	4.342383550558951E-3
172.000000000000030E+0	-441.755705856443140E-3	25.193613035668038E-3
173.000000000000030E+0	-438.107793404828690E-3	53.945341984553322E-3
174.000000000000030E+0	-450.758704341248540E-3	14.983232421139209E-3
175.000000000000030E+0	-350.766466214691710E-3	-17.290964446423987E-3
176.000000000000030E+0	-321.374723235314070E-3	6.268383601741979E-3
177.000000000000030E+0	-280.182953482961790E-3	-16.921133871671601E-3
178.000000000000030E+0	-258.277553122915560E-3	-14.240908513354172E-3
179.000000000000030E+0	-167.230240772666210E-3	-96.972698988338477E-3
180.000000000000030E+0	-324.221817123153120E-3	98.764490081840420E-3
181.000000000000030E+0	-357.958618983930550E-3	64.311054897364314E-3
182.000000000000030E+0	-399.393300703833660E-3	8.405615156026286E-3
183.000000000000030E+0	-308.501819063105530E-3	39.281779996839794E-3
184.000000000000030E+0	-351.627766826845320E-3	52.150483644848554E-3
185.000000000000030E+0	-279.607753768232820E-3	65.081915255088330E-3
186.000000000000030E+0	-260.664685321270020E-3	95.834401329754820E-3
187.000000000000030E+0	-239.565629812960700E-3	156.721422032690400E-3
188.000000000000030E+0	-409.828954186910230E-3	295.904620112164780E-3
189.000000000000030E+0	-498.226535290000880E-3	23.645979583584428E-3
190.000000000000030E+0	-405.072808062706790E-3	25.770003541687046E-3
191.000000000000030E+0	-448.321528284662260E-3	56.833307416036816E-3
192.000000000000030E+0	-512.142914614146740E-3	-4.308418005013348E-3
193.000000000000030E+0	-405.035743814594780E-3	85.158153541631421E-3
194.000000000000030E+0	-474.829518661138590E-3	257.541936912710160E-3
195.000000000000030E+0	-578.614604521554330E-3	421.520201871556090E-3
196.000000000000030E+0	-653.436461547403090E-3	437.623119747245990E-3
197.000000000000030E+0	-576.268111276527770E-3	367.921543676134830E-3
198.000000000000030E+0	-271.183059128605850E-3	578.924591416109300E-3
199.000000000000030E+0	-359.165886616540310E-3	617.205248952967800E-3
200.000000000000030E+0	-211.965651136274660E-3	651.746878742537450E-3
201.000000000000030E+0	-163.760594578592710E-3	914.192948214071820E-3
202.000000000000030E+0	-340.070205311706060E-3	745.596438845902990E-3
203.000000000000030E+0	-47.530899770269711E-3	649.176258161941470E-3
204.000000000000030E+0	-22.355092370382801E-3	670.054287365347440E-3
205.000000000000030E+0	174.383608642667190E-3	585.683650977150690E-3
206.000000000000030E+0	240.076964060995210E-3	645.490598592471380E-3
207.000000000000030E+0	222.246474426852000E-3	607.573811655095610E-3
208.000000000000030E+0	227.835055389612880E-3	490.782834399295820E-3
209.000000000000030E+0	203.608728084899850E-3	378.949410085402500E-3
210.000000000000030E+0	136.983267123549770E-3	226.082080170660500E-3
211.000000000000030E+0	365.929250325710280E-3	-186.031067580815250E-3
212.000000000000030E+0	423.658168744307560E-3	382.537401350933170E-3
213.000000000000030E+0	134.277165216257900E-3	371.403561560685320E-3
214.000000000000030E+0	64.009152268161382E-3	232.896946175921440E-3
215.000000000000030E+0	6.814192446319926E-3	239.386829614788850E-3
216.000000000000030E+0	-86.922268331888555E-3	175.564627015622730E-3
217.000000000000030E+0	307.931193435183050E-3	74.761646471924348E-3
218.000000000000030E+0	282.294946061112330E-3	371.515954258990750E-3
219.000000000000030E+0	261.556069223850500E-3	431.360507797098170E-3
220.000000000000030E+0	184.971442936135430E-3	430.252112003884520E-3
221.000000000000030E+0	33.291433773946111E-3	355.381866112849780E-3
222.000000000000030E+0	129.158629204215090E-3	122.658355556495820E-3
223.000000000000030E+0	191.446977143528730E-3	140.718644392251850E-3
224.000000000000030E+0	220.526296769431640E-3	70.654185927632118E-3
225.000000000000030E+0	290.250601626742710E-3	133.812208149617250E-3
226.000000000000030E+0	157.247600696271060E-3	167.271111730133950E-3
227.000000000000030E+0	240.629977052643830E-3	4.752797222569596E-3
228.000000000000030E+0	220.889061813170830E-3	71.749043882264579E-3
229.000000000000030E+0	214.433406199480480E-3	92.475542292234161E-3
230.000000000000030E+0	76.140937186303548E-3	66.161284695752123E-3
231.000000000000030E+0	171.006832504239430E-3	-80.043058145976953E-3
232.000000000000030E+0	254.512895062181550E-3	-63.304001804212431E-3
233.000000000000030E+0	263.610432723766550E-3	-19.350473113294995E-3
234.000000000000030E+0	238.091031162602330E-3	-26.471359268162974E-3
235.000000000000030E+0	218.324441710890880E-3	-28.634857984131405E-3
236.000000000000030E+0	185.320853631297990E-3	-62.543095397765230E-3
237.000000000000030E+0	125.280531328235630E-3	-105.196378753070540E-3
238.000000000000030E+0	47.933463483002973E-3	-151.225011592817730E-3
239.000000000000030E+0	-42.230136455877240E-3	-154.690703354604770E-3
240.000000000000030E+0	-41.288121801214030E-3	-208.539869005719720E-3
241.000000000000030E+0	-48.531139295423936E-3	-112.679058901783370E-3
242.000000000000030E+0	-54.962775780757339E-3	-63.652597619243537E-3
243.000000000000030E+0	-49.700701574006322E-3	-21.756754352601743E-3
244.000000000000030E+0	-33.328703139031614E-3	-16.139284440425426E-3
245.000000000000030E+0	-25.746828553973488E-3	-472.389251300788430E-6
246.000000000000030E+0	-43.002763156090772E-3	12.205709698454368E-3
247.000000000000030E+0	-58.098469664562453E-3	6.250931733348423E-3
248.000000000000030E+0	-44.549604208908751E-3	-19.521218753991376E-3
249.000000000000030E+0	-62.137024908516213E-3	-44.885431450793288E-3
250.000000000000030E+0	28.973914837808892E-3	-41.525235828500415E-3
251.000000000000030E+0	23.915409319689634E-3	11.078083988635070E-3
252.000000000000030E+0	-4.081015298013657E-3	36.916211980950575E-3
253.000000000000030E+0	-25.432782932921109E-3	44.725548755471849E-3
254.000000000000030E+0	-76.540602931748539E-3	50.051999723230392E-3
255.000000000000030E+0	-91.752956003516628E-3	12.120585680201858E-3
256.000000000000060E+0	-69.121308083892663E-3	-13.187132398952802E-3
257.000000000000060E+0	-67.286553609318914E-3	35.799363203725183E-3
258.000000000000060E+0	-149.188796739096960E-3	83.853731067795131E-3
259.000000000000060E+0	-79.646158294875299E-3	-58.951668208936811E-3
260.000000000000060E+0	-66.745280714460814E-3	8.939900467440247E-3
261.000000000000060E+0	-79.535490705145706E-3	39.401120175067229E-3
262.000000000000060E+0	-101.500156705218710E-3	65.282164194367068E-3
263.000000000000060E+0	-120.702989661693100E-3	59.831736671853250E-3
264.000000000000060E+0	-160.081255299266230E-3	35.529616462499865E-3
265.000000000000060E+0	-119.826715318812000E-3	-22.550037844751701E-3
266.000000000000060E+0	-50.686056489075024E-3	50.051662870604550E-3
267.000000000000060E+0	-119.705147073000730E-3	100.347679927532370E-3
268.000000000000060E+0	-171.871827103626700E-3	32.352100695085997E-3
269.000000000000060E+0	-127.273499486043660E-3	51.255210738093679E-3
270.000000000000060E+0	-134.729613328918970E-3	45.529750937109099E-3
271.000000000000060E+0	-52.617363588376154E-3	64.281842515891821E-3
272.000000000000060E+0	-218.894406617316930E-3	156.203321050737590E-3
273.000000000000060E+0	-262.925642324784820E-3	79.284509032757758E-3
274.000000000000060E+0	-212.844535874148840E-3	76.997860799634429E-3
275.000000000000060E+0	-211.170974502896210E-3	185.270345990137030E-3
276.000000000000060E+0	-289.170728848498320E-3	289.417215973043760E-3
277.000000000000060E+0	-502.859032958635320E-3	424.680950512810850E-3
278.000000000000060E+0	-389.615154892413770E-3	188.217609352454570E-3
279.000000000000060E+0	-349.126986370999200E-3	341.789024143331450E-3
280.000000000000060E+0	-356.600089943287960E-3	406.444559654101200E-3
281.000000000000060E+0	-348.701101625869150E-3	516.561846188796860E-3
282.000000000000060E+0	-308.303710493388450E-3	416.853711506752430E-3
283.000000000000060E+0	-137.152633111639670E-3	521.647624535525040E-3
284.000000000000060E+0	-69.057740604227119E-3	696.609086177915730E-3
285.000000000000060E+0	-135.580000954260120E-3	667.856339449933060E-3
286.000000000000060E+0	-57.107017510427099E-3	644.858341027952470E-3
287.000000000000060E+0	-61.303410386741551E-3	741.178429463813850E-3
288.000000000000060E+0	-47.722856140917591E-3	631.343633270992520E-3
289.000000000000060E+0	8.048126333141488E-3	630.085941304884040E-3
290.000000000000060E+0	45.642183278638844E-3	636.134666940752160E-3
291.000000000000060E+0	73.316355159120869E-3	632.311314348628420E-3
292.000000000000060E+0	169.899145328687000E-3	640.176333329586010E-3
293.000000000000060E+0	244.224748839041330E-3	685.040855453753930E-3
294.000000000000060E+0	342.745833308846500E-3	726.522887038795420E-3
295.000000000000060E+0	384.195431573041650E-3	757.544522942346860E-3
296.000000000000060E+0	515.180176282661770E-3	696.325321055236480E-3
297.000000000000060E+0	637.598079457353920E-3	715.676625921245920E-3
298.000000000000060E+0	628.978869645937190E-3	593.571448226833390E-3
299.000000000000060E+0	680.450258217355270E-3	497.161124959651760E-3
300.000000000000060E+0	637.627550071050990E-3	481.124825536043630E-3
301.000000000000060E+0	643.073225273170570E-3	302.255950757849170E-3
302.000000000000060E+0	645.307028135692850E-3	246.085603043200820E-3
303.000000000000060E+0	629.925904521614680E-3	226.795216243444260E-3
304.000000000000060E+0	553.693512825321980E-3	165.049502189278880E-3
305.000000000000060E+0	544.169726331272700E-3	47.518149683930366E-3
306.000000000000060E+0	655.048508525023500E-3	63.407059840749361E-3
307.000000000000060E+0	586.917866310592620E-3	76.296188548651500E-3
308.000000000000060E+0	508.258250226724880E-3	72.792683751010584E-3
309.000000000000060E+0	443.454308743092720E-3	-13.130165959386342E-3
310.000000000000060E+0	484.702625699163230E-3	-3.824262922470274E-3
311.000000000000060E+0	393.237838755084890E-3	22.360779025088689E-3
312.000000000000060E+0	311.600345258133290E-3	25.424456661280456E-3
313.000000000000060E+0	285.165482407738090E-3	870.036842129894170E-6
314.000000000000060E+0	297.312175927519960E-3	18.196772062837280E-3
315.000000000000060E+0	319.833844867920100E-3	28.980542944810988E-3
316.000000000000060E+0	336.807871749511430E-3	48.257516296225725E-3
317.000000000000060E+0	340.462950779910180E-3	78.542504694660148E-3
318.000000000000060E+0	326.288473821251260E-3	95.925418842893448E-3
319.000000000000060E+0	291.573575148084910E-3	509.680846532972070E-6
320.000000000000060E+0	375.609641389493990E-3	38.656001058073798E-3
321.000000000000060E+0	373.449920719869490E-3	49.405527105974137E-3
322.000000000000060E+0	357.922129837649040E-3	31.282234737647546E-3
323.000000000000060E+0	403.042032141255170E-3	-2.334365683562435E-3
324.000000000000060E+0	445.514456443658500E-3	-7.036361027716772E-3
325.000000000000060E+0	427.646592899682040E-3	38.507925892039413E-3
326.000000000000060E+0	370.303299534258720E-3	6.930883080462139E-3
327.000000000000060E+0	389.655076730437370E-3	-73.883614658417848E-3
328.000000000000060E+0	398.614827998191090E-3	-81.658920175172497E-3
329.000000000000060E+0	401.265121369002160E-3	-120.844018514261510E-3
330.000000000000060E+0	378.293255630292200E-3	-127.992789064974470E-3
331.000000000000060E+0	356.819203403627380E-3	-189.453352761503740E-3
332.000000000000060E+0	458.945943209232880E-3	-202.010436334595920E-3
333.000000000000060E+0	385.413566405609250E-3	-111.120430038704130E-3
334.000000000000060E+0	290.771386257514090E-3	-146.003184782882850E-3
335.000000000000060E+0	273.033993754199290E-3	-211.994062438524730E-3
336.000000000000060E+0	252.767067366491790E-3	-176.846846432133220E-3
337.000000000000060E+0	116.201215370659390E-3	-166.930496323882040E-3
338.000000000000060E+0	130.904145616220850E-3	-343.806323556130440E-3
339.000000000000060E+0	128.287798930605710E-3	-259.015282413587790E-3
340.000000000000060E+0	78.496335110422547E-3	-212.198746835156330E-3
341.000000000000060E+0	-1.895432693802856E-3	-183.702019475443710E-3
342.000000000000060E+0	51.891219541373795E-3	-179.994381595626830E-3
343.000000000000060E+0	48.763620325324657E-3	22.922212502389381E-3
344.000000000000060E+0	-22.509474589487755E-3	133.419732783667230E-3
345.000000000000060E+0	-104.899926562182490E-3	149.722090266248830E-3
346.000000000000060E+0	29.435072367462532E-3	154.359573702697730E-3
347.000000000000060E+0	143.227499491491940E-3	202.463876267585640E-3
348.000000000000060E+0	229.716352487712910E-3	248.580912375517600E-3
349.000000000000060E+0	271.843070360442970E-3	197.035602439088740E-3
350.000000000000060E+0	339.809127309392610E-3	76.067306243474103E-3
351.000000000000060E+0	517.390221716819360E-3	83.454400976773757E-3
352.000000000000060E+0	432.136441778517450E-3	80.185611854339478E-3
353.000000000000060E+0	384.074877712215710E-3	-29.778715065111681E-3
354.000000000000060E+0	381.950514247334780E-3	-90.506792736564395E-3
355.000000000000060E+0	372.223654906876870E-3	-26.424431509407896E-3
356.000000000000060E+0	302.259393226637250E-3	41.743277703435486E-3
357.000000000000060E+0	282.154184435221220E-3	41.333003208383838E-3
358.000000000000060E+0	361.765437275965770E-3	20.740433441766050E-3
359.000000000000060E+0	417.727990724696240E-3	35.526980435923824E-3
360.000000000000060E+0	408.189376831894600E-3	4.625414206809821E-3
361.000000000000060E+0	464.667707512148810E-3	-43.511481713873958E-3
362.000000000000060E+0	448.403332369812890E-3	-93.191629654168967E-3
363.000000000000060E+0	465.221092566984460E-3	-185.242012392104550E-3
364.000000000000060E+0	474.349428342222600E-3	-182.867937109146060E-3
365.000000000000060E+0	375.132003340500340E-3	-286.004944840320570E-3
366.000000000000060E+0	380.753468622808290E-3	-445.180981984597270E-3
367.000000000000060E+0	316.408887667771200E-3	-432.616443916042590E-3
368.000000000000060E+0	185.495379009771230E-3	-403.731102586069310E-3
369.000000000000060E+0	81.524489890948501E-3	-413.760058765848370E-3
370.000000000000060E+0	104.124177238145520E-3	-296.855868625283400E-3
371.000000000000060E+0	79.143584611313281E-3	-195.609979589507020E-3
372.000000000000060E+0	132.719250768664480E-3	-122.692154258736200E-3
373.000000000000060E+0	207.493199312404980E-3	-52.832855645397303E-3
374.000000000000060E+0	136.841858070384850E-3	82.409949840022964E-3
375.000000000000060E+0	96.204595009959801E-3	56.009123812374169E-3
376.000000000000060E+0	63.438896597317773E-3	8.263103875111547E-3
377.000000000000060E+0	125.375887883765390E-3	-85.959162578413364E-3
378.000000000000060E+0	228.357312545328650E-3	-95.569459032808668E-3
379.000000000000060E+0	294.415811838739550E-3	-84.730471818286648E-3
380.000000000000060E+0	350.326243449040560E-3	-20.032225737089033E-3
381.000000000000060E+0	335.391548424459510E-3	-41.397927035932737E-3
382.000000000000060E+0	340.116260526901030E-3	-64.273441567765252E-3
383.000000000000060E+0	316.086508384364310E-3	-103.634087057633190E-3
384.000000000000060E+0	297.569028839129950E-3	-121.896987949394300E-3
385.000000000000060E+0	250.792806077016710E-3	-200.705582605052750E-3
386.000000000000060E+0	236.713062583620210E-3	-249.981117748589280E-3
387.000000000000060E+0	261.257499901513150E-3	-319.262493374146190E-3
388.000000000000060E+0	259.813956628090260E-3	-274.690795002006990E-3
389.000000000000060E+0	277.650862915129250E-3	-228.767856676440280E-3
390.000000000000060E+0	197.969722837229020E-3	-158.517345943563930E-3
391.000000000000060E+0	153.642053995604290E-3	-151.370750387455290E-3
392.000000000000060E+0	93.776953549234182E-3	-131.196183641126840E-3
393.000000000000060E+0	54.912446340082521E-3	-269.406474981428500E-3
394.000000000000060E+0	148.176955990114990E-3	-243.344352114990280E-3
395.000000000000060E+0	204.940932714856060E-3	-196.237751845352170E-3
396.000000000000060E+0	200.424529812445300E-3	-135.869131343695380E-3
397.000000000000060E+0	201.814211549535940E-3	-108.490457180598990E-3
398.000000000000060E+0	213.162815284753700E-3	-16.749470126416283E-3
399.000000000000060E+0	109.221949782047360E-3	-34.711608807626575E-3
400.000000000000060E+0	91.060123091759579E-3	-59.799674593359643E-3
401.000000000000060E+0	81.148390628725794E-3	-125.585838433499570E-3
402.000000000000060E+0	130.769165078392840E-3	-177.912038104499820E-3
403.000000000000060E+0	258.792720662924140E-3	-243.770468651159120E-3
404.000000000000060E+0	295.519057360118130E-3	-167.871869450353620E-3
405.000000000000060E+0	365.884325267310570E-3	-191.018774182959980E-3
406.000000000000060E+0	347.108218970995640E-3	-40.839559934338333E-3
407.000000000000060E+0	296.934785437333310E-3	-42.267599683301786E-3
408.000000000000060E+0	173.488655746807360E-3	-25.246739115135183E-3
409.000000000000060E+0	185.891774103710610E-3	-134.925077981653820E-3
410.000000000000060E+0	171.340619083785090E-3	-149.123338104612420E-3
411.000000000000060E+0	109.860036999304230E-3	-218.842487319190870E-3
412.000000000000060E+0	223.542356850380400E-3	-289.160463186900530E-3
413.000000000000060E+0	271.517014115966960E-3	-222.675433107878270E-3
414.000000000000060E+0	272.820859323162520E-3	-160.690866273327680E-3
415.000000000000060E+0	241.688698460424540E-3	-137.954304720799170E-3
416.000000000000060E+0	248.521180655425860E-3	-124.465041211929750E-3
417.000000000000060E+0	216.000011258707600E-3	-86.227331674653171E-3
418.000000000000060E+0	183.717380277365340E-3	-103.094043681727100E-3
419.000000000000060E+0	185.549423835996600E-3	-122.467309561043320E-3
420.000000000000060E+0	212.818352502385650E-3	-138.345483130662940E-3
421.000000000000060E+0	269.653953833048350E-3	-188.914198732980150E-3
422.000000000000060E+0	300.943570832167660E-3	-112.219612273525520E-3
423.000000000000060E+0	305.974860568272170E-3	-120.933993313738800E-3
424.000000000000060E+0	324.895024946643070E-3	-91.825894961423515E-3
425.000000000000060E+0	300.899685315429490E-3	-119.561410113528550E-3
426.000000000000060E+0	373.441725986711550E-3	-116.413807843272860E-3
427.000000000000060E+0	301.422409627020940E-3	-101.453478636710600E-3
428.000000000000060E+0	334.596211027278710E-3	-176.058165096696810E-3
429.000000000000060E+0	392.254954205564170E-3	-195.901764698378830E-3
430.000000000000060E+0	368.655135748030160E-3	-163.667604276527210E-3
431.000000000000060E+0	425.042463312554960E-3	-170.521014450051190E-3
432.000000000000060E+0	408.664199310093850E-3	-142.197587932576590E-3
433.000000000000060E+0	433.110847178179880E-3	-155.865501803866850E-3
434.000000000000060E+0	488.155064498768500E-3	-166.459604154822360E-3
435.000000000000060E+0	524.345813739321430E-3	-210.416105037505820E-3
436.000000000000060E+0	624.357518769563580E-3	-196.988891809865810E-3
437.000000000000060E+0	623.016145396119270E-3	-203.122285554615030E-3
438.000000000000060E+0	648.156115437450000E-3	-283.493597691190310E-3
439.000000000000060E+0	685.918298709186520E-3	-366.332500756923420E-3
440.000000000000060E+0	670.492882038881910E-3	-526.303697664193830E-3
441.000000000000060E+0	762.410565368388690E-3	-544.756157891066130E-3
442.000000000000060E+0	736.722226345133180E-3	-604.496903965118130E-3
443.000000000000060E+0	694.352713575117520E-3	-704.120609980581460E-3
444.000000000000060E+0	683.780193417999230E-3	-752.986941652722730E-3
445.000000000000060E+0	597.483471526485070E-3	-923.043564132653090E-3
446.000000000000060E+0	612.393587610135850E-3	-939.752650445276450E-3
447.000000000000060E+0	502.188457634433760E-3	-998.060325331842520E-3
448.000000000000060E+0	463.437255121577300E-3	-1.068324824859802E+0
449.000000000000060E+0	354.717440761274210E-3	-1.032717598728579E+0
450.000000000000060E+0	211.226384111443820E-3	-1.186410250008848E+0
451.000000000000060E+0	179.429259632818030E-3	-1.122418869426262E+0
452.000000000000060E+0	27.877850125752307E-3	-1.088388069575969E+0
453.000000000000060E+0	-54.708495313280654E-3	-1.130345635577436E+0
454.000000000000060E+0	-116.739940882778340E-3	-1.106077828099351E+0
455.000000000000060E+0	-119.104841779414310E-3	-1.062362435079352E+0
456.000000000000060E+0	-159.820779431934730E-3	-992.894765817586950E-3
457.000000000000060E+0	-202.194463136038810E-3	-938.159976562767060E-3
458.000000000000060E+0	-226.355697256935800E-3	-867.440011596014910E-3
459.000000000000060E+0	-252.003484601191540E-3	-929.302664645854980E-3
460.000000000000060E+0	-194.211966010616990E-3	-862.286803823471670E-3
461.000000000000060E+0	-185.288344795676710E-3	-860.163014905916070E-3
462.000000000000060E+0	-176.941817919351120E-3	-888.336733422634190E-3
463.000000000000060E+0	-166.727903126509870E-3	-961.531951973190190E-3
464.000000000000060E+0	-143.471259339074180E-3	-1.007479414937487E+0
465.000000000000060E+0	-213.531331821918360E-3	-1.095050115826335E+0
466.000000000000060E+0	-317.466617523359360E-3	-1.235627201965829E+0
467.000000000000060E+0	-466.446377010251050E-3	-1.289840190663129E+0
468.000000000000060E+0	-678.044689338416990E-3	-1.362097557446602E+0
469.000000000000060E+0	-856.099343484474690E-3	-1.207966102460097E+0
470.000000000000060E+0	-1.106498736568655E+0	-1.011300478672104E+0
471.000000000000060E+0	-1.232115799845833E+0	-778.498375939053470E-3
472.000000000000060E+0	-1.289502814024517E+0	-648.992737545669770E-3
473.000000000000060E+0	-1.097371162927609E+0	-473.520226884531330E-3
474.000000000000060E+0	-1.054462470904886E+0	-341.400529245346030E-3
475.000000000000060E+0	-1.030387886358449E+0	-302.828759464233430E-3
476.000000000000060E+0	-966.909232288953200E-3	-258.069773404317800E-3
477.000000000000060E+0	-914.181269447159050E-3	-189.105675317040310E-3
478.000000000000060E+0	-870.430843769403380E-3	-107.590099526055220E-3
479.000000000000060E+0	-840.885017319778720E-3	-74.639720012976071E-3
480.000000000000060E+0	-779.437349027864550E-3	-37.861665104217380E-3
481.000000000000060E+0	-738.381218029480200E-3	51.808514081091675E-3
482.000000000000060E+0	-812.983688611569890E-3	9.257314749196098E-3
483.000000000000060E+0	-685.869228434468850E-3	14.477728865152070E-3
484.000000000000060E+0	-659.436148285317490E-3	39.508417505780949E-3
485.000000000000060E+0	-611.432640529581350E-3	14.667258998148422E-3
486.000000000000060E+0	-576.454767577329160E-3	29.486148531114535E-3
487.000000000000060E+0	-554.766712953719710E-3	52.991735133423631E-3
488.000000000000060E+0	-539.168460521379340E-3	44.770346159545220E-3
489.000000000000060E+0	-507.397831628313420E-3	63.543814009239405E-3
490.000000000000060E+0	-531.304057601232780E-3	99.846683095300676E-3
491.000000000000060E+0	-553.933501285271970E-3	26.042639533673678E-3
492.000000000000060E+0	-507.667228998488600E-3	39.838006606590252E-3
493.000000000000060E+0	-503.029497545532280E-3	40.913930622452015E-3
494.000000000000060E+0	-485.188545637893150E-3	39.960428261938991E-3
495.000000000000060E+0	-439.949259268904880E-3	49.104676169691719E-3
496.000000000000060E+0	-437.356315812351400E-3	97.167976871862655E-3
497.000000000000060E+0	-458.072418130494710E-3	90.656175106058237E-3
498.000000000000060E+0	-430.387456414254850E-3	77.723982338041397E-3
499.000000000000060E+0	-406.262460022533910E-3	98.928943313115400E-3
500.000000000000060E+0	-402.171618166090870E-3	134.670585299979490E-3
501.000000000000060E+0	-436.934266983146520E-3	74.874770592526882E-3
502.000000000000060E+0	-387.745338457736510E-3	83.302527068776541E-3
503.000000000000060E+0	-367.507039114350560E-3	69.464044795302979E-3
504.000000000000060E+0	-300.172008736891480E-3	113.917284462887680E-3
505.000000000000060E+0	-350.537956186220860E-3	167.668694008574260E-3
506.000000000000060E+0	-365.406128966115240E-3	57.172960395892418E-3
507.000000000000060E+0	-293.455988462205940E-3	98.998024517433947E-3
508.000000000000060E+0	-292.669400908418030E-3	124.737768204786170E-3
509.000000000000060E+0	-267.976791752458860E-3	140.665478748751290E-3
510.000000000000060E+0	-347.069331828205150E-3	135.652129560327880E-3
511.000000000000060E+0	-238.607653254583550E-3	77.581165841071692E-3
512.000000000000110E+0	-194.572579473691140E-3	104.070458830372910E-3
513.000000000000110E+0	-183.112576605066270E-3	150.938312189781850E-3
514.000000000000110E+0	-247.256463315722430E-3	115.212556160550710E-3
515.000000000000110E+0	-181.433664327002890E-3	31.212822177832510E-3
516.000000000000110E+0	-101.507199061472490E-3	64.673527303168318E-3
517.000000000000110E+0	-130.790906626937960E-3	80.891990973276900E-3
518.000000000000110E+0	-119.848839982555240E-3	48.742277712797953E-3
519.000000000000110E+0	-160.495284111585620E-3	50.031829507639174E-3
520.000000000000110E+0	-156.282240262215040E-3	-57.984389379560693E-3
521.000000000000110E+0	-144.915114836291270E-3	-120.050516044991710E-3
522.000000000000110E+0	-160.891043037091370E-3	-151.752337737266350E-3
523.000000000000110E+0	-232.611777935936100E-3	-233.076376476478610E-3
524.000000000000110E+0	-241.212183152991560E-3	-219.861841276786960E-3
525.000000000000110E+0	-368.335697222981430E-3	-144.556115775976350E-3
526.000000000000110E+0	-481.397426999323700E-3	-96.376508298149269E-3
527.000000000000110E+0	-503.239316685158420E-3	-100.282932658972380E-3
528.000000000000110E+0	-430.132856528747050E-3	2.862617623654989E-3
529.000000000000110E+0	-514.493501913164670E-3	63.884956191479922E-3
530.000000000000110E+0	-448.567241538813220E-3	57.869541223900325E-3
531.000000000000110E+0	-414.183965152070230E-3	71.902261397020578E-3
532.000000000000110E+0	-399.248307751313480E-3	165.543640425589470E-3
533.000000000000110E+0	-446.658500698152110E-3	97.683283443770308E-3
534.000000000000110E+0	-345.515316414088220E-3	98.611660875438045E-3
535.000000000000110E+0	-298.509768256160930E-3	176.235924153782860E-3
536.000000000000110E+0	-334.744150135821090E-3	248.101606535198500E-3
537.000000000000110E+0	-329.808856040887220E-3	286.139584377359590E-3
538.000000000000110E+0	-566.485165657316100E-3	332.721066305773640E-3
539.000000000000110E+0	-419.265245370298190E-3	119.549724962122840E-3
540.000000000000110E+0	-293.548024311949980E-3	150.990211760986340E-3
541.000000000000110E+0	-273.290318716072180E-3	252.875905023150330E-3
542.000000000000110E+0	-398.183324462497820E-3	164.470000552237070E-3
543.000000000000110E+0	-176.281159830275790E-3	193.709498919544360E-3
544.000000000000110E+0	-204.188114401831630E-3	273.932413584165920E-3
545.000000000000110E+0	-277.106055576740730E-3	239.281121479300390E-3
546.000000000000110E+0	-203.172180133174150E-3	223.259077507506620E-3
547.000000000000110E+0	-238.443167167773920E-3	309.225807424525990E-3
548.000000000000110E+0	-271.028018939690530E-3	195.582444473296150E-3
549.000000000000110E+0	-251.496208834119050E-3	211.917082251980500E-3
550.000000000000110E+0	-281.347248762598920E-3	207.859735903137580E-3
551.000000000000110E+0	-294.265167705468180E-3	97.925835416171517E-3
552.000000000000110E+0	-177.110957520222790E-3	173.952534836833900E-3
553.000000000000110E+0	-239.396707144880700E-3	239.458524980044360E-3
554.000000000000110E+0	-268.147427768844370E-3	236.721837032624640E-3
555.000000000000110E+0	-236.937145094715750E-3	245.114398648251070E-3
556.000000000000110E+0	-235.530890691847880E-3	346.160497549847400E-3
557.000000000000110E+0	-310.911190536412310E-3	356.180165306994590E-3
558.000000000000110E+0	-249.909976021755660E-3	365.288272511949670E-3
559.000000000000110E+0	-209.956312871794000E-3	390.773629029060600E-3
560.000000000000110E+0	-179.908661509153240E-3	386.998004819616880E-3
561.000000000000110E+0	-41.004342579188294E-3	310.056318594421680E-3
562.000000000000110E+0	5.141135251350887E-3	373.031027788606470E-3
563.000000000000110E+0	44.367752716866909E-3	345.427123883913110E-3
564.000000000000110E+0	108.132949933234700E-3	365.991925781813780E-3
565.000000000000110E+0	66.073346510552799E-3	387.605229097570170E-3
566.000000000000110E+0	-10.824450876831196E-3	336.696594781023650E-3
567.000000000000110E+0	10.547850546927719E-3	259.611712588201930E-3
568.000000000000110E+0	-12.864311859506997E-3	216.829202215154610E-3
569.000000000000110E+0	-6.836547854672878E-3	141.187254258983100E-3
570.000000000000110E+0	14.655271056838101E-3	54.369912873487358E-3
571.000000000000110E+0	94.195348883006375E-3	113.812851452767760E-3
572.000000000000110E+0	44.953686384797298E-3	126.404424152309570E-3
573.000000000000110E+0	3.854268467845646E-3	115.794349461244960E-3
574.000000000000110E+0	-39.020933115964669E-3	96.231410264674036E-3
575.000000000000110E+0	-41.649087122485225E-3	75.510771525903936E-3
576.000000000000110E+0	-56.027048260389969E-3	107.044221623092500E-3
577.000000000000110E+0	-97.357887581374120E-3	99.589338710018668E-3
578.000000000000110E+0	-103.691850836030870E-3	92.854713687347490E-3
579.000000000000110E+0	-81.012736071708460E-3	94.018661861657318E-3
580.000000000000110E+0	-71.924142920682541E-3	166.722545978674280E-3
581.000000000000110E+0	-93.986051599098397E-3	207.327594022826940E-3
582.000000000000110E+0	-122.132442812751120E-3	269.891926571601210E-3
583.000000000000110E+0	-183.710536381350100E-3	291.531620296720920E-3
584.000000000000110E+0	-211.636467210263250E-3	294.918254270994380E-3
585.000000000000110E+0	-130.012013278266140E-3	266.489910359191730E-3
586.000000000000110E+0	-59.410129917793812E-3	325.336728597199030E-3
587.000000000000110E+0	24.190062522391819E-3	399.507221023640390E-3
588.000000000000110E+0	65.301049183300874E-3	473.724098576782710E-3
589.000000000000110E+0	82.947291018783481E-3	497.368359024913110E-3
590.000000000000110E+0	168.904718978492680E-3	449.164066156351460E-3
591.000000000000110E+0	244.191589187436720E-3	420.125799424644620E-3
592.000000000000110E+0	330.924384409404750E-3	399.276693675835400E-3
593.000000000000110E+0	275.224701913546200E-3	376.357403237034260E-3
594.000000000000110E+0	288.534579432813080E-3	238.482164241912650E-3
595.000000000000110E+0	345.404244188737110E-3	161.067042675984790E-3
596.000000000000110E+0	364.626110400484540E-3	129.073536486929320E-3
597.000000000000110E+0	379.445184621839400E-3	95.595145560984349E-3
598.000000000000110E+0	434.658895351530130E-3	122.244967622878180E-3
599.000000000000110E+0	309.116783928690020E-3	150.728493148145680E-3
600.000000000000110E+0	270.553456757353980E-3	63.568585982467771E-3
601.000000000000110E+0	274.797063775824970E-3	4.435555759315272E-3
602.000000000000110E+0	277.097639023116070E-3	-95.339066874619988E-3
603.000000000000110E+0	400.582815770824270E-3	-35.281312472681015E-3
604.000000000000110E+0	331.553493169120420E-3	-6.009696531667296E-3
605.000000000000110E+0	299.981698535551950E-3	-40.387378453400374E-3
606.000000000000110E+0	284.512689236463780E-3	-79.712344361413209E-3
607.000000000000110E+0	299.837544677188820E-3	-116.617915666342410E-3
608.000000000000110E+0	309.612932179261890E-3	-36.161364730576392E-3
609.000000000000110E+0	233.174411469263570E-3	-106.825652495479470E-3
610.000000000000110E+0	208.227585593976110E-3	-124.596478933686670E-3
611.000000000000110E+0	170.932861096336240E-3	-176.238918572537870E-3
612.000000000000110E+0	220.024812862230690E-3	-231.285279950363630E-3
613.000000000000110E+0	243.119513638038460E-3	-190.876855261505940E-3
614.000000000000110E+0	234.872268294243120E-3	-162.557676812256470E-3
615.000000000000110E+0	207.001543513559370E-3	-127.366837922469500E-3
616.000000000000110E+0	132.322217279572690E-3	-131.688758113001260E-3
617.000000000000110E+0	102.195970160708800E-3	-226.277923075824120E-3
618.000000000000110E+0	168.768834878969850E-3	-223.818104731445010E-3
619.000000000000110E+0	168.105243752997510E-3	-212.174407284974660E-3
620.000000000000110E+0	164.771244221534050E-3	-201.182115973302790E-3
621.000000000000110E+0	91.634778939650371E-3	-195.894033985410780E-3
622.000000000000110E+0	139.930576973830880E-3	-271.145972327984370E-3
623.000000000000110E+0	145.760843342941650E-3	-269.262987135494460E-3
624.000000000000110E+0	158.164398915606960E-3	-270.684093955418260E-3
625.000000000000110E+0	150.079554359703990E-3	-232.209120431801220E-3
626.000000000000110E+0	78.435973898963202E-3	-219.620252133463730E-3
627.000000000000110E+0	94.471842336272122E-3	-333.591605393651620E-3
628.000000000000110E+0	128.149126257877580E-3	-296.863096416456420E-3
629.000000000000110E+0	133.166491473847040E-3	-276.275812142764310E-3
630.000000000000110E+0	94.252335056733971E-3	-230.054160601917940E-3
631.000000000000110E+0	-15.766786254575876E-3	-381.919928221143620E-3
632.000000000000110E+0	144.160218447245660E-3	-411.691985054082610E-3
633.000000000000110E+0	159.917922563714290E-3	-410.177004476398320E-3
634.000000000000110E+0	221.426064073252850E-3	-437.033896478432330E-3
635.000000000000110E+0	173.026580157203510E-3	-387.912210944619420E-3
636.000000000000110E+0	43.413737380636912E-3	-448.391242464655120E-3
637.000000000000110E+0	79.187280377722782E-3	-629.513602215546200E-3
638.000000000000110E+0	86.284511497177446E-3	-668.351715143673200E-3
639.000000000000110E+0	63.113762351388394E-3	-686.659448293818200E-3
640.000000000000110E+0	-109.405340551424450E-3	-546.412652438463380E-3
641.000000000000110E+0	-205.963787194661210E-3	-813.402535237205290E-3
642.000000000000110E+0	-250.179084504644040E-3	-880.713436274404680E-3
643.000000000000110E+0	-250.824774667481100E-3	-950.403927155849540E-3
644.000000000000110E+0	-207.655254052582370E-3	-923.771957217601520E-3
645.000000000000110E+0	-337.896230821874750E-3	-679.090244893311710E-3
646.000000000000110E+0	-677.671180825700770E-3	-742.312385166538300E-3
647.000000000000110E+0	-815.374678459176770E-3	-867.620165852326490E-3
648.000000000000110E+0	-878.900178182317360E-3	-851.135066702631060E-3
649.000000000000110E+0	-857.046089478679660E-3	-796.619164324014810E-3
650.000000000000110E+0	-1.120981261983416E+0	-378.719957794337540E-3
651.000000000000110E+0	-1.175794568349638E+0	-425.041356347544860E-3
652.000000000000110E+0	-1.224060508256214E+0	-349.277399789608590E-3
653.000000000000110E+0	-1.134171950792416E+0	-312.488140263391780E-3
654.000000000000110E+0	-1.091586855915064E+0	-70.508761946707063E-3
655.000000000000110E+0	-1.127840206466168E+0	67.901010392169212E-3
656.000000000000110E+0	-1.158202434935995E+0	141.708419053316240E-3
657.000000000000110E+0	-1.114858219399986E+0	187.033687260321570E-3
658.000000000000110E+0	-1.112059076209176E+0	241.038924670694040E-3
659.000000000000110E+0	-957.367075251210790E-3	207.725249619173020E-3
660.000000000000110E+0	-929.934218909974630E-3	370.193457531123260E-3
661.000000000000110E+0	-932.277830222642210E-3	431.712262407883630E-3
662.000000000000110E+0	-909.997441196160880E-3	503.202191367856490E-3
663.000000000000110E+0	-963.629743511233760E-3	492.419642861585350E-3
664.000000000000110E+0	-871.666236596860270E-3	564.676338210649550E-3
665.000000000000110E+0	-858.343797620487850E-3	618.411049701056760E-3
666.000000000000110E+0	-851.766561798388390E-3	729.249834092246420E-3
667.000000000000110E+0	-855.631931412326740E-3	753.185821302500110E-3
668.000000000000110E+0	-808.870357896899090E-3	758.242248600863090E-3
669.000000000000110E+0	-751.249967225097070E-3	917.442665040181350E-3
670.000000000000110E+0	-665.994658579335040E-3	1.007525271026705E+0
671.000000000000110E+0	-604.132918639995080E-3	1.128889580456579E+0
672.000000000000110E+0	-508.827735676711250E-3	1.232628550243272E+0
673.000000000000110E+0	-404.170965030336500E-3	1.253239378187057E+0
674.000000000000110E+0	-205.181665977003880E-3	1.309353462631293E+0
675.000000000000110E+0	8.147198343923146E-3	1.293041488192960E+0
676.000000000000110E+0	273.851753601996150E-3	1.266053143361015E+0
677.000000000000110E+0	484.740139958615370E-3	1.221547891256148E+0
678.000000000000110E+0	581.115312791597340E-3	1.125635001073400E+0
679.000000000000110E+0	694.588287671233480E-3	858.146310186706400E-3
680.000000000000110E+0	768.646888147364700E-3	629.823845791623090E-3
681.000000000000110E+0	821.668574107773500E-3	400.772405563854570E-3
682.000000000000110E+0	735.795200603923000E-3	502.125138222673240E-3
683.000000000000110E+0	555.381964081934520E-3	231.111903595630110E-3
684.000000000000110E+0	455.160577474259750E-3	113.908919887179540E-3
685.000000000000110E+0	386.534572913028950E-3	8.236229202083873E-3
686.000000000000110E+0	312.722004380410030E-3	41.320116340996055E-3
687.000000000000110E+0	194.326608038617340E-3	-100.632200415967830E-3
688.000000000000110E+0	266.334013939916290E-3	16.074194081095099E-3
689.000000000000110E+0	216.620429965180020E-3	48.649108382196923E-3
690.000000000000110E+0	188.346774741117270E-3	80.585246972086674E-3
691.000000000000110E+0	127.730600703457180E-3	100.745024829396530E-3
692.000000000000110E+0	98.134452821238380E-3	96.871446484945584E-3
693.000000000000110E+0	47.782972815389194E-3	95.231247724799475E-3
694.000000000000110E+0	5.607500734480364E-3	63.064733463028266E-3
695.000000000000110E+0	32.808747997397740E-3	33.168452124609428E-3
696.000000000000110E+0	45.421793377091485E-3	42.054200676845649E-3
697.000000000000110E+0	126.614371235936470E-3	84.846626943422598E-3
698.000000000000110E+0	89.493838650309757E-3	165.034110594552590E-3
699.000000000000110E+0	90.705677083043792E-3	184.877325850250630E-3
700.000000000000110E+0	155.749266974040230E-3	322.957523685671210E-3
701.000000000000110E+0	-62.371232281210914E-3	147.822585834028410E-3
702.000000000000110E+0	48.944757471705846E-3	181.496241313916810E-3
703.000000000000110E+0	37.510061160557440E-3	200.291875776272830E-3
704.000000000000110E+0	34.478932291652851E-3	125.424314894283740E-3
705.000000000000110E+0	104.970881462831660E-3	106.563393021025780E-3
706.000000000000110E+0	165.825719962171490E-3	117.060846179267390E-3
707.000000000000110E+0	144.387552954432480E-3	121.945346763026110E-3
708.000000000000110E+0	161.771421404459830E-3	115.503074390164970E-3
709.000000000000110E+0	144.815266253768120E-3	121.899164116896500E-3
710.000000000000110E+0	122.498939423434890E-3	181.766145974791270E-3
711.000000000000110E+0	46.448912129087153E-3	34.928986100181462E-3
712.000000000000110E+0	46.178067841172080E-3	4.041704152719771E-3
713.000000000000110E+0	42.118619618921015E-3	-59.062744915072220E-3
714.000000000000110E+0	74.400714154532907E-3	-38.740626059900647E-3
715.000000000000110E+0	87.522006821444523E-3	-66.202331488081717E-3
716.000000000000110E+0	82.690359427674040E-3	34.588929802924169E-3
717.000000000000110E+0	17.857310805483320E-3	48.492446258206839E-3
718.000000000000110E+0	1.591468754606803E-3	70.883325803922967E-3
719.000000000000110E+0	-67.732949540138948E-3	146.321630516898030E-3
720.000000000000110E+0	-98.340936437945212E-3	40.385571123802082E-3
721.000000000000110E+0	-100.366249776044750E-3	86.857232301346537E-3
722.000000000000110E+0	-114.959782379532220E-3	89.784985362256611E-3
723.000000000000110E+0	-113.490311943571380E-3	102.354380016796240E-3
724.000000000000110E+0	-25.969211248159145E-3	122.502082664876980E-3
725.000000000000110E+0	-23.849683573103814E-3	211.982564447137090E-3
726.000000000000110E+0	-18.703791734603067E-3	266.776646259453740E-3
727.000000000000110E+0	-26.752405587428960E-3	257.651821001318340E-3
728.000000000000110E+0	23.890958446860830E-3	293.597412710887300E-3
729.000000000000110E+0	-91.319568362081285E-3	146.133503972203650E-3
730.000000000000110E+0	128.375677059339920E-3	201.054620285074700E-3
731.000000000000110E+0	154.677291230981890E-3	174.940328181184320E-3
732.000000000000110E+0	207.519878616543810E-3	72.847287471401873E-3
733.000000000000110E+0	268.358478173669090E-3	144.225174066532960E-3
734.000000000000110E+0	175.215640558404110E-3	159.788321287100940E-3
735.000000000000110E+0	107.329529536392330E-3	107.629003677236230E-3
736.000000000000110E+0	45.021774855734921E-3	91.530092804110646E-3
737.000000000000110E+0	26.408166742358109E-3	33.849182085616276E-3
738.000000000000110E+0	32.294178697487429E-3	66.502467481726807E-3
739.000000000000110E+0	-164.378594250352580E-6	21.175289209771641E-3
740.000000000000110E+0	34.422886514732749E-3	17.715075943941193E-3
741.000000000000110E+0	59.473681068403082E-3	40.736720422315027E-3
742.000000000000110E+0	116.208062726150070E-3	20.296914702457345E-3
743.000000000000110E+0	20.904667395597733E-3	177.797690635409010E-3
744.000000000000110E+0	-4.207459991948529E-3	129.722455605103680E-3
745.000000000000110E+0	24.048826390316459E-3	131.815458098588440E-3
746.000000000000110E+0	-26.345261713515544E-3	129.375203782780580E-3
747.000000000000110E+0	-14.792926787386676E-3	73.671291892265026E-3
748.000000000000110E+0	-10.368373295984664E-3	98.876672212191194E-3
749.000000000000110E+0	-5.217391754832782E-3	55.545361885751966E-3
750.000000000000110E+0	38.388637215068681E-3	43.468366435099291E-3
751.000000000000110E+0	64.488123092326641E-3	77.655595334003402E-3
752.000000000000110E+0	10.968495963148040E-3	165.681651962140770E-3
753.000000000000110E+0	-36.759975072760562E-3	83.355483580161191E-3
754.000000000000110E+0	-19.668503929920512E-3	61.289439599161936E-3
755.000000000000110E+0	10.770228547096868E-3	52.267828855729517E-3
756.000000000000110E+0	22.517216944268770E-3	98.877925762624247E-3
757.000000000000110E+0	-223.118698418725400E-6	146.181501255258140E-3
758.000000000000110E+0	-55.089809945509181E-3	93.451025667657311E-3
759.000000000000110E+0	-26.448924388317405E-3	85.141620440225552E-3
760.000000000000110E+0	10.663544696007617E-3	110.461325232360170E-3
761.000000000000110E+0	-117.519084175048390E-3	154.055846155799510E-3
762.000000000000110E+0	-23.319909917285071E-3	84.961019263150250E-3
763.000000000000110E+0	-4.438465113591809E-3	107.121542374294690E-3
764.000000000000110E+0	-4.820801157143781E-3	146.272476552215010E-3
765.000000000000110E+0	-44.715172401804136E-3	142.557550819533720E-3
766.000000000000110E+0	-73.520317305587737E-3	98.927192887222917E-3
767.000000000000110E+0	-11.722561569811779E-3	116.411934479798400E-3
768.000000000000110E+0	-39.764601585397678E-3	120.468259960921810E-3
769.000000000000110E+0	-33.523883643378889E-3	106.426687822774410E-3
770.000000000000110E+0	-53.510128080251962E-3	129.195752229001430E-3
771.000000000000110E+0	-2.632448914817016E-3	33.183841240865965E-3
772.000000000000110E+0	-8.635983883690286E-3	93.909798160702482E-3
773.000000000000110E+0	-29.494404321253453E-3	90.730196311145678E-3
774.000000000000110E+0	18.599339169461986E-3	73.201974454740679E-3
775.000000000000110E+0	13.409504942408904E-3	138.548165246123710E-3
776.000000000000110E+0	-14.900132455299909E-3	214.133427180665000E-3
777.000000000000110E+0	-114.656056504577650E-3	175.414704457606680E-3
778.000000000000110E+0	-103.582036445003870E-3	137.420672782865020E-3
779.000000000000110E+0	-59.520451588208616E-3	163.690909797385460E-3
780.000000000000110E+0	-149.023316393535000E-3	169.593336257748310E-3
781.000000000000110E+0	-59.069288654218614E-3	164.823269861044290E-3
782.000000000000110E+0	-31.228661263856733E-3	190.964640911097990E-3
783.000000000000110E+0	33.310835647151121E-3	188.344859848728540E-3
784.000000000000110E+0	123.872071412084160E-3	431.573563528248380E-3
785.000000000000110E+0	-79.448661301697490E-3	401.812457964883800E-3
786.000000000000110E+0	8.099516379436336E-3	299.063441493717550E-3
787.000000000000110E+0	105.474788394565130E-3	345.657036424115100E-3
788.000000000000110E+0	138.769484081218390E-3	382.479573022273810E-3
789.000000000000110E+0	160.613343689787470E-3	548.668778365606350E-3
790.000000000000110E+0	90.973696389678060E-3	119.732501502075000E-3
791.000000000000110E+0	157.349298949325560E-3	184.252514430524710E-3
792.000000000000110E+0	168.364093097320510E-3	194.579949580268030E-3
793.000000000000110E+0	153.038621348130400E-3	180.565638322863430E-3
794.000000000000110E+0	127.153216888579670E-3	143.587147231545310E-3
795.000000000000110E+0	197.950848620565470E-3	156.377897263929390E-3
796.000000000000110E+0	198.844760766138720E-3	205.950693452398910E-3
797.000000000000110E+0	165.475670986118400E-3	246.821850549215850E-3
798.000000000000110E+0	118.340253936357360E-3	242.516340211131690E-3
799.000000000000110E+0	167.448110375850420E-3	176.531351806013480E-3
800.000000000000110E+0	199.072406545756360E-3	220.465495112753930E-3
801.000000000000110E+0	198.947359510322190E-3	240.422297063474980E-3
802.000000000000110E+0	149.026301635709480E-3	278.574550906932280E-3
803.000000000000110E+0	217.960716189982330E-3	71.374158211872707E-3
804.000000000000110E+0	265.718246442680660E-3	161.460078597904930E-3
805.000000000000110E+0	248.509197695980210E-3	165.505737661482220E-3
806.000000000000110E+0	241.782915842986950E-3	117.370042770354400E-3
807.000000000000110E+0	277.899273265465210E-3	67.654277176885699E-3
808.000000000000110E+0	397.961465403703860E-3	157.127668697929680E-3
809.000000000000110E+0	218.787918061211150E-3	66.086928328008110E-3
810.000000000000110E+0	236.153785688464100E-3	43.250788056729869E-3
811.000000000000110E+0	239.624484095046410E-3	57.389144944110751E-3
812.000000000000110E+0	214.786677055482180E-3	78.814871226763311E-3
813.000000000000110E+0	190.963547641362670E-3	22.263165555494017E-3
814.000000000000110E+0	225.153099622485750E-3	-11.276689760298907E-3
815.000000000000110E+0	253.326481587648870E-3	-29.631870088917461E-3
816.000000000000110E+0	240.912775326039390E-3	595.975046521841930E-6
817.000000000000110E+0	219.696574002460480E-3	-28.957128036366190E-3
818.000000000000110E+0	178.018713629453430E-3	-24.814601159352006E-3
819.000000000000110E+0	151.463789862046840E-3	-42.823087170119595E-3
820.000000000000110E+0	123.452480141999440E-3	-47.460529610089938E-3
821.000000000000110E+0	78.055603504517054E-3	-66.677994899300264E-3
822.000000000000110E+0	149.782778910238470E-3	-61.436709230957509E-3
823.000000000000110E+0	112.565311822412220E-3	-36.531543722386844E-3
824.000000000000110E+0	105.331603188410440E-3	-27.162751412777443E-3
825.000000000000110E+0	90.698371632705055E-3	-27.155408604654648E-3
826.000000000000110E+0	113.239956356900540E-3	-39.399630693101019E-3
827.000000000000110E+0	100.422918593913680E-3	23.351351641511878E-3
828.000000000000110E+0	59.270298281059230E-3	-282.876197364966160E-6
829.000000000000110E+0	53.985907642165189E-3	-14.133587654026341E-3
830.000000000000110E+0	48.431590912181598E-3	-23.706217582234117E-3
831.000000000000110E+0	80.509469468752523E-3	-67.353437083272433E-3
832.000000000000110E+0	70.873112175755384E-3	-17.267721242587183E-3
833.000000000000110E+0	61.720286582162269E-3	-18.113006890084875E-3
834.000000000000110E+0	56.491057685802218E-3	-28.100209759991380E-3
835.000000000000110E+0	68.505158731622495E-3	-7.353313105503502E-3
836.000000000000110E+0	43.894932296057045E-3	1.933952216071374E-3
837.000000000000110E+0	50.142595436656286E-3	-16.159030149258721E-3
838.000000000000110E+0	47.852821336018557E-3	4.388899763553888E-3
839.000000000000110E+0	32.678743568630542E-3	23.191669876528345E-3
840.000000000000110E+0	-16.865933849126769E-3	39.589909042872774E-3
841.000000000000110E+0	19.628719279024473E-3	-32.755303382167443E-3
842.000000000000110E+0	28.705473638105390E-3	-2.485367176191085E-3
843.000000000000110E+0	23.221386336890939E-3	13.136641821786640E-3
844.000000000000110E+0	8.243736356534402E-3	12.666668764354240E-3
845.000000000000110E+0	38.382781545016578E-3	13.979748410331448E-3
846.000000000000110E+0	18.284601461245584E-3	50.817978061350660E-3
847.000000000000110E+0	-2.576336840745397E-3	60.118880074945570E-3
848.000000000000110E+0	-19.740802903352537E-3	45.061869982496686E-3
849.000000000000110E+0	-22.294729590488668E-3	42.382156705134885E-3
850.000000000000110E+0	-48.829242878693224E-3	11.820384724354272E-3
851.000000000000110E+0	-24.695444773619107E-3	14.955612409744719E-3
852.000000000000110E+0	-17.735336001452009E-3	-837.474106751122860E-6
853.000000000000110E+0	26.493952094580143E-3	-16.161840079569889E-3
854.000000000000110E+0	35.208293728540174E-3	78.482354676401786E-3
855.000000000000110E+0	-26.090727270656346E-3	100.849370600227530E-3
856.000000000000110E+0	-53.385780763616504E-3	50.294463187156788E-3
857.000000000000110E+0	-37.730254616198479E-3	51.217819157242994E-3
858.000000000000110E+0	-43.692106743935775E-3	95.519818647629595E-3
859.000000000000110E+0	-97.494563425210526E-3	125.683418738989440E-3
860.000000000000110E+0	-130.928504383755030E-3	95.082460494050058E-3
861.000000000000110E+0	-129.272667077613620E-3	109.093962439289080E-3
862.000000000000110E+0	-127.056161205291150E-3	117.128328914354900E-3
863.000000000000110E+0	-83.411715848512383E-3	161.415236353118300E-3
864.000000000000110E+0	-144.920512939036160E-3	230.624280968968090E-3
865.000000000000110E+0	-163.008080029166360E-3	226.677610864312350E-3
866.000000000000110E+0	-150.854440468514260E-3	246.987908050760710E-3
867.000000000000110E+0	-152.630283061720020E-3	287.310838678665580E-3
868.000000000000110E+0	-160.986475088854470E-3	292.132349613522300E-3
869.000000000000110E+0	-121.250804386149810E-3	481.809201310887780E-3
870.000000000000110E+0	-161.948450832249790E-3	469.446135106649060E-3
871.000000000000110E+0	-156.357542244157740E-3	511.186139831819490E-3
872.000000000000110E+0	-151.883633799049730E-3	543.740536844178560E-3
873.000000000000110E+0	12.443142001300025E-3	555.255306503448450E-3
874.000000000000110E+0	46.963908150755740E-3	740.601098170392100E-3
875.000000000000110E+0	87.662771066101611E-3	801.806874690841220E-3
876.000000000000110E+0	201.282264565990300E-3	841.577953479475390E-3
877.000000000000110E+0	337.448686827159620E-3	923.018391178081820E-3
878.000000000000110E+0	370.356644318841130E-3	872.261891481239450E-3
879.000000000000110E+0	666.052206730769700E-3	772.772504033289230E-3
880.000000000000110E+0	832.927376865062680E-3	718.686802401954700E-3
881.000000000000110E+0	958.093759797392970E-3	664.401205401565330E-3
882.000000000000110E+0	749.879741352310840E-3	465.759409368602550E-3
883.000000000000110E+0	941.776749770072530E-3	244.672906838392460E-3
884.000000000000110E+0	976.322442409686570E-3	153.095848031978510E-3
885.000000000000110E+0	942.491516870835210E-3	67.765777884733813E-3
886.000000000000110E+0	934.167472219444740E-3	7.114537221937866E-3
887.000000000000110E+0	934.154366394267300E-3	2.701676144078475E-3
888.000000000000110E+0	758.133109906471980E-3	-28.981288557185594E-3
889.000000000000110E+0	735.621394989019460E-3	-115.461745172607740E-3
890.000000000000110E+0	710.865193516213690E-3	-164.461961038529140E-3
891.000000000000110E+0	688.767685771380370E-3	-245.774421904406650E-3
892.000000000000110E+0	756.781701579315570E-3	-203.416726231300360E-3
893.000000000000110E+0	700.577025095386880E-3	-229.540046631292540E-3
894.000000000000110E+0	693.001109025151770E-3	-255.649455373429650E-3
895.000000000000110E+0	628.441990774725510E-3	-224.739578270371170E-3
896.000000000000110E+0	587.556773771231610E-3	-290.829071540229190E-3
897.000000000000110E+0	493.953368821370750E-3	-361.336824736267770E-3
898.000000000000110E+0	543.225723715379580E-3	-415.177913975927180E-3
899.000000000000110E+0	508.190097007600320E-3	-458.027385266813750E-3
900.000000000000110E+0	513.564014110410530E-3	-547.841574994433760E-3
901.000000000000110E+0	674.333977438591470E-3	-408.329038001908620E-3
902.000000000000110E+0	520.106106580194070E-3	-443.997119521358670E-3
903.000000000000110E+0	488.838593208641150E-3	-471.057239451088240E-3
904.000000000000110E+0	452.542536712528200E-3	-450.679455988079960E-3
905.000000000000110E+0	304.244491657861100E-3	-429.151276827857810E-3
906.000000000000110E+0	267.042553434794720E-3	-584.616424007125990E-3
907.000000000000110E+0	224.205256497136710E-3	-567.701131625018560E-3
908.000000000000110E+0	171.253981765297240E-3	-634.087145844914320E-3
909.000000000000110E+0	139.451363710607710E-3	-680.240758035436820E-3
910.000000000000110E+0	211.882700545682200E-3	-837.123596208385610E-3
911.000000000000110E+0	121.576744185815140E-3	-406.984118930851900E-3
912.000000000000110E+0	65.455431658439367E-3	-443.815808779730480E-3
913.000000000000110E+0	25.350116295398867E-3	-384.297624876166870E-3
914.000000000000110E+0	-120.998664232884360E-3	-326.213338080622580E-3
915.000000000000110E+0	-182.297488175872130E-3	-339.805208782306300E-3
916.000000000000110E+0	-128.949903175340020E-3	-506.738266724627070E-3
917.000000000000110E+0	-87.068359055745864E-3	-408.957994909784020E-3
918.000000000000110E+0	-83.394436718176784E-3	-399.822942004262270E-3
919.000000000000110E+0	-78.198321227990128E-3	-392.057260924789040E-3
920.000000000000110E+0	105.503160787124160E-3	-500.356550874608290E-3
921.000000000000110E+0	54.114401622052007E-3	-323.287618573835870E-3
922.000000000000110E+0	42.097568866456693E-3	-300.881890282508720E-3
923.000000000000110E+0	84.390766773581261E-3	-255.654793495292460E-3
924.000000000000110E+0	-146.747707500832320E-3	-141.143176931848300E-3
925.000000000000110E+0	-136.060455439098870E-3	-281.889878302574000E-3
926.000000000000110E+0	-102.991129984723040E-3	-305.737633849000660E-3
927.000000000000110E+0	-104.328968373845000E-3	-335.090997499075000E-3
928.000000000000110E+0	-92.114324387535654E-3	-326.094348774728650E-3
929.000000000000110E+0	-183.176952218992880E-3	-392.036426094373110E-3
930.000000000000110E+0	-46.778258855450054E-3	-369.845895476829330E-3
931.000000000000110E+0	-70.956971843436648E-3	-361.668763021536000E-3
932.000000000000110E+0	-40.274951627093096E-3	-395.070919318134370E-3
933.000000000000110E+0	72.218285292582257E-3	-326.760860679518980E-3
934.000000000000110E+0	-28.221430042867035E-3	-149.896050180844480E-3
935.000000000000110E+0	-147.609331208116480E-3	-177.568164628860580E-3
936.000000000000110E+0	-186.802270063585300E-3	-221.638236491197850E-3
937.000000000000110E+0	-191.002809661612090E-3	-255.065820625623330E-3
938.000000000000110E+0	-202.526960087594850E-3	-267.059674217286940E-3
939.000000000000110E+0	-87.004358071735399E-3	-269.692154270829490E-3
940.000000000000110E+0	-154.968367997351230E-3	-205.181334622107550E-3
941.000000000000110E+0	-189.382055829392550E-3	-213.751915350408270E-3
942.000000000000110E+0	-141.498075704206560E-3	-263.410676027525550E-3
943.000000000000110E+0	-110.932281109410850E-3	-136.206678169602410E-3
944.000000000000110E+0	-152.677850917953720E-3	-100.866720175711020E-3
945.000000000000110E+0	-153.529733612374150E-3	-82.947300491021544E-3
946.000000000000110E+0	-169.977578432996990E-3	-61.516727825594440E-3
947.000000000000110E+0	-198.886175859229050E-3	-82.835365954387785E-3
948.000000000000110E+0	-88.766925636899030E-3	-156.719098400291800E-3
949.000000000000110E+0	-80.729451968350310E-3	-104.706505730030150E-3
950.000000000000110E+0	-80.124573393631132E-3	-96.441993341568624E-3
951.000000000000110E+0	-103.570660292741480E-3	-80.350347287005644E-3
952.000000000000110E+0	-212.625689420024940E-3	-238.858434222914720E-3
953.000000000000110E+0	-79.478887210857913E-3	-200.541766801599800E-3
954.000000000000110E+0	-86.632782051414919E-3	-195.781021624926750E-3
955.000000000000110E+0	-75.969743879576057E-3	-194.851226534766470E-3
956.000000000000110E+0	-104.699755083924300E-3	-168.373596962291650E-3
957.000000000000110E+0	-123.684054913108120E-3	-199.865103407454480E-3
958.000000000000110E+0	-91.615246924892896E-3	-110.626243503712570E-3
959.000000000000110E+0	-129.439194155025330E-3	-77.315324463461663E-3
960.000000000000110E+0	-164.760693253594490E-3	5.439291849312682E-3
961.000000000000110E+0	-452.577004493262770E-3	59.160231896826308E-3
962.000000000000110E+0	-240.567064768510530E-3	-186.906711051355590E-3
963.000000000000110E+0	-167.557131340397320E-3	-150.127460752432440E-3
964.000000000000110E+0	-115.644822921055680E-3	-120.174669534370200E-3
965.000000000000110E+0	-47.953698211960799E-3	-40.242068909995397E-3
966.000000000000110E+0	-137.907539717250920E-3	71.905583569124742E-3
967.000000000000110E+0	-218.859887412657130E-3	-59.912990602464619E-3
968.000000000000110E+0	-166.902825883166820E-3	-73.519059770568315E-3
969.000000000000110E+0	-132.546336272671430E-3	-73.868961505183711E-3
970.000000000000110E+0	-83.305353739763971E-3	-17.620749281672451E-3
971.000000000000110E+0	-252.717966201934430E-3	-131.543347701298470E-3
972.000000000000110E+0	-155.935931812007270E-3	-59.228885898982418E-3
973.000000000000110E+0	-163.642152520976910E-3	-48.534548826166410E-3
974.000000000000110E+0	-111.310888895337310E-3	-118.692291529805360E-3
975.000000000000110E+0	-34.793008487690430E-3	-29.966837527238634E-3
976.000000000000110E+0	-149.300548531256490E-3	82.901794462335726E-3
977.000000000000110E+0	-163.058990387568800E-3	-18.149763432457233E-3
978.000000000000110E+0	-138.600924502783550E-3	-48.262811274964436E-3
979.000000000000110E+0	-144.433614743491650E-3	-52.520631972068368E-3
980.000000000000110E+0	-149.184524967901970E-3	-201.142045874120020E-3
981.000000000000110E+0	-46.425908333781518E-3	-72.903656169800962E-3
982.000000000000110E+0	-70.744201265975679E-3	-75.385795537995320E-3
983.000000000000110E+0	-61.156646914719580E-3	-80.580755508925392E-3
984.000000000000110E+0	-164.456899421326740E-3	98.858942392396731E-3
985.000000000000110E+0	-157.823825357846170E-3	-24.225430642743802E-3
986.000000000000110E+0	-211.970592515512810E-3	-66.281393231689648E-3
987.000000000000110E+0	-203.407461146322850E-3	-98.573252263507022E-3
988.000000000000110E+0	-197.183895392691400E-3	-83.345232024681526E-3
989.000000000000110E+0	-318.253041217155140E-3	-63.242593596822494E-3
990.000000000000110E+0	-33.232858800040371E-3	26.821686840085426E-3
991.000000000000110E+0	-94.884342202549696E-3	-35.220180086828777E-3
992.000000000000110E+0	-87.332661028412764E-3	-36.297214734455290E-3
993.000000000000110E+0	-15.673897493628755E-3	43.412136953976201E-3
994.000000000000110E+0	-270.025714932117130E-3	283.096818915375410E-3
995.000000000000110E+0	-277.870030827609300E-3	-41.934717988008380E-3
996.000000000000110E+0	-213.457532671865760E-3	-30.744862464271543E-3
997.000000000000110E+0	-248.892672533117230E-3	-58.823990700085364E-3
998.000000000000110E+0	-233.527320937769820E-3	-88.124741213761418E-3
999.000000000000110E+0	-608.022811586352740E-3	446.480178786971720E-3
1.000000000000000E+3	-43.156095147734802E-3	62.294953207296867E-3
