Freq (Hz)	Gxyaccelerometre /source
source
source_Real	Gxyaccelerometre /source
source
source_Imag
10.000000000000018E+0	16.892955368078812E-3	17.084113915320991E-3
11.000000000000020E+0	-39.856115035413309E-3	-2.661701929672359E-3
12.000000000000021E+0	28.104886490197583E-3	-56.408732454617319E-3
13.000000000000023E+0	54.517608719752877E-3	25.005415299176697E-3
14.000000000000025E+0	-41.766827828415252E-3	163.478164498079980E-3
15.000000000000027E+0	-286.602469864134960E-3	-107.917868276158150E-3
16.000000000000028E+0	38.041772133724214E-3	-28.141112316799537E-3
17.000000000000028E+0	-49.393268039104689E-3	118.594356032964060E-3
18.000000000000028E+0	-176.259113699908290E-3	331.491477457209420E-3
19.000000000000028E+0	-239.692521883219100E-3	23.798360459414886E-3
20.000000000000028E+0	-314.600633432318920E-3	288.140590531834110E-3
21.000000000000028E+0	-140.431937974694890E-3	433.483959366631870E-3
22.000000000000028E+0	-365.836127456493460E-3	732.681015562156920E-3
23.000000000000028E+0	-688.828653176838950E-3	757.692399916408350E-3
24.000000000000028E+0	-394.628187172113950E-3	1.762698698250100E+0
25.000000000000028E+0	-1.045287040265493E+0	3.452196692469825E+0
26.000000000000028E+0	1.421143429443241E+0	7.765267714687790E+0
27.000000000000028E+0	3.021543374034200E+0	4.876454414827266E+0
28.000000000000028E+0	3.017582276667572E+0	3.311050693947130E+0
29.000000000000028E+0	749.597542511043930E-3	1.873406726765971E+0
30.000000000000028E+0	-607.581748897091850E-6	2.095241923936156E+0
31.000000000000028E+0	2.123501466912978E+0	5.888914080489688E+0
32.000000000000028E+0	6.549525402350197E+0	6.540945612214328E+0
33.000000000000028E+0	7.851420261653066E+0	2.926099861191696E+0
34.000000000000028E+0	4.509756396716723E+0	1.151295855520656E+0
35.000000000000028E+0	4.645996522056651E+0	-71.687753346396238E-3
36.000000000000028E+0	10.919431562669930E+0	-4.515439878031826E+0
37.000000000000028E+0	9.552608836835606E+0	-8.033462513421336E+0
38.000000000000028E+0	5.151770887707282E+0	-2.168600377363836E+0
39.000000000000028E+0	3.188627207390019E+0	-1.202699684082327E+0
40.000000000000028E+0	4.621518405403354E+0	-3.458450239836774E+0
41.000000000000028E+0	7.784917384629351E+0	-8.010204792626997E+0
42.000000000000028E+0	5.654535782060538E+0	-5.232931881316252E+0
43.000000000000028E+0	2.890084652155358E+0	-1.386521585515138E+0
44.000000000000028E+0	1.265379068238572E+0	-287.715742410299510E-3
45.000000000000028E+0	2.992167517525808E+0	-1.433276152968431E+0
46.000000000000028E+0	6.381234117308012E+0	-3.811119906761216E+0
47.000000000000028E+0	5.651597493870165E+0	-3.642549161654670E+0
48.000000000000028E+0	2.016190111088515E+0	-2.145781022060359E+0
49.000000000000028E+0	1.875705245573137E+0	-1.927152227262094E+0
50.000000000000028E+0	6.306288265235839E+0	-5.152500908425470E+0
51.000000000000028E+0	10.391519721788830E+0	-5.482397670836101E+0
52.000000000000028E+0	5.713571160672894E+0	-2.607201168196417E+0
53.000000000000028E+0	2.363092135858305E+0	-608.315456251309120E-3
54.000000000000028E+0	6.107537463788043E+0	-2.560236119514243E+0
55.000000000000028E+0	10.227159330068734E+0	-6.311273502034407E+0
56.000000000000028E+0	10.374382430849842E+0	-8.272285679106220E+0
57.000000000000028E+0	8.317566479786048E+0	-6.916023630769473E+0
58.000000000000028E+0	4.045617016479431E+0	-2.306434894387228E+0
59.000000000000028E+0	15.395447332337184E+0	-11.232567436244532E+0
60.000000000000028E+0	31.143116634843619E+0	-30.514178560733217E+0
61.000000000000028E+0	20.403028312366303E+0	-24.700800046304728E+0
62.000000000000028E+0	10.881499537084172E+0	-15.339147751692263E+0
63.000000000000028E+0	25.158040916945019E+0	-53.322442781512905E+0
64.000000000000028E+0	25.940090211917948E+0	-89.510105638926291E+0
65.000000000000028E+0	11.204811302398859E+0	-123.588756368346670E+0
66.000000000000028E+0	-11.335336295401071E+0	-104.697966954481400E+0
67.000000000000028E+0	-9.840104250783256E+0	-28.351553631092838E+0
68.000000000000028E+0	-13.027250326064882E+0	-29.426857363056591E+0
69.000000000000028E+0	-54.503651258306846E+0	-74.444457770083048E+0
70.000000000000028E+0	-54.416730868142608E+0	-55.547461673935935E+0
71.000000000000028E+0	-20.461582495411321E+0	-13.155676211094278E+0
72.000000000000028E+0	-25.436869188941522E+0	-13.902180635461377E+0
73.000000000000028E+0	-58.355694659548966E+0	-25.510374114620696E+0
74.000000000000028E+0	-49.699484266604159E+0	-17.617751425601575E+0
75.000000000000028E+0	-41.635124797245325E+0	-19.660482809383701E+0
76.000000000000028E+0	-26.103615329313108E+0	-13.756758405023579E+0
77.000000000000028E+0	-8.829788111019109E+0	-1.955677901259733E+0
78.000000000000028E+0	-50.761187689492722E+0	-6.053011432012222E+0
79.000000000000028E+0	-54.517865145761974E+0	-6.187738637369105E+0
80.000000000000028E+0	-11.473469607262826E+0	-7.145604177016232E+0
81.000000000000028E+0	1.738330541414419E+0	-2.190881256210071E+0
82.000000000000028E+0	-1.824463440294076E+0	1.111517532127171E+0
83.000000000000028E+0	-16.137244789046566E+0	3.626516122762003E+0
84.000000000000028E+0	-15.178679997709583E+0	3.658377786549800E+0
85.000000000000028E+0	-6.030176192381930E+0	-1.448685910359165E+0
86.000000000000028E+0	-3.357429008191784E+0	-2.890223482887112E+0
87.000000000000028E+0	4.731331731294015E+0	2.644044275222382E+0
88.000000000000028E+0	4.711570121261353E+0	28.175428879504260E+0
89.000000000000028E+0	-1.316754766162274E+0	21.680107703620944E+0
90.000000000000028E+0	-1.613508351637356E+0	-37.432380329399530E-3
91.000000000000028E+0	13.252561893452301E+0	5.857112670506742E+0
92.000000000000028E+0	13.851001899952141E+0	9.052730056403586E+0
93.000000000000028E+0	8.447384401421925E+0	3.386593257505218E+0
94.000000000000028E+0	7.361268466840501E+0	-294.309101445370760E-3
95.000000000000028E+0	409.260828381380890E-3	-1.092947348467006E+0
96.000000000000028E+0	6.288370302815412E+0	-9.629970106591959E+0
97.000000000000028E+0	29.813752163592561E+0	-30.001741064705033E+0
98.000000000000028E+0	17.430505003064873E+0	-29.564733809992919E+0
99.000000000000028E+0	2.529412290450026E+0	-9.529514210942690E+0
100.000000000000030E+0	-598.062310374469890E-3	-5.143583960465313E+0
101.000000000000030E+0	12.670251085845859E+0	-51.764503670091358E+0
102.000000000000030E+0	7.226186631397468E+0	-54.023927807400483E+0
103.000000000000030E+0	-5.781785874076465E+0	-7.339141292549935E+0
104.000000000000030E+0	-6.767709026043161E+0	-24.866782117939433E+0
105.000000000000030E+0	-4.432367717293188E+0	-7.659752134802464E+0
106.000000000000030E+0	-10.432550209738768E+0	-28.364182970037753E+0
107.000000000000030E+0	-24.614313986117324E+0	-57.799427585613749E+0
108.000000000000030E+0	-16.279629446678971E+0	-29.396662844676438E+0
109.000000000000030E+0	-1.538578396503829E+0	-2.759383046597638E+0
110.000000000000030E+0	-12.805903454830219E+0	-23.255451907716811E+0
111.000000000000030E+0	-27.242252345788046E+0	-41.710000163017646E+0
112.000000000000030E+0	-16.001856289605811E+0	-20.711831417672652E+0
113.000000000000030E+0	-6.806105426350550E+0	-7.235936939737945E+0
114.000000000000030E+0	-6.130967031202093E+0	-746.467168149596130E-3
115.000000000000030E+0	-19.920752987090069E+0	-7.271157384116568E+0
116.000000000000030E+0	-20.906313764927681E+0	-6.439987733646609E+0
117.000000000000030E+0	-27.969594579257482E+0	-10.544791073242397E+0
118.000000000000030E+0	-6.130290539605728E+0	-6.992751210180266E+0
119.000000000000030E+0	-6.213663680772632E+0	5.940309594299996E+0
120.000000000000030E+0	-66.316060484959379E+0	13.490701990612354E+0
121.000000000000030E+0	-35.420738924479856E+0	8.238997587814179E+0
122.000000000000030E+0	3.273499843453077E+0	12.444932327504846E+0
123.000000000000030E+0	-13.465775944194576E+0	16.354191058095971E+0
124.000000000000030E+0	12.427514411094840E+0	12.773279815641043E+0
125.000000000000030E+0	11.642935018563858E+0	38.669741739032425E+0
126.000000000000030E+0	39.823150178106964E+0	4.835776375693013E+0
127.000000000000030E+0	20.840172225579444E+0	-16.940625014281458E+0
128.000000000000030E+0	11.483613093692979E+0	-17.034210567792414E+0
129.000000000000030E+0	54.781438702775461E+0	-7.709191005917303E+0
130.000000000000030E+0	50.440246674152767E+0	-61.723597250853949E+0
131.000000000000030E+0	13.813920708006853E+0	-51.236999253023860E+0
132.000000000000030E+0	3.408793587588337E+0	-24.812275042334249E+0
133.000000000000030E+0	15.237531586251356E+0	-42.479357690403518E+0
134.000000000000030E+0	-10.961151844396966E+0	-52.575234146782677E+0
135.000000000000030E+0	-10.060042145675009E+0	-55.647918061510573E+0
136.000000000000030E+0	-23.783643691609814E+0	-70.398432520508948E+0
137.000000000000030E+0	-17.889803443478357E+0	-20.649556902972385E+0
138.000000000000030E+0	1.728094022687452E+0	-28.760300919677753E+0
139.000000000000030E+0	-32.284228792564704E+0	-82.962846648990506E+0
140.000000000000030E+0	-25.812933673257923E+0	-42.788451081208059E+0
141.000000000000030E+0	-8.092019561293563E+0	-14.710541322171375E+0
142.000000000000030E+0	-9.460211288917032E+0	-7.432367724233856E+0
143.000000000000030E+0	-25.012393766292664E+0	-15.350552905245200E+0
144.000000000000030E+0	-29.378692808619768E+0	-16.434848410505992E+0
145.000000000000030E+0	-18.696385822969983E+0	-9.988207416911315E+0
146.000000000000030E+0	-20.621819221760255E+0	-8.781556037404641E+0
147.000000000000030E+0	-11.328951748314868E+0	-5.782116733621219E+0
148.000000000000030E+0	-21.497361915196759E+0	-30.610040849487063E+0
149.000000000000030E+0	-45.438548855771032E+0	-40.494553979284362E+0
150.000000000000030E+0	-20.393542008172425E+0	-12.805192837891340E+0
151.000000000000030E+0	-7.580377712360952E+0	-7.813170051991683E+0
152.000000000000030E+0	-26.909295016931139E+0	-20.311693528924501E+0
153.000000000000030E+0	-32.543050181475436E+0	-14.367944236792662E+0
154.000000000000030E+0	-25.510527428331475E+0	-10.248513066847266E+0
155.000000000000030E+0	-33.092436000534384E+0	-6.805142523678268E+0
156.000000000000030E+0	-10.895916860178186E+0	-5.898064377357508E+0
157.000000000000030E+0	-29.778675838779510E+0	-12.768497979883035E+0
158.000000000000030E+0	-40.670744865451567E+0	-10.059736203514317E+0
159.000000000000030E+0	-28.488846275102553E+0	-8.033070203123959E+0
160.000000000000030E+0	-10.590855271232144E+0	-5.084840213403075E+0
161.000000000000030E+0	-14.340721187646622E+0	-4.761500363960350E+0
162.000000000000030E+0	-55.791849463514815E+0	-12.880013478607637E+0
163.000000000000030E+0	-30.068929775752451E+0	-7.107583389194422E+0
164.000000000000030E+0	-15.946355496084124E+0	-9.363037150707393E+0
165.000000000000030E+0	-21.059391778289516E+0	-9.778121127045541E+0
166.000000000000030E+0	-14.429311150963397E+0	-5.043168951093699E+0
167.000000000000030E+0	-67.147172049702931E+0	-26.114176747785677E+0
168.000000000000030E+0	-67.263790843589589E+0	-14.771422555363122E+0
169.000000000000030E+0	-18.280685068487990E+0	250.590706876363090E-3
170.000000000000030E+0	-23.771612343980145E+0	-1.298597745513090E+0
171.000000000000030E+0	-68.646753502785728E+0	718.706636576803890E-3
172.000000000000030E+0	-71.279399094167900E+0	4.065110137540570E+0
173.000000000000030E+0	-35.813729261373382E+0	4.409836806901454E+0
174.000000000000030E+0	-23.190848217562287E+0	770.864468152438360E-3
175.000000000000030E+0	-23.558964637785643E+0	-1.161334560690824E+0
176.000000000000030E+0	-57.189645309786577E+0	1.115478626446968E+0
177.000000000000030E+0	-41.007895298761291E+0	-2.476596372191608E+0
178.000000000000030E+0	-40.181636903397198E+0	-2.215535218369403E+0
179.000000000000030E+0	-3.074496250615218E+0	-1.782824673780032E+0
180.000000000000030E+0	-50.401326798378918E+0	15.353258410735796E+0
181.000000000000030E+0	-101.446800551360180E+0	18.225991534829838E+0
182.000000000000030E+0	-35.728743085227997E+0	751.945673234170050E-3
183.000000000000030E+0	-28.769754895785059E+0	3.663275587195361E+0
184.000000000000030E+0	-30.480948369383832E+0	4.520678823978654E+0
185.000000000000030E+0	-41.953854805876652E+0	9.765241436629143E+0
186.000000000000030E+0	-69.951492899593688E+0	25.717942712081445E+0
187.000000000000030E+0	-52.508049912487209E+0	34.350237372837334E+0
188.000000000000030E+0	-28.397748279777932E+0	20.503736573322264E+0
189.000000000000030E+0	-52.099034470517338E+0	2.472635675049404E+0
190.000000000000030E+0	-138.291878915969280E+0	8.797880624214605E+0
191.000000000000030E+0	-188.445425434652090E+0	23.889053099571651E+0
192.000000000000030E+0	-76.753140267918070E+0	-645.688150778685020E-3
193.000000000000030E+0	-57.577108206747290E+0	12.105500060255750E+0
194.000000000000030E+0	-149.396544310031260E+0	81.030925579690489E+0
195.000000000000030E+0	-179.250509413861920E+0	130.583829587550100E+0
196.000000000000030E+0	-251.487542780376320E+0	168.427642970047660E+0
197.000000000000030E+0	-170.083249361653370E+0	108.590585586930360E+0
198.000000000000030E+0	-20.240834122187586E+0	43.210356361352147E+0
199.000000000000030E+0	-218.208236869501490E+0	374.977897899356320E+0
200.000000000000030E+0	-122.358494415003720E+0	376.224951519833610E+0
201.000000000000030E+0	-31.047309213121519E+0	173.321495422610210E+0
202.000000000000030E+0	-58.585920652456330E+0	128.448341320998570E+0
203.000000000000030E+0	-6.665098174612444E+0	91.031802768086848E+0
204.000000000000030E+0	-9.563903532448503E+0	286.661064051599340E+0
205.000000000000030E+0	45.679515058721975E+0	153.418921438193450E+0
206.000000000000030E+0	55.994193706070533E+0	150.550577621647220E+0
207.000000000000030E+0	22.433818364983946E+0	61.329209244565504E+0
208.000000000000030E+0	25.868117971059934E+0	55.722892320945924E+0
209.000000000000030E+0	69.149010134832324E+0	128.697707829390370E+0
210.000000000000030E+0	32.492734905119178E+0	53.627171055553433E+0
211.000000000000030E+0	17.646822149868864E+0	-8.971289288918120E+0
212.000000000000030E+0	61.768840659453779E+0	55.773483278657537E+0
213.000000000000030E+0	27.698529709983596E+0	76.612673254713599E+0
214.000000000000030E+0	8.539733011483694E+0	31.071771286706149E+0
215.000000000000030E+0	1.272027936333251E+0	44.687134573769129E+0
216.000000000000030E+0	-8.792397951696305E+0	17.758787208227808E+0
217.000000000000030E+0	18.730071596245860E+0	4.547415204842228E+0
218.000000000000030E+0	64.820075393187039E+0	85.306848389791227E+0
219.000000000000030E+0	50.637412136054152E+0	83.511653456778106E+0
220.000000000000030E+0	20.435171247179323E+0	47.533151327016682E+0
221.000000000000030E+0	2.204788673436720E+0	23.535841636343584E+0
222.000000000000030E+0	18.668508012763745E+0	17.728962498652301E+0
223.000000000000030E+0	41.252410460834817E+0	30.321624110102306E+0
224.000000000000030E+0	19.713088103570062E+0	6.315855353675433E+0
225.000000000000030E+0	44.755909864872244E+0	20.633504610148577E+0
226.000000000000030E+0	11.091713584951208E+0	11.798738131023295E+0
227.000000000000030E+0	29.569979467724107E+0	584.050740506418590E-3
228.000000000000030E+0	57.468478488308449E+0	18.666874452987340E+0
229.000000000000030E+0	28.911459533280173E+0	12.468220069744641E+0
230.000000000000030E+0	3.895548999184997E+0	3.384966562083410E+0
231.000000000000030E+0	23.063022256156941E+0	-10.795093999684287E+0
232.000000000000030E+0	42.581332342678351E+0	-10.591089063633143E+0
233.000000000000030E+0	31.333015060780802E+0	-2.300017716398378E+0
234.000000000000030E+0	37.043367690902286E+0	-4.118543608553026E+0
235.000000000000030E+0	17.562818627586289E+0	-2.303492972481531E+0
236.000000000000030E+0	22.590411943314489E+0	-7.623935793305233E+0
237.000000000000030E+0	20.667653438980871E+0	-17.354350880009569E+0
238.000000000000030E+0	10.922062764702289E+0	-34.457953759074179E+0
239.000000000000030E+0	-4.384042013200602E+0	-16.058923779862816E+0
240.000000000000030E+0	-2.738888074754243E+0	-13.833696845802837E+0
241.000000000000030E+0	-12.429695400156820E+0	-28.859128395890696E+0
242.000000000000030E+0	-9.368595600040926E+0	-10.849805846152330E+0
243.000000000000030E+0	-4.512847252042095E+0	-1.975523603973528E+0
244.000000000000030E+0	-6.201030217393857E+0	-3.002822824659732E+0
245.000000000000030E+0	-1.712184031944063E+0	-31.414250933612116E-3
246.000000000000030E+0	-7.544806387250657E+0	2.141483703257857E+0
247.000000000000030E+0	-12.462094053980275E+0	1.340821877680429E+0
248.000000000000030E+0	-5.545618711656649E+0	-2.430038109627664E+0
249.000000000000030E+0	-4.100760080262802E+0	-2.962233640084667E+0
250.000000000000030E+0	4.378620759176941E+0	-6.275412233597221E+0
251.000000000000030E+0	5.633228699607232E+0	2.609421391339510E+0
252.000000000000030E+0	-468.489448977309490E-3	4.237880661144049E+0
253.000000000000030E+0	-2.766107888306720E+0	4.864418241120418E+0
254.000000000000030E+0	-9.474554956685992E+0	6.195671367948881E+0
255.000000000000030E+0	-11.280913556443990E+0	1.490211163404802E+0
256.000000000000060E+0	-10.187164596458981E+0	-1.943532204864829E+0
257.000000000000060E+0	-16.303670467811337E+0	8.674259407308856E+0
258.000000000000060E+0	-11.398195937559468E+0	6.406521653751436E+0
259.000000000000060E+0	-8.705755631383695E+0	-6.443736000289133E+0
260.000000000000060E+0	-19.953813311839792E+0	2.672624986279874E+0
261.000000000000060E+0	-9.124140500496447E+0	4.520011798091539E+0
262.000000000000060E+0	-11.651791349112347E+0	7.494118045752219E+0
263.000000000000060E+0	-13.747523018537811E+0	6.814563412561772E+0
264.000000000000060E+0	-20.087991827685954E+0	4.458477313944355E+0
265.000000000000060E+0	-19.990629272705981E+0	-3.762011212946520E+0
266.000000000000060E+0	-8.482299276704344E+0	8.376133658310696E+0
267.000000000000060E+0	-20.317721778252437E+0	17.032151847383549E+0
268.000000000000060E+0	-10.147501739267677E+0	1.910103613865757E+0
269.000000000000060E+0	-23.399982491887428E+0	9.423572375496059E+0
270.000000000000060E+0	-43.410231879175846E+0	14.669804185927953E+0
271.000000000000060E+0	-4.202817488874810E+0	5.134518978494950E+0
272.000000000000060E+0	-28.260182211517758E+0	20.166501205558117E+0
273.000000000000060E+0	-44.299179500970276E+0	13.358296536744254E+0
274.000000000000060E+0	-31.435849235314294E+0	11.372117839897092E+0
275.000000000000060E+0	-36.870555653736318E+0	32.348293220206003E+0
276.000000000000060E+0	-67.959184997454855E+0	68.017112935608139E+0
277.000000000000060E+0	-32.512985684899547E+0	27.458283056850945E+0
278.000000000000060E+0	-71.840646080959388E+0	34.705207150958401E+0
279.000000000000060E+0	-97.050147855427781E+0	95.010344726614548E+0
280.000000000000060E+0	-64.373507435908067E+0	73.371439382807551E+0
281.000000000000060E+0	-38.529001482295946E+0	57.076424607513069E+0
282.000000000000060E+0	-35.694639193821018E+0	48.262289172668815E+0
283.000000000000060E+0	-41.733124106163117E+0	158.728159719003570E+0
284.000000000000060E+0	-8.944632134255560E+0	90.227568448134065E+0
285.000000000000060E+0	-25.364141253927233E+0	124.941749608437430E+0
286.000000000000060E+0	-11.524633818708237E+0	130.137355604849890E+0
287.000000000000060E+0	-3.586186987441319E+0	43.358182234021051E+0
288.000000000000060E+0	-15.738619087790653E+0	208.212118072170510E+0
289.000000000000060E+0	2.404710248330646E+0	188.264206806193240E+0
290.000000000000060E+0	4.284199732531756E+0	59.710727537375291E+0
291.000000000000060E+0	10.182058749097715E+0	87.814389251127068E+0
292.000000000000060E+0	40.643803284613860E+0	153.144978504608250E+0
293.000000000000060E+0	48.991023823107852E+0	137.417903094889250E+0
294.000000000000060E+0	60.515637265558794E+0	128.275798636912270E+0
295.000000000000060E+0	70.733297077706524E+0	139.469700541411610E+0
296.000000000000060E+0	69.980596565837786E+0	94.586833140504808E+0
297.000000000000060E+0	108.491802792938260E+0	121.777417254840700E+0
298.000000000000060E+0	191.325103724463530E+0	180.554744174167040E+0
299.000000000000060E+0	149.336303983138490E+0	109.110407394184490E+0
300.000000000000060E+0	44.710781365361356E+0	33.736727469809999E+0
301.000000000000060E+0	129.841234010407620E+0	61.027708962252575E+0
302.000000000000060E+0	234.172161076267370E+0	89.300743617912900E+0
303.000000000000060E+0	55.711374821390699E+0	20.058030967042622E+0
304.000000000000060E+0	124.651631571939870E+0	37.157180392179555E+0
305.000000000000060E+0	72.078068896199312E+0	6.294022436399201E+0
306.000000000000060E+0	82.983179544297940E+0	8.032564554629383E+0
307.000000000000060E+0	167.337674251753870E+0	21.753004089414304E+0
308.000000000000060E+0	106.981200441668120E+0	15.321834298961168E+0
309.000000000000060E+0	49.079204414292832E+0	-1.453178120967686E+0
310.000000000000060E+0	53.297920715221423E+0	-420.516108700613070E-3
311.000000000000060E+0	107.372517854206790E+0	6.105549640660721E+0
312.000000000000060E+0	77.361010111527690E+0	6.312129234722268E+0
313.000000000000060E+0	28.074658568835360E+0	85.655483541936792E-3
314.000000000000060E+0	47.917489805987891E+0	2.932754560430302E+0
315.000000000000060E+0	52.166809828218334E+0	4.726899597335603E+0
316.000000000000060E+0	48.880390765905325E+0	7.003536591050529E+0
317.000000000000060E+0	96.657135175002921E+0	22.298148670404558E+0
318.000000000000060E+0	60.050159794391092E+0	17.654122630808281E+0
319.000000000000060E+0	14.216165568573269E+0	24.850356544702114E-3
320.000000000000060E+0	106.703546142248160E+0	10.981433749454180E+0
321.000000000000060E+0	115.536119618658930E+0	15.284841615538790E+0
322.000000000000060E+0	42.711007821548904E+0	3.732923061117334E+0
323.000000000000060E+0	65.161217073953495E+0	-377.405076657833680E-3
324.000000000000060E+0	55.600810725306779E+0	-878.147436157285850E-3
325.000000000000060E+0	101.406168751996380E+0	9.131234285814934E+0
326.000000000000060E+0	82.890197275680038E+0	1.551437069442127E+0
327.000000000000060E+0	78.069006764228021E+0	-14.802887879538511E+0
328.000000000000060E+0	58.587397898984626E+0	-12.002021280367341E+0
329.000000000000060E+0	44.572323532296970E+0	-13.423291493125623E+0
330.000000000000060E+0	170.985683301889450E+0	-57.851770208077724E+0
331.000000000000060E+0	84.792381370109638E+0	-45.020561634480771E+0
332.000000000000060E+0	49.393842906344915E+0	-21.741278913983628E+0
333.000000000000060E+0	69.904936604223195E+0	-20.154626858969277E+0
334.000000000000060E+0	71.296753611784823E+0	-35.799784930633258E+0
335.000000000000060E+0	52.507130806841246E+0	-40.768549782684673E+0
336.000000000000060E+0	77.394313155062292E+0	-54.148431422867169E+0
337.000000000000060E+0	16.723028803260927E+0	-24.023703102091581E+0
338.000000000000060E+0	15.660830565249942E+0	-41.131566575893601E+0
339.000000000000060E+0	45.439179222410139E+0	-91.742487883049563E+0
340.000000000000060E+0	24.031582874645913E+0	-64.964456790135813E+0
341.000000000000060E+0	-345.356891977061600E-3	-33.471385559284606E+0
342.000000000000060E+0	5.939658724334274E+0	-20.602815050881595E+0
343.000000000000060E+0	10.846199451813968E+0	5.098450176978809E+0
344.000000000000060E+0	-7.778403203309286E+0	46.104695724608767E+0
345.000000000000060E+0	-16.880261903972773E+0	24.092944383582335E+0
346.000000000000060E+0	6.702437567134635E+0	35.148050350148864E+0
347.000000000000060E+0	15.468040121857445E+0	21.865349688101116E+0
348.000000000000060E+0	44.019236774773347E+0	47.634144983789859E+0
349.000000000000060E+0	111.416295809343440E+0	80.756066127482086E+0
350.000000000000060E+0	55.375818978585983E+0	12.396045433152954E+0
351.000000000000060E+0	47.599873193134513E+0	7.677800501760615E+0
352.000000000000060E+0	71.756606915635643E+0	13.314885933805570E+0
353.000000000000060E+0	87.373282017478289E+0	-6.774366719844896E+0
354.000000000000060E+0	82.779750634943198E+0	-19.615446122032726E+0
355.000000000000060E+0	60.437683535573498E+0	-4.290515683568199E+0
356.000000000000060E+0	34.796773781612423E+0	4.805578995059872E+0
357.000000000000060E+0	44.167731661980540E+0	6.470168068376841E+0
358.000000000000060E+0	88.805653488893185E+0	5.091331442019142E+0
359.000000000000060E+0	101.459441886723710E+0	8.628934825976174E+0
360.000000000000060E+0	62.541840339623334E+0	708.695358689016560E-3
361.000000000000060E+0	33.011018439977526E+0	-3.091151594970444E+0
362.000000000000060E+0	158.664379005336940E+0	-32.975205535224262E+0
363.000000000000060E+0	95.518360529733627E+0	-38.033557823637949E+0
364.000000000000060E+0	74.457375201190302E+0	-28.704296436466024E+0
365.000000000000060E+0	65.145703314102676E+0	-49.667831901886302E+0
366.000000000000060E+0	40.512707972882644E+0	-47.367886584087543E+0
367.000000000000060E+0	73.658417428105551E+0	-100.710959313157990E+0
368.000000000000060E+0	59.363150724769142E+0	-129.204028817513460E+0
369.000000000000060E+0	10.600504323558637E+0	-53.800585538533106E+0
370.000000000000060E+0	12.170056294684802E+0	-34.696577955323661E+0
371.000000000000060E+0	14.121081379765963E+0	-34.901432049653941E+0
372.000000000000060E+0	43.572686285304982E+0	-40.280718254675193E+0
373.000000000000060E+0	42.544136360765421E+0	-10.832780169928382E+0
374.000000000000060E+0	15.446378386587815E+0	9.302236070150261E+0
375.000000000000060E+0	15.881063323913299E+0	9.245758395314988E+0
376.000000000000060E+0	12.499436163056242E+0	1.628088521956202E+0
377.000000000000060E+0	31.027585700566277E+0	-21.272872548853051E+0
378.000000000000060E+0	66.723259173174966E+0	-27.924246055490123E+0
379.000000000000060E+0	32.826544227509643E+0	-9.447211965925959E+0
380.000000000000060E+0	61.593199806571178E+0	-3.521999580297906E+0
381.000000000000060E+0	148.465857057816890E+0	-18.325383411356384E+0
382.000000000000060E+0	69.889522947383938E+0	-13.207366688080999E+0
383.000000000000060E+0	58.533421046963632E+0	-19.191131198759493E+0
384.000000000000060E+0	41.483911218886831E+0	-16.993582449321870E+0
385.000000000000060E+0	56.762135817554721E+0	-45.425854582411354E+0
386.000000000000060E+0	85.489947863297360E+0	-90.281763456067495E+0
387.000000000000060E+0	55.878087613154356E+0	-68.284269669118615E+0
388.000000000000060E+0	52.326688073028393E+0	-55.322892323206986E+0
389.000000000000060E+0	25.028065859302622E+0	-20.621643034978170E+0
390.000000000000060E+0	53.566631373390273E+0	-42.891610468276390E+0
391.000000000000060E+0	55.889492039764704E+0	-55.063272904923124E+0
392.000000000000060E+0	13.796593686840094E+0	-19.301762004993876E+0
393.000000000000060E+0	5.181932312345336E+0	-25.423127376539714E+0
394.000000000000060E+0	32.286632561516249E+0	-53.022884902434171E+0
395.000000000000060E+0	36.738554459243183E+0	-35.178386462995277E+0
396.000000000000060E+0	57.812129744703952E+0	-39.191230020060111E+0
397.000000000000060E+0	35.970840175895617E+0	-19.337056919280901E+0
398.000000000000060E+0	15.253894578156352E+0	-1.198589215511300E+0
399.000000000000060E+0	22.919972776175051E+0	-7.284150580315030E+0
400.000000000000060E+0	28.899273887775386E+0	-18.978309229078267E+0
401.000000000000060E+0	16.074620539412535E+0	-24.877199440451498E+0
402.000000000000060E+0	17.155655366199163E+0	-23.340346398856152E+0
403.000000000000060E+0	23.612473434739464E+0	-22.241830065601686E+0
404.000000000000060E+0	100.734939522660260E+0	-57.223255811993717E+0
405.000000000000060E+0	68.571231003965892E+0	-35.799272026820546E+0
406.000000000000060E+0	67.938269541565873E+0	-7.993383271082543E+0
407.000000000000060E+0	50.576663631985937E+0	-7.199406322722512E+0
408.000000000000060E+0	13.822679226052974E+0	-2.011529657602874E+0
409.000000000000060E+0	69.388948085692235E+0	-50.364300823250204E+0
410.000000000000060E+0	50.493787390648279E+0	-43.946392685531300E+0
411.000000000000060E+0	11.257198691232203E+0	-22.424472347949390E+0
412.000000000000060E+0	25.761920650835890E+0	-33.324015246765107E+0
413.000000000000060E+0	61.538332503724632E+0	-50.468567826658628E+0
414.000000000000060E+0	69.031009195622218E+0	-40.659107572955349E+0
415.000000000000060E+0	54.538304335764700E+0	-31.130102082633194E+0
416.000000000000060E+0	29.443566745263684E+0	-14.746005707483500E+0
417.000000000000060E+0	25.248523893643245E+0	-10.079225604599666E+0
418.000000000000060E+0	44.173791343687085E+0	-24.788372050037612E+0
419.000000000000060E+0	50.485293495510639E+0	-33.321569741222582E+0
420.000000000000060E+0	53.006394670273139E+0	-34.457532414133929E+0
421.000000000000060E+0	12.565639023459690E+0	-8.803236866886326E+0
422.000000000000060E+0	64.060003273452708E+0	-23.887497279670182E+0
423.000000000000060E+0	110.018217092429490E+0	-43.483776103483507E+0
424.000000000000060E+0	55.862873077363908E+0	-15.788663788519958E+0
425.000000000000060E+0	63.635791239559055E+0	-25.285453277613215E+0
426.000000000000060E+0	47.954004063437388E+0	-14.948806804077302E+0
427.000000000000060E+0	45.042337559658108E+0	-15.160458165704451E+0
428.000000000000060E+0	141.491973978324440E+0	-74.450386745420914E+0
429.000000000000060E+0	77.960423388362315E+0	-38.935351496948158E+0
430.000000000000060E+0	53.817932497813345E+0	-23.892931970580943E+0
431.000000000000060E+0	46.927736361687323E+0	-18.826742974983851E+0
432.000000000000060E+0	142.780968431464400E+0	-49.681644117364016E+0
433.000000000000060E+0	139.770300611718110E+0	-50.299751631850391E+0
434.000000000000060E+0	77.228302089773180E+0	-26.334649643781610E+0
435.000000000000060E+0	71.127522229404604E+0	-28.542949702885323E+0
436.000000000000060E+0	131.832931524794220E+0	-41.594154477860862E+0
437.000000000000060E+0	163.638622052386580E+0	-53.351187062985581E+0
438.000000000000060E+0	250.807967534864790E+0	-109.699579086877830E+0
439.000000000000060E+0	156.942522633986750E+0	-83.819234593687653E+0
440.000000000000060E+0	37.376345827319561E+0	-29.338579932833948E+0
441.000000000000060E+0	337.514215357348520E+0	-241.160019998996720E+0
442.000000000000060E+0	297.830045506590240E+0	-244.376148809418110E+0
443.000000000000060E+0	162.838334658661860E+0	-165.129083946000830E+0
444.000000000000060E+0	162.946134033906160E+0	-179.438235124954250E+0
445.000000000000060E+0	77.628789291374758E+0	-119.927592580503710E+0
446.000000000000060E+0	228.872039821947910E+0	-351.217110020458560E+0
447.000000000000060E+0	187.022169198561390E+0	-371.691949898340960E+0
448.000000000000060E+0	118.953056701353060E+0	-274.212964241886420E+0
449.000000000000060E+0	55.912228497407817E+0	-162.781796771777100E+0
450.000000000000060E+0	31.334216136957668E+0	-175.997119665057790E+0
451.000000000000060E+0	100.408023017077610E+0	-628.101904376030800E+0
452.000000000000060E+0	8.780126072565540E+0	-342.787712239174600E+0
453.000000000000060E+0	-6.268993252734306E+0	-129.525206681610710E+0
454.000000000000060E+0	-21.159269600664761E+0	-200.478077914843880E+0
455.000000000000060E+0	-27.725761182357068E+0	-247.301509527787540E+0
456.000000000000060E+0	-49.187016651844495E+0	-305.576856485035590E+0
457.000000000000060E+0	-59.266790566391819E+0	-274.991362208109020E+0
458.000000000000060E+0	-35.882442309931285E+0	-137.508649221624150E+0
459.000000000000060E+0	-23.821977625564436E+0	-87.847306237075344E+0
460.000000000000060E+0	-84.085038074680497E+0	-373.331366857320570E+0
461.000000000000060E+0	-49.444739456980727E+0	-229.537028945095300E+0
462.000000000000060E+0	-37.056355783395269E+0	-186.041504694906560E+0
463.000000000000060E+0	-16.691537676444522E+0	-96.261312608770382E+0
464.000000000000060E+0	-34.703799043780144E+0	-243.695938251331480E+0
465.000000000000060E+0	-73.283615779977623E+0	-375.819469973445050E+0
466.000000000000060E+0	-68.354648017555249E+0	-266.046437040191340E+0
467.000000000000060E+0	-116.887020652093410E+0	-323.221670131286830E+0
468.000000000000060E+0	-71.756810197990546E+0	-144.149460113328560E+0
469.000000000000060E+0	-224.262742177667460E+0	-316.437330149971500E+0
470.000000000000060E+0	-598.854142239648580E+0	-547.331380223542960E+0
471.000000000000060E+0	-271.474685644027600E+0	-171.528197194520830E+0
472.000000000000060E+0	-136.902005177960970E+0	-68.901289822425383E+0
473.000000000000060E+0	-219.405139479044380E+0	-94.674231413718076E+0
474.000000000000060E+0	-319.879406847561600E+0	-103.566510715861610E+0
475.000000000000060E+0	-350.641124388591610E+0	-103.052664071015670E+0
476.000000000000060E+0	-233.975428145532360E+0	-62.448452975005878E+0
477.000000000000060E+0	-132.883257432515340E+0	-27.487959964767573E+0
478.000000000000060E+0	-134.130032036333600E+0	-16.579218900066039E+0
479.000000000000060E+0	-325.566597070782680E+0	-28.898362023852648E+0
480.000000000000060E+0	-212.840467686052930E+0	-10.338861126176614E+0
481.000000000000060E+0	-105.024104837042270E+0	7.369015735292888E+0
482.000000000000060E+0	-66.579313019560189E+0	758.127948987432080E-3
483.000000000000060E+0	-247.694007537597880E+0	5.228469996879173E+0
484.000000000000060E+0	-189.467503852254200E+0	11.351457249404922E+0
485.000000000000060E+0	-103.640512658643430E+0	2.486164691091045E+0
486.000000000000060E+0	-110.644536405102830E+0	5.659561544279416E+0
487.000000000000060E+0	-35.026586426251370E+0	3.345765971872088E+0
488.000000000000060E+0	-182.880596828112860E+0	15.185657591954406E+0
489.000000000000060E+0	-173.063997203863100E+0	21.673617356082012E+0
490.000000000000060E+0	-84.368029926037536E+0	15.855079265595204E+0
491.000000000000060E+0	-47.948224193155880E+0	2.254238669524077E+0
492.000000000000060E+0	-111.777037370416590E+0	8.771443376426806E+0
493.000000000000060E+0	-157.828237924462140E+0	12.836968027149926E+0
494.000000000000060E+0	-109.324319982965330E+0	9.004018510414244E+0
495.000000000000060E+0	-55.373004887707722E+0	6.180425165556867E+0
496.000000000000060E+0	-61.879377774294184E+0	13.747815524853710E+0
497.000000000000060E+0	-84.945891021470004E+0	16.811467502041808E+0
498.000000000000060E+0	-154.974297545218040E+0	27.986920589203187E+0
499.000000000000060E+0	-107.870786983586340E+0	26.267607816997071E+0
500.000000000000060E+0	-34.758496405708286E+0	11.639178011738277E+0
501.000000000000060E+0	-60.031176630671396E+0	10.287177999692922E+0
502.000000000000060E+0	-161.239150163355190E+0	34.640335650336773E+0
503.000000000000060E+0	-82.675174693694316E+0	15.626781060363177E+0
504.000000000000060E+0	-46.308101326057759E+0	17.574234099624807E+0
505.000000000000060E+0	-57.920930496781672E+0	27.704636832530639E+0
506.000000000000060E+0	-51.039311237624339E+0	7.985822592190085E+0
507.000000000000060E+0	-115.559023932635200E+0	38.984091428644085E+0
508.000000000000060E+0	-64.893846857959801E+0	27.658216411281341E+0
509.000000000000060E+0	-45.967119837569257E+0	24.128906374197498E+0
510.000000000000060E+0	-22.215429812330761E+0	8.682905940627272E+0
511.000000000000060E+0	-79.020309560270959E+0	25.692754013498689E+0
512.000000000000110E+0	-79.620203654294158E+0	42.586222318086293E+0
513.000000000000110E+0	-27.826120874406531E+0	22.936861014360140E+0
514.000000000000110E+0	-32.643106610529323E+0	15.210505331940123E+0
515.000000000000110E+0	-31.034665014096468E+0	5.339028366244727E+0
516.000000000000110E+0	-21.623922831557330E+0	13.777302266033388E+0
517.000000000000110E+0	-44.286982954081253E+0	27.390759172376267E+0
518.000000000000110E+0	-29.314541815113138E+0	11.922164105915847E+0
519.000000000000110E+0	-8.570606011849984E+0	2.671748899886039E+0
520.000000000000110E+0	-43.306237927524513E+0	-16.067633522147517E+0
521.000000000000110E+0	-57.514023248198121E+0	-47.645741981917226E+0
522.000000000000110E+0	-40.034122628551735E+0	-37.760161059696429E+0
523.000000000000110E+0	-26.349422285682202E+0	-26.402050330773875E+0
524.000000000000110E+0	-30.010049531566750E+0	-27.353778986498980E+0
525.000000000000110E+0	-101.758915709412870E+0	-39.936052116128998E+0
526.000000000000110E+0	-149.349010976815120E+0	-29.899902634393634E+0
527.000000000000110E+0	-109.000878381515090E+0	-21.721132240828162E+0
528.000000000000110E+0	-78.278345915147653E+0	520.957581282286640E-3
529.000000000000110E+0	-43.039045523029422E+0	5.344183216187458E+0
530.000000000000110E+0	-211.775407606066890E+0	27.321089339082210E+0
531.000000000000110E+0	-144.384626727189840E+0	25.065145071074831E+0
532.000000000000110E+0	-34.543162390260385E+0	14.322918201216089E+0
533.000000000000110E+0	-63.549247835531716E+0	13.898088090238238E+0
534.000000000000110E+0	-68.096511274481685E+0	19.435057601185477E+0
535.000000000000110E+0	-95.492594871603103E+0	56.377470678272914E+0
536.000000000000110E+0	-91.956739699271637E+0	68.155380286321431E+0
537.000000000000110E+0	-53.950858943387082E+0	46.807343320545989E+0
538.000000000000110E+0	-41.166669555471650E+0	24.178952991400479E+0
539.000000000000110E+0	-139.182649657265130E+0	39.686684431307015E+0
540.000000000000110E+0	-99.374928804481726E+0	51.114776122548122E+0
541.000000000000110E+0	-62.974649821207990E+0	58.270529456985891E+0
542.000000000000110E+0	-22.242705883679541E+0	9.187370801904507E+0
543.000000000000110E+0	-43.829600189215910E+0	48.162888754937811E+0
544.000000000000110E+0	-74.630711138266477E+0	100.122237229615340E+0
545.000000000000110E+0	-57.618301719475497E+0	49.753412369404863E+0
546.000000000000110E+0	-46.838950186761942E+0	51.469747498215966E+0
547.000000000000110E+0	-25.482705824930878E+0	33.047331058689735E+0
548.000000000000110E+0	-41.546810703331033E+0	29.981500913508700E+0
549.000000000000110E+0	-129.278003376924460E+0	108.932923490188360E+0
550.000000000000110E+0	-72.134092075903354E+0	53.292766836904960E+0
551.000000000000110E+0	-27.398402803073630E+0	9.117665894609740E+0
552.000000000000110E+0	-28.177969537285879E+0	27.675471332745111E+0
553.000000000000110E+0	-73.580770480242563E+0	73.599770758045125E+0
554.000000000000110E+0	-104.210723851252010E+0	91.997727495762973E+0
555.000000000000110E+0	-35.246668116102967E+0	36.463112848681575E+0
556.000000000000110E+0	-38.531456595770138E+0	56.629804045375657E+0
557.000000000000110E+0	-38.019164852184559E+0	43.554792603385046E+0
558.000000000000110E+0	-81.508854035837075E+0	119.139815701425310E+0
559.000000000000110E+0	-85.506513824051382E+0	159.145920670894750E+0
560.000000000000110E+0	-32.758059520048604E+0	70.465221461147294E+0
561.000000000000110E+0	-2.299504460954455E+0	17.387814141345569E+0
562.000000000000110E+0	2.159801513345681E+0	156.711103472920800E+0
563.000000000000110E+0	16.097512947142384E+0	125.327907286626130E+0
564.000000000000110E+0	20.443479453707326E+0	69.193972970894109E+0
565.000000000000110E+0	13.100593194541929E+0	76.851842606057346E+0
566.000000000000110E+0	-923.932414166334200E-3	28.739092744507275E+0
567.000000000000110E+0	3.526720435583846E+0	86.802323186918286E+0
568.000000000000110E+0	-4.732556937852705E+0	79.767698146562367E+0
569.000000000000110E+0	-1.748642499331676E+0	36.112675345709036E+0
570.000000000000110E+0	1.300960734520551E+0	4.826462882425273E+0
571.000000000000110E+0	19.404229553383043E+0	23.445432517666628E+0
572.000000000000110E+0	21.533829909684162E+0	60.550570785846368E+0
573.000000000000110E+0	1.217526243516593E+0	36.578318426998493E+0
574.000000000000110E+0	-3.869906033167974E+0	9.543762422512687E+0
575.000000000000110E+0	-7.988668476186189E+0	14.483643262755169E+0
576.000000000000110E+0	-8.890161051730002E+0	16.985374019055051E+0
577.000000000000110E+0	-38.586674748248683E+0	39.471084641033720E+0
578.000000000000110E+0	-38.656279835494630E+0	34.616199512330304E+0
579.000000000000110E+0	-9.539603405794434E+0	11.071107956529319E+0
580.000000000000110E+0	-8.790527625405293E+0	20.376734246519582E+0
581.000000000000110E+0	-46.059839169631090E+0	101.605243263667290E+0
582.000000000000110E+0	-43.354166343330327E+0	95.805334027802374E+0
583.000000000000110E+0	-31.950497826134189E+0	50.702483287100946E+0
584.000000000000110E+0	-27.665887361245893E+0	38.552784928744686E+0
585.000000000000110E+0	-25.462123605052820E+0	52.190554287797376E+0
586.000000000000110E+0	-23.041069028970590E+0	126.175553422285890E+0
587.000000000000110E+0	7.077977406929283E+0	116.895236698662330E+0
588.000000000000110E+0	18.049919928885096E+0	130.942491041642060E+0
589.000000000000110E+0	4.819524792893889E+0	28.898823675612213E+0
590.000000000000110E+0	61.988397296442358E+0	164.844184061730030E+0
591.000000000000110E+0	136.628149293603800E+0	235.065469031470630E+0
592.000000000000110E+0	67.482576066970267E+0	81.421077207214125E+0
593.000000000000110E+0	32.336529249253203E+0	44.218749601081292E+0
594.000000000000110E+0	54.365931558195882E+0	44.935012796430861E+0
595.000000000000110E+0	89.795221298033894E+0	41.872822885774873E+0
596.000000000000110E+0	126.411789892731690E+0	44.748349911575247E+0
597.000000000000110E+0	100.538917099905720E+0	25.329172181451508E+0
598.000000000000110E+0	39.095153152409679E+0	10.995255779736482E+0
599.000000000000110E+0	62.960433131424111E+0	30.700148640403079E+0
600.000000000000110E+0	116.416042308325320E+0	27.352831798606218E+0
601.000000000000110E+0	110.497510040881220E+0	1.783562969405151E+0
602.000000000000110E+0	26.822443352351495E+0	-9.228612446954907E+0
603.000000000000110E+0	53.003072273419320E+0	-4.668243073014023E+0
604.000000000000110E+0	102.254822891500920E+0	-1.853457940085249E+0
605.000000000000110E+0	91.262938337830306E+0	-12.286985664168672E+0
606.000000000000110E+0	65.078320985680463E+0	-18.233090224533640E+0
607.000000000000110E+0	64.953544079402505E+0	-25.262836693239791E+0
608.000000000000110E+0	16.959749016757129E+0	-1.980820586586168E+0
609.000000000000110E+0	121.220570330636480E+0	-55.535538568953861E+0
610.000000000000110E+0	95.542279853123048E+0	-57.169330494990973E+0
611.000000000000110E+0	28.793467848258558E+0	-29.687267872210175E+0
612.000000000000110E+0	20.271258626804176E+0	-21.308704529531010E+0
613.000000000000110E+0	56.519749553552401E+0	-44.374521376395386E+0
614.000000000000110E+0	88.204905157401669E+0	-61.047583735470212E+0
615.000000000000110E+0	53.044888801558613E+0	-32.638209551133031E+0
616.000000000000110E+0	25.064902267650289E+0	-24.944910383996213E+0
617.000000000000110E+0	11.030529438599725E+0	-24.423324010408997E+0
618.000000000000110E+0	37.389332870287468E+0	-49.585041137495239E+0
619.000000000000110E+0	78.982725576162352E+0	-99.688222751083813E+0
620.000000000000110E+0	62.224275585203102E+0	-75.974491096918271E+0
621.000000000000110E+0	5.345933104075330E+0	-11.428372647280167E+0
622.000000000000110E+0	32.290319240451240E+0	-62.569526951000604E+0
623.000000000000110E+0	62.080450537971934E+0	-114.680782377492310E+0
624.000000000000110E+0	39.801230313732780E+0	-68.116213507264774E+0
625.000000000000110E+0	33.360728339340326E+0	-51.617060149816403E+0
626.000000000000110E+0	10.826360733979055E+0	-30.313744521705235E+0
627.000000000000110E+0	13.052113670689115E+0	-46.088606356244178E+0
628.000000000000110E+0	60.597733736651264E+0	-140.377319753878740E+0
629.000000000000110E+0	49.401334433134174E+0	-102.491202106431530E+0
630.000000000000110E+0	15.765744999435682E+0	-38.481542445880521E+0
631.000000000000110E+0	-1.494260909104839E+0	-36.195582912995562E+0
632.000000000000110E+0	54.423190389737876E+0	-155.421457638305530E+0
633.000000000000110E+0	82.746351456902388E+0	-212.237940737511050E+0
634.000000000000110E+0	33.408878597142731E+0	-65.939899403413975E+0
635.000000000000110E+0	33.825883900800498E+0	-75.835015632823570E+0
636.000000000000110E+0	4.755829619275373E+0	-49.119759794930800E+0
637.000000000000110E+0	24.713986699429785E+0	-196.468305491167200E+0
638.000000000000110E+0	39.069045200589244E+0	-302.625151556819960E+0
639.000000000000110E+0	19.074411207275656E+0	-207.524067464014990E+0
640.000000000000110E+0	-4.259862877122644E+0	-21.275405405083056E+0
641.000000000000110E+0	-75.583194294600148E+0	-298.496947924385720E+0
642.000000000000110E+0	-113.560369839448340E+0	-399.770203588047140E+0
643.000000000000110E+0	-72.580328219996488E+0	-275.015213572873390E+0
644.000000000000110E+0	-36.606211136583617E+0	-162.845825703980490E+0
645.000000000000110E+0	-41.546932727885384E+0	-83.499353195268313E+0
646.000000000000110E+0	-192.592399750189660E+0	-210.963263111348710E+0
647.000000000000110E+0	-273.820884582089550E+0	-291.366076935191240E+0
648.000000000000110E+0	-272.505929870300120E+0	-263.897264506990890E+0
649.000000000000110E+0	-108.090975049815030E+0	-100.469908529106700E+0
650.000000000000110E+0	-80.478720428317842E+0	-27.189480000786819E+0
651.000000000000110E+0	-624.517980091201250E+0	-225.758798744900500E+0
652.000000000000110E+0	-508.817856338563960E+0	-145.187739192429890E+0
653.000000000000110E+0	-107.693945918934060E+0	-29.671938945696450E+0
654.000000000000110E+0	-199.905149427680070E+0	-12.912453568434975E+0
655.000000000000110E+0	-188.666341448291060E+0	11.358555172875253E+0
656.000000000000110E+0	-379.647033559416290E+0	46.450585235524258E+0
657.000000000000110E+0	-382.077620953437530E+0	64.099080065116482E+0
658.000000000000110E+0	-155.366564750811560E+0	33.675719661381784E+0
659.000000000000110E+0	-50.020419655006371E+0	10.853208165912262E+0
660.000000000000110E+0	-299.478973325589610E+0	119.218278388789670E+0
661.000000000000110E+0	-380.481889736835970E+0	176.190714933432330E+0
662.000000000000110E+0	-194.621016374367910E+0	107.619777256835850E+0
663.000000000000110E+0	-76.050514549002898E+0	38.862195221585367E+0
664.000000000000110E+0	-149.866202903846560E+0	97.085208907107429E+0
665.000000000000110E+0	-336.991481302831000E+0	242.792289372306360E+0
666.000000000000110E+0	-179.625708198462040E+0	153.788636203162270E+0
667.000000000000110E+0	-291.340280169509530E+0	256.457666131943540E+0
668.000000000000110E+0	-60.598848990363237E+0	56.805898587439536E+0
669.000000000000110E+0	-165.836880211771530E+0	202.523575349254510E+0
670.000000000000110E+0	-361.338417090736470E+0	546.637397045035870E+0
671.000000000000110E+0	-158.225092095586010E+0	295.661190314857320E+0
672.000000000000110E+0	-39.587005699015798E+0	95.899004755222421E+0
673.000000000000110E+0	-60.069167711760031E+0	186.260401920879530E+0
674.000000000000110E+0	-47.845081290993519E+0	305.320275863532570E+0
675.000000000000110E+0	3.114317741672727E+0	494.273230797420070E+0
676.000000000000110E+0	56.737183325988475E+0	262.303557857495720E+0
677.000000000000110E+0	70.096719945503963E+0	176.644130277128480E+0
678.000000000000110E+0	54.370360636956796E+0	105.316758321063700E+0
679.000000000000110E+0	252.186531276538370E+0	311.570098625359550E+0
680.000000000000110E+0	366.798268533904720E+0	300.551917506028640E+0
681.000000000000110E+0	127.265935667145640E+0	62.074511294339366E+0
682.000000000000110E+0	47.039434303041425E+0	32.100892248202442E+0
683.000000000000110E+0	174.983743707947810E+0	72.816239492911436E+0
684.000000000000110E+0	138.982004413900230E+0	34.781768874607508E+0
685.000000000000110E+0	67.542949957974201E+0	1.439196532010929E+0
686.000000000000110E+0	65.111170785238357E+0	8.603171872330991E+0
687.000000000000110E+0	6.732305123813594E+0	-3.486329974670395E+0
688.000000000000110E+0	80.516372364439420E+0	4.859446140378056E+0
689.000000000000110E+0	94.056288678554765E+0	21.123375032935389E+0
690.000000000000110E+0	41.629953439085398E+0	17.811614156580518E+0
691.000000000000110E+0	10.944715755402232E+0	8.632431496103042E+0
692.000000000000110E+0	14.308083606753524E+0	14.123936248348670E+0
693.000000000000110E+0	22.632122789946042E+0	45.105717893996143E+0
694.000000000000110E+0	1.336706339109760E+0	15.033262229631982E+0
695.000000000000110E+0	4.949146576263678E+0	5.003407362130874E+0
696.000000000000110E+0	6.178967678613823E+0	5.720856166441573E+0
697.000000000000110E+0	15.852558684026002E+0	10.623092146908771E+0
698.000000000000110E+0	31.477636094437067E+0	58.047389125445967E+0
699.000000000000110E+0	37.829110478922054E+0	77.103716212093545E+0
700.000000000000110E+0	11.622830898236742E+0	24.100791984706383E+0
701.000000000000110E+0	-6.644520667769799E+0	15.747808577982250E+0
702.000000000000110E+0	16.700679935232852E+0	61.929219638768110E+0
703.000000000000110E+0	12.396875952127040E+0	66.195400950937653E+0
704.000000000000110E+0	6.147076714424395E+0	22.361274966044615E+0
705.000000000000110E+0	13.995999471289696E+0	14.208332554673396E+0
706.000000000000110E+0	18.041464919187405E+0	12.735956462214833E+0
707.000000000000110E+0	51.323039608914044E+0	43.345882203687680E+0
708.000000000000110E+0	47.548400697350573E+0	33.949052404926498E+0
709.000000000000110E+0	33.661828532241017E+0	28.335056564657641E+0
710.000000000000110E+0	4.346005237967793E+0	6.448681320913847E+0
711.000000000000110E+0	13.716287065056798E+0	10.314471927996976E+0
712.000000000000110E+0	23.953845540486679E+0	2.096544128428731E+0
713.000000000000110E+0	6.037926589967858E+0	-8.466956448852853E+0
714.000000000000110E+0	8.687630877827356E+0	-4.523669739047128E+0
715.000000000000110E+0	9.099458534348626E+0	-6.882901708161032E+0
716.000000000000110E+0	14.739547227678150E+0	6.165472830372310E+0
717.000000000000110E+0	6.757186989916778E+0	18.349488931142844E+0
718.000000000000110E+0	431.998854027253190E-3	19.241040974442967E+0
719.000000000000110E+0	-5.168385303638503E+0	11.165120814941080E+0
720.000000000000110E+0	-15.266652738680781E+0	6.269540562992660E+0
721.000000000000110E+0	-41.378053490629753E+0	35.808682821493413E+0
722.000000000000110E+0	-40.002807938838622E+0	31.242678534134523E+0
723.000000000000110E+0	-12.586268833691445E+0	11.351275021939752E+0
724.000000000000110E+0	-2.743013463699106E+0	12.939355718967326E+0
725.000000000000110E+0	-6.757549424108769E+0	60.062962760491885E+0
726.000000000000110E+0	-4.453131655325199E+0	63.516079799028851E+0
727.000000000000110E+0	-8.221004035069093E+0	79.176306338973390E+0
728.000000000000110E+0	3.697242749074178E+0	45.435636569653781E+0
729.000000000000110E+0	-2.425519571926224E+0	3.881420820927982E+0
730.000000000000110E+0	50.710739500097425E+0	79.420250845918730E+0
731.000000000000110E+0	70.824666928134761E+0	80.102841064294694E+0
732.000000000000110E+0	22.455075798515480E+0	7.882576709237571E+0
733.000000000000110E+0	31.996892978902554E+0	17.196242469686354E+0
734.000000000000110E+0	19.953853520629934E+0	18.196964307004244E+0
735.000000000000110E+0	38.849827628375479E+0	38.958227607404510E+0
736.000000000000110E+0	11.988092369534330E+0	24.372011335487297E+0
737.000000000000110E+0	5.013835337061101E+0	6.426581099976948E+0
738.000000000000110E+0	2.224601657675135E+0	4.581057805654813E+0
739.000000000000110E+0	-24.313627336458012E-3	3.132087197460699E+0
740.000000000000110E+0	16.848119874961331E+0	8.670560586771938E+0
741.000000000000110E+0	18.338337614187154E+0	12.560912978296406E+0
742.000000000000110E+0	5.867693759278404E+0	1.024852122463057E+0
743.000000000000110E+0	3.887263896220611E+0	33.061829234555226E+0
744.000000000000110E+0	-1.270666173780669E+0	39.176590302129753E+0
745.000000000000110E+0	4.651972237866149E+0	25.498202766483239E+0
746.000000000000110E+0	-6.200661012453198E+0	30.449945451197685E+0
747.000000000000110E+0	-1.440987680751530E+0	7.176363783015660E+0
748.000000000000110E+0	-994.753818574508510E-3	9.486343174884340E+0
749.000000000000110E+0	-2.232027233402512E+0	23.762593695088512E+0
750.000000000000110E+0	12.772693216583637E+0	14.462824142234169E+0
751.000000000000110E+0	7.981721684845667E+0	9.611465173821554E+0
752.000000000000110E+0	591.771149072860550E-3	8.938839189195996E+0
753.000000000000110E+0	-10.198719273989344E+0	23.126217449794655E+0
754.000000000000110E+0	-8.346489403288379E+0	26.008671527359809E+0
755.000000000000110E+0	1.961264698220818E+0	9.518001139819980E+0
756.000000000000110E+0	4.016739376909464E+0	17.638363519828907E+0
757.000000000000110E+0	-21.158926699200276E-3	13.862772110809468E+0
758.000000000000110E+0	-13.274375999018243E+0	22.517849552093274E+0
759.000000000000110E+0	-14.152791417241295E+0	45.559190889013621E+0
760.000000000000110E+0	1.959035155840770E+0	20.293216342214329E+0
761.000000000000110E+0	-3.805108879918501E+0	4.988119779232017E+0
762.000000000000110E+0	-5.654364971845589E+0	20.600448843834290E+0
763.000000000000110E+0	-1.734034223414166E+0	41.850598301001035E+0
764.000000000000110E+0	-883.498491389391070E-3	26.807061347918864E+0
765.000000000000110E+0	-7.218505096450822E+0	23.013495237845309E+0
766.000000000000110E+0	-3.368751481973304E+0	4.532911987595059E+0
767.000000000000110E+0	-2.455224269062634E+0	24.381821758085191E+0
768.000000000000110E+0	-11.635098367066323E+0	35.248939983579739E+0
769.000000000000110E+0	-11.092338323439570E+0	35.214321840854424E+0
770.000000000000110E+0	-6.281054988162643E+0	15.165084687713076E+0
771.000000000000110E+0	-183.605962942151120E-3	2.314480289001990E+0
772.000000000000110E+0	-4.092576021497319E+0	44.503671302813153E+0
773.000000000000110E+0	-11.216800391279097E+0	34.504934915750738E+0
774.000000000000110E+0	1.957465317784992E+0	7.704054691566910E+0
775.000000000000110E+0	2.119261681915158E+0	21.896395054612121E+0
776.000000000000110E+0	-1.779505127769754E+0	25.573700961253316E+0
777.000000000000110E+0	-41.239315054823564E+0	63.092892629594189E+0
778.000000000000110E+0	-47.165047987319525E+0	62.573133804864355E+0
779.000000000000110E+0	-7.739456743603182E+0	21.284763167840143E+0
780.000000000000110E+0	-7.232702506159851E+0	8.231048522234072E+0
781.000000000000110E+0	-18.326346811947065E+0	51.136698527635190E+0
782.000000000000110E+0	-11.941035511501104E+0	73.019958790217458E+0
783.000000000000110E+0	6.434981443127754E+0	36.384427303874034E+0
784.000000000000110E+0	9.345965371061357E+0	32.561589822635980E+0
785.000000000000110E+0	-10.098982187076896E+0	51.075710893649060E+0
786.000000000000110E+0	2.050966418412159E+0	75.729098719480362E+0
787.000000000000110E+0	27.005485369496476E+0	88.501111802144592E+0
788.000000000000110E+0	37.871148719967110E+0	104.381311843736260E+0
789.000000000000110E+0	11.950639171070520E+0	40.824395059875378E+0
790.000000000000110E+0	16.552100738409763E+0	21.784587250749574E+0
791.000000000000110E+0	98.188157066669191E+0	114.976138741231050E+0
792.000000000000110E+0	41.374985572165279E+0	47.817455957563453E+0
793.000000000000110E+0	18.101870045897861E+0	21.357848697811729E+0
794.000000000000110E+0	15.573470162297246E+0	17.586264884350662E+0
795.000000000000110E+0	49.240375486896859E+0	38.899082437817285E+0
796.000000000000110E+0	67.247112508860027E+0	69.650260839206680E+0
797.000000000000110E+0	50.994602886885175E+0	76.063038013722661E+0
798.000000000000110E+0	13.732380303670277E+0	28.141959332152293E+0
799.000000000000110E+0	15.914933146977578E+0	16.778240471225242E+0
800.000000000000110E+0	75.840937997689551E+0	83.991097689539259E+0
801.000000000000110E+0	110.403050500991370E+0	133.418986155913220E+0
802.000000000000110E+0	21.656564915566129E+0	40.482571058416774E+0
803.000000000000110E+0	16.063707892225828E+0	5.260276478306643E+0
804.000000000000110E+0	67.369899901880416E+0	40.936403423229152E+0
805.000000000000110E+0	65.431322017141198E+0	43.576895008373782E+0
806.000000000000110E+0	58.426007547776237E+0	28.362065950254156E+0
807.000000000000110E+0	64.467352024829822E+0	15.694507047455840E+0
808.000000000000110E+0	8.899165451091976E+0	3.513669644544001E+0
809.000000000000110E+0	64.604834323461787E+0	19.514491903446665E+0
810.000000000000110E+0	108.747073087215000E+0	19.916668268403733E+0
811.000000000000110E+0	47.219160386460899E+0	11.308807819834286E+0
812.000000000000110E+0	14.491451327965351E+0	5.317563854332861E+0
813.000000000000110E+0	19.357348043470687E+0	2.256744020154352E+0
814.000000000000110E+0	87.399909882982712E+0	-4.377384413010541E+0
815.000000000000110E+0	68.977463003787818E+0	-8.068367783666419E+0
816.000000000000110E+0	42.676139871124036E+0	105.573124591026700E-3
817.000000000000110E+0	28.680298878391920E+0	-3.780209548163202E+0
818.000000000000110E+0	16.458267184370641E+0	-2.294170807257409E+0
819.000000000000110E+0	65.761058003374103E+0	-18.592506643618748E+0
820.000000000000110E+0	50.774805391282690E+0	-19.520054614922998E+0
821.000000000000110E+0	6.949099658086928E+0	-5.936178964138498E+0
822.000000000000110E+0	15.560878178442881E+0	-6.382637276347117E+0
823.000000000000110E+0	41.202131997704583E+0	-13.371592564007020E+0
824.000000000000110E+0	24.956101518094435E+0	-6.435640978097476E+0
825.000000000000110E+0	21.166653442831294E+0	-6.337369819172584E+0
826.000000000000110E+0	9.719068285839297E+0	-3.381559949883928E+0
827.000000000000110E+0	8.434924944481679E+0	1.961373969271286E+0
828.000000000000110E+0	17.223038929809938E+0	-82.199481035686597E-3
829.000000000000110E+0	18.295437592708147E+0	-4.789771667807388E+0
830.000000000000110E+0	9.134187386005598E+0	-4.470987418154031E+0
831.000000000000110E+0	1.574420084376792E+0	-1.317144489902150E+0
832.000000000000110E+0	15.192925317103311E+0	-3.701646381558652E+0
833.000000000000110E+0	27.628280007330368E+0	-8.108050915606059E+0
834.000000000000110E+0	6.904157669582125E+0	-3.434318397973112E+0
835.000000000000110E+0	9.296333372384925E+0	-997.864267245799570E-3
836.000000000000110E+0	3.614071529073321E+0	159.231174923572000E-3
837.000000000000110E+0	7.169601710123689E+0	-2.310486906056158E+0
838.000000000000110E+0	20.884065862093784E+0	1.915416252692224E+0
839.000000000000110E+0	8.357990018755860E+0	5.931554404447008E+0
840.000000000000110E+0	-928.405641088622560E-3	2.179274223080839E+0
841.000000000000110E+0	2.440010251947207E+0	-4.071751952942580E+0
842.000000000000110E+0	11.226854658182390E+0	-972.039563293411230E-3
843.000000000000110E+0	7.512913163631504E+0	4.250153192276072E+0
844.000000000000110E+0	1.113575760817942E+0	1.711031830259110E+0
845.000000000000110E+0	3.730384938356772E+0	1.358678053354586E+0
846.000000000000110E+0	3.937677831856510E+0	10.943898673212832E+0
847.000000000000110E+0	-666.839609283624070E-3	15.560717785701801E+0
848.000000000000110E+0	-7.548306846415845E+0	17.230343839936474E+0
849.000000000000110E+0	-4.285856996819302E+0	8.147390266284591E+0
850.000000000000110E+0	-1.340422685590550E+0	324.484077631402130E-3
851.000000000000110E+0	-12.090364879914544E+0	7.321949966641265E+0
852.000000000000110E+0	-7.094295378653989E+0	-334.997244189817080E-3
853.000000000000110E+0	3.552748437575379E+0	-2.167247524493759E+0
854.000000000000110E+0	4.351837873601069E+0	9.700625827638435E+0
855.000000000000110E+0	-2.667679596728512E+0	10.311472175622926E+0
856.000000000000110E+0	-15.635677861456392E+0	14.730289851735211E+0
857.000000000000110E+0	-11.843460478194554E+0	16.077183235007844E+0
858.000000000000110E+0	-6.488818023084261E+0	14.185873994013928E+0
859.000000000000110E+0	-5.479459249497398E+0	7.063749476103911E+0
860.000000000000110E+0	-19.159575630215421E+0	13.914002924857010E+0
861.000000000000110E+0	-64.812615309152306E+0	54.695746440224823E+0
862.000000000000110E+0	-31.039877661223262E+0	28.614503741308464E+0
863.000000000000110E+0	-3.190942812055185E+0	6.174993320274178E+0
864.000000000000110E+0	-15.698833623678226E+0	24.982882982447784E+0
865.000000000000110E+0	-38.267076863664798E+0	53.213862507088528E+0
866.000000000000110E+0	-26.934998789469841E+0	44.099590199000026E+0
867.000000000000110E+0	-43.250745499480651E+0	81.415088235854029E+0
868.000000000000110E+0	-15.750009659984562E+0	28.580583094744156E+0
869.000000000000110E+0	-8.469664063211988E+0	33.655546438039401E+0
870.000000000000110E+0	-75.753199105008065E+0	219.588679972286630E+0
871.000000000000110E+0	-47.536952413310615E+0	155.414512499713650E+0
872.000000000000110E+0	-20.979333297923574E+0	75.105616482276247E+0
873.000000000000110E+0	605.763076519453270E-3	27.031208249985486E+0
874.000000000000110E+0	10.774945404395348E+0	169.916361594213040E+0
875.000000000000110E+0	33.060434991847124E+0	302.387019419502450E+0
876.000000000000110E+0	42.121550756287561E+0	176.113720497399070E+0
877.000000000000110E+0	67.691251097133644E+0	185.154875758962760E+0
878.000000000000110E+0	21.702206783795162E+0	51.112915696074978E+0
879.000000000000110E+0	158.504717864259620E+0	183.901631864971620E+0
880.000000000000110E+0	495.846148648497430E+0	427.838120049263470E+0
881.000000000000110E+0	247.095258547277350E+0	171.351066583023590E+0
882.000000000000110E+0	39.786146360841514E+0	24.711658427603972E+0
883.000000000000110E+0	229.486911181354970E+0	59.620530718999497E+0
884.000000000000110E+0	319.477843508175620E+0	50.096903701807804E+0
885.000000000000110E+0	259.828664605414020E+0	18.681856821582969E+0
886.000000000000110E+0	186.250880140399830E+0	1.418470305147051E+0
887.000000000000110E+0	77.097524895208906E+0	222.974436849091850E-3
888.000000000000110E+0	156.071253064545860E+0	-5.966163410411058E+0
889.000000000000110E+0	331.668830233127100E+0	-52.058113343271984E+0
890.000000000000110E+0	210.659385848217510E+0	-48.737026406371392E+0
891.000000000000110E+0	71.609006449951494E+0	-25.552392376937867E+0
892.000000000000110E+0	66.143748992199747E+0	-17.778898264294249E+0
893.000000000000110E+0	340.120381177149680E+0	-111.438493354854400E+0
894.000000000000110E+0	176.196075070968500E+0	-64.999074379827832E+0
895.000000000000110E+0	78.079337809635419E+0	-27.922254891553685E+0
896.000000000000110E+0	79.867545933014028E+0	-39.532867744520203E+0
897.000000000000110E+0	32.147586224478211E+0	-23.516605944009857E+0
898.000000000000110E+0	186.361695906418820E+0	-142.432982779700580E+0
899.000000000000110E+0	194.970035475970720E+0	-175.724824392044840E+0
900.000000000000110E+0	54.418047507361805E+0	-58.050151559384105E+0
901.000000000000110E+0	25.178464947698092E+0	-15.246300371086656E+0
902.000000000000110E+0	122.478902843008970E+0	-104.556126868023130E+0
903.000000000000110E+0	151.853832701262770E+0	-146.330196154937650E+0
904.000000000000110E+0	68.652563234883331E+0	-68.369926229805245E+0
905.000000000000110E+0	18.685930095726228E+0	-26.357390122661268E+0
906.000000000000110E+0	22.487950219700885E+0	-49.231198816790531E+0
907.000000000000110E+0	33.000366454415506E+0	-83.558903448150119E+0
908.000000000000110E+0	45.827723849950935E+0	-169.682306461108790E+0
909.000000000000110E+0	32.160762073393542E+0	-156.879506873824910E+0
910.000000000000110E+0	7.432623030810835E+0	-29.365418246933086E+0
911.000000000000110E+0	16.035737902527590E+0	-53.680419765902137E+0
912.000000000000110E+0	30.985584410300202E+0	-210.095508610047010E+0
913.000000000000110E+0	4.880889054695195E+0	-73.992326076385368E+0
914.000000000000110E+0	-9.861410845773671E+0	-26.586440194023282E+0
915.000000000000110E+0	-17.947588725014690E+0	-33.454570300819817E+0
916.000000000000110E+0	-13.720245015330502E+0	-53.916854583845620E+0
917.000000000000110E+0	-28.492343140342836E+0	-133.827852589892050E+0
918.000000000000110E+0	-20.068576080097323E+0	-96.215976100381482E+0
919.000000000000110E+0	-10.360451557263312E+0	-51.943445788842801E+0
920.000000000000110E+0	3.047098205259946E+0	-14.451088827910690E+0
921.000000000000110E+0	18.540995470788857E+0	-110.766710747421070E+0
922.000000000000110E+0	18.449664115300202E+0	-131.864379905131670E+0
923.000000000000110E+0	14.590340381611488E+0	-44.200219999122268E+0
924.000000000000110E+0	-9.366723656740660E+0	-9.008993440988359E+0
925.000000000000110E+0	-25.719734538134276E+0	-53.286113261427147E+0
926.000000000000110E+0	-23.484545154285687E+0	-69.715802405084446E+0
927.000000000000110E+0	-34.732486833644103E+0	-111.556203805299450E+0
928.000000000000110E+0	-26.067651919423419E+0	-92.282215966628954E+0
929.000000000000110E+0	-6.526763079991750E+0	-13.968617999417521E+0
930.000000000000110E+0	-13.861054552228117E+0	-109.590528988334060E+0
931.000000000000110E+0	-37.098699770448626E+0	-189.092636101924740E+0
932.000000000000110E+0	-9.908093001722010E+0	-97.191908437865393E+0
933.000000000000110E+0	7.145686325404194E+0	-32.331570936298206E+0
934.000000000000110E+0	-3.811134669977971E+0	-20.242561516876908E+0
935.000000000000110E+0	-53.118079123985709E+0	-63.898940137858347E+0
936.000000000000110E+0	-68.962147940950331E+0	-81.822607664642462E+0
937.000000000000110E+0	-43.926114535986969E+0	-58.659087114300405E+0
938.000000000000110E+0	-32.614965047161505E+0	-43.007320785025016E+0
939.000000000000110E+0	-7.144462360588591E+0	-22.146079665863802E+0
940.000000000000110E+0	-92.910028653721099E+0	-123.014805700700020E+0
941.000000000000110E+0	-86.517630953657175E+0	-97.650800372470059E+0
942.000000000000110E+0	-11.467954596454394E+0	-21.348570698726597E+0
943.000000000000110E+0	-16.454893981030484E+0	-20.203915635509379E+0
944.000000000000110E+0	-55.840228719004038E+0	-36.890882933466507E+0
945.000000000000110E+0	-44.415067508715509E+0	-23.996068151045769E+0
946.000000000000110E+0	-49.705249199256414E+0	-17.988868383010363E+0
947.000000000000110E+0	-30.281952116030368E+0	-12.612322472930812E+0
948.000000000000110E+0	-8.207560513474968E+0	-14.490548979911344E+0
949.000000000000110E+0	-32.032275982601043E+0	-41.546023253484257E+0
950.000000000000110E+0	-35.083253559844650E+0	-42.227980292598303E+0
951.000000000000110E+0	-24.686255230314757E+0	-19.151651397847292E+0
952.000000000000110E+0	-7.492963772295961E+0	-8.417409952774403E+0
953.000000000000110E+0	-22.896604094644911E+0	-57.772895419571782E+0
954.000000000000110E+0	-36.890722815647258E+0	-83.369173080959086E+0
955.000000000000110E+0	-12.306194998258068E+0	-31.563581327687558E+0
956.000000000000110E+0	-18.142880685091797E+0	-29.176592416648596E+0
957.000000000000110E+0	-12.073262709221389E+0	-19.509579480872617E+0
958.000000000000110E+0	-18.078729411768361E+0	-21.830230112064449E+0
959.000000000000110E+0	-72.617406452467094E+0	-43.375102713041663E+0
960.000000000000110E+0	-35.451018259289150E+0	1.170354596474001E+0
961.000000000000110E+0	-12.196047113337722E+0	1.594250190103109E+0
962.000000000000110E+0	-42.114391490814739E+0	-32.720449114893690E+0
963.000000000000110E+0	-55.121455772095700E+0	-49.387597662022713E+0
964.000000000000110E+0	-33.758910676401413E+0	-35.081258563094750E+0
965.000000000000110E+0	-4.157823681142341E+0	-3.489187139489640E+0
966.000000000000110E+0	-11.476778905170843E+0	5.984041817888366E+0
967.000000000000110E+0	-26.834772515050055E+0	-7.346030798608967E+0
968.000000000000110E+0	-40.833651924713976E+0	-17.986823653933140E+0
969.000000000000110E+0	-36.379047835959213E+0	-20.274287164463665E+0
970.000000000000110E+0	-7.523582425431337E+0	-1.591388232173639E+0
971.000000000000110E+0	-10.409476868498260E+0	-5.418282901213888E+0
972.000000000000110E+0	-70.946604671690522E+0	-26.947530977566537E+0
973.000000000000110E+0	-45.760377612053603E+0	-13.572048810781368E+0
974.000000000000110E+0	-7.801709274785641E+0	-8.319067081966612E+0
975.000000000000110E+0	-1.978585902459357E+0	-1.704134389346111E+0
976.000000000000110E+0	-6.265617560196452E+0	3.479095986350399E+0
977.000000000000110E+0	-32.499979451908473E+0	-3.617506383486295E+0
978.000000000000110E+0	-37.512450335196810E+0	-13.062368216401913E+0
979.000000000000110E+0	-14.124472294180421E+0	-5.136105002147739E+0
980.000000000000110E+0	-2.135380700700023E+0	-2.879084428839570E+0
981.000000000000110E+0	-5.916902902605842E+0	-9.291446743494184E+0
982.000000000000110E+0	-22.624901967411681E+0	-24.109343285536390E+0
983.000000000000110E+0	-9.683887176120164E+0	-12.759609695461259E+0
984.000000000000110E+0	-817.296479917528850E-3	491.296296537120700E-3
985.000000000000110E+0	-11.601489052801734E+0	-1.780789863405926E+0
986.000000000000110E+0	-21.401378056844042E+0	-6.692028067911929E+0
987.000000000000110E+0	-31.692830412473210E+0	-15.358656706038662E+0
988.000000000000110E+0	-41.682431638762907E+0	-17.618233625860217E+0
989.000000000000110E+0	-12.400670844326051E+0	-2.464235953681136E+0
990.000000000000110E+0	-1.269330962716027E+0	1.024455879141884E+0
991.000000000000110E+0	-27.910734097579070E+0	-10.360203363942512E+0
992.000000000000110E+0	-11.358881712700853E+0	-4.720980258863799E+0
993.000000000000110E+0	-232.749777104894470E-3	644.649182106258430E-3
994.000000000000110E+0	-3.629204517298595E+0	3.804883006415997E+0
995.000000000000110E+0	-23.575601544054599E+0	-3.557908707185972E+0
996.000000000000110E+0	-35.496196394985311E+0	-5.112612623730730E+0
997.000000000000110E+0	-15.942201970670407E+0	-3.767824624635422E+0
998.000000000000110E+0	-15.527591042394016E+0	-5.859549695466827E+0
999.000000000000110E+0	-2.390457212136572E+0	1.755348225624530E+0
1.000000000000000E+3	-6.815454013786602E+0	9.837970451726672E+0
