Freq (Hz)	Coh_accelerometre /source
source
source
10.000000000000018E+0	987.459798800508710E-3
11.000000000000020E+0	993.224555301574270E-3
12.000000000000021E+0	984.930851784171610E-3
13.000000000000023E+0	976.943322449532750E-3
14.000000000000025E+0	998.800820490405080E-3
15.000000000000027E+0	998.531206435486320E-3
16.000000000000028E+0	994.484027331465790E-3
17.000000000000028E+0	999.607798377470160E-3
18.000000000000028E+0	998.049775363514470E-3
19.000000000000028E+0	998.256082988757230E-3
20.000000000000028E+0	998.733329986084770E-3
21.000000000000028E+0	998.894594048805870E-3
22.000000000000028E+0	998.236993907291260E-3
23.000000000000028E+0	999.704270103207390E-3
24.000000000000028E+0	999.446977976247600E-3
25.000000000000028E+0	999.694884356051250E-3
26.000000000000028E+0	999.893061672189830E-3
27.000000000000028E+0	999.600525999738140E-3
28.000000000000028E+0	999.378319807745940E-3
29.000000000000028E+0	998.457073490175320E-3
30.000000000000028E+0	997.639371536378720E-3
31.000000000000028E+0	999.917328021424860E-3
32.000000000000028E+0	999.655525782975900E-3
33.000000000000028E+0	999.617707107190220E-3
34.000000000000028E+0	999.711934665410530E-3
35.000000000000028E+0	999.629361583262880E-3
36.000000000000028E+0	999.132607677711610E-3
37.000000000000028E+0	988.293365829325700E-3
38.000000000000028E+0	998.160051328515040E-3
39.000000000000028E+0	999.423532762092840E-3
40.000000000000028E+0	999.367224871954060E-3
41.000000000000028E+0	999.826816557004890E-3
42.000000000000028E+0	999.932434742302310E-3
43.000000000000028E+0	999.883243541342730E-3
44.000000000000028E+0	999.630605052246320E-3
45.000000000000028E+0	999.868765345085510E-3
46.000000000000028E+0	999.889165760606270E-3
47.000000000000028E+0	999.827859134606700E-3
48.000000000000028E+0	999.803525817940740E-3
49.000000000000028E+0	999.894753758893140E-3
50.000000000000028E+0	999.910542480228150E-3
51.000000000000028E+0	999.935525519881960E-3
52.000000000000028E+0	999.880409821117030E-3
53.000000000000028E+0	999.642919879083270E-3
54.000000000000028E+0	999.819485474990550E-3
55.000000000000028E+0	999.927550143865580E-3
56.000000000000028E+0	999.916660399101540E-3
57.000000000000028E+0	999.902406899569000E-3
58.000000000000028E+0	999.116238806165620E-3
59.000000000000028E+0	999.837603114882230E-3
60.000000000000028E+0	999.979676654056630E-3
61.000000000000028E+0	999.957718049226170E-3
62.000000000000028E+0	998.858577025432460E-3
63.000000000000028E+0	999.637926034859350E-3
64.000000000000028E+0	999.800754129404500E-3
65.000000000000028E+0	999.726648837821920E-3
66.000000000000028E+0	999.790716686768670E-3
67.000000000000028E+0	999.570115693284020E-3
68.000000000000028E+0	999.742779273899100E-3
69.000000000000028E+0	999.714606457436370E-3
70.000000000000028E+0	999.779792062142400E-3
71.000000000000028E+0	999.837831204805400E-3
72.000000000000028E+0	999.901734462019580E-3
73.000000000000028E+0	999.903667340288680E-3
74.000000000000028E+0	999.942949958280920E-3
75.000000000000028E+0	999.936537860673160E-3
76.000000000000028E+0	999.840372165984650E-3
77.000000000000028E+0	999.901615533796310E-3
78.000000000000028E+0	999.941484167744640E-3
79.000000000000028E+0	999.941908772908780E-3
80.000000000000028E+0	999.632615359800190E-3
81.000000000000028E+0	999.680169007967740E-3
82.000000000000028E+0	999.877152577497430E-3
83.000000000000028E+0	999.913450670855800E-3
84.000000000000028E+0	999.623452774400010E-3
85.000000000000028E+0	997.689723078302060E-3
86.000000000000028E+0	994.549281001314230E-3
87.000000000000028E+0	999.309224834483810E-3
88.000000000000028E+0	999.882973118362050E-3
89.000000000000028E+0	999.873829240903290E-3
90.000000000000028E+0	995.225130466150800E-3
91.000000000000028E+0	999.801801329418980E-3
92.000000000000028E+0	999.806948452633180E-3
93.000000000000028E+0	999.331824678364680E-3
94.000000000000028E+0	998.961142044739180E-3
95.000000000000028E+0	996.525949154886130E-3
96.000000000000028E+0	998.759807389100310E-3
97.000000000000028E+0	999.806328091539240E-3
98.000000000000028E+0	999.711258280084450E-3
99.000000000000028E+0	999.172693941140170E-3
100.000000000000030E+0	996.185918436499170E-3
101.000000000000030E+0	999.389010217574420E-3
102.000000000000030E+0	999.006057766711590E-3
103.000000000000030E+0	990.329396830312070E-3
104.000000000000030E+0	998.857744958000390E-3
105.000000000000030E+0	995.019843868745200E-3
106.000000000000030E+0	999.646508196483710E-3
107.000000000000030E+0	999.546392394656810E-3
108.000000000000030E+0	999.235562354106150E-3
109.000000000000030E+0	994.676504889359990E-3
110.000000000000030E+0	997.954997424971400E-3
111.000000000000030E+0	998.710163646355010E-3
112.000000000000030E+0	996.685016802388630E-3
113.000000000000030E+0	994.662383483468360E-3
114.000000000000030E+0	997.882462085560310E-3
115.000000000000030E+0	998.976834624847320E-3
116.000000000000030E+0	999.423828970331440E-3
117.000000000000030E+0	998.759566260155160E-3
118.000000000000030E+0	972.736320472452290E-3
119.000000000000030E+0	996.882960794206240E-3
120.000000000000030E+0	999.111585880585460E-3
121.000000000000030E+0	999.504397889232070E-3
122.000000000000030E+0	998.551281410830490E-3
123.000000000000030E+0	999.342105545415910E-3
124.000000000000030E+0	997.951580318836350E-3
125.000000000000030E+0	999.058845317413290E-3
126.000000000000030E+0	998.572151318723460E-3
127.000000000000030E+0	997.214250720017790E-3
128.000000000000030E+0	986.971816646300180E-3
129.000000000000030E+0	998.965359905788610E-3
130.000000000000030E+0	999.455150605047080E-3
131.000000000000030E+0	999.411724611149020E-3
132.000000000000030E+0	999.096247262030830E-3
133.000000000000030E+0	999.523179085066490E-3
134.000000000000030E+0	999.848823304443020E-3
135.000000000000030E+0	999.594997640007030E-3
136.000000000000030E+0	999.436797140300650E-3
137.000000000000030E+0	998.419157758763440E-3
138.000000000000030E+0	998.898516249785870E-3
139.000000000000030E+0	999.787493903169790E-3
140.000000000000030E+0	999.611362031778690E-3
141.000000000000030E+0	999.609918190368260E-3
142.000000000000030E+0	999.841015651151350E-3
143.000000000000030E+0	999.846765770828650E-3
144.000000000000030E+0	999.849553407654250E-3
145.000000000000030E+0	999.738422822520010E-3
146.000000000000030E+0	999.281478270903410E-3
147.000000000000030E+0	998.829201466549190E-3
148.000000000000030E+0	999.684229657009430E-3
149.000000000000030E+0	999.744002781048580E-3
150.000000000000030E+0	999.446431242891010E-3
151.000000000000030E+0	998.773049263918410E-3
152.000000000000030E+0	999.169765222587940E-3
153.000000000000030E+0	999.543415215092490E-3
154.000000000000030E+0	998.622374382250650E-3
155.000000000000030E+0	999.103252587787650E-3
156.000000000000030E+0	966.465863392769850E-3
157.000000000000030E+0	998.966443710917250E-3
158.000000000000030E+0	999.565501257077880E-3
159.000000000000030E+0	999.295243282291580E-3
160.000000000000030E+0	998.720222291846540E-3
161.000000000000030E+0	999.537515996871460E-3
162.000000000000030E+0	999.850662816391790E-3
163.000000000000030E+0	999.736651503399410E-3
164.000000000000030E+0	999.333502597503530E-3
165.000000000000030E+0	998.133845106822460E-3
166.000000000000030E+0	997.515458209908060E-3
167.000000000000030E+0	999.564890771313830E-3
168.000000000000030E+0	999.480688268097770E-3
169.000000000000030E+0	998.071715337565220E-3
170.000000000000030E+0	997.832834543151190E-3
171.000000000000030E+0	998.915541466266380E-3
172.000000000000030E+0	998.422691879424230E-3
173.000000000000030E+0	995.624036167076840E-3
174.000000000000030E+0	996.627264692943830E-3
175.000000000000030E+0	998.950073358667700E-3
176.000000000000030E+0	999.587636438487800E-3
177.000000000000030E+0	999.505468816790480E-3
178.000000000000030E+0	999.453130476802620E-3
179.000000000000030E+0	995.849163549822560E-3
180.000000000000030E+0	999.245689847924940E-3
181.000000000000030E+0	999.173779735939790E-3
182.000000000000030E+0	994.439783836348010E-3
183.000000000000030E+0	997.804716873523230E-3
184.000000000000030E+0	998.992523779693280E-3
185.000000000000030E+0	999.338489108079430E-3
186.000000000000030E+0	999.442875538452680E-3
187.000000000000030E+0	999.040415377922100E-3
188.000000000000030E+0	995.552999139243330E-3
189.000000000000030E+0	998.973094800622460E-3
190.000000000000030E+0	999.632790191236410E-3
191.000000000000030E+0	999.668801062982060E-3
192.000000000000030E+0	999.139514216782930E-3
193.000000000000030E+0	998.868305109467340E-3
194.000000000000030E+0	999.308568000308650E-3
195.000000000000030E+0	999.459725402609410E-3
196.000000000000030E+0	999.514227773113270E-3
197.000000000000030E+0	999.234326496812650E-3
198.000000000000030E+0	997.697861608004000E-3
199.000000000000030E+0	999.665696747076610E-3
200.000000000000030E+0	999.430757044519560E-3
201.000000000000030E+0	999.038447333264740E-3
202.000000000000030E+0	999.108160525268410E-3
203.000000000000030E+0	998.162214378786720E-3
204.000000000000030E+0	999.566372541788040E-3
205.000000000000030E+0	999.033203497934230E-3
206.000000000000030E+0	999.232992560699420E-3
207.000000000000030E+0	999.107074244341200E-3
208.000000000000030E+0	935.584450556277040E-3
209.000000000000030E+0	951.184430142153260E-3
210.000000000000030E+0	929.224543772729890E-3
211.000000000000030E+0	964.881878240436250E-3
212.000000000000030E+0	969.952189660167160E-3
213.000000000000030E+0	995.798031074127340E-3
214.000000000000030E+0	997.656492299681340E-3
215.000000000000030E+0	975.371440560263370E-3
216.000000000000030E+0	997.784488359175880E-3
217.000000000000030E+0	997.974416148444290E-3
218.000000000000030E+0	999.304515700760730E-3
219.000000000000030E+0	998.721185590399680E-3
220.000000000000030E+0	997.454390673178540E-3
221.000000000000030E+0	996.294923422468500E-3
222.000000000000030E+0	997.807732980019790E-3
223.000000000000030E+0	998.214819774762560E-3
224.000000000000030E+0	996.990652470547080E-3
225.000000000000030E+0	998.893173812686270E-3
226.000000000000030E+0	996.967086255376780E-3
227.000000000000030E+0	998.669765048965540E-3
228.000000000000030E+0	999.124524987698660E-3
229.000000000000030E+0	997.890574458064500E-3
230.000000000000030E+0	987.400168354012790E-3
231.000000000000030E+0	997.699932356107880E-3
232.000000000000030E+0	998.942279185186410E-3
233.000000000000030E+0	998.979293748926690E-3
234.000000000000030E+0	998.879059421124980E-3
235.000000000000030E+0	993.670550866377460E-3
236.000000000000030E+0	996.509892929264950E-3
237.000000000000030E+0	998.012759281447610E-3
238.000000000000030E+0	997.752788950694750E-3
239.000000000000030E+0	983.344587952704850E-3
240.000000000000030E+0	992.152107246664580E-3
241.000000000000030E+0	997.674819533905580E-3
242.000000000000030E+0	995.249830676051220E-3
243.000000000000030E+0	985.220105339602250E-3
244.000000000000030E+0	998.419737228335770E-3
245.000000000000030E+0	998.949683156735380E-3
246.000000000000030E+0	997.787810402053780E-3
247.000000000000030E+0	985.075978027269430E-3
248.000000000000030E+0	996.276958247049650E-3
249.000000000000030E+0	998.115639898078830E-3
250.000000000000030E+0	999.200374957975090E-3
251.000000000000030E+0	990.687723403682160E-3
252.000000000000030E+0	968.097344841020830E-3
253.000000000000030E+0	948.404448383410980E-3
254.000000000000030E+0	998.764556968957830E-3
255.000000000000030E+0	999.441702146767640E-3
256.000000000000060E+0	999.066238720599630E-3
257.000000000000060E+0	988.063707134216540E-3
258.000000000000060E+0	987.409827009010370E-3
259.000000000000060E+0	995.312514784781000E-3
260.000000000000060E+0	996.808459950745520E-3
261.000000000000060E+0	995.327856522019160E-3
262.000000000000060E+0	997.779334006552160E-3
263.000000000000060E+0	998.020493636705530E-3
264.000000000000060E+0	998.493517518679650E-3
265.000000000000060E+0	997.114659669618870E-3
266.000000000000060E+0	975.072093053341750E-3
267.000000000000060E+0	994.749913578150460E-3
268.000000000000060E+0	966.587255216330930E-3
269.000000000000060E+0	997.136855323177640E-3
270.000000000000060E+0	998.151483603603730E-3
271.000000000000060E+0	993.698858727217970E-3
272.000000000000060E+0	997.334759018793310E-3
273.000000000000060E+0	996.745945675466930E-3
274.000000000000060E+0	992.790803736656070E-3
275.000000000000060E+0	993.978908892575900E-3
276.000000000000060E+0	998.061475075126100E-3
277.000000000000060E+0	995.357981435237900E-3
278.000000000000060E+0	997.068357023215390E-3
279.000000000000060E+0	998.510120751172740E-3
280.000000000000060E+0	998.235825226199250E-3
281.000000000000060E+0	997.793272505799190E-3
282.000000000000060E+0	995.662411131468800E-3
283.000000000000060E+0	997.735287015407480E-3
284.000000000000060E+0	996.277677924706780E-3
285.000000000000060E+0	997.053143114692620E-3
286.000000000000060E+0	997.574549394263490E-3
287.000000000000060E+0	995.189958252035820E-3
288.000000000000060E+0	998.522830392816640E-3
289.000000000000060E+0	997.408900834195200E-3
290.000000000000060E+0	989.655506153552470E-3
291.000000000000060E+0	995.965333763643270E-3
292.000000000000060E+0	996.869804149860820E-3
293.000000000000060E+0	994.922203696017360E-3
294.000000000000060E+0	994.044834800127620E-3
295.000000000000060E+0	995.568038453018330E-3
296.000000000000060E+0	993.091223407831180E-3
297.000000000000060E+0	993.956331408756390E-3
298.000000000000060E+0	996.827612975028640E-3
299.000000000000060E+0	996.197470106303110E-3
300.000000000000060E+0	990.415728223316470E-3
301.000000000000060E+0	996.434860103843970E-3
302.000000000000060E+0	998.349841556309350E-3
303.000000000000060E+0	994.090579650701360E-3
304.000000000000060E+0	997.828946415582280E-3
305.000000000000060E+0	994.056779886778320E-3
306.000000000000060E+0	991.591349959268340E-3
307.000000000000060E+0	996.239303269169760E-3
308.000000000000060E+0	993.427262300925590E-3
309.000000000000060E+0	987.405190924510400E-3
310.000000000000060E+0	987.540575355684740E-3
311.000000000000060E+0	995.462169062058530E-3
312.000000000000060E+0	994.282305745751940E-3
313.000000000000060E+0	982.590680496315370E-3
314.000000000000060E+0	989.835408323017310E-3
315.000000000000060E+0	995.157660615826890E-3
316.000000000000060E+0	993.949858564951550E-3
317.000000000000060E+0	996.429525232824580E-3
318.000000000000060E+0	996.122198310282260E-3
319.000000000000060E+0	986.120350964422960E-3
320.000000000000060E+0	996.317416791733690E-3
321.000000000000060E+0	996.678048900011990E-3
322.000000000000060E+0	993.071603169180190E-3
323.000000000000060E+0	995.786476523930150E-3
324.000000000000060E+0	989.678326574527370E-3
325.000000000000060E+0	997.840807131226250E-3
326.000000000000060E+0	998.158809095491370E-3
327.000000000000060E+0	997.861485895074840E-3
328.000000000000060E+0	995.800675692259500E-3
329.000000000000060E+0	995.398478560518330E-3
330.000000000000060E+0	999.237544206180940E-3
331.000000000000060E+0	998.180294107168020E-3
332.000000000000060E+0	996.498691334140150E-3
333.000000000000060E+0	998.764449273884190E-3
334.000000000000060E+0	998.994058951561570E-3
335.000000000000060E+0	992.806631338686630E-3
336.000000000000060E+0	997.099798874990780E-3
337.000000000000060E+0	997.398894348437430E-3
338.000000000000060E+0	901.489385191410860E-3
339.000000000000060E+0	998.098847312546830E-3
340.000000000000060E+0	998.633132769040310E-3
341.000000000000060E+0	997.833314306745380E-3
342.000000000000060E+0	996.202599131363440E-3
343.000000000000060E+0	998.995956679666340E-3
344.000000000000060E+0	999.255108138540790E-3
345.000000000000060E+0	992.627409092219470E-3
346.000000000000060E+0	996.977334631509950E-3
347.000000000000060E+0	982.792414085047920E-3
348.000000000000060E+0	996.161499886272780E-3
349.000000000000060E+0	997.900002669730780E-3
350.000000000000060E+0	996.605087717584380E-3
351.000000000000060E+0	996.018248313426670E-3
352.000000000000060E+0	996.656897831325270E-3
353.000000000000060E+0	997.366366509689460E-3
354.000000000000060E+0	996.560583017551460E-3
355.000000000000060E+0	996.537512161403520E-3
356.000000000000060E+0	995.286584959149790E-3
357.000000000000060E+0	996.457948761821030E-3
358.000000000000060E+0	997.673009154109500E-3
359.000000000000060E+0	997.260259087680460E-3
360.000000000000060E+0	994.261107613812590E-3
361.000000000000060E+0	993.249112063059210E-3
362.000000000000060E+0	998.896263165851340E-3
363.000000000000060E+0	997.302641482772920E-3
364.000000000000060E+0	991.886787199925620E-3
365.000000000000060E+0	996.234254961509410E-3
366.000000000000060E+0	997.698684942286080E-3
367.000000000000060E+0	997.285932726547310E-3
368.000000000000060E+0	995.791774660273460E-3
369.000000000000060E+0	992.242005322775620E-3
370.000000000000060E+0	977.067361834172640E-3
371.000000000000060E+0	987.064210194332440E-3
372.000000000000060E+0	996.481229632801830E-3
373.000000000000060E+0	996.373180829535190E-3
374.000000000000060E+0	996.529953169126850E-3
375.000000000000060E+0	997.993732271662770E-3
376.000000000000060E+0	998.859511601396190E-3
377.000000000000060E+0	998.962128855159110E-3
378.000000000000060E+0	999.308939267004370E-3
379.000000000000060E+0	997.325086171103270E-3
380.000000000000060E+0	997.705432271020820E-3
381.000000000000060E+0	998.225002789260410E-3
382.000000000000060E+0	995.976455933356150E-3
383.000000000000060E+0	995.038853389744960E-3
384.000000000000060E+0	995.136749504870410E-3
385.000000000000060E+0	998.627343805023940E-3
386.000000000000060E+0	999.091212768406180E-3
387.000000000000060E+0	998.648370759521510E-3
388.000000000000060E+0	998.566624617616690E-3
389.000000000000060E+0	997.106820351724930E-3
390.000000000000060E+0	998.300004471413320E-3
391.000000000000060E+0	998.503600020551050E-3
392.000000000000060E+0	997.006599472994860E-3
393.000000000000060E+0	996.144357971206260E-3
394.000000000000060E+0	998.414765631384760E-3
395.000000000000060E+0	998.333877628473140E-3
396.000000000000060E+0	998.630250114037170E-3
397.000000000000060E+0	998.043713694214740E-3
398.000000000000060E+0	997.635186175288120E-3
399.000000000000060E+0	995.103940238478810E-3
400.000000000000060E+0	998.345259580733610E-3
401.000000000000060E+0	998.270375196241620E-3
402.000000000000060E+0	997.644499887552440E-3
403.000000000000060E+0	998.435518227044680E-3
404.000000000000060E+0	999.296855896240290E-3
405.000000000000060E+0	998.999713160927390E-3
406.000000000000060E+0	999.045154699133910E-3
407.000000000000060E+0	998.384723765571410E-3
408.000000000000060E+0	996.497959262210410E-3
409.000000000000060E+0	996.935212746551390E-3
410.000000000000060E+0	996.056723208049610E-3
411.000000000000060E+0	992.981335219548460E-3
412.000000000000060E+0	997.133630967619750E-3
413.000000000000060E+0	998.571854452121270E-3
414.000000000000060E+0	998.795186999733570E-3
415.000000000000060E+0	998.326362626043350E-3
416.000000000000060E+0	995.545265182003370E-3
417.000000000000060E+0	994.399353403117470E-3
418.000000000000060E+0	997.787187223488250E-3
419.000000000000060E+0	997.957815660155070E-3
420.000000000000060E+0	997.718073345939090E-3
421.000000000000060E+0	992.593246582772590E-3
422.000000000000060E+0	998.202760141797980E-3
423.000000000000060E+0	998.887829468478320E-3
424.000000000000060E+0	997.433748718158150E-3
425.000000000000060E+0	996.616799262101000E-3
426.000000000000060E+0	992.370581306412760E-3
427.000000000000060E+0	997.669725701511240E-3
428.000000000000060E+0	999.124955684163820E-3
429.000000000000060E+0	997.846882256414270E-3
430.000000000000060E+0	996.906538248112590E-3
431.000000000000060E+0	997.197650897290290E-3
432.000000000000060E+0	999.142154641694870E-3
433.000000000000060E+0	999.194000358485270E-3
434.000000000000060E+0	996.563354036768430E-3
435.000000000000060E+0	991.953406120139820E-3
436.000000000000060E+0	996.187288416111150E-3
437.000000000000060E+0	997.404202317752730E-3
438.000000000000060E+0	996.374922379804410E-3
439.000000000000060E+0	980.232672878621260E-3
440.000000000000060E+0	993.939071015961570E-3
441.000000000000060E+0	998.289216140503920E-3
442.000000000000060E+0	998.900474200156480E-3
443.000000000000060E+0	998.885824183696540E-3
444.000000000000060E+0	998.854482482465780E-3
445.000000000000060E+0	997.244658844083970E-3
446.000000000000060E+0	998.529371708728910E-3
447.000000000000060E+0	998.705589476273520E-3
448.000000000000060E+0	998.476543704897250E-3
449.000000000000060E+0	997.261056553391480E-3
450.000000000000060E+0	997.185904301870040E-3
451.000000000000060E+0	999.297963232994130E-3
452.000000000000060E+0	998.932754409817100E-3
453.000000000000060E+0	997.406860707963140E-3
454.000000000000060E+0	997.918833279483940E-3
455.000000000000060E+0	998.356593067644900E-3
456.000000000000060E+0	998.252257398475010E-3
457.000000000000060E+0	998.136514694264230E-3
458.000000000000060E+0	996.861735373463230E-3
459.000000000000060E+0	996.465142767566150E-3
460.000000000000060E+0	999.210529276463030E-3
461.000000000000060E+0	999.110027362462790E-3
462.000000000000060E+0	998.774148951292910E-3
463.000000000000060E+0	997.753913366641880E-3
464.000000000000060E+0	998.716072331447210E-3
465.000000000000060E+0	998.894815547494260E-3
466.000000000000060E+0	998.153728388223360E-3
467.000000000000060E+0	998.785617034461230E-3
468.000000000000060E+0	997.219886241846430E-3
469.000000000000060E+0	998.576779783455710E-3
470.000000000000060E+0	999.349701729353890E-3
471.000000000000060E+0	998.453575667123890E-3
472.000000000000060E+0	997.823770836804290E-3
473.000000000000060E+0	998.072289364785760E-3
474.000000000000060E+0	998.490335504080060E-3
475.000000000000060E+0	999.188424059912260E-3
476.000000000000060E+0	998.755166411199320E-3
477.000000000000060E+0	996.961154942947350E-3
478.000000000000060E+0	997.697299388468960E-3
479.000000000000060E+0	999.414509791860750E-3
480.000000000000060E+0	999.111683293612000E-3
481.000000000000060E+0	997.636092027749050E-3
482.000000000000060E+0	995.818735517260080E-3
483.000000000000060E+0	998.467705722681180E-3
484.000000000000060E+0	998.094487577914080E-3
485.000000000000060E+0	997.166437143788940E-3
486.000000000000060E+0	997.234173313695020E-3
487.000000000000060E+0	992.859979215590330E-3
488.000000000000060E+0	999.259921832065020E-3
489.000000000000060E+0	999.199173177849120E-3
490.000000000000060E+0	997.763691448196990E-3
491.000000000000060E+0	995.353799644071110E-3
492.000000000000060E+0	998.186849863782370E-3
493.000000000000060E+0	999.198074490069920E-3
494.000000000000060E+0	998.745305262643710E-3
495.000000000000060E+0	997.499464312008200E-3
496.000000000000060E+0	997.049354932190050E-3
497.000000000000060E+0	998.074461033631070E-3
498.000000000000060E+0	999.168056796198580E-3
499.000000000000060E+0	998.898126873423050E-3
500.000000000000060E+0	994.088678700795310E-3
501.000000000000060E+0	998.873709065602130E-3
502.000000000000060E+0	999.349618371889960E-3
503.000000000000060E+0	998.153210137485700E-3
504.000000000000060E+0	996.743642603642230E-3
505.000000000000060E+0	996.693461792418580E-3
506.000000000000060E+0	997.300281145058090E-3
507.000000000000060E+0	998.776356961371010E-3
508.000000000000060E+0	995.882635580909500E-3
509.000000000000060E+0	995.375734496414920E-3
510.000000000000060E+0	994.779008600578440E-3
511.000000000000060E+0	998.047991203053870E-3
512.000000000000110E+0	998.082526296812270E-3
513.000000000000110E+0	997.752552632326430E-3
514.000000000000110E+0	998.528584977421810E-3
515.000000000000110E+0	995.314884275470320E-3
516.000000000000110E+0	994.686528275284590E-3
517.000000000000110E+0	998.851079833113050E-3
518.000000000000110E+0	998.776136416480000E-3
519.000000000000110E+0	997.161520313786460E-3
520.000000000000110E+0	979.793679080726230E-3
521.000000000000110E+0	997.289966817760500E-3
522.000000000000110E+0	997.786205167487060E-3
523.000000000000110E+0	997.339521134586020E-3
524.000000000000110E+0	997.334154712213650E-3
525.000000000000110E+0	996.810151026732090E-3
526.000000000000110E+0	998.899752173373460E-3
527.000000000000110E+0	998.901335108720480E-3
528.000000000000110E+0	999.378956876831980E-3
529.000000000000110E+0	995.790827317368560E-3
530.000000000000110E+0	998.611044510696710E-3
531.000000000000110E+0	996.965970728262760E-3
532.000000000000110E+0	992.418772532603690E-3
533.000000000000110E+0	996.395838536144440E-3
534.000000000000110E+0	994.801905659874920E-3
535.000000000000110E+0	996.569165091969470E-3
536.000000000000110E+0	997.677723628767500E-3
537.000000000000110E+0	997.904967559497420E-3
538.000000000000110E+0	997.985841857748520E-3
539.000000000000110E+0	997.815840706936300E-3
540.000000000000110E+0	992.503865980594150E-3
541.000000000000110E+0	989.849877782866700E-3
542.000000000000110E+0	964.784524871821310E-3
543.000000000000110E+0	991.201480959549740E-3
544.000000000000110E+0	997.387596286695040E-3
545.000000000000110E+0	997.118072866879030E-3
546.000000000000110E+0	996.264845613438530E-3
547.000000000000110E+0	995.163752711939800E-3
548.000000000000110E+0	997.442998596654420E-3
549.000000000000110E+0	999.261895409271460E-3
550.000000000000110E+0	998.828218692293880E-3
551.000000000000110E+0	993.495621824316050E-3
552.000000000000110E+0	993.573599200125220E-3
553.000000000000110E+0	997.403975625696940E-3
554.000000000000110E+0	998.042343975816930E-3
555.000000000000110E+0	997.030073254181250E-3
556.000000000000110E+0	997.290234821707980E-3
557.000000000000110E+0	995.347531017219950E-3
558.000000000000110E+0	997.894810100195320E-3
559.000000000000110E+0	997.940926495725080E-3
560.000000000000110E+0	995.190039806442610E-3
561.000000000000110E+0	976.698137720963920E-3
562.000000000000110E+0	998.509359653618420E-3
563.000000000000110E+0	997.987386284358010E-3
564.000000000000110E+0	997.351612692852550E-3
565.000000000000110E+0	997.437175133858320E-3
566.000000000000110E+0	992.254251294260260E-3
567.000000000000110E+0	995.196286035404550E-3
568.000000000000110E+0	994.360198283932520E-3
569.000000000000110E+0	974.924382136063360E-3
570.000000000000110E+0	981.017831851837770E-3
571.000000000000110E+0	924.222895852152230E-3
572.000000000000110E+0	973.715302459835730E-3
573.000000000000110E+0	977.229404132260890E-3
574.000000000000110E+0	991.813251619760970E-3
575.000000000000110E+0	998.892422657443930E-3
576.000000000000110E+0	998.915679135323310E-3
577.000000000000110E+0	998.996445449562120E-3
578.000000000000110E+0	998.491098699756500E-3
579.000000000000110E+0	993.306978775278740E-3
580.000000000000110E+0	997.466566286261620E-3
581.000000000000110E+0	999.241919198095240E-3
582.000000000000110E+0	999.341056232357360E-3
583.000000000000110E+0	999.156307873346750E-3
584.000000000000110E+0	998.514649869961520E-3
585.000000000000110E+0	996.604682402462920E-3
586.000000000000110E+0	997.592995384702030E-3
587.000000000000110E+0	996.903091422695620E-3
588.000000000000110E+0	996.956318218030770E-3
589.000000000000110E+0	990.860039571842990E-3
590.000000000000110E+0	998.873035126991330E-3
591.000000000000110E+0	999.285078364609890E-3
592.000000000000110E+0	998.792272586395140E-3
593.000000000000110E+0	996.397632178525840E-3
594.000000000000110E+0	996.728707291540170E-3
595.000000000000110E+0	998.033980473186920E-3
596.000000000000110E+0	998.661237531672130E-3
597.000000000000110E+0	997.981779347246190E-3
598.000000000000110E+0	996.241593580476040E-3
599.000000000000110E+0	998.525352813792290E-3
600.000000000000110E+0	999.033495631105770E-3
601.000000000000110E+0	998.896099177214780E-3
602.000000000000110E+0	996.975603452837750E-3
603.000000000000110E+0	998.353255229234900E-3
604.000000000000110E+0	998.985849375543130E-3
605.000000000000110E+0	998.686569337218440E-3
606.000000000000110E+0	999.099147206477190E-3
607.000000000000110E+0	998.620996939724170E-3
608.000000000000110E+0	994.161931068762600E-3
609.000000000000110E+0	999.126984035696110E-3
610.000000000000110E+0	999.320205364160110E-3
611.000000000000110E+0	997.710119401304610E-3
612.000000000000110E+0	995.661032555915090E-3
613.000000000000110E+0	997.980654110684480E-3
614.000000000000110E+0	998.374279692321060E-3
615.000000000000110E+0	997.208762383708480E-3
616.000000000000110E+0	995.751093894995390E-3
617.000000000000110E+0	995.514118673153420E-3
618.000000000000110E+0	997.821312529477140E-3
619.000000000000110E+0	997.884831332204850E-3
620.000000000000110E+0	996.488807899792990E-3
621.000000000000110E+0	973.448719427050020E-3
622.000000000000110E+0	998.023552612644530E-3
623.000000000000110E+0	998.974827031046340E-3
624.000000000000110E+0	997.824361921364590E-3
625.000000000000110E+0	996.888677445437740E-3
626.000000000000110E+0	993.639398552665030E-3
627.000000000000110E+0	996.396650721791510E-3
628.000000000000110E+0	998.829664130405750E-3
629.000000000000110E+0	998.738576641408970E-3
630.000000000000110E+0	995.116649706892840E-3
631.000000000000110E+0	991.415181081765850E-3
632.000000000000110E+0	998.861376380015710E-3
633.000000000000110E+0	999.174645418752780E-3
634.000000000000110E+0	996.838179751585280E-3
635.000000000000110E+0	996.438483697624110E-3
636.000000000000110E+0	993.081985875831630E-3
637.000000000000110E+0	998.166110244334440E-3
638.000000000000110E+0	998.647132647673910E-3
639.000000000000110E+0	998.027763182426140E-3
640.000000000000110E+0	988.315868922853170E-3
641.000000000000110E+0	999.022665975937470E-3
642.000000000000110E+0	999.387107815285720E-3
643.000000000000110E+0	998.815296292493330E-3
644.000000000000110E+0	996.717011667924260E-3
645.000000000000110E+0	994.852164421354600E-3
646.000000000000110E+0	998.805234234883990E-3
647.000000000000110E+0	998.580428831535080E-3
648.000000000000110E+0	998.134356348967080E-3
649.000000000000110E+0	995.787514794683750E-3
650.000000000000110E+0	994.044492775172710E-3
651.000000000000110E+0	999.339789069482290E-3
652.000000000000110E+0	999.053513725083770E-3
653.000000000000110E+0	995.248056196884060E-3
654.000000000000110E+0	997.934834356949410E-3
655.000000000000110E+0	998.515829031435760E-3
656.000000000000110E+0	999.110003628115420E-3
657.000000000000110E+0	999.110556873545770E-3
658.000000000000110E+0	997.909394304933310E-3
659.000000000000110E+0	990.214598345265590E-3
660.000000000000110E+0	998.019031025688780E-3
661.000000000000110E+0	998.564019913006470E-3
662.000000000000110E+0	997.955260506299900E-3
663.000000000000110E+0	997.046436761950040E-3
664.000000000000110E+0	997.286171858624780E-3
665.000000000000110E+0	998.381616761204290E-3
666.000000000000110E+0	997.810919382021490E-3
667.000000000000110E+0	999.120429546449080E-3
668.000000000000110E+0	996.071314577508300E-3
669.000000000000110E+0	998.437581157074150E-3
670.000000000000110E+0	999.319475610829680E-3
671.000000000000110E+0	999.002579969699210E-3
672.000000000000110E+0	996.820582066031190E-3
673.000000000000110E+0	997.156824675214380E-3
674.000000000000110E+0	998.098350045044320E-3
675.000000000000110E+0	998.940440546031150E-3
676.000000000000110E+0	998.322441599145850E-3
677.000000000000110E+0	997.413279764158720E-3
678.000000000000110E+0	996.243453090616790E-3
679.000000000000110E+0	988.137343509629560E-3
680.000000000000110E+0	991.177811387789260E-3
681.000000000000110E+0	994.005993711085560E-3
682.000000000000110E+0	996.400115662401280E-3
683.000000000000110E+0	996.496376083157220E-3
684.000000000000110E+0	997.255280831657930E-3
685.000000000000110E+0	986.775297806806950E-3
686.000000000000110E+0	901.897968066045390E-3
687.000000000000110E+0	987.828174026717410E-3
688.000000000000110E+0	997.698439226826110E-3
689.000000000000110E+0	998.177227193934980E-3
690.000000000000110E+0	997.883878993983450E-3
691.000000000000110E+0	996.168760226878840E-3
692.000000000000110E+0	994.015650695853960E-3
693.000000000000110E+0	997.610152149061120E-3
694.000000000000110E+0	994.239599629336830E-3
695.000000000000110E+0	992.818665373383480E-3
696.000000000000110E+0	993.757586616487500E-3
697.000000000000110E+0	996.500528991636100E-3
698.000000000000110E+0	998.321496787924590E-3
699.000000000000110E+0	998.163536922865080E-3
700.000000000000110E+0	995.340255397527800E-3
701.000000000000110E+0	990.284871501230900E-3
702.000000000000110E+0	998.357349978839960E-3
703.000000000000110E+0	998.597341115508800E-3
704.000000000000110E+0	997.325814355412010E-3
705.000000000000110E+0	997.598890584226130E-3
706.000000000000110E+0	997.219919081003820E-3
707.000000000000110E+0	998.666739954434000E-3
708.000000000000110E+0	998.569167161863390E-3
709.000000000000110E+0	998.141857137547330E-3
710.000000000000110E+0	981.789486744084280E-3
711.000000000000110E+0	997.587919209107280E-3
712.000000000000110E+0	998.799816989623940E-3
713.000000000000110E+0	995.390949146156560E-3
714.000000000000110E+0	992.491360534304640E-3
715.000000000000110E+0	993.682761290915370E-3
716.000000000000110E+0	998.440105991785340E-3
717.000000000000110E+0	999.299184771692220E-3
718.000000000000110E+0	998.509177119523920E-3
719.000000000000110E+0	994.646731248538080E-3
720.000000000000110E+0	998.672557022171950E-3
721.000000000000110E+0	999.203868280422180E-3
722.000000000000110E+0	998.627620093134990E-3
723.000000000000110E+0	995.211133448373750E-3
724.000000000000110E+0	992.526558661774970E-3
725.000000000000110E+0	998.473452035843480E-3
726.000000000000110E+0	998.761284363347550E-3
727.000000000000110E+0	998.967676235882230E-3
728.000000000000110E+0	996.780557311289450E-3
729.000000000000110E+0	935.059539090002500E-3
730.000000000000110E+0	998.165367047202710E-3
731.000000000000110E+0	998.128428443450290E-3
732.000000000000110E+0	994.619066558547590E-3
733.000000000000110E+0	996.705542324932140E-3
734.000000000000110E+0	996.161153874326350E-3
735.000000000000110E+0	998.434291707373740E-3
736.000000000000110E+0	998.641006822713060E-3
737.000000000000110E+0	998.184123250401730E-3
738.000000000000110E+0	996.118624979857150E-3
739.000000000000110E+0	998.476933574057090E-3
740.000000000000110E+0	999.424343164678210E-3
741.000000000000110E+0	998.906387437740410E-3
742.000000000000110E+0	993.522939226036740E-3
743.000000000000110E+0	997.851996846579880E-3
744.000000000000110E+0	997.947368203182530E-3
745.000000000000110E+0	995.150922902536480E-3
746.000000000000110E+0	996.793460364330590E-3
747.000000000000110E+0	995.825081114890100E-3
748.000000000000110E+0	996.352077202466550E-3
749.000000000000110E+0	999.034992713272670E-3
750.000000000000110E+0	998.880076758141280E-3
751.000000000000110E+0	997.630451490550630E-3
752.000000000000110E+0	985.545083000097130E-3
753.000000000000110E+0	997.446637285692380E-3
754.000000000000110E+0	998.471889991669690E-3
755.000000000000110E+0	997.339193327944960E-3
756.000000000000110E+0	997.714123590104250E-3
757.000000000000110E+0	995.848465783029990E-3
758.000000000000110E+0	998.832690292107640E-3
759.000000000000110E+0	999.121101354325080E-3
760.000000000000110E+0	996.085505325005730E-3
761.000000000000110E+0	884.827044139051220E-3
762.000000000000110E+0	997.412599764271660E-3
763.000000000000110E+0	998.004773903268580E-3
764.000000000000110E+0	996.306445331427760E-3
765.000000000000110E+0	996.295052598218490E-3
766.000000000000110E+0	994.657573091906280E-3
767.000000000000110E+0	998.007192808698980E-3
768.000000000000110E+0	997.431224383476640E-3
769.000000000000110E+0	997.295897321748730E-3
770.000000000000110E+0	991.054297275503430E-3
771.000000000000110E+0	991.630036914397550E-3
772.000000000000110E+0	997.740778171709590E-3
773.000000000000110E+0	998.360112240711190E-3
774.000000000000110E+0	995.332766613492130E-3
775.000000000000110E+0	995.537733338640930E-3
776.000000000000110E+0	996.376209379514100E-3
777.000000000000110E+0	998.200622200020260E-3
778.000000000000110E+0	998.158612409972060E-3
779.000000000000110E+0	985.834732811035620E-3
780.000000000000110E+0	990.966499823423770E-3
781.000000000000110E+0	997.553109938835720E-3
782.000000000000110E+0	997.662828571467370E-3
783.000000000000110E+0	993.782237127596830E-3
784.000000000000110E+0	988.832501096220120E-3
785.000000000000110E+0	990.513563880338620E-3
786.000000000000110E+0	994.202843217434130E-3
787.000000000000110E+0	996.906103458933490E-3
788.000000000000110E+0	998.217695647314880E-3
789.000000000000110E+0	995.121231936011210E-3
790.000000000000110E+0	997.542691178846090E-3
791.000000000000110E+0	998.890157449224270E-3
792.000000000000110E+0	996.657147477281620E-3
793.000000000000110E+0	996.879248151997800E-3
794.000000000000110E+0	994.494834785941360E-3
795.000000000000110E+0	997.591789780825190E-3
796.000000000000110E+0	998.259940093369930E-3
797.000000000000110E+0	996.653850649601660E-3
798.000000000000110E+0	978.286398928213900E-3
799.000000000000110E+0	995.802207970917670E-3
800.000000000000110E+0	999.030819139613000E-3
801.000000000000110E+0	999.333509978878260E-3
802.000000000000110E+0	996.090644655032160E-3
803.000000000000110E+0	993.443370802087550E-3
804.000000000000110E+0	997.536796714245670E-3
805.000000000000110E+0	996.756829552451040E-3
806.000000000000110E+0	997.053684881273770E-3
807.000000000000110E+0	997.618718944518700E-3
808.000000000000110E+0	986.247978601234140E-3
809.000000000000110E+0	998.347957925693420E-3
810.000000000000110E+0	998.812585939182430E-3
811.000000000000110E+0	996.933811238392860E-3
812.000000000000110E+0	989.596474273186530E-3
813.000000000000110E+0	989.369588035946660E-3
814.000000000000110E+0	997.576120736746620E-3
815.000000000000110E+0	996.612893070449760E-3
816.000000000000110E+0	995.929841332909400E-3
817.000000000000110E+0	996.114415532209360E-3
818.000000000000110E+0	994.441930229559840E-3
819.000000000000110E+0	998.535278151688960E-3
820.000000000000110E+0	998.848313491591750E-3
821.000000000000110E+0	993.440404314911980E-3
822.000000000000110E+0	992.415870376611500E-3
823.000000000000110E+0	997.822157678666670E-3
824.000000000000110E+0	997.330496110353510E-3
825.000000000000110E+0	996.449370846563040E-3
826.000000000000110E+0	988.852659532470260E-3
827.000000000000110E+0	991.841082788130660E-3
828.000000000000110E+0	997.488510919016580E-3
829.000000000000110E+0	997.727871401216880E-3
830.000000000000110E+0	995.772657833362990E-3
831.000000000000110E+0	945.424140855994020E-3
832.000000000000110E+0	997.519731496623210E-3
833.000000000000110E+0	998.866418908766040E-3
834.000000000000110E+0	994.878045370027220E-3
835.000000000000110E+0	994.355744024149610E-3
836.000000000000110E+0	992.132081194313510E-3
837.000000000000110E+0	997.048473549339230E-3
838.000000000000110E+0	998.906324747080300E-3
839.000000000000110E+0	997.504916482041090E-3
840.000000000000110E+0	991.438870894838730E-3
841.000000000000110E+0	997.846478690521790E-3
842.000000000000110E+0	998.822908648113850E-3
843.000000000000110E+0	998.214093957849100E-3
844.000000000000110E+0	997.079333902215260E-3
845.000000000000110E+0	997.721098452166050E-3
846.000000000000110E+0	998.397451914820990E-3
847.000000000000110E+0	998.696666388335210E-3
848.000000000000110E+0	998.711665277825400E-3
849.000000000000110E+0	996.740437797850600E-3
850.000000000000110E+0	982.287519275899410E-3
851.000000000000110E+0	998.775992351417010E-3
852.000000000000110E+0	998.562281643440410E-3
853.000000000000110E+0	996.742040811704030E-3
854.000000000000110E+0	996.772966059987550E-3
855.000000000000110E+0	996.761298960511690E-3
856.000000000000110E+0	998.997817434664650E-3
857.000000000000110E+0	998.634322091396910E-3
858.000000000000110E+0	995.203191452747380E-3
859.000000000000110E+0	987.981765311618960E-3
860.000000000000110E+0	996.498859095654720E-3
861.000000000000110E+0	998.792899377072610E-3
862.000000000000110E+0	997.545652381893520E-3
863.000000000000110E+0	982.680412859374350E-3
864.000000000000110E+0	995.924368199375690E-3
865.000000000000110E+0	997.817425447561130E-3
866.000000000000110E+0	996.040309463433030E-3
867.000000000000110E+0	998.212238977724820E-3
868.000000000000110E+0	996.238912463302870E-3
869.000000000000110E+0	992.654306572014140E-3
870.000000000000110E+0	998.600629610243870E-3
871.000000000000110E+0	997.593531445620460E-3
872.000000000000110E+0	994.452411805790910E-3
873.000000000000110E+0	985.634434698184790E-3
874.000000000000110E+0	996.716184438234510E-3
875.000000000000110E+0	997.632100592810710E-3
876.000000000000110E+0	995.428078505550820E-3
877.000000000000110E+0	995.703553755065250E-3
878.000000000000110E+0	987.814659499084760E-3
879.000000000000110E+0	996.769507959085250E-3
880.000000000000110E+0	998.903104280932100E-3
881.000000000000110E+0	997.252747611894310E-3
882.000000000000110E+0	976.312379407909940E-3
883.000000000000110E+0	995.312449018225240E-3
884.000000000000110E+0	996.152708242775130E-3
885.000000000000110E+0	995.267595084045160E-3
886.000000000000110E+0	994.642282184595270E-3
887.000000000000110E+0	991.222684143315710E-3
888.000000000000110E+0	995.779280016490520E-3
889.000000000000110E+0	998.230587657899400E-3
890.000000000000110E+0	996.982375681749300E-3
891.000000000000110E+0	992.796915037858270E-3
892.000000000000110E+0	993.112678889450320E-3
893.000000000000110E+0	998.743280769249120E-3
894.000000000000110E+0	997.932024009796860E-3
895.000000000000110E+0	995.501082620808610E-3
896.000000000000110E+0	996.022537809653220E-3
897.000000000000110E+0	991.328466765247440E-3
898.000000000000110E+0	998.133246399636190E-3
899.000000000000110E+0	998.198137726864500E-3
900.000000000000110E+0	994.985928118529710E-3
901.000000000000110E+0	987.423198893140450E-3
902.000000000000110E+0	997.085627723421800E-3
903.000000000000110E+0	997.834421377673860E-3
904.000000000000110E+0	995.706146489720670E-3
905.000000000000110E+0	988.832535816522080E-3
906.000000000000110E+0	994.899289951490910E-3
907.000000000000110E+0	997.196114600233160E-3
908.000000000000110E+0	998.720584831260030E-3
909.000000000000110E+0	998.505776887786520E-3
910.000000000000110E+0	995.551073049286580E-3
911.000000000000110E+0	992.458930840688700E-3
912.000000000000110E+0	998.006422906251300E-3
913.000000000000110E+0	994.743311243324710E-3
914.000000000000110E+0	987.047439066362830E-3
915.000000000000110E+0	990.758226882184290E-3
916.000000000000110E+0	997.173778957394230E-3
917.000000000000110E+0	999.137365620538450E-3
918.000000000000110E+0	999.123726010762600E-3
919.000000000000110E+0	997.197258811243660E-3
920.000000000000110E+0	981.024081484483720E-3
921.000000000000110E+0	995.220557255748320E-3
922.000000000000110E+0	996.318231620758610E-3
923.000000000000110E+0	989.180620865203750E-3
924.000000000000110E+0	993.271077269218700E-3
925.000000000000110E+0	997.863781646485810E-3
926.000000000000110E+0	998.533916436082140E-3
927.000000000000110E+0	998.487691866595470E-3
928.000000000000110E+0	997.837217130112420E-3
929.000000000000110E+0	971.557664054856440E-3
930.000000000000110E+0	995.574761126090560E-3
931.000000000000110E+0	998.057118201385100E-3
932.000000000000110E+0	996.389455572847420E-3
933.000000000000110E+0	994.928761094494910E-3
934.000000000000110E+0	995.147435722827490E-3
935.000000000000110E+0	997.085712873655660E-3
936.000000000000110E+0	996.279307740028710E-3
937.000000000000110E+0	991.112061963324910E-3
938.000000000000110E+0	990.669629326603410E-3
939.000000000000110E+0	637.995826067456080E-3
940.000000000000110E+0	997.766606648703310E-3
941.000000000000110E+0	998.249969547630010E-3
942.000000000000110E+0	987.135941548060060E-3
943.000000000000110E+0	987.636673712111390E-3
944.000000000000110E+0	997.431236724765190E-3
945.000000000000110E+0	993.452991610757620E-3
946.000000000000110E+0	993.629937851800540E-3
947.000000000000110E+0	995.934825298579350E-3
948.000000000000110E+0	979.127239582342930E-3
949.000000000000110E+0	995.806506716947810E-3
950.000000000000110E+0	996.486408902141570E-3
951.000000000000110E+0	996.907867865929110E-3
952.000000000000110E+0	978.807087374025550E-3
953.000000000000110E+0	996.494685651549310E-3
954.000000000000110E+0	997.310954725438960E-3
955.000000000000110E+0	991.735701439040770E-3
956.000000000000110E+0	991.847997792539180E-3
957.000000000000110E+0	987.478015320235940E-3
958.000000000000110E+0	995.732640987850860E-3
959.000000000000110E+0	998.270195871936440E-3
960.000000000000110E+0	994.958592831146740E-3
961.000000000000110E+0	970.649241811979530E-3
962.000000000000110E+0	995.504521631514150E-3
963.000000000000110E+0	997.560399436859260E-3
964.000000000000110E+0	996.287360660914610E-3
965.000000000000110E+0	982.712374646868220E-3
966.000000000000110E+0	987.660216762054840E-3
967.000000000000110E+0	994.089367686674000E-3
968.000000000000110E+0	997.117485769358660E-3
969.000000000000110E+0	996.599231014367760E-3
970.000000000000110E+0	985.879420913098100E-3
971.000000000000110E+0	977.105767640748860E-3
972.000000000000110E+0	997.192727681109890E-3
973.000000000000110E+0	996.840192733403070E-3
974.000000000000110E+0	991.944780894038590E-3
975.000000000000110E+0	989.407664305270610E-3
976.000000000000110E+0	992.186441218677160E-3
977.000000000000110E+0	998.135589721126810E-3
978.000000000000110E+0	998.376567616579000E-3
979.000000000000110E+0	991.838665996160770E-3
980.000000000000110E+0	766.980598796231150E-3
981.000000000000110E+0	991.230018881269380E-3
982.000000000000110E+0	995.783567965826790E-3
983.000000000000110E+0	992.671407837029670E-3
984.000000000000110E+0	759.306199284073390E-3
985.000000000000110E+0	978.560289351919190E-3
986.000000000000110E+0	982.968464740069380E-3
987.000000000000110E+0	986.284495596133850E-3
988.000000000000110E+0	994.759038391783480E-3
989.000000000000110E+0	988.417591529988200E-3
990.000000000000110E+0	992.408312562494620E-3
991.000000000000110E+0	998.811612464504010E-3
992.000000000000110E+0	996.452122500913970E-3
993.000000000000110E+0	980.705372001778650E-3
994.000000000000110E+0	973.884939466340250E-3
995.000000000000110E+0	991.827553087946340E-3
996.000000000000110E+0	994.705799378517000E-3
997.000000000000110E+0	983.072753854693840E-3
998.000000000000110E+0	980.405628703470260E-3
999.000000000000110E+0	905.933407115706250E-3
1.000000000000000E+3	995.007620448550730E-3
