Freq (Hz)	accelerometre /source
source
source_Mod	accelerometre /source
source
source_Phase(rad)
10.000000000000018E+0	88.293634742709182E-3	6.732244197946567E+0
11.000000000000020E+0	49.494392650038056E-3	9.606488288899781E+0
12.000000000000021E+0	28.068218256767564E-3	12.266544501969328E+0
13.000000000000023E+0	17.572701114570925E-3	14.363217549399517E+0
14.000000000000025E+0	66.637465315970465E-3	14.788660905801846E+0
15.000000000000027E+0	52.026719188373205E-3	16.111057189229069E+0
16.000000000000028E+0	33.365211426987257E-3	17.210290197475580E+0
17.000000000000028E+0	69.293792498582293E-3	14.549755693526954E+0
18.000000000000028E+0	40.939385640258272E-3	15.078926425623855E+0
19.000000000000028E+0	65.722541649476787E-3	15.844589605444959E+0
20.000000000000028E+0	75.163160446600222E-3	14.813398445688570E+0
21.000000000000028E+0	79.531243676529501E-3	14.810566578576649E+0
22.000000000000028E+0	70.321140215258579E-3	14.873257091499401E+0
23.000000000000028E+0	108.371251618717120E-3	14.809357066902425E+0
24.000000000000028E+0	117.490217163000650E-3	14.496267241059552E+0
25.000000000000028E+0	152.720921054427030E-3	14.508184379304039E+0
26.000000000000028E+0	190.603712064084830E-3	14.071403859316083E+0
27.000000000000028E+0	150.415412631100700E-3	13.634410688032409E+0
28.000000000000028E+0	121.538579665131460E-3	13.781590319676710E+0
29.000000000000028E+0	109.431963003606820E-3	13.992345483224323E+0
30.000000000000028E+0	166.463876387742930E-3	14.352974521755380E+0
31.000000000000028E+0	316.770520527448970E-3	13.981869104425403E+0
32.000000000000028E+0	282.424585903820860E-3	13.208740326631720E+0
33.000000000000028E+0	234.034303940045120E-3	13.365978560411081E+0
34.000000000000028E+0	264.087163257394290E-3	13.327035264013704E+0
35.000000000000028E+0	403.804950654789660E-3	12.734756628221358E+0
36.000000000000028E+0	320.244079739917700E-3	11.968165591444212E+0
37.000000000000028E+0	69.062889554812032E-3	11.298340038239346E+0
38.000000000000028E+0	122.375649635137470E-3	13.474409738546521E+0
39.000000000000028E+0	208.924768118071840E-3	13.658204426797594E+0
40.000000000000028E+0	172.603547625040710E-3	13.848145332482190E+0
41.000000000000028E+0	236.987205034877750E-3	13.524988765973546E+0
42.000000000000028E+0	289.920841606506220E-3	12.982888210915284E+0
43.000000000000028E+0	257.046788593406180E-3	12.495205992683081E+0
44.000000000000028E+0	284.683330493432360E-3	12.390188812917621E+0
45.000000000000028E+0	281.630621239661980E-3	12.376652595590164E+0
46.000000000000028E+0	267.962126896587550E-3	12.304783822386206E+0
47.000000000000028E+0	270.795336237715010E-3	12.318777244948087E+0
48.000000000000028E+0	319.314853368248220E-3	12.107466025399148E+0
49.000000000000028E+0	293.323079243488660E-3	11.767093269383361E+0
50.000000000000028E+0	255.947220375705280E-3	11.768876854250825E+0
51.000000000000028E+0	239.030466350670490E-3	11.649653948277315E+0
52.000000000000028E+0	192.268144075440820E-3	11.461326614217297E+0
53.000000000000028E+0	158.872596973776620E-3	11.211807486888029E+0
54.000000000000028E+0	153.607716221524720E-3	11.260540571096982E+0
55.000000000000028E+0	130.297361515805040E-3	11.466831906143316E+0
56.000000000000028E+0	122.323030756973540E-3	11.483017706394268E+0
57.000000000000028E+0	123.992382323459650E-3	11.827020551947447E+0
58.000000000000028E+0	117.164959514138110E-3	12.451464848497041E+0
59.000000000000028E+0	123.452493594872980E-3	11.840220754156512E+0
60.000000000000028E+0	162.541614093573980E-3	11.637262029195917E+0
61.000000000000028E+0	173.813849312834860E-3	11.509084825729893E+0
62.000000000000028E+0	110.148534233019240E-3	11.472309316921855E+0
63.000000000000028E+0	102.316379612103820E-3	11.359991645705339E+0
64.000000000000028E+0	97.559084930459700E-3	11.311132126652998E+0
65.000000000000028E+0	91.559504000166297E-3	11.215479772914996E+0
66.000000000000028E+0	100.147015127246440E-3	11.447927111620592E+0
67.000000000000028E+0	175.290071967188320E-3	12.070885594499151E+0
68.000000000000028E+0	167.566766823143310E-3	13.087769488442815E+0
69.000000000000028E+0	144.477074636123140E-3	12.677845066110656E+0
70.000000000000028E+0	197.970761496477440E-3	12.173633835463734E+0
71.000000000000028E+0	359.514363648975380E-3	11.680822868046377E+0
72.000000000000028E+0	475.884051557800340E-3	12.060276658174486E+0
73.000000000000028E+0	384.050270243402380E-3	11.878664666564214E+0
74.000000000000028E+0	374.666552887621570E-3	11.519402913485933E+0
75.000000000000028E+0	340.301347673271910E-3	11.437470278073395E+0
76.000000000000028E+0	238.805487603558100E-3	11.248745278928402E+0
77.000000000000028E+0	376.444908371158960E-3	10.890115512420566E+0
78.000000000000028E+0	344.782903182046630E-3	11.209665637257538E+0
79.000000000000028E+0	293.513618213504690E-3	11.118763217438225E+0
80.000000000000028E+0	234.734542918936030E-3	10.766083379169055E+0
81.000000000000028E+0	323.131636036630860E-3	10.462915954648425E+0
82.000000000000028E+0	317.524523091576250E-3	10.537952424307186E+0
83.000000000000028E+0	290.944431966741190E-3	10.607356460171591E+0
84.000000000000028E+0	216.733075808673900E-3	10.694740618214514E+0
85.000000000000028E+0	156.546769286947020E-3	10.545319895599793E+0
86.000000000000028E+0	133.466737187248690E-3	10.362362170446172E+0
87.000000000000028E+0	320.266002327851410E-3	10.116881224030994E+0
88.000000000000028E+0	306.535856698688100E-3	10.483022708773014E+0
89.000000000000028E+0	274.077609561921230E-3	10.625560264767547E+0
90.000000000000028E+0	298.460537483356160E-3	12.372966617386956E+0
91.000000000000028E+0	368.670529854970120E-3	10.081939434990447E+0
92.000000000000028E+0	289.735098230897880E-3	10.146146453304018E+0
93.000000000000028E+0	248.263885801774140E-3	9.945329454470549E+0
94.000000000000028E+0	231.733690114648230E-3	9.834740024329008E+0
95.000000000000028E+0	193.484339566085100E-3	9.996087540015568E+0
96.000000000000028E+0	318.134792923123350E-3	9.203561012325894E+0
97.000000000000028E+0	314.675095938066920E-3	9.270895040376862E+0
98.000000000000028E+0	267.312137659465820E-3	9.173072268614266E+0
99.000000000000028E+0	254.094788215352860E-3	9.052978161819295E+0
100.000000000000030E+0	360.567115857710170E-3	8.435063662906193E+0
101.000000000000030E+0	285.742271022807470E-3	8.677985501324521E+0
102.000000000000030E+0	162.105413911016160E-3	8.673792076601440E+0
103.000000000000030E+0	128.538284210502230E-3	6.833030765213234E+0
104.000000000000030E+0	224.942399427089320E-3	7.917599105510375E+0
105.000000000000030E+0	152.941020189396560E-3	6.822164140655138E+0
106.000000000000030E+0	266.062145226511000E-3	7.742877944081146E+0
107.000000000000030E+0	201.255174639158430E-3	7.794722147158267E+0
108.000000000000030E+0	179.407926378053080E-3	7.517054048016805E+0
109.000000000000030E+0	209.355824013703760E-3	7.615213888591512E+0
110.000000000000030E+0	108.559180318123990E-3	7.725277894443668E+0
111.000000000000030E+0	90.447060238739094E-3	7.640307065066374E+0
112.000000000000030E+0	84.866645173025321E-3	7.849997448289718E+0
113.000000000000030E+0	85.234742977606234E-3	8.644735526489013E+0
114.000000000000030E+0	184.759450916480410E-3	10.410340350772557E+0
115.000000000000030E+0	150.540760656160980E-3	11.283738769593853E+0
116.000000000000030E+0	144.161752916454030E-3	11.231840653089156E+0
117.000000000000030E+0	101.131870946560840E-3	11.278681771376366E+0
118.000000000000030E+0	41.060657792007647E-3	11.541609687047565E+0
119.000000000000030E+0	302.522802335847050E-3	11.261432255451203E+0
120.000000000000030E+0	176.330081168854600E-3	11.781015247922346E+0
121.000000000000030E+0	187.062284330096000E-3	11.744765009359549E+0
122.000000000000030E+0	252.911811446234260E-3	11.618043474666219E+0
123.000000000000030E+0	190.328444019302210E-3	11.600374287922465E+0
124.000000000000030E+0	173.474876274726380E-3	11.020895590718190E+0
125.000000000000030E+0	197.171870832183570E-3	10.983739030449303E+0
126.000000000000030E+0	153.890808753021140E-3	10.602571894595821E+0
127.000000000000030E+0	92.976750782822914E-3	10.496568743333514E+0
128.000000000000030E+0	219.872352652418280E-3	8.070976034696786E+0
129.000000000000030E+0	220.467578099811430E-3	10.055620028881982E+0
130.000000000000030E+0	189.474862239702000E-3	10.438641350486375E+0
131.000000000000030E+0	236.724423545591730E-3	10.722118467320703E+0
132.000000000000030E+0	299.309870591117520E-3	11.103583148683878E+0
133.000000000000030E+0	254.209387821711100E-3	10.837789731847966E+0
134.000000000000030E+0	296.280404926689110E-3	10.884134903618154E+0
135.000000000000030E+0	213.219000378426920E-3	11.036659314755774E+0
136.000000000000030E+0	194.633351920089040E-3	10.861695151061062E+0
137.000000000000030E+0	230.296679677786330E-3	11.531513289682833E+0
138.000000000000030E+0	229.697347878986770E-3	9.428376803986712E+0
139.000000000000030E+0	215.326210934125100E-3	10.054809297357004E+0
140.000000000000030E+0	211.296612810663590E-3	10.246079889336340E+0
141.000000000000030E+0	242.105643950857120E-3	10.138051934988660E+0
142.000000000000030E+0	340.118072744143300E-3	10.305180270839477E+0
143.000000000000030E+0	326.126633389830940E-3	10.456943579697745E+0
144.000000000000030E+0	323.747315580058200E-3	10.410601660390075E+0
145.000000000000030E+0	300.693155603076470E-3	10.410314202831504E+0
146.000000000000030E+0	273.663069752138220E-3	10.206960840223232E+0
147.000000000000030E+0	337.709470077994340E-3	9.969948822124245E+0
148.000000000000030E+0	317.145229278498860E-3	9.989739056990267E+0
149.000000000000030E+0	323.503506617017710E-3	9.839132463456767E+0
150.000000000000030E+0	356.713699389345770E-3	9.688236716530097E+0
151.000000000000030E+0	450.171357151725680E-3	9.907337374037541E+0
152.000000000000030E+0	335.452246720012730E-3	9.954366507467483E+0
153.000000000000030E+0	313.848663504401490E-3	9.919197771273545E+0
154.000000000000030E+0	261.475008530158760E-3	9.896289385629878E+0
155.000000000000030E+0	280.669214850833130E-3	9.949743766364406E+0
156.000000000000030E+0	88.477143579324527E-3	9.973405651431682E+0
157.000000000000030E+0	264.383111704084520E-3	9.404457077618481E+0
158.000000000000030E+0	312.721176310684630E-3	9.533511357143301E+0
159.000000000000030E+0	332.797447666788320E-3	9.550663299805938E+0
160.000000000000030E+0	357.173912632459960E-3	9.577088000431663E+0
161.000000000000030E+0	334.603423774576360E-3	9.535019726867981E+0
162.000000000000030E+0	359.907670839007600E-3	9.425442622739650E+0
163.000000000000030E+0	398.151509303699800E-3	9.428538426266197E+0
164.000000000000030E+0	327.302384850012230E-3	9.658911761389559E+0
165.000000000000030E+0	264.236898385043660E-3	9.309771613871666E+0
166.000000000000030E+0	378.676830526755830E-3	8.935253757373097E+0
167.000000000000030E+0	378.884354961720400E-3	9.093687159665020E+0
168.000000000000030E+0	390.018476294445750E-3	9.053644818315886E+0
169.000000000000030E+0	449.761812739158000E-3	9.084937497912604E+0
170.000000000000030E+0	376.169841223056130E-3	9.439140043366578E+0
171.000000000000030E+0	339.185253072100120E-3	9.390012268100616E+0
172.000000000000030E+0	329.228628143534980E-3	9.317972805827420E+0
173.000000000000030E+0	308.414869334272590E-3	9.078938067220074E+0
174.000000000000030E+0	435.917916358987080E-3	8.829540373550486E+0
175.000000000000030E+0	633.511349815970240E-3	8.939324245152873E+0
176.000000000000030E+0	591.230351979006090E-3	8.942411217453760E+0
177.000000000000030E+0	623.552024485215850E-3	8.770201116526684E+0
178.000000000000030E+0	567.695457647577340E-3	8.652779483788816E+0
179.000000000000030E+0	690.238590407238890E-3	8.137348635892570E+0
180.000000000000030E+0	508.203525378465910E-3	8.632004291319920E+0
181.000000000000030E+0	400.497668595262090E-3	8.460684123767964E+0
182.000000000000030E+0	288.632250521318130E-3	8.315902666802415E+0
183.000000000000030E+0	367.033047079037500E-3	8.134010118951991E+0
184.000000000000030E+0	379.947968814760840E-3	8.078376287501259E+0
185.000000000000030E+0	406.633657200840550E-3	8.232740377055475E+0
186.000000000000030E+0	366.177907247833830E-3	8.268172724957845E+0
187.000000000000030E+0	346.129200996820930E-3	8.358628364126314E+0
188.000000000000030E+0	286.906662453424220E-3	8.317646785252304E+0
189.000000000000030E+0	347.564747957844140E-3	8.231714405234909E+0
190.000000000000030E+0	326.279229797646510E-3	8.280303412105196E+0
191.000000000000030E+0	319.068484318722760E-3	8.248164561652564E+0
192.000000000000030E+0	358.646100866858270E-3	8.217291456829923E+0
193.000000000000030E+0	347.034712538341840E-3	8.374387106355680E+0
194.000000000000030E+0	339.163733621678620E-3	8.154591427585490E+0
195.000000000000030E+0	393.931117776779300E-3	8.105475343017657E+0
196.000000000000030E+0	398.362405871166670E-3	8.071097562872088E+0
197.000000000000030E+0	391.633061270280910E-3	7.924882142216834E+0
198.000000000000030E+0	499.011990859471450E-3	7.793456100970137E+0
199.000000000000030E+0	395.765359174917230E-3	7.756105317460705E+0
200.000000000000030E+0	380.534538027524290E-3	7.468770690415114E+0
201.000000000000030E+0	525.023013712718310E-3	7.313995679745450E+0
202.000000000000030E+0	446.030923940049780E-3	7.480478637836034E+0
203.000000000000030E+0	379.213182313869800E-3	6.837737218363960E+0
204.000000000000030E+0	406.631668400159570E-3	6.824554504900735E+0
205.000000000000030E+0	362.439781353678100E-3	6.460879630332978E+0
206.000000000000030E+0	421.710432903375010E-3	6.419892851670778E+0
207.000000000000030E+0	380.387049512876330E-3	6.802407052633129E+0
208.000000000000030E+0	85.367205676779662E-3	9.532713822711173E+0
209.000000000000030E+0	38.092084069557906E-3	10.825349808090838E+0
210.000000000000030E+0	31.209018231928256E-3	9.073458794768904E+0
211.000000000000030E+0	96.080757489877364E-3	9.748585212866200E+0
212.000000000000030E+0	44.742909140687022E-3	8.891280910571341E+0
213.000000000000030E+0	88.892650111384766E-3	8.650364764480924E+0
214.000000000000030E+0	74.347892394163853E-3	9.844047057948309E+0
215.000000000000030E+0	20.755329209819845E-3	6.724301504269849E+0
216.000000000000030E+0	132.239742676259820E-3	7.119884190170221E+0
217.000000000000030E+0	307.012250452439240E-3	8.543478884667927E+0
218.000000000000030E+0	201.591912173528340E-3	9.106602949263946E+0
219.000000000000030E+0	170.537935074101120E-3	9.346401474258164E+0
220.000000000000030E+0	137.126675662454230E-3	9.290844381196298E+0
221.000000000000030E+0	188.595039293120380E-3	9.183782888021852E+0
222.000000000000030E+0	159.852716214203880E-3	9.160464686053841E+0
223.000000000000030E+0	168.506718511968050E-3	8.809516530842947E+0
224.000000000000030E+0	193.073462128512230E-3	8.437373247803857E+0
225.000000000000030E+0	210.738307897451960E-3	8.453740223906303E+0
226.000000000000030E+0	154.007173761074310E-3	8.483258407934578E+0
227.000000000000030E+0	193.197115927517480E-3	8.367483978190100E+0
228.000000000000030E+0	184.864951951726450E-3	8.611019672712445E+0
229.000000000000030E+0	167.867813150704090E-3	8.885475414375730E+0
230.000000000000030E+0	175.770659029981320E-3	8.384150017771660E+0
231.000000000000030E+0	294.107892911901590E-3	8.592668353613819E+0
232.000000000000030E+0	340.520613389439400E-3	8.517710495560783E+0
233.000000000000030E+0	444.077905535570140E-3	8.357575273724349E+0
234.000000000000030E+0	422.145708729822210E-3	8.377144790024776E+0
235.000000000000030E+0	291.448320059741920E-3	7.986439828849023E+0
236.000000000000030E+0	349.999260183902930E-3	7.399407281867968E+0
237.000000000000030E+0	373.095562762304490E-3	7.301703666803460E+0
238.000000000000030E+0	258.448479896223160E-3	7.372611226603064E+0
239.000000000000030E+0	127.665860452175870E-3	7.255753876755142E+0
240.000000000000030E+0	192.225907734876800E-3	7.259560881037119E+0
241.000000000000030E+0	125.806649707933180E-3	7.575962972751970E+0
242.000000000000030E+0	75.178595555522768E-3	7.520738204612300E+0
243.000000000000030E+0	73.875419896605454E-3	6.624784438634867E+0
244.000000000000030E+0	159.548209719521130E-3	6.833454758671147E+0
245.000000000000030E+0	317.041864367182900E-3	7.627544061459763E+0
246.000000000000030E+0	108.225161900432080E-3	8.748989348596675E+0
247.000000000000030E+0	34.023466358888581E-3	7.325751967672092E+0
248.000000000000030E+0	108.109504616824850E-3	6.720830009985630E+0
249.000000000000030E+0	230.078870618151850E-3	7.231094182232473E+0
250.000000000000030E+0	131.523964015926200E-3	8.406520953724238E+0
251.000000000000030E+0	44.654960053280963E-3	9.254641535811729E+0
252.000000000000030E+0	37.600190229669372E-3	10.953427595025435E+0
253.000000000000030E+0	28.467930764572002E-3	9.263513947118030E+0
254.000000000000030E+0	119.302550792257740E-3	9.769546762418349E+0
255.000000000000030E+0	190.152087401062600E-3	10.132647529270866E+0
256.000000000000060E+0	163.380455489425010E-3	10.998655484590721E+0
257.000000000000060E+0	44.379379841868911E-3	10.709163247030610E+0
258.000000000000060E+0	70.405705974583718E-3	11.028041268720056E+0
259.000000000000060E+0	150.947094239841120E-3	8.141949313004554E+0
260.000000000000060E+0	129.983100068578990E-3	8.521887832126765E+0
261.000000000000060E+0	187.800202112467370E-3	8.314186956540784E+0
262.000000000000060E+0	255.197645733935110E-3	8.799752176992046E+0
263.000000000000060E+0	244.474898952450390E-3	9.142648183804605E+0
264.000000000000060E+0	201.638217092943110E-3	9.412912157159347E+0
265.000000000000060E+0	130.762033541404730E-3	9.664008129948192E+0
266.000000000000060E+0	54.837824216022735E-3	8.620269011601550E+0
267.000000000000060E+0	145.985629169351590E-3	8.645947897672837E+0
268.000000000000060E+0	104.716247846744100E-3	8.630520105350763E+0
269.000000000000060E+0	192.817634482532220E-3	8.583782199170678E+0
270.000000000000060E+0	166.423522053716050E-3	8.683702527531601E+0
271.000000000000060E+0	211.964154227351040E-3	8.212327970363827E+0
272.000000000000060E+0	291.083192134942210E-3	8.886525730268314E+0
273.000000000000060E+0	256.101007337071470E-3	9.049449153520410E+0
274.000000000000060E+0	190.824432683052380E-3	9.065626466737049E+0
275.000000000000060E+0	206.558795929382620E-3	8.559895733632233E+0
276.000000000000060E+0	308.237466234055570E-3	8.568711822226064E+0
277.000000000000060E+0	406.015500211865500E-3	8.691807165023775E+0
278.000000000000060E+0	294.521585800380010E-3	8.665515454890452E+0
279.000000000000060E+0	364.065267599344540E-3	8.477453138430697E+0
280.000000000000060E+0	416.735317171338990E-3	8.500669349100528E+0
281.000000000000060E+0	498.364154692223500E-3	8.468839055459899E+0
282.000000000000060E+0	401.230038539453880E-3	8.590521008514719E+0
283.000000000000060E+0	422.144740052884770E-3	8.220470022707673E+0
284.000000000000060E+0	558.659268605253280E-3	8.092065313779731E+0
285.000000000000060E+0	531.180528080673400E-3	8.164665227975457E+0
286.000000000000060E+0	504.850782649732930E-3	8.015855231569326E+0
287.000000000000060E+0	600.902919017688890E-3	7.969994993497137E+0
288.000000000000060E+0	481.338740191515180E-3	7.982974709457146E+0
289.000000000000060E+0	427.651610597499180E-3	7.827292357640903E+0
290.000000000000060E+0	374.097339569847700E-3	7.513096430984091E+0
291.000000000000060E+0	444.903589711370620E-3	7.591221548927402E+0
292.000000000000060E+0	383.177906409609080E-3	7.585694740560884E+0
293.000000000000060E+0	375.344187161431920E-3	7.593514230850786E+0
294.000000000000060E+0	388.178573533180030E-3	7.584235089025145E+0
295.000000000000060E+0	442.051534147655520E-3	7.618464725324073E+0
296.000000000000060E+0	444.288989122389950E-3	7.633972304222008E+0
297.000000000000060E+0	460.928767089917090E-3	7.447041762141056E+0
298.000000000000060E+0	443.435134610082830E-3	7.408910449558205E+0
299.000000000000060E+0	442.151176557402820E-3	7.234573321989815E+0
300.000000000000060E+0	468.353844522796820E-3	7.274479269761803E+0
301.000000000000060E+0	453.179649333238290E-3	7.121550983627771E+0
302.000000000000060E+0	449.716956290296790E-3	7.109390166423861E+0
303.000000000000060E+0	415.945063695544010E-3	7.152272429379200E+0
304.000000000000060E+0	364.178536291041410E-3	7.213540046563702E+0
305.000000000000060E+0	309.481177990705180E-3	7.351798665091497E+0
306.000000000000060E+0	316.440031350329890E-3	7.239666114172924E+0
307.000000000000060E+0	368.680804109367270E-3	7.424807644154187E+0
308.000000000000060E+0	378.196727729366910E-3	7.449598241853026E+0
309.000000000000060E+0	419.923437842241010E-3	7.339434570366172E+0
310.000000000000060E+0	469.747464330729000E-3	7.185236145224331E+0
311.000000000000060E+0	514.580030647113660E-3	7.087872491988566E+0
312.000000000000060E+0	474.962287423133510E-3	7.026269331759181E+0
313.000000000000060E+0	405.931180295376610E-3	6.849305512292996E+0
314.000000000000060E+0	388.712174469361960E-3	6.603267273986150E+0
315.000000000000060E+0	537.797558744896100E-3	6.638010986630978E+0
316.000000000000060E+0	432.002880245556050E-3	6.959549801492277E+0
317.000000000000060E+0	405.165974430834630E-3	6.628769490213265E+0
318.000000000000060E+0	483.343544694226860E-3	6.621223351738569E+0
319.000000000000060E+0	379.022929679078580E-3	7.034354164008958E+0
320.000000000000060E+0	322.497066600907160E-3	6.634972427513999E+0
321.000000000000060E+0	291.218749780990830E-3	6.545807272637948E+0
322.000000000000060E+0	339.930354539359050E-3	6.200008711631736E+0
323.000000000000060E+0	364.021722288691560E-3	6.516036898164611E+0
324.000000000000060E+0	239.767899690674470E-3	6.373067119536278E+0
325.000000000000060E+0	340.718620105611770E-3	6.291160697484783E+0
326.000000000000060E+0	316.888084984541350E-3	6.466941027359780E+0
327.000000000000060E+0	279.298953960802510E-3	6.431409321732964E+0
328.000000000000060E+0	243.059885523120490E-3	6.439395333101138E+0
329.000000000000060E+0	283.020991832617700E-3	6.048336435690616E+0
330.000000000000060E+0	293.734637596803520E-3	6.230344005347948E+0
331.000000000000060E+0	272.981975912067850E-3	6.230925575883870E+0
332.000000000000060E+0	303.155771022013080E-3	6.286722738841415E+0
333.000000000000060E+0	293.283094314364280E-3	6.716055291956271E+0
334.000000000000060E+0	237.062629348784970E-3	7.147754008811080E+0
335.000000000000060E+0	138.135279141958190E-3	7.359572497774758E+0
336.000000000000060E+0	212.196765414280980E-3	7.169978200520799E+0
337.000000000000060E+0	304.419609056377330E-3	7.768874700416061E+0
338.000000000000060E+0	67.639628012079428E-3	6.270344960371828E+0
339.000000000000060E+0	328.003887507414160E-3	6.620926699181680E+0
340.000000000000060E+0	500.530974946717060E-3	6.745375112182182E+0
341.000000000000060E+0	529.930981813774070E-3	6.804940341722413E+0
342.000000000000060E+0	593.219392366819860E-3	6.466640203777451E+0
343.000000000000060E+0	729.310358702660250E-3	6.600867296177085E+0
344.000000000000060E+0	576.340839130803690E-3	6.700543508516953E+0
345.000000000000060E+0	232.991204143209900E-3	6.454489122315109E+0
346.000000000000060E+0	365.100819482185810E-3	5.868126859181999E+0
347.000000000000060E+0	237.332022563354260E-3	5.705895258068988E+0
348.000000000000060E+0	414.297203051333610E-3	5.500528305319953E+0
349.000000000000060E+0	319.869843985038820E-3	5.520732215303585E+0
350.000000000000060E+0	362.235624791770900E-3	5.230088550951543E+0
351.000000000000060E+0	412.174702556718450E-3	5.632797043722127E+0
352.000000000000060E+0	305.776671917613100E-3	5.763649342997922E+0
353.000000000000060E+0	254.707949214532820E-3	5.969703427101697E+0
354.000000000000060E+0	240.944985354793250E-3	5.954526318688236E+0
355.000000000000060E+0	291.879467697277630E-3	6.142020400761131E+0
356.000000000000060E+0	265.628508721366450E-3	6.277826166114036E+0
357.000000000000060E+0	280.892338496577300E-3	6.150990889708010E+0
358.000000000000060E+0	303.507195614315110E-3	6.156075011737403E+0
359.000000000000060E+0	289.693014535157220E-3	6.171211481121740E+0
360.000000000000060E+0	246.986662271553500E-3	6.013330467867073E+0
361.000000000000060E+0	329.058374295989330E-3	5.593572043126810E+0
362.000000000000060E+0	312.033480331327990E-3	5.640191478260649E+0
363.000000000000060E+0	296.702776813838780E-3	5.636422127700039E+0
364.000000000000060E+0	235.765655027545760E-3	5.480618439400352E+0
365.000000000000060E+0	309.482327161558050E-3	5.571428579288164E+0
366.000000000000060E+0	336.319617508929690E-3	6.490512826181721E+0
367.000000000000060E+0	146.718851269406510E-3	7.129901395617436E+0
368.000000000000060E+0	73.273034115080751E-3	6.488485589475044E+0
369.000000000000060E+0	112.765764376374700E-3	5.927059513696129E+0
370.000000000000060E+0	84.456476196956148E-3	6.340942125886564E+0
371.000000000000060E+0	96.664256023194409E-3	5.385628302562207E+0
372.000000000000060E+0	124.568669766820780E-3	5.575236664126381E+0
373.000000000000060E+0	158.080251747346880E-3	5.534503815985006E+0
374.000000000000060E+0	199.658016520768590E-3	6.027859663447760E+0
375.000000000000060E+0	203.130654584967010E-3	6.031363602481238E+0
376.000000000000060E+0	235.530879341321000E-3	6.264089954602666E+0
377.000000000000060E+0	213.081927250855370E-3	6.380472155033170E+0
378.000000000000060E+0	186.519525341317740E-3	6.367675208996858E+0
379.000000000000060E+0	138.884932493617250E-3	6.218254959787982E+0
380.000000000000060E+0	141.093223912806290E-3	6.055992693883439E+0
381.000000000000060E+0	114.048170076905030E-3	5.939045968403448E+0
382.000000000000060E+0	114.334914970533700E-3	5.871651274136759E+0
383.000000000000060E+0	93.594478333737921E-3	6.079327047079594E+0
384.000000000000060E+0	91.028296299682065E-3	5.928613982298793E+0
385.000000000000060E+0	124.990087688139600E-3	6.262950060501026E+0
386.000000000000060E+0	142.865494901444260E-3	6.597210653142971E+0
387.000000000000060E+0	156.539966634886090E-3	6.909518678713867E+0
388.000000000000060E+0	180.333991019267590E-3	6.884556482578717E+0
389.000000000000060E+0	230.311361483088730E-3	7.099983901489857E+0
390.000000000000060E+0	184.668481386981220E-3	7.154549010549703E+0
391.000000000000060E+0	198.143723207385660E-3	6.863695350838062E+0
392.000000000000060E+0	241.815112787031470E-3	6.739183778945661E+0
393.000000000000060E+0	262.181069293094870E-3	6.401491816664712E+0
394.000000000000060E+0	355.516110936179690E-3	6.230228126162324E+0
395.000000000000060E+0	482.718401783378830E-3	6.282692059324518E+0
396.000000000000060E+0	424.751309308269100E-3	6.412056279465456E+0
397.000000000000060E+0	401.022844298099090E-3	6.300641106574850E+0
398.000000000000060E+0	402.448433655940850E-3	6.573266283623409E+0
399.000000000000060E+0	133.660030089986640E-3	6.293945078893810E+0
400.000000000000060E+0	118.960689205299110E-3	5.353675253997580E+0
401.000000000000060E+0	222.738018102171860E-3	4.974347769555269E+0
402.000000000000060E+0	245.845714108461400E-3	5.143629350236035E+0
403.000000000000060E+0	401.114478248177970E-3	5.214272497341945E+0
404.000000000000060E+0	361.331188671934760E-3	5.825592306839638E+0
405.000000000000060E+0	449.157692588824040E-3	6.071156847353922E+0
406.000000000000060E+0	411.316990440385940E-3	6.621780268126614E+0
407.000000000000060E+0	377.786675575132070E-3	6.574692055511630E+0
408.000000000000060E+0	318.875937894857740E-3	7.069269151041320E+0
409.000000000000060E+0	188.062142498154390E-3	6.476474006459648E+0
410.000000000000060E+0	193.993442489815810E-3	6.138585686969284E+0
411.000000000000060E+0	261.298873904675540E-3	5.686198856973768E+0
412.000000000000060E+0	401.772879103002080E-3	5.943605133982367E+0
413.000000000000060E+0	375.127435104854250E-3	6.107493088689650E+0
414.000000000000060E+0	352.265026033850680E-3	6.124686525007067E+0
415.000000000000060E+0	339.240085002779800E-3	6.083359625532349E+0
416.000000000000060E+0	361.051379780161050E-3	6.095238529305761E+0
417.000000000000060E+0	280.875729509709180E-3	6.161365544626095E+0
418.000000000000060E+0	272.931686728819070E-3	5.854143287388675E+0
419.000000000000060E+0	315.404419475583450E-3	5.730516791187383E+0
420.000000000000060E+0	323.093009981238690E-3	5.723135302087131E+0
421.000000000000060E+0	418.460082726101750E-3	5.511071881453913E+0
422.000000000000060E+0	375.348474090306640E-3	5.857417203865306E+0
423.000000000000060E+0	346.751851154541100E-3	5.796480500173945E+0
424.000000000000060E+0	326.210461127214800E-3	5.810769690453201E+0
425.000000000000060E+0	304.116539614656730E-3	5.690503407782328E+0
426.000000000000060E+0	249.231764214587560E-3	5.525621497954859E+0
427.000000000000060E+0	424.912265713137390E-3	5.411257501099296E+0
428.000000000000060E+0	372.264354159572490E-3	5.576124459733775E+0
429.000000000000060E+0	320.966855644747140E-3	5.540722147050556E+0
430.000000000000060E+0	345.827215390830830E-3	5.278711437195129E+0
431.000000000000060E+0	453.127253205478810E-3	5.460372475933921E+0
432.000000000000060E+0	354.086639270866480E-3	5.541152562774126E+0
433.000000000000060E+0	277.654654328273020E-3	5.453282495769113E+0
434.000000000000060E+0	204.265416295679510E-3	5.118163122629613E+0
435.000000000000060E+0	179.952342368790430E-3	4.712585668502485E+0
436.000000000000060E+0	215.439645385958170E-3	4.374533589269223E+0
437.000000000000060E+0	195.471627839666480E-3	4.432508425226888E+0
438.000000000000060E+0	106.928993314567480E-3	4.345922192799695E+0
439.000000000000060E+0	64.391090232390286E-3	4.135955080980716E+0
440.000000000000060E+0	286.180300745110420E-3	6.677617716627782E+0
441.000000000000060E+0	235.558520784791090E-3	7.409373369991709E+0
442.000000000000060E+0	350.441133924656980E-3	7.184555280582940E+0
443.000000000000060E+0	497.752897431551490E-3	7.108757578214862E+0
444.000000000000060E+0	583.658959017339330E-3	7.058914301598699E+0
445.000000000000060E+0	699.562493507582590E-3	6.893378642461684E+0
446.000000000000060E+0	751.823744374503940E-3	6.547649781481687E+0
447.000000000000060E+0	909.165756901557990E-3	6.268684473917646E+0
448.000000000000060E+0	986.028054673054880E-3	6.128816742380281E+0
449.000000000000060E+0	1.004524906213609E+0	5.974957944535953E+0
450.000000000000060E+0	1.040668360378808E+0	5.899204043467233E+0
451.000000000000060E+0	960.727791685116460E-3	5.800596346446373E+0
452.000000000000060E+0	960.855977006731530E-3	5.626357816760622E+0
453.000000000000060E+0	1.031201127049573E+0	5.578215639597946E+0
454.000000000000060E+0	1.004882358632267E+0	5.468220156709446E+0
455.000000000000060E+0	1.036034394578868E+0	5.392502478314852E+0
456.000000000000060E+0	1.059819577336681E+0	5.299779506240549E+0
457.000000000000060E+0	1.081134650858375E+0	5.223905988880157E+0
458.000000000000060E+0	1.085461687944402E+0	5.086794285744674E+0
459.000000000000060E+0	1.210505874748149E+0	5.123438452965059E+0
460.000000000000060E+0	1.098553785879732E+0	5.007239927445154E+0
461.000000000000060E+0	1.103737742081955E+0	4.900390298019184E+0
462.000000000000060E+0	1.091533447538013E+0	4.796021206714435E+0
463.000000000000060E+0	1.100898583818140E+0	4.677277112567289E+0
464.000000000000060E+0	1.152041435235453E+0	4.624714734868944E+0
465.000000000000060E+0	1.117549289696683E+0	4.563143928293306E+0
466.000000000000060E+0	1.120527864106163E+0	4.460778340811048E+0
467.000000000000060E+0	1.160307644930782E+0	4.413094999257912E+0
468.000000000000060E+0	1.192603934643158E+0	4.403148849359203E+0
469.000000000000060E+0	1.123359768560739E+0	4.227755613234104E+0
470.000000000000060E+0	1.173046629398986E+0	4.087984408989706E+0
471.000000000000060E+0	1.195693243351277E+0	3.921134942053203E+0
472.000000000000060E+0	1.201310709892929E+0	3.892427592473830E+0
473.000000000000060E+0	928.373343165614930E-3	3.734070027929310E+0
474.000000000000060E+0	848.655577774656280E-3	3.563897443471536E+0
475.000000000000060E+0	802.673688612603350E-3	3.564043774313516E+0
476.000000000000060E+0	730.350850250712450E-3	3.627876870456554E+0
477.000000000000060E+0	632.632410931237230E-3	3.677252695607270E+0
478.000000000000060E+0	678.178243185095450E-3	3.527549443600272E+0
479.000000000000060E+0	736.059637803182840E-3	3.515093197905520E+0
480.000000000000060E+0	721.508092827096940E-3	3.415439608450165E+0
481.000000000000060E+0	681.999488175034200E-3	3.283606838638931E+0
482.000000000000060E+0	725.357834441479720E-3	3.303861620709132E+0
483.000000000000060E+0	610.027621608196570E-3	3.323307369519196E+0
484.000000000000060E+0	570.338130356960570E-3	3.262243213790897E+0
485.000000000000060E+0	516.369606277806150E-3	3.227967812398123E+0
486.000000000000060E+0	496.630019513693340E-3	3.119198167385131E+0
487.000000000000060E+0	527.895457119181290E-3	3.132175629170786E+0
488.000000000000060E+0	466.182597674851320E-3	3.164911182338314E+0
489.000000000000060E+0	444.649296832901220E-3	3.103072275270075E+0
490.000000000000060E+0	451.955650631648780E-3	3.062300438702135E+0
491.000000000000060E+0	472.863922678593010E-3	3.043859641255481E+0
492.000000000000060E+0	457.690272937115120E-3	3.066298079797179E+0
493.000000000000060E+0	442.299192125420180E-3	3.047861565165716E+0
494.000000000000060E+0	419.224919904437170E-3	2.996083930286455E+0
495.000000000000060E+0	391.471136700410560E-3	2.983171156955963E+0
496.000000000000060E+0	378.828309726643830E-3	2.853943674268761E+0
497.000000000000060E+0	406.236820742183590E-3	2.840721826828260E+0
498.000000000000060E+0	401.004097096352540E-3	2.890326399124274E+0
499.000000000000060E+0	370.305947560369940E-3	2.932999063340909E+0
500.000000000000060E+0	267.325011605302640E-3	2.734906489058783E+0
501.000000000000060E+0	427.345389776930370E-3	2.723108570907250E+0
502.000000000000060E+0	356.687444768722660E-3	2.788045337678078E+0
503.000000000000060E+0	314.461027359779210E-3	2.750414728263935E+0
504.000000000000060E+0	315.992019232207600E-3	2.539322697229591E+0
505.000000000000060E+0	342.966255740966400E-3	2.487620562892864E+0
506.000000000000060E+0	400.180130224805750E-3	2.641131236716864E+0
507.000000000000060E+0	336.128490991062790E-3	2.656277053664668E+0
508.000000000000060E+0	253.623000348533910E-3	2.635611834860114E+0
509.000000000000060E+0	247.813637011485430E-3	2.021233569087447E+0
510.000000000000060E+0	363.691838777982560E-3	2.123856199653680E+0
511.000000000000060E+0	278.148144999934570E-3	2.021104228252847E+0
512.000000000000110E+0	274.786736061044310E-3	1.737313507933294E+0
513.000000000000110E+0	375.047593602243820E-3	1.514317682077152E+0
514.000000000000110E+0	393.310237606128380E-3	1.861205303668032E+0
515.000000000000110E+0	180.129554311466240E-3	1.861866175511695E+0
516.000000000000110E+0	159.744825483530310E-3	524.662059744276270E-3
517.000000000000110E+0	236.394606517115270E-3	468.249463882635390E-3
518.000000000000110E+0	258.052731544043730E-3	77.782771273347054E-3
519.000000000000110E+0	391.753605595119460E-3	591.018953384918610E-3
520.000000000000110E+0	76.706666171102472E-3	-172.198209832215540E-3
521.000000000000110E+0	149.693129095800740E-3	-938.137414142123590E-3
522.000000000000110E+0	144.058067335174710E-3	-1.291085051205203E+0
523.000000000000110E+0	252.688609530135390E-3	-1.903068938003093E+0
524.000000000000110E+0	236.375508384067570E-3	-1.417362438833042E+0
525.000000000000110E+0	122.787055195410360E-3	-2.488141011816752E+0
526.000000000000110E+0	213.376846079175370E-3	-2.558861463789214E+0
527.000000000000110E+0	195.623953291329480E-3	-2.422893690761374E+0
528.000000000000110E+0	193.070632933321300E-3	-2.665473715624954E+0
529.000000000000110E+0	139.130153551954990E-3	-2.593429796449547E+0
530.000000000000110E+0	136.587387363668410E-3	-3.119220182192764E+0
531.000000000000110E+0	138.329026548983960E-3	-3.317405671639060E+0
532.000000000000110E+0	186.175708856957190E-3	-3.533260922911697E+0
533.000000000000110E+0	178.119248379742580E-3	-3.075227072951138E+0
534.000000000000110E+0	113.399179640681320E-3	-3.141421214262495E+0
535.000000000000110E+0	103.490373659610450E-3	-3.470299482969930E+0
536.000000000000110E+0	138.091414812273970E-3	-3.655725516004130E+0
537.000000000000110E+0	183.834535524888270E-3	-3.489647287325904E+0
538.000000000000110E+0	223.646465416044190E-3	-2.799671336379993E+0
539.000000000000110E+0	112.340843614477890E-3	-2.582189038956448E+0
540.000000000000110E+0	85.757113696541307E-3	-2.710587098117862E+0
541.000000000000110E+0	102.475013394848690E-3	-2.995492579545490E+0
542.000000000000110E+0	118.189207515484920E-3	-2.587655531197210E+0
543.000000000000110E+0	111.078478128664140E-3	-3.249339180756313E+0
544.000000000000110E+0	172.489935538402420E-3	-3.307672851333248E+0
545.000000000000110E+0	243.143280243600930E-3	-3.052654664052278E+0
546.000000000000110E+0	206.454294138446790E-3	-3.054688471852460E+0
547.000000000000110E+0	263.284471475842160E-3	-3.326078039351278E+0
548.000000000000110E+0	261.513677407904600E-3	-3.277954432856474E+0
549.000000000000110E+0	304.766285639054780E-3	-3.486580689835362E+0
550.000000000000110E+0	369.829680378952200E-3	-3.489822562474616E+0
551.000000000000110E+0	289.477417836593920E-3	-3.274426642399785E+0
552.000000000000110E+0	269.869728029883070E-3	-3.994292771873227E+0
553.000000000000110E+0	392.716107534932080E-3	-4.035311564247895E+0
554.000000000000110E+0	413.653613531224100E-3	-4.089239692150862E+0
555.000000000000110E+0	457.239736117132090E-3	-4.194715553001582E+0
556.000000000000110E+0	462.672922881741110E-3	-4.370933806099073E+0
557.000000000000110E+0	461.042260777304540E-3	-4.436997217084251E+0
558.000000000000110E+0	413.912325876248320E-3	-4.755171398715770E+0
559.000000000000110E+0	405.705686594777680E-3	-5.013698462256048E+0
560.000000000000110E+0	400.688779683070370E-3	-5.224354924636384E+0
561.000000000000110E+0	241.313578170681690E-3	-5.328871277553334E+0
562.000000000000110E+0	255.472568596861070E-3	-5.873836064448056E+0
563.000000000000110E+0	242.826419473496420E-3	-6.111893133579994E+0
564.000000000000110E+0	243.002866844074960E-3	-6.131176523171562E+0
565.000000000000110E+0	198.073514347451050E-3	-6.008644810527591E+0
566.000000000000110E+0	145.858238010948080E-3	-5.520768809657464E+0
567.000000000000110E+0	74.883423512897160E-3	-5.656266337660990E+0
568.000000000000110E+0	54.836882514719833E-3	-5.208268648004117E+0
569.000000000000110E+0	31.051845764083090E-3	-4.323910526758868E+0
570.000000000000110E+0	56.649974531374478E-3	-2.911609859733348E+0
571.000000000000110E+0	17.974125932057872E-3	-647.278225548755690E-3
572.000000000000110E+0	23.389215146919714E-3	2.060431193848112E+0
573.000000000000110E+0	31.923343463921242E-3	2.047832232586749E+0
574.000000000000110E+0	78.299073007261119E-3	1.562720957841012E+0
575.000000000000110E+0	142.522705709805160E-3	1.896982502421539E+0
576.000000000000110E+0	207.146394416563550E-3	2.300276629355944E+0
577.000000000000110E+0	174.756200749824760E-3	2.463772276053704E+0
578.000000000000110E+0	186.951116766752910E-3	2.395905161501449E+0
579.000000000000110E+0	151.303349561014210E-3	2.383542151106446E+0
580.000000000000110E+0	264.668211914749650E-3	1.902263741350169E+0
581.000000000000110E+0	290.902750647062280E-3	1.992193033841052E+0
582.000000000000110E+0	356.141262900854960E-3	1.854514573743924E+0
583.000000000000110E+0	486.211517021628460E-3	1.882418474097326E+0
584.000000000000110E+0	570.336775745625910E-3	1.978569781358434E+0
585.000000000000110E+0	481.360952119054940E-3	1.922827681791992E+0
586.000000000000110E+0	543.686985962821720E-3	1.595204619104933E+0
587.000000000000110E+0	664.151664165866020E-3	1.373986693120710E+0
588.000000000000110E+0	738.070780432028450E-3	1.203636826857863E+0
589.000000000000110E+0	818.027745432314930E-3	857.668873401522870E-3
590.000000000000110E+0	961.044662496134290E-3	811.625912303318040E-3
591.000000000000110E+0	973.754260549417600E-3	594.862559107629310E-3
592.000000000000110E+0	1.082886708815871E+0	421.795462067650890E-3
593.000000000000110E+0	870.153813444886850E-3	537.393545816982510E-3
594.000000000000110E+0	662.691671253263780E-3	187.424067583761840E-3
595.000000000000110E+0	671.343867383140780E-3	-95.112015733704994E-3
596.000000000000110E+0	674.450728398473530E-3	-237.040367998202410E-3
597.000000000000110E+0	720.007733068868340E-3	-367.552061182822130E-3
598.000000000000110E+0	894.538447914897450E-3	-362.280374524345800E-3
599.000000000000110E+0	762.213252701749890E-3	-104.944142310554320E-3
600.000000000000110E+0	636.085989392043190E-3	-198.256243502475530E-3
601.000000000000110E+0	591.051532958234980E-3	-312.029110854563810E-3
602.000000000000110E+0	533.619845517597000E-3	-475.698407486018330E-3
603.000000000000110E+0	630.810762820303460E-3	-569.507974684736130E-3
604.000000000000110E+0	602.344881874311230E-3	-612.515139714373660E-3
605.000000000000110E+0	602.785567302336900E-3	-734.147640434156700E-3
606.000000000000110E+0	678.762415753906280E-3	-818.333072619455540E-3
607.000000000000110E+0	703.801048192476690E-3	-821.536725450368710E-3
608.000000000000110E+0	745.899924938620560E-3	-677.772263477013030E-3
609.000000000000110E+0	579.182630561480560E-3	-820.832576360363330E-3
610.000000000000110E+0	537.746580261039390E-3	-939.655692137996270E-3
611.000000000000110E+0	463.864164955044290E-3	-1.174725967683170E+0
612.000000000000110E+0	554.036870590071780E-3	-1.404145343998749E+0
613.000000000000110E+0	531.273632450111280E-3	-1.261381289725193E+0
614.000000000000110E+0	438.227497277699220E-3	-1.233498843722111E+0
615.000000000000110E+0	380.544829173879660E-3	-1.206481927433707E+0
616.000000000000110E+0	325.421284359573070E-3	-1.215417507927632E+0
617.000000000000110E+0	368.446128620027180E-3	-1.243772249346448E+0
618.000000000000110E+0	358.730474100373180E-3	-1.007197395210798E+0
619.000000000000110E+0	321.454100338870560E-3	-1.001776896028157E+0
620.000000000000110E+0	313.060146152066680E-3	-1.025313438806090E+0
621.000000000000110E+0	273.704976430955930E-3	-1.437876732225960E+0
622.000000000000110E+0	473.396688184020250E-3	-1.170723065978913E+0
623.000000000000110E+0	474.101681021406260E-3	-1.059049727402268E+0
624.000000000000110E+0	489.066450974861680E-3	-936.372723739436470E-3
625.000000000000110E+0	421.637257356589300E-3	-818.047638231813590E-3
626.000000000000110E+0	328.613032069059170E-3	-952.751409497217040E-3
627.000000000000110E+0	511.661720764277290E-3	-1.230707324377593E+0
628.000000000000110E+0	539.443171707827740E-3	-1.028633640902505E+0
629.000000000000110E+0	550.924647770086430E-3	-896.430888085213540E-3
630.000000000000110E+0	422.190736969842110E-3	-786.474607062290000E-3
631.000000000000110E+0	487.092043996048160E-3	-1.512292952592608E+0
632.000000000000110E+0	682.792523146892870E-3	-1.222494185597973E+0
633.000000000000110E+0	691.031681977874120E-3	-1.192747534156526E+0
634.000000000000110E+0	717.898013341578770E-3	-1.150126903739293E+0
635.000000000000110E+0	623.943864237848640E-3	-1.275125386047067E+0
636.000000000000110E+0	628.520931833070670E-3	-1.509460307522438E+0
637.000000000000110E+0	720.998192635496030E-3	-1.533374679889915E+0
638.000000000000110E+0	734.290686966564850E-3	-1.552562328299834E+0
639.000000000000110E+0	744.079094413589440E-3	-1.518209147917463E+0
640.000000000000110E+0	644.538893484252530E-3	-1.414267667798799E+0
641.000000000000110E+0	713.887849882164030E-3	-1.602401450049896E+0
642.000000000000110E+0	797.327498771220890E-3	-1.602623290564883E+0
643.000000000000110E+0	873.690481230072870E-3	-1.575279367023896E+0
644.000000000000110E+0	916.962911154666990E-3	-1.572679910372774E+0
645.000000000000110E+0	894.880200465453580E-3	-1.733022098032232E+0
646.000000000000110E+0	1.133036796604897E+0	-1.879713535225546E+0
647.000000000000110E+0	1.307191624474610E+0	-1.881780429068868E+0
648.000000000000110E+0	1.331665574599116E+0	-1.943150743921064E+0
649.000000000000110E+0	1.319607101364227E+0	-1.993029704324405E+0
650.000000000000110E+0	1.232861634500403E+0	-2.447416306128861E+0
651.000000000000110E+0	1.381697676013092E+0	-2.478137659927648E+0
652.000000000000110E+0	1.388997921209026E+0	-2.611547275936602E+0
653.000000000000110E+0	1.385212180718038E+0	-2.700898359189610E+0
654.000000000000110E+0	1.199804917852176E+0	-2.849849101977037E+0
655.000000000000110E+0	1.211946184597904E+0	-3.027199325168255E+0
656.000000000000110E+0	1.144705351006776E+0	-3.059677089850518E+0
657.000000000000110E+0	1.019561467046277E+0	-3.144706469613216E+0
658.000000000000110E+0	947.540442819066910E-3	-3.212936942550079E+0
659.000000000000110E+0	800.476306839454030E-3	-3.316731363208019E+0
660.000000000000110E+0	821.114555386244340E-3	-3.377599664726738E+0
661.000000000000110E+0	795.542756774495710E-3	-3.411207074929430E+0
662.000000000000110E+0	789.889049045862660E-3	-3.474329389012992E+0
663.000000000000110E+0	813.688740500213780E-3	-3.374938173197608E+0
664.000000000000110E+0	695.289206803478050E-3	-3.522291241879759E+0
665.000000000000110E+0	729.459713547556010E-3	-3.604784923434620E+0
666.000000000000110E+0	766.853618925623430E-3	-3.696708028935135E+0
667.000000000000110E+0	785.857074290941980E-3	-3.732169834457617E+0
668.000000000000110E+0	762.443010750191050E-3	-3.703134773425208E+0
669.000000000000110E+0	794.715760870721600E-3	-4.011308990225483E+0
670.000000000000110E+0	819.633718336660880E-3	-4.105178818216931E+0
671.000000000000110E+0	843.687798883811730E-3	-4.201321042569848E+0
672.000000000000110E+0	749.315563956002740E-3	-4.214688551940313E+0
673.000000000000110E+0	583.424406503623700E-3	-4.691344059584326E+0
674.000000000000110E+0	572.480532573452330E-3	-5.069117479390154E+0
675.000000000000110E+0	573.691148470842240E-3	-5.412275052661996E+0
676.000000000000110E+0	599.773377959740170E-3	-5.693806476371598E+0
677.000000000000110E+0	524.723089354886870E-3	-5.769477685894611E+0
678.000000000000110E+0	391.687404987843990E-3	-5.601351736626400E+0
679.000000000000110E+0	84.410106609487001E-3	-6.282881727530094E+0
680.000000000000110E+0	81.137710690384932E-3	-7.936153144035919E+0
681.000000000000110E+0	164.402846778545470E-3	-9.057328546256263E+0
682.000000000000110E+0	327.637507935241270E-3	-8.299215371950938E+0
683.000000000000110E+0	119.416357786600130E-3	-8.381862464917711E+0
684.000000000000110E+0	96.737859288340083E-3	-8.655333442915925E+0
685.000000000000110E+0	55.512175718573552E-3	-8.051452655594137E+0
686.000000000000110E+0	19.256487736900665E-3	-8.297151723497514E+0
687.000000000000110E+0	125.999041008867660E-3	-11.317412066759903E+0
688.000000000000110E+0	111.685635970768530E-3	-9.663615241069715E+0
689.000000000000110E+0	101.372847669103840E-3	-9.470484860975619E+0
690.000000000000110E+0	104.647707078852540E-3	-9.315865749638611E+0
691.000000000000110E+0	116.775164552729270E-3	-9.130991009423083E+0
692.000000000000110E+0	77.686129075276306E-3	-8.738845968931411E+0
693.000000000000110E+0	65.850478498855405E-3	-8.893476664534999E+0
694.000000000000110E+0	53.510717241716993E-3	-9.101318681788980E+0
695.000000000000110E+0	66.943666605505742E-3	-9.327715886385381E+0
696.000000000000110E+0	89.100804044802251E-3	-9.440224547506267E+0
697.000000000000110E+0	145.983604724921690E-3	-9.277900024058241E+0
698.000000000000110E+0	159.617840403657060E-3	-8.974290580334504E+0
699.000000000000110E+0	170.291202885525680E-3	-8.943807326820851E+0
700.000000000000110E+0	239.561155814720010E-3	-8.854032153182398E+0
701.000000000000110E+0	120.411442970895520E-3	-8.713246831482188E+0
702.000000000000110E+0	163.208409580994000E-3	-9.021969924287966E+0
703.000000000000110E+0	160.431909288601760E-3	-9.059847064453088E+0
704.000000000000110E+0	136.098684311795500E-3	-9.306100575799746E+0
705.000000000000110E+0	156.960106581080030E-3	-9.542783040200318E+0
706.000000000000110E+0	175.133338011721650E-3	-9.433965206117676E+0
707.000000000000110E+0	143.233479423925500E-3	-9.432006712606945E+0
708.000000000000110E+0	142.707267606888930E-3	-9.490426465637521E+0
709.000000000000110E+0	139.168752035755020E-3	-9.360389232370554E+0
710.000000000000110E+0	115.801279232744230E-3	-8.870064662176901E+0
711.000000000000110E+0	96.793601061116355E-3	-9.659694659472471E+0
712.000000000000110E+0	102.184628137745580E-3	-9.542719632979907E+0
713.000000000000110E+0	99.357075258969280E-3	-9.437853255854167E+0
714.000000000000110E+0	87.498833622893804E-3	-9.424158723534624E+0
715.000000000000110E+0	96.169833211165734E-3	-9.615388092813836E+0
716.000000000000110E+0	128.769159586370450E-3	-9.264726226365298E+0
717.000000000000110E+0	120.069281033465690E-3	-8.998368436670471E+0
718.000000000000110E+0	119.841541087520890E-3	-8.817947379047746E+0
719.000000000000110E+0	102.771546065248160E-3	-8.621638182251031E+0
720.000000000000110E+0	145.989165230498790E-3	-8.790604288247824E+0
721.000000000000110E+0	161.282296782486320E-3	-8.572030846685564E+0
722.000000000000110E+0	162.215717760753640E-3	-8.517805223871250E+0
723.000000000000110E+0	180.759521076567700E-3	-8.509424149021326E+0
724.000000000000110E+0	158.450399532303860E-3	-8.961944300945872E+0
725.000000000000110E+0	230.612140742279430E-3	-8.918183526222567E+0
726.000000000000110E+0	244.596822342331710E-3	-8.848253875275777E+0
727.000000000000110E+0	229.588928321108780E-3	-8.890949620260631E+0
728.000000000000110E+0	257.646633251041760E-3	-8.927739134579982E+0
729.000000000000110E+0	148.941793092517870E-3	-9.287134937309592E+0
730.000000000000110E+0	271.720255954198800E-3	-9.259286526748619E+0
731.000000000000110E+0	277.384937727168270E-3	-9.304485350652163E+0
732.000000000000110E+0	300.943805900895920E-3	-9.367266219922655E+0
733.000000000000110E+0	282.260147204923590E-3	-9.372836993049946E+0
734.000000000000110E+0	294.223591760082950E-3	-9.347537913524480E+0
735.000000000000110E+0	245.228289754092250E-3	-9.436969904587157E+0
736.000000000000110E+0	234.453481178694330E-3	-9.541297931793920E+0
737.000000000000110E+0	237.122052163083350E-3	-9.658737922745134E+0
738.000000000000110E+0	241.867935388880820E-3	-9.617748125437707E+0
739.000000000000110E+0	220.260907031618190E-3	-9.700244406120621E+0
740.000000000000110E+0	221.232554363529370E-3	-9.721621754640378E+0
741.000000000000110E+0	213.739761367363420E-3	-9.764622064739402E+0
742.000000000000110E+0	251.294493592152220E-3	-9.892049122598987E+0
743.000000000000110E+0	208.373454097254970E-3	-9.498291016763380E+0
744.000000000000110E+0	173.231645883684420E-3	-9.571447225451486E+0
745.000000000000110E+0	163.933728949127780E-3	-9.796430176809809E+0
746.000000000000110E+0	188.786846736983480E-3	-9.826683195640262E+0
747.000000000000110E+0	200.632323493094620E-3	-9.816745935470113E+0
748.000000000000110E+0	191.324195790234210E-3	-9.614041721846380E+0
749.000000000000110E+0	177.866208458506920E-3	-9.721017686456033E+0
750.000000000000110E+0	187.817396131080750E-3	-9.774198206566862E+0
751.000000000000110E+0	211.318120859673110E-3	-9.670224491934899E+0
752.000000000000110E+0	111.423477413331390E-3	-9.344451152595155E+0
753.000000000000110E+0	154.113564860140410E-3	-10.014149492243387E+0
754.000000000000110E+0	168.816489169688940E-3	-9.981211448966881E+0
755.000000000000110E+0	199.554549487817280E-3	-10.059417862586047E+0
756.000000000000110E+0	217.435664061314870E-3	-9.833681397326901E+0
757.000000000000110E+0	196.844315469697000E-3	-9.830521254132035E+0
758.000000000000110E+0	203.397848518639150E-3	-9.701619671695365E+0
759.000000000000110E+0	181.339941227829810E-3	-9.685644791656552E+0
760.000000000000110E+0	162.378086516969970E-3	-9.574462083098098E+0
761.000000000000110E+0	71.339628791259185E-3	-10.585064027211962E+0
762.000000000000110E+0	172.028960774991770E-3	-10.196882729054790E+0
763.000000000000110E+0	163.816679295506470E-3	-10.180028108092689E+0
764.000000000000110E+0	184.735226199718970E-3	-10.288707338573552E+0
765.000000000000110E+0	168.795776899462350E-3	-10.254185557864339E+0
766.000000000000110E+0	307.364406987355620E-3	-10.527596751163053E+0
767.000000000000110E+0	241.818199809024530E-3	-9.627747297190927E+0
768.000000000000110E+0	167.703026170665930E-3	-9.522312530307728E+0
769.000000000000110E+0	127.796158038500860E-3	-9.626074379097377E+0
770.000000000000110E+0	94.390382462126748E-3	-9.525767579011445E+0
771.000000000000110E+0	165.096081191833800E-3	-10.062020965449841E+0
772.000000000000110E+0	116.720999330998620E-3	-9.914487976176016E+0
773.000000000000110E+0	106.557931467649400E-3	-10.114543439215964E+0
774.000000000000110E+0	120.689585793629050E-3	-10.198307497374969E+0
775.000000000000110E+0	116.877672597320500E-3	-10.228522138833311E+0
776.000000000000110E+0	135.417987144985900E-3	-9.980796649879897E+0
777.000000000000110E+0	94.242275004781703E-3	-9.844176654045629E+0
778.000000000000110E+0	85.118952122312921E-3	-9.831878118646452E+0
779.000000000000110E+0	71.480018064377634E-3	-10.002619466659706E+0
780.000000000000110E+0	114.984462850853080E-3	-9.668776058072034E+0
781.000000000000110E+0	76.699322130101250E-3	-9.639602405689075E+0
782.000000000000110E+0	75.300815380464084E-3	-9.691945252541601E+0
783.000000000000110E+0	70.330282118974019E-3	-9.672940456136253E+0
784.000000000000110E+0	86.054718241545758E-3	-9.831387823163691E+0
785.000000000000110E+0	73.658511319527664E-3	-9.449686290841962E+0
786.000000000000110E+0	62.127670977723953E-3	-9.688179834884536E+0
787.000000000000110E+0	74.024926246148703E-3	-9.735848228595623E+0
788.000000000000110E+0	82.947394422164811E-3	-9.615418261919670E+0
789.000000000000110E+0	95.718909735427515E-3	-9.519344347545285E+0
790.000000000000110E+0	77.713817563497045E-3	-9.141487328415209E+0
791.000000000000110E+0	82.164729982789883E-3	-9.120952484792626E+0
792.000000000000110E+0	84.443381597597317E-3	-8.955476769726220E+0
793.000000000000110E+0	86.661720347136623E-3	-8.698175596924441E+0
794.000000000000110E+0	54.395623527790961E-3	-8.610148945841289E+0
795.000000000000110E+0	77.956663958691386E-3	-8.738570545813507E+0
796.000000000000110E+0	92.035664420326874E-3	-8.415193391740198E+0
797.000000000000110E+0	93.513137008545494E-3	-8.120297203862535E+0
798.000000000000110E+0	78.405471885095848E-3	-8.123505169797461E+0
799.000000000000110E+0	206.493541554176320E-3	-8.574752298507704E+0
800.000000000000110E+0	267.071834170602210E-3	-8.143801211609176E+0
801.000000000000110E+0	291.944164923327250E-3	-8.096664950513530E+0
802.000000000000110E+0	289.379846438951590E-3	-8.102482864300047E+0
803.000000000000110E+0	421.022303055762050E-3	-8.583958302030402E+0
804.000000000000110E+0	481.079076523799330E-3	-8.481697756002161E+0
805.000000000000110E+0	482.707056381792340E-3	-8.536749420770363E+0
806.000000000000110E+0	510.159100162772110E-3	-8.721721718041639E+0
807.000000000000110E+0	570.530104122280670E-3	-8.856241870674992E+0
808.000000000000110E+0	744.650649059231620E-3	-8.845392315487073E+0
809.000000000000110E+0	600.711707554610790E-3	-8.987091483035083E+0
810.000000000000110E+0	638.352507248915350E-3	-9.125501469812292E+0
811.000000000000110E+0	668.267828078107920E-3	-9.257537372888329E+0
812.000000000000110E+0	706.720298607147360E-3	-9.329267904483352E+0
813.000000000000110E+0	649.907854402230530E-3	-9.541063969968892E+0
814.000000000000110E+0	727.684427203440180E-3	-9.695695619277371E+0
815.000000000000110E+0	762.785775107930110E-3	-9.816601999459568E+0
816.000000000000110E+0	766.562096472152010E-3	-9.879093385526565E+0
817.000000000000110E+0	785.182601225092090E-3	-10.036649076660021E+0
818.000000000000110E+0	707.121344274113220E-3	-9.934561661354781E+0
819.000000000000110E+0	624.429505523019680E-3	-10.159169083007983E+0
820.000000000000110E+0	590.211408767957080E-3	-10.272009687172176E+0
821.000000000000110E+0	568.791963992260290E-3	-10.407759687887292E+0
822.000000000000110E+0	462.186043011277470E-3	-10.260587460179341E+0
823.000000000000110E+0	389.931211185162720E-3	-10.462610158699565E+0
824.000000000000110E+0	364.099357830308170E-3	-10.531774690265486E+0
825.000000000000110E+0	321.227909476935030E-3	-10.494078667434785E+0
826.000000000000110E+0	285.433039107414190E-3	-10.556379928110633E+0
827.000000000000110E+0	337.482535774680460E-3	-10.468867035335801E+0
828.000000000000110E+0	313.634911950911810E-3	-10.238898690932938E+0
829.000000000000110E+0	302.504951274419060E-3	-10.149771394095703E+0
830.000000000000110E+0	290.832334453520020E-3	-10.063806198904473E+0
831.000000000000110E+0	231.968173391490450E-3	-10.206535564512917E+0
832.000000000000110E+0	319.973881516231850E-3	-10.112082330226894E+0
833.000000000000110E+0	314.843008298195840E-3	-10.058569867972388E+0
834.000000000000110E+0	318.865552067196860E-3	-10.034297398278344E+0
835.000000000000110E+0	312.028735481430010E-3	-10.025086423086631E+0
836.000000000000110E+0	318.246798634618240E-3	-10.108288670311275E+0
837.000000000000110E+0	365.775761099964400E-3	-10.014606801480857E+0
838.000000000000110E+0	349.671723828136830E-3	-9.986498443955288E+0
839.000000000000110E+0	344.723112020541010E-3	-10.020517899075205E+0
840.000000000000110E+0	362.915952214254160E-3	-10.120060469865358E+0
841.000000000000110E+0	405.681509611153570E-3	-9.985317892207505E+0
842.000000000000110E+0	379.558187564957290E-3	-9.974578719543608E+0
843.000000000000110E+0	376.477542212001640E-3	-10.041992678561384E+0
844.000000000000110E+0	389.926595887290950E-3	-10.092639974280457E+0
845.000000000000110E+0	427.919255522535510E-3	-10.099909228937108E+0
846.000000000000110E+0	418.635361303625610E-3	-10.089633862456434E+0
847.000000000000110E+0	444.801699404703710E-3	-10.142792066649804E+0
848.000000000000110E+0	455.735372504946390E-3	-10.125527970851550E+0
849.000000000000110E+0	480.418436631602000E-3	-10.179877460703034E+0
850.000000000000110E+0	540.119465718524980E-3	-9.920662733834277E+0
851.000000000000110E+0	464.603992525953410E-3	-10.093842444991594E+0
852.000000000000110E+0	479.766653784990170E-3	-10.160989424330239E+0
853.000000000000110E+0	491.402523093415700E-3	-10.175929110970189E+0
854.000000000000110E+0	486.936975923039470E-3	-10.230189735925260E+0
855.000000000000110E+0	547.875439094201110E-3	-10.369323219766528E+0
856.000000000000110E+0	571.286139005553580E-3	-10.257354241946310E+0
857.000000000000110E+0	573.588107880260040E-3	-10.268441096326383E+0
858.000000000000110E+0	571.107999115662680E-3	-10.272085094080067E+0
859.000000000000110E+0	583.120593838742710E-3	-10.360450332058795E+0
860.000000000000110E+0	648.004055948110840E-3	-10.248406727536469E+0
861.000000000000110E+0	614.686119466717470E-3	-10.234078008481429E+0
862.000000000000110E+0	580.060057301762910E-3	-10.238934051712725E+0
863.000000000000110E+0	547.096673223841590E-3	-10.498922558076066E+0
864.000000000000110E+0	744.318764189864980E-3	-10.395626634943508E+0
865.000000000000110E+0	722.114956252401410E-3	-10.327179593863052E+0
866.000000000000110E+0	720.344557593491140E-3	-10.409129916913276E+0
867.000000000000110E+0	797.309482367729250E-3	-10.445518144320104E+0
868.000000000000110E+0	871.754078032873970E-3	-10.500917494601119E+0
869.000000000000110E+0	999.126127505119310E-3	-10.394564571934714E+0
870.000000000000110E+0	989.990348715435900E-3	-10.450051286825440E+0
871.000000000000110E+0	1.024725501147325E+0	-10.540291517352847E+0
872.000000000000110E+0	1.116214357137903E+0	-10.601569638418734E+0
873.000000000000110E+0	1.129346962648001E+0	-10.704848863832579E+0
874.000000000000110E+0	1.275465149307252E+0	-10.838105048825673E+0
875.000000000000110E+0	1.358659505998753E+0	-10.915183232479535E+0
876.000000000000110E+0	1.469774256135378E+0	-11.055183603974331E+0
877.000000000000110E+0	1.603962252866332E+0	-11.159396696679831E+0
878.000000000000110E+0	1.746820484188798E+0	-11.247626540153588E+0
879.000000000000110E+0	1.599781345432215E+0	-11.358395146630848E+0
880.000000000000110E+0	1.612679146850051E+0	-11.539752544370797E+0
881.000000000000110E+0	1.606939772713731E+0	-11.664498855659156E+0
882.000000000000110E+0	1.367462080015508E+0	-11.793690330251813E+0
883.000000000000110E+0	1.374035027245267E+0	-12.013803736254157E+0
884.000000000000110E+0	1.337538836618774E+0	-12.090908511483793E+0
885.000000000000110E+0	1.185813339713071E+0	-12.203253910212435E+0
886.000000000000110E+0	1.145730093065228E+0	-12.310131704276849E+0
887.000000000000110E+0	1.130341038201140E+0	-12.335539753917734E+0
888.000000000000110E+0	904.826496402204920E-3	-12.332090489704203E+0
889.000000000000110E+0	823.445832697424880E-3	-12.448059586431983E+0
890.000000000000110E+0	773.488563077287750E-3	-12.527689922060459E+0
891.000000000000110E+0	732.968762771137210E-3	-12.599597470587659E+0
892.000000000000110E+0	733.195927464353800E-3	-12.538888382879859E+0
893.000000000000110E+0	641.520920918426830E-3	-12.583137780909542E+0
894.000000000000110E+0	622.005519117268090E-3	-12.639730437129606E+0
895.000000000000110E+0	561.899837641271600E-3	-12.578711608220983E+0
896.000000000000110E+0	512.309439292408350E-3	-12.636360050995455E+0
897.000000000000110E+0	473.620321595773330E-3	-12.814654126122400E+0
898.000000000000110E+0	493.875561900449400E-3	-12.755723089947155E+0
899.000000000000110E+0	468.026766299178940E-3	-12.802599790344196E+0
900.000000000000110E+0	495.131510636684090E-3	-12.865520678421015E+0
901.000000000000110E+0	479.525705883089400E-3	-12.484816863258805E+0
902.000000000000110E+0	385.845062129637760E-3	-12.644251653830606E+0
903.000000000000110E+0	350.049050203332600E-3	-12.703245203610996E+0
904.000000000000110E+0	307.499789673748470E-3	-12.775332945105420E+0
905.000000000000110E+0	271.593651882631630E-3	-13.017146484341916E+0
906.000000000000110E+0	369.697467636190160E-3	-13.107471062348804E+0
907.000000000000110E+0	364.670821696574890E-3	-13.020342835819779E+0
908.000000000000110E+0	355.303376791361650E-3	-12.966498599214203E+0
909.000000000000110E+0	343.308420505888280E-3	-13.037709414017325E+0
910.000000000000110E+0	483.712007399455190E-3	-13.098911805883604E+0
911.000000000000110E+0	204.978082137299120E-3	-12.432545856508117E+0
912.000000000000110E+0	208.259915862860050E-3	-12.755853053361172E+0
913.000000000000110E+0	166.875950777898990E-3	-12.783954637686056E+0
914.000000000000110E+0	158.998101298322230E-3	-13.422294671670562E+0
915.000000000000110E+0	173.898810525238670E-3	-13.529410204172676E+0
916.000000000000110E+0	287.482377907087640E-3	-13.393609529610602E+0
917.000000000000110E+0	246.146996187036560E-3	-13.318710353550312E+0
918.000000000000110E+0	239.880148559751430E-3	-13.238821263187981E+0
919.000000000000110E+0	226.707457879873870E-3	-13.272739431682066E+0
920.000000000000110E+0	226.458765324696640E-3	-12.648037730800807E+0
921.000000000000110E+0	138.999149640166520E-3	-13.011806131341855E+0
922.000000000000110E+0	124.531301723777240E-3	-13.074632711612173E+0
923.000000000000110E+0	94.011244893773896E-3	-13.239632225818314E+0
924.000000000000110E+0	178.490568304815020E-3	-13.534445985879493E+0
925.000000000000110E+0	172.987829108075750E-3	-13.218269621295105E+0
926.000000000000110E+0	148.045229680854100E-3	-13.039431270317481E+0
927.000000000000110E+0	124.868572775355640E-3	-13.095179848082294E+0
928.000000000000110E+0	132.736441520128450E-3	-13.133954437337142E+0
929.000000000000110E+0	101.671312361270310E-3	-12.332986618723426E+0
930.000000000000110E+0	98.564541479628398E-3	-13.669482970533029E+0
931.000000000000110E+0	105.907374180369020E-3	-13.620985959328367E+0
932.000000000000110E+0	98.415205198448916E-3	-13.771289831523063E+0
933.000000000000110E+0	138.364941382210420E-3	-14.124407170515187E+0
934.000000000000110E+0	168.279504644874930E-3	-13.801486670102754E+0
935.000000000000110E+0	119.386462669027050E-3	-13.820073734919921E+0
936.000000000000110E+0	107.862329463141880E-3	-14.121493309388560E+0
937.000000000000110E+0	100.136826660427470E-3	-14.357664062975759E+0
938.000000000000110E+0	129.338736082214190E-3	-14.605236119932053E+0
939.000000000000110E+0	33.154490437793935E-3	-15.191419346076888E+0
940.000000000000110E+0	163.088364541505190E-3	-15.536343782585559E+0
941.000000000000110E+0	236.026239911644730E-3	-15.478205798047652E+0
942.000000000000110E+0	225.523565732415780E-3	-15.015906271068204E+0
943.000000000000110E+0	172.475993212388210E-3	-16.350621779054897E+0
944.000000000000110E+0	279.601208545979700E-3	-16.306750766251902E+0
945.000000000000110E+0	285.827006086175670E-3	-16.334832273481762E+0
946.000000000000110E+0	296.535132986580070E-3	-16.630138354132924E+0
947.000000000000110E+0	355.512890635866440E-3	-16.714623434204338E+0
948.000000000000110E+0	197.201902536763900E-3	-16.929685623813395E+0
949.000000000000110E+0	279.523470755036700E-3	-17.299860405868429E+0
950.000000000000110E+0	287.311006965073220E-3	-17.507472255025995E+0
951.000000000000110E+0	310.170499870643770E-3	-17.654152610570868E+0
952.000000000000110E+0	253.867736866796810E-3	-17.618287802921543E+0
953.000000000000110E+0	250.542682787766090E-3	-17.862820368429524E+0
954.000000000000110E+0	224.570736149699360E-3	-17.933740690583889E+0
955.000000000000110E+0	193.173998282670010E-3	-18.022659498096242E+0
956.000000000000110E+0	181.310497018885710E-3	-18.116714469412244E+0
957.000000000000110E+0	163.596295357646610E-3	-18.208452990261581E+0
958.000000000000110E+0	173.220427084050000E-3	-18.042326732291329E+0
959.000000000000110E+0	147.098828023395050E-3	-17.942370800886671E+0
960.000000000000110E+0	127.216982525969300E-3	-17.863223612207928E+0
961.000000000000110E+0	138.821423238114500E-3	-17.925067374905222E+0
962.000000000000110E+0	133.128742620941630E-3	-17.676123062482599E+0
963.000000000000110E+0	140.910461904791230E-3	-17.654421606255248E+0
964.000000000000110E+0	153.440727912073080E-3	-17.603423036617027E+0
965.000000000000110E+0	144.421243636857740E-3	-17.648354193761996E+0
966.000000000000110E+0	164.420657603975060E-3	-17.778335562687868E+0
967.000000000000110E+0	176.316882901320890E-3	-17.776556281219246E+0
968.000000000000110E+0	182.895780806357070E-3	-17.780267478502722E+0
969.000000000000110E+0	173.328931149495880E-3	-17.747203286307251E+0
970.000000000000110E+0	154.926571062029620E-3	-17.761013884857903E+0
971.000000000000110E+0	195.950327268187480E-3	-17.991373612839944E+0
972.000000000000110E+0	171.523859816829940E-3	-17.890632913057811E+0
973.000000000000110E+0	169.928968497912220E-3	-17.862272624155967E+0
974.000000000000110E+0	169.289534789564930E-3	-17.776759069703132E+0
975.000000000000110E+0	161.247227388601500E-3	-17.822622823650413E+0
976.000000000000110E+0	249.675143658645350E-3	-17.723414316927013E+0
977.000000000000110E+0	216.186889560430330E-3	-17.437738053783800E+0
978.000000000000110E+0	207.443364512408110E-3	-17.406946949372276E+0
979.000000000000110E+0	205.342977107235090E-3	-17.342977776860049E+0
980.000000000000110E+0	122.975810254459130E-3	-17.572348764531618E+0
981.000000000000110E+0	285.452437108008440E-3	-17.882753985603394E+0
982.000000000000110E+0	328.426869990975090E-3	-17.805511609376175E+0
983.000000000000110E+0	389.889293433825720E-3	-17.817150807593055E+0
984.000000000000110E+0	396.079947815138390E-3	-17.293849464418408E+0
985.000000000000110E+0	385.958541589532020E-3	-17.844124919113714E+0
986.000000000000110E+0	391.650914350008090E-3	-17.893529326470205E+0
987.000000000000110E+0	368.389045863325880E-3	-18.090442162349621E+0
988.000000000000110E+0	410.373954857448540E-3	-18.277041885152801E+0
989.000000000000110E+0	461.074425890040270E-3	-18.293628621287827E+0
990.000000000000110E+0	394.709683769521260E-3	-18.717501453091856E+0
991.000000000000110E+0	375.976890303485130E-3	-18.680662724584415E+0
992.000000000000110E+0	354.890260717786400E-3	-18.735091873653229E+0
993.000000000000110E+0	369.876193694563810E-3	-18.918862254893533E+0
994.000000000000110E+0	444.952509028438030E-3	-18.561983657417279E+0
995.000000000000110E+0	266.910398062640160E-3	-18.582107664724685E+0
996.000000000000110E+0	249.364965309266270E-3	-18.690317190609655E+0
997.000000000000110E+0	219.488189926515140E-3	-18.664828820226383E+0
998.000000000000110E+0	203.574732118346650E-3	-18.698777098433855E+0
999.000000000000110E+0	424.986559923298810E-3	-18.390230957115364E+0
1.000000000000000E+3	235.077159838932150E-3	-18.904121669674083E+0
