Freq (Hz)	Coh_accelerometre /source
source
source
10.000000000000018E+0	998.439957026872710E-3
11.000000000000020E+0	997.298800884927390E-3
12.000000000000021E+0	993.542786678052400E-3
13.000000000000023E+0	984.241557958718040E-3
14.000000000000025E+0	997.483489222030450E-3
15.000000000000027E+0	997.636084675116000E-3
16.000000000000028E+0	998.731612187477080E-3
17.000000000000028E+0	999.208906337973660E-3
18.000000000000028E+0	986.835915899300090E-3
19.000000000000028E+0	999.692759678632580E-3
20.000000000000028E+0	999.097659042956890E-3
21.000000000000028E+0	999.601410537086840E-3
22.000000000000028E+0	999.463156856920110E-3
23.000000000000028E+0	999.615907805058930E-3
24.000000000000028E+0	999.887905575326700E-3
25.000000000000028E+0	999.890684285080210E-3
26.000000000000028E+0	999.963539122668000E-3
27.000000000000028E+0	999.875236717648110E-3
28.000000000000028E+0	999.951810654416630E-3
29.000000000000028E+0	999.762291761918330E-3
30.000000000000028E+0	999.202511638457520E-3
31.000000000000028E+0	999.840714569829150E-3
32.000000000000028E+0	999.873526184627100E-3
33.000000000000028E+0	999.843880660937880E-3
34.000000000000028E+0	999.895999530762800E-3
35.000000000000028E+0	999.858354102049710E-3
36.000000000000028E+0	999.798045894994100E-3
37.000000000000028E+0	997.525660646183530E-3
38.000000000000028E+0	999.672330884455950E-3
39.000000000000028E+0	999.745765090707780E-3
40.000000000000028E+0	999.852405345983410E-3
41.000000000000028E+0	999.903783319262220E-3
42.000000000000028E+0	999.953058412525240E-3
43.000000000000028E+0	999.856878881462240E-3
44.000000000000028E+0	999.740610542408040E-3
45.000000000000028E+0	999.838075159027890E-3
46.000000000000028E+0	999.904511058691600E-3
47.000000000000028E+0	999.907566044036630E-3
48.000000000000028E+0	999.849827732593680E-3
49.000000000000028E+0	999.851397575566620E-3
50.000000000000028E+0	999.975195195563220E-3
51.000000000000028E+0	999.969417620216290E-3
52.000000000000028E+0	999.944617282031660E-3
53.000000000000028E+0	999.898330446881140E-3
54.000000000000028E+0	999.914919829354100E-3
55.000000000000028E+0	999.896008193287060E-3
56.000000000000028E+0	999.876152990440860E-3
57.000000000000028E+0	999.441976151843380E-3
58.000000000000028E+0	993.191545232282040E-3
59.000000000000028E+0	999.877384769370270E-3
60.000000000000028E+0	999.926926695705040E-3
61.000000000000028E+0	999.386621459618210E-3
62.000000000000028E+0	995.752860822557760E-3
63.000000000000028E+0	997.334370145781300E-3
64.000000000000028E+0	997.490191773994560E-3
65.000000000000028E+0	997.481745236913240E-3
66.000000000000028E+0	997.986551756027680E-3
67.000000000000028E+0	999.568697472969950E-3
68.000000000000028E+0	999.800051271593990E-3
69.000000000000028E+0	999.728030956556270E-3
70.000000000000028E+0	999.722681211984600E-3
71.000000000000028E+0	999.908317592913320E-3
72.000000000000028E+0	999.827154302374010E-3
73.000000000000028E+0	999.894667507862380E-3
74.000000000000028E+0	999.905316940107090E-3
75.000000000000028E+0	999.864938511633720E-3
76.000000000000028E+0	999.768073763786290E-3
77.000000000000028E+0	999.887201551728280E-3
78.000000000000028E+0	999.918578341156490E-3
79.000000000000028E+0	999.934212770524630E-3
80.000000000000028E+0	999.678867760581790E-3
81.000000000000028E+0	999.590023691509290E-3
82.000000000000028E+0	999.844568609825180E-3
83.000000000000028E+0	999.828507505882480E-3
84.000000000000028E+0	999.418705311463600E-3
85.000000000000028E+0	997.519831685742100E-3
86.000000000000028E+0	990.769749720977090E-3
87.000000000000028E+0	999.432818364885950E-3
88.000000000000028E+0	999.892224625951950E-3
89.000000000000028E+0	999.887772856476450E-3
90.000000000000028E+0	995.084903451710520E-3
91.000000000000028E+0	999.597015065032620E-3
92.000000000000028E+0	999.730743627504690E-3
93.000000000000028E+0	999.317090282630050E-3
94.000000000000028E+0	999.259845122548060E-3
95.000000000000028E+0	998.635574852673290E-3
96.000000000000028E+0	999.372432847593810E-3
97.000000000000028E+0	999.748022431400930E-3
98.000000000000028E+0	999.745535911619740E-3
99.000000000000028E+0	999.334728391573220E-3
100.000000000000030E+0	998.437173698147880E-3
101.000000000000030E+0	999.824324419505310E-3
102.000000000000030E+0	999.673383547586280E-3
103.000000000000030E+0	988.700514103461820E-3
104.000000000000030E+0	999.046438020361750E-3
105.000000000000030E+0	926.913456739121950E-3
106.000000000000030E+0	999.534346554569960E-3
107.000000000000030E+0	999.814676535484610E-3
108.000000000000030E+0	999.592871343881190E-3
109.000000000000030E+0	997.317102301395030E-3
110.000000000000030E+0	999.649253701487830E-3
111.000000000000030E+0	999.762133283694790E-3
112.000000000000030E+0	999.462495298634620E-3
113.000000000000030E+0	999.437349510308270E-3
114.000000000000030E+0	999.434293623107870E-3
115.000000000000030E+0	999.400724139396620E-3
116.000000000000030E+0	999.449639010319800E-3
117.000000000000030E+0	999.630329216594780E-3
118.000000000000030E+0	999.693327999580330E-3
119.000000000000030E+0	996.887639260467640E-3
120.000000000000030E+0	997.808056201806790E-3
121.000000000000030E+0	998.006202365731680E-3
122.000000000000030E+0	998.919502119318130E-3
123.000000000000030E+0	998.414683389338030E-3
124.000000000000030E+0	998.666717213057440E-3
125.000000000000030E+0	998.663523633637750E-3
126.000000000000030E+0	998.735727752005360E-3
127.000000000000030E+0	997.669138642323090E-3
128.000000000000030E+0	997.649426183883520E-3
129.000000000000030E+0	999.047384773949160E-3
130.000000000000030E+0	995.872338755704910E-3
131.000000000000030E+0	918.880917488057000E-3
132.000000000000030E+0	991.344309659959450E-3
133.000000000000030E+0	990.589124543772010E-3
134.000000000000030E+0	998.884089171185870E-3
135.000000000000030E+0	997.484050229316410E-3
136.000000000000030E+0	997.198680843253250E-3
137.000000000000030E+0	998.387756007014680E-3
138.000000000000030E+0	998.326506663831050E-3
139.000000000000030E+0	997.900918968793070E-3
140.000000000000030E+0	986.152190966281820E-3
141.000000000000030E+0	976.147330486251800E-3
142.000000000000030E+0	998.178657442898020E-3
143.000000000000030E+0	999.437421096025070E-3
144.000000000000030E+0	999.745932113178410E-3
145.000000000000030E+0	999.758750715625370E-3
146.000000000000030E+0	999.578138778721480E-3
147.000000000000030E+0	999.231006201330210E-3
148.000000000000030E+0	999.043032331801030E-3
149.000000000000030E+0	998.687649321036260E-3
150.000000000000030E+0	998.663726375009890E-3
151.000000000000030E+0	998.922099934767100E-3
152.000000000000030E+0	999.462892372460660E-3
153.000000000000030E+0	999.715111651891860E-3
154.000000000000030E+0	999.751732740258640E-3
155.000000000000030E+0	999.737986705360070E-3
156.000000000000030E+0	998.487303099236060E-3
157.000000000000030E+0	997.839475370186020E-3
158.000000000000030E+0	999.107545438690740E-3
159.000000000000030E+0	999.294716660156680E-3
160.000000000000030E+0	993.790991964611850E-3
161.000000000000030E+0	998.503113036535830E-3
162.000000000000030E+0	999.657209924336490E-3
163.000000000000030E+0	999.347902802999230E-3
164.000000000000030E+0	998.444723550614090E-3
165.000000000000030E+0	996.572708752733850E-3
166.000000000000030E+0	996.759880675789360E-3
167.000000000000030E+0	999.670705330979460E-3
168.000000000000030E+0	999.589408107435790E-3
169.000000000000030E+0	997.825816386941900E-3
170.000000000000030E+0	993.900781892684050E-3
171.000000000000030E+0	995.901942468313870E-3
172.000000000000030E+0	997.914466347193500E-3
173.000000000000030E+0	997.311253443412870E-3
174.000000000000030E+0	994.387230088169540E-3
175.000000000000030E+0	998.447083190244550E-3
176.000000000000030E+0	999.029503663324440E-3
177.000000000000030E+0	999.234717669056920E-3
178.000000000000030E+0	999.031190419342300E-3
179.000000000000030E+0	993.605280988504870E-3
180.000000000000030E+0	999.355196948923940E-3
181.000000000000030E+0	999.612294581438630E-3
182.000000000000030E+0	997.033892298738070E-3
183.000000000000030E+0	990.821320574642890E-3
184.000000000000030E+0	987.190455676735360E-3
185.000000000000030E+0	993.193385499663180E-3
186.000000000000030E+0	997.051983847869860E-3
187.000000000000030E+0	997.838841213255830E-3
188.000000000000030E+0	995.166461080506440E-3
189.000000000000030E+0	996.311263028794020E-3
190.000000000000030E+0	998.958520327321570E-3
191.000000000000030E+0	999.153489526268370E-3
192.000000000000030E+0	998.918030014999680E-3
193.000000000000030E+0	996.960655299659160E-3
194.000000000000030E+0	995.677834705978700E-3
195.000000000000030E+0	997.629932694400150E-3
196.000000000000030E+0	999.619741396196580E-3
197.000000000000030E+0	999.692233433750350E-3
198.000000000000030E+0	995.925206082924340E-3
199.000000000000030E+0	996.633231208441610E-3
200.000000000000030E+0	995.110372210394220E-3
201.000000000000030E+0	996.659311208793590E-3
202.000000000000030E+0	999.221059012061040E-3
203.000000000000030E+0	999.451875581007120E-3
204.000000000000030E+0	999.612952458134530E-3
205.000000000000030E+0	999.260335413703740E-3
206.000000000000030E+0	998.674989553172130E-3
207.000000000000030E+0	997.998001403468390E-3
208.000000000000030E+0	999.314382902084300E-3
209.000000000000030E+0	999.628333126393990E-3
210.000000000000030E+0	999.270005249125680E-3
211.000000000000030E+0	992.436224885819620E-3
212.000000000000030E+0	999.816882259622620E-3
213.000000000000030E+0	999.772792625512220E-3
214.000000000000030E+0	971.250140045735620E-3
215.000000000000030E+0	995.391006864618900E-3
216.000000000000030E+0	997.838458874163450E-3
217.000000000000030E+0	999.206154249345780E-3
218.000000000000030E+0	999.776447181218940E-3
219.000000000000030E+0	999.627221624805000E-3
220.000000000000030E+0	998.935947138000160E-3
221.000000000000030E+0	998.801983654682760E-3
222.000000000000030E+0	998.821311518434780E-3
223.000000000000030E+0	998.191405939099500E-3
224.000000000000030E+0	994.895532768129140E-3
225.000000000000030E+0	998.787400033075530E-3
226.000000000000030E+0	996.666048843138140E-3
227.000000000000030E+0	997.175191152345100E-3
228.000000000000030E+0	999.184834383449520E-3
229.000000000000030E+0	998.413319091535630E-3
230.000000000000030E+0	989.649753914706890E-3
231.000000000000030E+0	997.832998813241610E-3
232.000000000000030E+0	999.015114697828550E-3
233.000000000000030E+0	998.472130213082450E-3
234.000000000000030E+0	997.724271242919180E-3
235.000000000000030E+0	968.665287102925540E-3
236.000000000000030E+0	993.361886966865560E-3
237.000000000000030E+0	997.353374784481720E-3
238.000000000000030E+0	997.565944890207450E-3
239.000000000000030E+0	994.679152111690780E-3
240.000000000000030E+0	990.333298110722460E-3
241.000000000000030E+0	992.340917093506020E-3
242.000000000000030E+0	983.844096637728090E-3
243.000000000000030E+0	980.233487560390640E-3
244.000000000000030E+0	998.677450931389600E-3
245.000000000000030E+0	999.183884465618570E-3
246.000000000000030E+0	996.655378424425090E-3
247.000000000000030E+0	990.630687467257130E-3
248.000000000000030E+0	997.486308418276790E-3
249.000000000000030E+0	998.874103936664870E-3
250.000000000000030E+0	992.930747059590170E-3
251.000000000000030E+0	976.902569544141790E-3
252.000000000000030E+0	994.199708119802630E-3
253.000000000000030E+0	997.635020076197530E-3
254.000000000000030E+0	989.105097138302640E-3
255.000000000000030E+0	997.174394102430030E-3
256.000000000000060E+0	999.445921570833450E-3
257.000000000000060E+0	996.112815462553480E-3
258.000000000000060E+0	940.864604483970130E-3
259.000000000000060E+0	933.105249518248690E-3
260.000000000000060E+0	980.381139251508270E-3
261.000000000000060E+0	996.920778523492810E-3
262.000000000000060E+0	998.916655512822050E-3
263.000000000000060E+0	999.071889890111530E-3
264.000000000000060E+0	999.386891971205670E-3
265.000000000000060E+0	998.771211381614840E-3
266.000000000000060E+0	965.739431581127520E-3
267.000000000000060E+0	997.147063451935270E-3
268.000000000000060E+0	983.180513181895480E-3
269.000000000000060E+0	987.438727462014890E-3
270.000000000000060E+0	990.429734592555120E-3
271.000000000000060E+0	990.729203270757750E-3
272.000000000000060E+0	998.079343735719830E-3
273.000000000000060E+0	995.707837611565000E-3
274.000000000000060E+0	987.514970990137070E-3
275.000000000000060E+0	986.770458265980860E-3
276.000000000000060E+0	997.092960992440820E-3
277.000000000000060E+0	997.102424600615710E-3
278.000000000000060E+0	996.388548540521610E-3
279.000000000000060E+0	998.380200944262390E-3
280.000000000000060E+0	997.854625029355850E-3
281.000000000000060E+0	997.981547711350280E-3
282.000000000000060E+0	995.706369586275790E-3
283.000000000000060E+0	997.713231227901120E-3
284.000000000000060E+0	996.325128880233060E-3
285.000000000000060E+0	997.721996728691220E-3
286.000000000000060E+0	998.054277167137020E-3
287.000000000000060E+0	988.465806305501960E-3
288.000000000000060E+0	997.809784798950770E-3
289.000000000000060E+0	997.875882835061230E-3
290.000000000000060E+0	989.768367206971480E-3
291.000000000000060E+0	994.450113413037570E-3
292.000000000000060E+0	995.620737775202770E-3
293.000000000000060E+0	994.190602767815900E-3
294.000000000000060E+0	992.170133173401190E-3
295.000000000000060E+0	995.212403552264810E-3
296.000000000000060E+0	992.750639854103280E-3
297.000000000000060E+0	992.872485899227610E-3
298.000000000000060E+0	996.171454448256940E-3
299.000000000000060E+0	995.166922183524200E-3
300.000000000000060E+0	989.792858843168700E-3
301.000000000000060E+0	996.873355357460130E-3
302.000000000000060E+0	998.583073367348860E-3
303.000000000000060E+0	992.574701071602730E-3
304.000000000000060E+0	996.880139781383570E-3
305.000000000000060E+0	994.978349160174690E-3
306.000000000000060E+0	993.686157848295840E-3
307.000000000000060E+0	997.366332627468210E-3
308.000000000000060E+0	995.987118971337630E-3
309.000000000000060E+0	988.017081806755180E-3
310.000000000000060E+0	987.372426150837870E-3
311.000000000000060E+0	995.679215405265380E-3
312.000000000000060E+0	995.265441755771470E-3
313.000000000000060E+0	991.795929531528400E-3
314.000000000000060E+0	996.072579603957560E-3
315.000000000000060E+0	997.198657641862770E-3
316.000000000000060E+0	995.346794335401520E-3
317.000000000000060E+0	996.944659791135560E-3
318.000000000000060E+0	997.061254333268860E-3
319.000000000000060E+0	989.366152156478160E-3
320.000000000000060E+0	998.062452555135810E-3
321.000000000000060E+0	998.371603139421190E-3
322.000000000000060E+0	995.590104444426640E-3
323.000000000000060E+0	995.878924219534940E-3
324.000000000000060E+0	994.986384192038000E-3
325.000000000000060E+0	997.783906076165180E-3
326.000000000000060E+0	997.569935979463750E-3
327.000000000000060E+0	996.928014219075950E-3
328.000000000000060E+0	996.228138576245700E-3
329.000000000000060E+0	992.610195534567860E-3
330.000000000000060E+0	998.851044393427200E-3
331.000000000000060E+0	998.263832975806230E-3
332.000000000000060E+0	997.525676228872670E-3
333.000000000000060E+0	998.054588951539530E-3
334.000000000000060E+0	998.300095945567460E-3
335.000000000000060E+0	997.522130108595920E-3
336.000000000000060E+0	997.723456992335440E-3
337.000000000000060E+0	995.290300283516170E-3
338.000000000000060E+0	996.532968869049630E-3
339.000000000000060E+0	998.228219976900700E-3
340.000000000000060E+0	998.426299626235520E-3
341.000000000000060E+0	998.305756503412470E-3
342.000000000000060E+0	996.423597059899020E-3
343.000000000000060E+0	997.772329328144410E-3
344.000000000000060E+0	998.925485926210890E-3
345.000000000000060E+0	997.795140891088450E-3
346.000000000000060E+0	998.091665874841550E-3
347.000000000000060E+0	994.346667813476030E-3
348.000000000000060E+0	998.008038687298370E-3
349.000000000000060E+0	998.726090062300620E-3
350.000000000000060E+0	997.027799833939080E-3
351.000000000000060E+0	994.305610698039690E-3
352.000000000000060E+0	997.880710628737180E-3
353.000000000000060E+0	998.110325340321850E-3
354.000000000000060E+0	998.108244688286180E-3
355.000000000000060E+0	997.568752523160680E-3
356.000000000000060E+0	994.027042404508120E-3
357.000000000000060E+0	997.936558640431630E-3
358.000000000000060E+0	998.722404604033720E-3
359.000000000000060E+0	998.852255631595410E-3
360.000000000000060E+0	993.924076774194250E-3
361.000000000000060E+0	990.021304853214710E-3
362.000000000000060E+0	998.099798426849370E-3
363.000000000000060E+0	998.600428947093330E-3
364.000000000000060E+0	998.536134568844270E-3
365.000000000000060E+0	998.328441081416050E-3
366.000000000000060E+0	998.138784365342090E-3
367.000000000000060E+0	998.597317811910740E-3
368.000000000000060E+0	998.389845031841690E-3
369.000000000000060E+0	996.321348938873360E-3
370.000000000000060E+0	995.287049097271280E-3
371.000000000000060E+0	993.924223742927770E-3
372.000000000000060E+0	996.142968771715380E-3
373.000000000000060E+0	991.810522615608090E-3
374.000000000000060E+0	984.595935553534750E-3
375.000000000000060E+0	994.534866277716920E-3
376.000000000000060E+0	998.350168825060670E-3
377.000000000000060E+0	999.101017160641040E-3
378.000000000000060E+0	999.262689553380380E-3
379.000000000000060E+0	998.910689463889060E-3
380.000000000000060E+0	998.976422908835590E-3
381.000000000000060E+0	999.198619920048320E-3
382.000000000000060E+0	997.482068234224030E-3
383.000000000000060E+0	997.211027498479900E-3
384.000000000000060E+0	995.998700796258520E-3
385.000000000000060E+0	998.740409200352900E-3
386.000000000000060E+0	999.461622651369170E-3
387.000000000000060E+0	999.255895816310690E-3
388.000000000000060E+0	998.859857177915590E-3
389.000000000000060E+0	997.545275087549980E-3
390.000000000000060E+0	997.348742071214490E-3
391.000000000000060E+0	998.191052705606710E-3
392.000000000000060E+0	995.094687621934760E-3
393.000000000000060E+0	995.253095988000160E-3
394.000000000000060E+0	997.988231222615600E-3
395.000000000000060E+0	998.041726696917150E-3
396.000000000000060E+0	999.063327301490940E-3
397.000000000000060E+0	998.954326830628570E-3
398.000000000000060E+0	996.613224946597650E-3
399.000000000000060E+0	998.280667104427090E-3
400.000000000000060E+0	998.945994411043480E-3
401.000000000000060E+0	998.494433808686630E-3
402.000000000000060E+0	997.603664307869400E-3
403.000000000000060E+0	997.377023352862160E-3
404.000000000000060E+0	998.498953253025620E-3
405.000000000000060E+0	996.332416521146460E-3
406.000000000000060E+0	995.972911949936980E-3
407.000000000000060E+0	996.662690602970190E-3
408.000000000000060E+0	996.153517949185940E-3
409.000000000000060E+0	999.248038591130320E-3
410.000000000000060E+0	999.128817054424800E-3
411.000000000000060E+0	996.827860818489950E-3
412.000000000000060E+0	996.822583053543990E-3
413.000000000000060E+0	998.981787356360120E-3
414.000000000000060E+0	999.245080785947430E-3
415.000000000000060E+0	997.028876194722140E-3
416.000000000000060E+0	990.090392840690890E-3
417.000000000000060E+0	996.068633159393760E-3
418.000000000000060E+0	998.582112046505040E-3
419.000000000000060E+0	999.170295507753490E-3
420.000000000000060E+0	998.699188359890580E-3
421.000000000000060E+0	994.985161050177420E-3
422.000000000000060E+0	997.430265828407880E-3
423.000000000000060E+0	998.653826678279510E-3
424.000000000000060E+0	997.505890458859960E-3
425.000000000000060E+0	998.266271192117080E-3
426.000000000000060E+0	995.628286969113100E-3
427.000000000000060E+0	997.808093071366530E-3
428.000000000000060E+0	999.335644910759430E-3
429.000000000000060E+0	998.826903255263240E-3
430.000000000000060E+0	997.957364510484450E-3
431.000000000000060E+0	995.825502569513960E-3
432.000000000000060E+0	999.267463935969320E-3
433.000000000000060E+0	999.185644842921720E-3
434.000000000000060E+0	998.055872398232570E-3
435.000000000000060E+0	997.817487637197130E-3
436.000000000000060E+0	998.185099175348030E-3
437.000000000000060E+0	998.890717502356580E-3
438.000000000000060E+0	999.104093359351910E-3
439.000000000000060E+0	997.727053773950880E-3
440.000000000000060E+0	980.714424381569080E-3
441.000000000000060E+0	998.814618116395270E-3
442.000000000000060E+0	998.749676346767030E-3
443.000000000000060E+0	998.407362242528350E-3
444.000000000000060E+0	998.723184403839780E-3
445.000000000000060E+0	997.858039977409410E-3
446.000000000000060E+0	999.180200416950440E-3
447.000000000000060E+0	999.038219497361600E-3
448.000000000000060E+0	998.706985491276900E-3
449.000000000000060E+0	998.482161384627090E-3
450.000000000000060E+0	998.607827747646780E-3
451.000000000000060E+0	999.471205356787680E-3
452.000000000000060E+0	998.875315040842810E-3
453.000000000000060E+0	997.081884033085730E-3
454.000000000000060E+0	998.376391048325760E-3
455.000000000000060E+0	998.274660391840760E-3
456.000000000000060E+0	998.316410250173260E-3
457.000000000000060E+0	998.601456781053280E-3
458.000000000000060E+0	998.251472396452620E-3
459.000000000000060E+0	997.998529268377840E-3
460.000000000000060E+0	999.371633805826720E-3
461.000000000000060E+0	998.884046215183670E-3
462.000000000000060E+0	998.365574763094840E-3
463.000000000000060E+0	997.089084440714530E-3
464.000000000000060E+0	998.964883920091750E-3
465.000000000000060E+0	998.836846010924040E-3
466.000000000000060E+0	997.768453742537750E-3
467.000000000000060E+0	998.100177111655330E-3
468.000000000000060E+0	996.379935146390890E-3
469.000000000000060E+0	998.341410038424030E-3
470.000000000000060E+0	999.335458756445140E-3
471.000000000000060E+0	998.197009227204780E-3
472.000000000000060E+0	995.941547529815010E-3
473.000000000000060E+0	996.896105244619580E-3
474.000000000000060E+0	998.423821046715010E-3
475.000000000000060E+0	998.818816771988250E-3
476.000000000000060E+0	998.971547839663020E-3
477.000000000000060E+0	997.916975272668650E-3
478.000000000000060E+0	997.727110616419830E-3
479.000000000000060E+0	999.246521810641220E-3
480.000000000000060E+0	998.615780697237330E-3
481.000000000000060E+0	997.380672179399300E-3
482.000000000000060E+0	997.272572874752790E-3
483.000000000000060E+0	999.477976608595830E-3
484.000000000000060E+0	999.409718838370710E-3
485.000000000000060E+0	998.416209441349120E-3
486.000000000000060E+0	997.930935126061240E-3
487.000000000000060E+0	991.070658336068220E-3
488.000000000000060E+0	998.159549411136490E-3
489.000000000000060E+0	998.629063975178480E-3
490.000000000000060E+0	998.747733521300970E-3
491.000000000000060E+0	998.289615383611050E-3
492.000000000000060E+0	998.819770102037260E-3
493.000000000000060E+0	998.978549877491790E-3
494.000000000000060E+0	998.684337937048140E-3
495.000000000000060E+0	997.594002912312260E-3
496.000000000000060E+0	998.081935418966730E-3
497.000000000000060E+0	998.632361632389660E-3
498.000000000000060E+0	999.329440195639070E-3
499.000000000000060E+0	998.893838516902280E-3
500.000000000000060E+0	997.501684230943540E-3
501.000000000000060E+0	997.953271846963810E-3
502.000000000000060E+0	999.418733239798570E-3
503.000000000000060E+0	999.142599208932340E-3
504.000000000000060E+0	998.217626919688850E-3
505.000000000000060E+0	998.322536495162780E-3
506.000000000000060E+0	998.076234004988900E-3
507.000000000000060E+0	999.140440649112340E-3
508.000000000000060E+0	998.870553721312840E-3
509.000000000000060E+0	997.846631496741800E-3
510.000000000000060E+0	994.538313834893660E-3
511.000000000000060E+0	999.005958654700990E-3
512.000000000000110E+0	999.226423654322680E-3
513.000000000000110E+0	998.371992527195990E-3
514.000000000000110E+0	998.555476252951270E-3
515.000000000000110E+0	997.394246355684740E-3
516.000000000000110E+0	993.075833661935080E-3
517.000000000000110E+0	992.799531832227580E-3
518.000000000000110E+0	935.935261372397130E-3
519.000000000000110E+0	976.211028742082880E-3
520.000000000000110E+0	997.528555557196110E-3
521.000000000000110E+0	998.775354571092790E-3
522.000000000000110E+0	998.357629898356410E-3
523.000000000000110E+0	997.915209504743110E-3
524.000000000000110E+0	997.782817772048020E-3
525.000000000000110E+0	999.031695355422020E-3
526.000000000000110E+0	999.096528027131220E-3
527.000000000000110E+0	998.626706915184180E-3
528.000000000000110E+0	998.788594490152230E-3
529.000000000000110E+0	996.095704581837490E-3
530.000000000000110E+0	999.111190330281280E-3
531.000000000000110E+0	998.524560603109230E-3
532.000000000000110E+0	995.921086373800170E-3
533.000000000000110E+0	998.846741015197990E-3
534.000000000000110E+0	998.767803951654100E-3
535.000000000000110E+0	999.145467783074110E-3
536.000000000000110E+0	998.956877512125030E-3
537.000000000000110E+0	998.495278009612020E-3
538.000000000000110E+0	998.135124751336590E-3
539.000000000000110E+0	999.191952271391240E-3
540.000000000000110E+0	998.959115375356530E-3
541.000000000000110E+0	999.175783365476080E-3
542.000000000000110E+0	998.273950556452740E-3
543.000000000000110E+0	999.277583933931960E-3
544.000000000000110E+0	998.850873497940550E-3
545.000000000000110E+0	996.704158888286890E-3
546.000000000000110E+0	998.349498393227170E-3
547.000000000000110E+0	998.615498018956660E-3
548.000000000000110E+0	999.320687585605330E-3
549.000000000000110E+0	999.760232987881860E-3
550.000000000000110E+0	999.170015508151880E-3
551.000000000000110E+0	993.695862984840580E-3
552.000000000000110E+0	997.792350994240350E-3
553.000000000000110E+0	998.589893390334660E-3
554.000000000000110E+0	998.864163317173760E-3
555.000000000000110E+0	997.404002492626280E-3
556.000000000000110E+0	997.877853858563980E-3
557.000000000000110E+0	998.675499729413940E-3
558.000000000000110E+0	999.477498652685650E-3
559.000000000000110E+0	999.402678285645550E-3
560.000000000000110E+0	998.906296307203400E-3
561.000000000000110E+0	997.447247191580950E-3
562.000000000000110E+0	999.331558423386610E-3
563.000000000000110E+0	999.235328641829840E-3
564.000000000000110E+0	998.912474955975460E-3
565.000000000000110E+0	999.063790345009690E-3
566.000000000000110E+0	997.254546461932010E-3
567.000000000000110E+0	999.128501638822050E-3
568.000000000000110E+0	998.968463493370430E-3
569.000000000000110E+0	997.321938704896940E-3
570.000000000000110E+0	973.806303671025390E-3
571.000000000000110E+0	997.179418203552940E-3
572.000000000000110E+0	998.326224632819060E-3
573.000000000000110E+0	997.814617776852430E-3
574.000000000000110E+0	990.002328703376900E-3
575.000000000000110E+0	998.234002681633650E-3
576.000000000000110E+0	998.755084018139840E-3
577.000000000000110E+0	999.024700499591240E-3
578.000000000000110E+0	998.538999630793840E-3
579.000000000000110E+0	992.463788288750590E-3
580.000000000000110E+0	998.093650273398360E-3
581.000000000000110E+0	999.452143783080340E-3
582.000000000000110E+0	999.142864086563720E-3
583.000000000000110E+0	998.211948719995970E-3
584.000000000000110E+0	998.031041037007790E-3
585.000000000000110E+0	996.712212362409810E-3
586.000000000000110E+0	998.178522320621210E-3
587.000000000000110E+0	997.993090532801050E-3
588.000000000000110E+0	998.017237696385620E-3
589.000000000000110E+0	991.598655696592220E-3
590.000000000000110E+0	998.795646928982150E-3
591.000000000000110E+0	999.345267095555820E-3
592.000000000000110E+0	998.921551907093750E-3
593.000000000000110E+0	994.864828420560010E-3
594.000000000000110E+0	997.074131404145020E-3
595.000000000000110E+0	998.548649862689650E-3
596.000000000000110E+0	998.980484547723920E-3
597.000000000000110E+0	998.936610516852010E-3
598.000000000000110E+0	997.548424281005430E-3
599.000000000000110E+0	998.509156748464080E-3
600.000000000000110E+0	999.137840321753460E-3
601.000000000000110E+0	998.479592753889090E-3
602.000000000000110E+0	996.035253456558080E-3
603.000000000000110E+0	997.306637240882090E-3
604.000000000000110E+0	998.414722670212580E-3
605.000000000000110E+0	998.490798697991070E-3
606.000000000000110E+0	998.488434786183100E-3
607.000000000000110E+0	998.125251979193000E-3
608.000000000000110E+0	985.287668500296140E-3
609.000000000000110E+0	998.515172533686490E-3
610.000000000000110E+0	998.737666953527950E-3
611.000000000000110E+0	996.203897973195310E-3
612.000000000000110E+0	988.303861781266950E-3
613.000000000000110E+0	997.232219233627930E-3
614.000000000000110E+0	998.620829381127390E-3
615.000000000000110E+0	998.586843661946280E-3
616.000000000000110E+0	997.495523889717630E-3
617.000000000000110E+0	997.116877257821500E-3
618.000000000000110E+0	997.935525020667180E-3
619.000000000000110E+0	999.026749390744210E-3
620.000000000000110E+0	998.820582129104410E-3
621.000000000000110E+0	989.952155932442680E-3
622.000000000000110E+0	998.267220577860440E-3
623.000000000000110E+0	999.393753417738620E-3
624.000000000000110E+0	998.521932413103050E-3
625.000000000000110E+0	997.496211138628190E-3
626.000000000000110E+0	996.361647989965510E-3
627.000000000000110E+0	996.694423979099570E-3
628.000000000000110E+0	998.944487838461680E-3
629.000000000000110E+0	998.871778483601090E-3
630.000000000000110E+0	997.294315446950460E-3
631.000000000000110E+0	996.333957692420390E-3
632.000000000000110E+0	999.114339020666930E-3
633.000000000000110E+0	999.298526352803470E-3
634.000000000000110E+0	997.711992929594000E-3
635.000000000000110E+0	998.642879818601890E-3
636.000000000000110E+0	996.529587239157520E-3
637.000000000000110E+0	998.686491605293880E-3
638.000000000000110E+0	999.271287230021680E-3
639.000000000000110E+0	998.956698198418260E-3
640.000000000000110E+0	993.456192003647100E-3
641.000000000000110E+0	998.958439622196660E-3
642.000000000000110E+0	999.531278998305070E-3
643.000000000000110E+0	999.360498457830700E-3
644.000000000000110E+0	998.918526514421480E-3
645.000000000000110E+0	997.951558772132600E-3
646.000000000000110E+0	999.101127613374990E-3
647.000000000000110E+0	999.077155585759050E-3
648.000000000000110E+0	998.871420075222670E-3
649.000000000000110E+0	996.987585205954980E-3
650.000000000000110E+0	993.462260273232700E-3
651.000000000000110E+0	999.253809411624890E-3
652.000000000000110E+0	999.300386499546220E-3
653.000000000000110E+0	996.770102305772120E-3
654.000000000000110E+0	996.767181059590060E-3
655.000000000000110E+0	997.447965671470980E-3
656.000000000000110E+0	999.176418702267140E-3
657.000000000000110E+0	999.505859455821600E-3
658.000000000000110E+0	998.965467166198720E-3
659.000000000000110E+0	994.255956552772100E-3
660.000000000000110E+0	998.634654784572470E-3
661.000000000000110E+0	998.854118270583350E-3
662.000000000000110E+0	998.663900008128550E-3
663.000000000000110E+0	996.153367203395310E-3
664.000000000000110E+0	997.546284897132930E-3
665.000000000000110E+0	998.877899745108770E-3
666.000000000000110E+0	998.210309349857550E-3
667.000000000000110E+0	998.998704384938870E-3
668.000000000000110E+0	993.711483089131930E-3
669.000000000000110E+0	996.770712665692950E-3
670.000000000000110E+0	998.833115994603780E-3
671.000000000000110E+0	998.140019707565720E-3
672.000000000000110E+0	994.055330581911200E-3
673.000000000000110E+0	996.024795979797210E-3
674.000000000000110E+0	997.935282907485450E-3
675.000000000000110E+0	998.764985126837870E-3
676.000000000000110E+0	997.983409008337370E-3
677.000000000000110E+0	997.821717843317630E-3
678.000000000000110E+0	994.835779471414550E-3
679.000000000000110E+0	997.833744748616860E-3
680.000000000000110E+0	998.656589115247240E-3
681.000000000000110E+0	996.209015076211730E-3
682.000000000000110E+0	988.241890589887320E-3
683.000000000000110E+0	998.271738062642470E-3
684.000000000000110E+0	998.800860977248070E-3
685.000000000000110E+0	998.287772005981180E-3
686.000000000000110E+0	998.622057929077990E-3
687.000000000000110E+0	987.057665108448940E-3
688.000000000000110E+0	996.029032870038520E-3
689.000000000000110E+0	997.880690273480140E-3
690.000000000000110E+0	998.450583100295660E-3
691.000000000000110E+0	997.406082492313880E-3
692.000000000000110E+0	997.370914871682060E-3
693.000000000000110E+0	998.713268216416700E-3
694.000000000000110E+0	996.162995935130250E-3
695.000000000000110E+0	994.048589657045230E-3
696.000000000000110E+0	993.207020553339650E-3
697.000000000000110E+0	979.935106943675360E-3
698.000000000000110E+0	996.736952495396180E-3
699.000000000000110E+0	994.781745596350020E-3
700.000000000000110E+0	993.412548913091050E-3
701.000000000000110E+0	992.091911102148000E-3
702.000000000000110E+0	970.366276587076080E-3
703.000000000000110E+0	992.903843708919260E-3
704.000000000000110E+0	995.810406406624770E-3
705.000000000000110E+0	992.510988565448730E-3
706.000000000000110E+0	988.293130769464460E-3
707.000000000000110E+0	996.448955159268010E-3
708.000000000000110E+0	993.836318428071070E-3
709.000000000000110E+0	994.782265694118540E-3
710.000000000000110E+0	993.940097733779340E-3
711.000000000000110E+0	997.845445049174610E-3
712.000000000000110E+0	998.269372682316520E-3
713.000000000000110E+0	997.350585469956580E-3
714.000000000000110E+0	997.742393868328190E-3
715.000000000000110E+0	997.484351687742410E-3
716.000000000000110E+0	995.423587708144990E-3
717.000000000000110E+0	996.307237667107710E-3
718.000000000000110E+0	993.001612826336250E-3
719.000000000000110E+0	984.067658375744720E-3
720.000000000000110E+0	998.042657937195710E-3
721.000000000000110E+0	998.946100604870550E-3
722.000000000000110E+0	998.748684930123480E-3
723.000000000000110E+0	997.341901588813640E-3
724.000000000000110E+0	998.115142214582750E-3
725.000000000000110E+0	999.019269647320350E-3
726.000000000000110E+0	997.352614614857360E-3
727.000000000000110E+0	997.861348088304730E-3
728.000000000000110E+0	993.598743926878640E-3
729.000000000000110E+0	990.269059268088280E-3
730.000000000000110E+0	998.175749420070700E-3
731.000000000000110E+0	998.850026322744000E-3
732.000000000000110E+0	996.398570469263500E-3
733.000000000000110E+0	997.167537979171680E-3
734.000000000000110E+0	993.838948591035610E-3
735.000000000000110E+0	997.637051446551010E-3
736.000000000000110E+0	998.326816981537250E-3
737.000000000000110E+0	998.762714260439940E-3
738.000000000000110E+0	995.730186365322290E-3
739.000000000000110E+0	998.157969492131310E-3
740.000000000000110E+0	999.487844641048120E-3
741.000000000000110E+0	999.145792394565250E-3
742.000000000000110E+0	994.594127224055600E-3
743.000000000000110E+0	990.144890622856600E-3
744.000000000000110E+0	997.821721063491980E-3
745.000000000000110E+0	997.554392792573630E-3
746.000000000000110E+0	996.231367401846030E-3
747.000000000000110E+0	993.138511369523910E-3
748.000000000000110E+0	991.967999129010120E-3
749.000000000000110E+0	998.532660088858660E-3
750.000000000000110E+0	998.067751458052150E-3
751.000000000000110E+0	994.224501993279830E-3
752.000000000000110E+0	978.985402388626640E-3
753.000000000000110E+0	998.191772953976540E-3
754.000000000000110E+0	998.929184208027230E-3
755.000000000000110E+0	997.024261272750680E-3
756.000000000000110E+0	995.608034679127950E-3
757.000000000000110E+0	991.430595451751940E-3
758.000000000000110E+0	997.715538232796020E-3
759.000000000000110E+0	998.976050720132960E-3
760.000000000000110E+0	997.536586202186330E-3
761.000000000000110E+0	987.985018097237490E-3
762.000000000000110E+0	998.472019475274420E-3
763.000000000000110E+0	999.145921701433790E-3
764.000000000000110E+0	997.236136966027310E-3
765.000000000000110E+0	995.265279507095870E-3
766.000000000000110E+0	989.133732622649470E-3
767.000000000000110E+0	997.417836806463790E-3
768.000000000000110E+0	997.819574676447110E-3
769.000000000000110E+0	998.774390901411180E-3
770.000000000000110E+0	997.638982187082690E-3
771.000000000000110E+0	996.485249383624930E-3
772.000000000000110E+0	998.519315082822540E-3
773.000000000000110E+0	997.971349166483560E-3
774.000000000000110E+0	993.459209707348360E-3
775.000000000000110E+0	996.608816542129960E-3
776.000000000000110E+0	996.457164313141130E-3
777.000000000000110E+0	999.149845632231190E-3
778.000000000000110E+0	999.376001404889580E-3
779.000000000000110E+0	997.781545082566890E-3
780.000000000000110E+0	997.866243343104470E-3
781.000000000000110E+0	999.603814105853750E-3
782.000000000000110E+0	999.409770102284270E-3
783.000000000000110E+0	996.958793289504430E-3
784.000000000000110E+0	987.555163237137430E-3
785.000000000000110E+0	993.565423945132140E-3
786.000000000000110E+0	997.053894576570230E-3
787.000000000000110E+0	998.160116986567370E-3
788.000000000000110E+0	998.360121464501150E-3
789.000000000000110E+0	993.169411675317140E-3
790.000000000000110E+0	997.525710266976560E-3
791.000000000000110E+0	999.095309804150290E-3
792.000000000000110E+0	997.496331143040700E-3
793.000000000000110E+0	995.536279615630180E-3
794.000000000000110E+0	997.879014706785530E-3
795.000000000000110E+0	998.872786398427580E-3
796.000000000000110E+0	998.882232339176830E-3
797.000000000000110E+0	998.935659885817560E-3
798.000000000000110E+0	998.341153577686380E-3
799.000000000000110E+0	996.731552156930540E-3
800.000000000000110E+0	998.675884385908040E-3
801.000000000000110E+0	998.974943666890100E-3
802.000000000000110E+0	996.475457664701250E-3
803.000000000000110E+0	993.758131083737450E-3
804.000000000000110E+0	996.665938490665430E-3
805.000000000000110E+0	995.932347775566050E-3
806.000000000000110E+0	996.735815659911760E-3
807.000000000000110E+0	997.122414020468640E-3
808.000000000000110E+0	981.723334864671340E-3
809.000000000000110E+0	998.400732498273320E-3
810.000000000000110E+0	998.795419053771780E-3
811.000000000000110E+0	997.067066981518370E-3
812.000000000000110E+0	992.776612090740420E-3
813.000000000000110E+0	996.655513109399260E-3
814.000000000000110E+0	999.219599034780530E-3
815.000000000000110E+0	998.146162085456700E-3
816.000000000000110E+0	995.066439178674770E-3
817.000000000000110E+0	994.014398272364710E-3
818.000000000000110E+0	993.133863610940030E-3
819.000000000000110E+0	998.275062198327510E-3
820.000000000000110E+0	998.500948386168760E-3
821.000000000000110E+0	994.093405456603520E-3
822.000000000000110E+0	993.415680313588400E-3
823.000000000000110E+0	998.392535150123490E-3
824.000000000000110E+0	997.150197708826290E-3
825.000000000000110E+0	996.822738660566920E-3
826.000000000000110E+0	992.964495554282900E-3
827.000000000000110E+0	978.475455105092930E-3
828.000000000000110E+0	993.334933445489950E-3
829.000000000000110E+0	996.509557096346030E-3
830.000000000000110E+0	990.143040019979990E-3
831.000000000000110E+0	968.556951687183700E-3
832.000000000000110E+0	981.733284623203420E-3
833.000000000000110E+0	983.575726186642570E-3
834.000000000000110E+0	967.932096316789230E-3
835.000000000000110E+0	944.354660853173320E-3
836.000000000000110E+0	628.827510740337380E-3
837.000000000000110E+0	981.810245691517870E-3
838.000000000000110E+0	995.369104857987800E-3
839.000000000000110E+0	995.300878407223140E-3
840.000000000000110E+0	994.218668189140510E-3
841.000000000000110E+0	997.214744246586180E-3
842.000000000000110E+0	998.418648074492210E-3
843.000000000000110E+0	997.426715117695090E-3
844.000000000000110E+0	989.605520051080270E-3
845.000000000000110E+0	971.292808599657940E-3
846.000000000000110E+0	992.407213039229850E-3
847.000000000000110E+0	996.974621105456320E-3
848.000000000000110E+0	998.577255754901750E-3
849.000000000000110E+0	997.992440118493530E-3
850.000000000000110E+0	940.760977860853110E-3
851.000000000000110E+0	998.742552588408490E-3
852.000000000000110E+0	998.466655960529410E-3
853.000000000000110E+0	994.781483045991900E-3
854.000000000000110E+0	995.593162726217230E-3
855.000000000000110E+0	997.385246436003900E-3
856.000000000000110E+0	998.957510931246850E-3
857.000000000000110E+0	998.983902292397200E-3
858.000000000000110E+0	998.332838787558850E-3
859.000000000000110E+0	990.540435730802300E-3
860.000000000000110E+0	994.426435250033600E-3
861.000000000000110E+0	997.929201533206740E-3
862.000000000000110E+0	995.356178048802610E-3
863.000000000000110E+0	984.582132416934150E-3
864.000000000000110E+0	995.383200653935710E-3
865.000000000000110E+0	996.502392577191200E-3
866.000000000000110E+0	995.587404766693610E-3
867.000000000000110E+0	997.449603102080860E-3
868.000000000000110E+0	986.503376033495250E-3
869.000000000000110E+0	990.934936178702100E-3
870.000000000000110E+0	997.523208710334290E-3
871.000000000000110E+0	995.554853219282500E-3
872.000000000000110E+0	985.185640028076630E-3
873.000000000000110E+0	984.739056568022410E-3
874.000000000000110E+0	996.384387278504980E-3
875.000000000000110E+0	997.603954417712770E-3
876.000000000000110E+0	995.987540778302650E-3
877.000000000000110E+0	995.359533803348520E-3
878.000000000000110E+0	978.201191745033500E-3
879.000000000000110E+0	994.204863546795050E-3
880.000000000000110E+0	997.615621074545270E-3
881.000000000000110E+0	994.458165663890780E-3
882.000000000000110E+0	965.915145572524450E-3
883.000000000000110E+0	995.475140824906620E-3
884.000000000000110E+0	997.140938051358060E-3
885.000000000000110E+0	996.552733597928620E-3
886.000000000000110E+0	996.426710127268470E-3
887.000000000000110E+0	992.724419830867790E-3
888.000000000000110E+0	996.093683993354740E-3
889.000000000000110E+0	997.955562158381440E-3
890.000000000000110E+0	996.142503067484310E-3
891.000000000000110E+0	990.236928501074810E-3
892.000000000000110E+0	991.178984001542360E-3
893.000000000000110E+0	998.026973004476620E-3
894.000000000000110E+0	996.672689236997370E-3
895.000000000000110E+0	993.939661601701330E-3
896.000000000000110E+0	996.155986511527260E-3
897.000000000000110E+0	994.973454698317660E-3
898.000000000000110E+0	998.913433933383500E-3
899.000000000000110E+0	998.127578770657610E-3
900.000000000000110E+0	991.995785958298850E-3
901.000000000000110E+0	983.986457150084150E-3
902.000000000000110E+0	996.556878850796690E-3
903.000000000000110E+0	996.765523390388150E-3
904.000000000000110E+0	993.715415812515100E-3
905.000000000000110E+0	985.580453218329650E-3
906.000000000000110E+0	992.502720213195520E-3
907.000000000000110E+0	994.164143094395160E-3
908.000000000000110E+0	996.656807484974430E-3
909.000000000000110E+0	996.961995739377940E-3
910.000000000000110E+0	984.345826876821590E-3
911.000000000000110E+0	988.820431674891420E-3
912.000000000000110E+0	997.538063701679190E-3
913.000000000000110E+0	995.817748083122960E-3
914.000000000000110E+0	993.327970175684300E-3
915.000000000000110E+0	996.377112266585870E-3
916.000000000000110E+0	997.182617356675680E-3
917.000000000000110E+0	998.907114392675430E-3
918.000000000000110E+0	997.785372166466460E-3
919.000000000000110E+0	995.720781892195150E-3
920.000000000000110E+0	987.497441759379040E-3
921.000000000000110E+0	998.032794293753580E-3
922.000000000000110E+0	997.858052016327930E-3
923.000000000000110E+0	993.118925990811970E-3
924.000000000000110E+0	989.463305330341880E-3
925.000000000000110E+0	996.819660001476370E-3
926.000000000000110E+0	997.411633257578870E-3
927.000000000000110E+0	998.282028463195140E-3
928.000000000000110E+0	997.951680877911420E-3
929.000000000000110E+0	987.973503867972890E-3
930.000000000000110E+0	998.013597847852930E-3
931.000000000000110E+0	998.789345144763810E-3
932.000000000000110E+0	996.425603354106350E-3
933.000000000000110E+0	994.680834280705530E-3
934.000000000000110E+0	997.646981623968480E-3
935.000000000000110E+0	998.618741838392610E-3
936.000000000000110E+0	998.624584035278430E-3
937.000000000000110E+0	996.141647941809700E-3
938.000000000000110E+0	992.494056211128520E-3
939.000000000000110E+0	910.998446006530460E-3
940.000000000000110E+0	996.210134541934410E-3
941.000000000000110E+0	997.236222611890380E-3
942.000000000000110E+0	988.759241879898500E-3
943.000000000000110E+0	992.704685742976320E-3
944.000000000000110E+0	998.421964912953100E-3
945.000000000000110E+0	996.498462801986730E-3
946.000000000000110E+0	990.035290411134920E-3
947.000000000000110E+0	992.886786461884660E-3
948.000000000000110E+0	981.913789371581470E-3
949.000000000000110E+0	997.048881070000890E-3
950.000000000000110E+0	998.111006639455730E-3
951.000000000000110E+0	996.555607569061360E-3
952.000000000000110E+0	986.204762620063620E-3
953.000000000000110E+0	998.745272763960970E-3
954.000000000000110E+0	998.852282197770340E-3
955.000000000000110E+0	996.545715270488070E-3
956.000000000000110E+0	997.733548694586750E-3
957.000000000000110E+0	994.672423565639230E-3
958.000000000000110E+0	997.719023801071910E-3
959.000000000000110E+0	999.317589573893270E-3
960.000000000000110E+0	997.873766697702110E-3
961.000000000000110E+0	993.140801392394250E-3
962.000000000000110E+0	995.500568650743770E-3
963.000000000000110E+0	996.549233171586280E-3
964.000000000000110E+0	995.247394284261120E-3
965.000000000000110E+0	993.435667026209450E-3
966.000000000000110E+0	992.054698206970340E-3
967.000000000000110E+0	994.926077342716430E-3
968.000000000000110E+0	998.283382961884570E-3
969.000000000000110E+0	998.261748698563100E-3
970.000000000000110E+0	993.309022451374650E-3
971.000000000000110E+0	969.556351513717110E-3
972.000000000000110E+0	997.447303032087620E-3
973.000000000000110E+0	997.398347989428500E-3
974.000000000000110E+0	986.239106474262050E-3
975.000000000000110E+0	978.701416999843480E-3
976.000000000000110E+0	990.750777927830060E-3
977.000000000000110E+0	998.055087565887120E-3
978.000000000000110E+0	998.282984087952460E-3
979.000000000000110E+0	992.768198969810060E-3
980.000000000000110E+0	942.102710180762970E-3
981.000000000000110E+0	996.836501792305100E-3
982.000000000000110E+0	997.792994065453190E-3
983.000000000000110E+0	993.548637847630810E-3
984.000000000000110E+0	821.525086000153390E-3
985.000000000000110E+0	990.593376005319050E-3
986.000000000000110E+0	993.481638059525940E-3
987.000000000000110E+0	992.537331163089620E-3
988.000000000000110E+0	994.485759377344180E-3
989.000000000000110E+0	971.344880743221010E-3
990.000000000000110E+0	991.059567431512470E-3
991.000000000000110E+0	998.039502930796910E-3
992.000000000000110E+0	996.827332223805150E-3
993.000000000000110E+0	982.783313650758550E-3
994.000000000000110E+0	844.553579216729800E-3
995.000000000000110E+0	986.687802864694480E-3
996.000000000000110E+0	995.422575395318530E-3
997.000000000000110E+0	992.644182963303810E-3
998.000000000000110E+0	991.631936448102440E-3
999.000000000000110E+0	938.671446561618380E-3
1.000000000000000E+3	997.684661298849810E-3
