Freq (Hz)	accelerometre /source
source
source_Mod	accelerometre /source
source
source_Phase(rad)
10.000000000000018E+0	180.256238523906960E-3	7.620617157092576E+0
11.000000000000020E+0	121.256968173676620E-3	9.272146669979254E+0
12.000000000000021E+0	44.710464124920385E-3	11.177618783406629E+0
13.000000000000023E+0	26.987856149172193E-3	11.252005729728129E+0
14.000000000000025E+0	69.845990612090791E-3	14.352287626261731E+0
15.000000000000027E+0	36.467235564836838E-3	15.845551625567076E+0
16.000000000000028E+0	43.910473696069985E-3	16.768989768223008E+0
17.000000000000028E+0	61.628568466860364E-3	14.563710397950235E+0
18.000000000000028E+0	16.894489045968703E-3	14.408593907483141E+0
19.000000000000028E+0	69.486038276917975E-3	15.673775437146693E+0
20.000000000000028E+0	58.822713667875663E-3	14.979793244752365E+0
21.000000000000028E+0	69.488250194620974E-3	14.626057091452278E+0
22.000000000000028E+0	57.497120316229111E-3	14.843007669169879E+0
23.000000000000028E+0	95.631980027007429E-3	15.000975491065404E+0
24.000000000000028E+0	108.279902354409900E-3	14.309857849586066E+0
25.000000000000028E+0	122.924392585933380E-3	14.576975520189396E+0
26.000000000000028E+0	159.263136655902720E-3	14.050110082732917E+0
27.000000000000028E+0	120.036964007435880E-3	13.667392042402161E+0
28.000000000000028E+0	107.989213007466280E-3	13.887384797644863E+0
29.000000000000028E+0	99.663020658631168E-3	13.698604584528924E+0
30.000000000000028E+0	127.742675182732860E-3	14.614963695639588E+0
31.000000000000028E+0	280.712238885278410E-3	13.996642149006913E+0
32.000000000000028E+0	240.036117422545160E-3	13.246359023749681E+0
33.000000000000028E+0	196.197413992473870E-3	13.370697865320892E+0
34.000000000000028E+0	245.003710711612340E-3	13.331166279671690E+0
35.000000000000028E+0	338.567251519210240E-3	12.662722487379989E+0
36.000000000000028E+0	264.806554675566630E-3	11.982702612606060E+0
37.000000000000028E+0	64.978242865718169E-3	11.115743909112073E+0
38.000000000000028E+0	121.781677842545980E-3	13.852906807543025E+0
39.000000000000028E+0	240.989650828578010E-3	13.800597429088928E+0
40.000000000000028E+0	207.257245342318570E-3	13.872989349948211E+0
41.000000000000028E+0	254.056491360336420E-3	13.487438850880274E+0
42.000000000000028E+0	286.085051737276890E-3	12.922194771783756E+0
43.000000000000028E+0	243.914491205073800E-3	12.492049917394333E+0
44.000000000000028E+0	298.189217326369770E-3	12.381251093933763E+0
45.000000000000028E+0	285.597739693523760E-3	12.292716467503324E+0
46.000000000000028E+0	260.267287487304710E-3	12.225420397307380E+0
47.000000000000028E+0	265.288451818199880E-3	12.290697878336488E+0
48.000000000000028E+0	329.659603957390300E-3	12.039477155692657E+0
49.000000000000028E+0	302.441222979009550E-3	11.723209720789381E+0
50.000000000000028E+0	257.793802025403810E-3	11.730930796716141E+0
51.000000000000028E+0	249.288801107892030E-3	11.591279867444698E+0
52.000000000000028E+0	212.949412850753250E-3	11.329633327648128E+0
53.000000000000028E+0	201.200827972567300E-3	11.100782405532033E+0
54.000000000000028E+0	187.052630527764390E-3	11.180089236740191E+0
55.000000000000028E+0	165.403302102958420E-3	11.205094096886825E+0
56.000000000000028E+0	142.268503473589440E-3	11.119141381885081E+0
57.000000000000028E+0	95.616723175373897E-3	11.305296966905280E+0
58.000000000000028E+0	48.440594432528190E-3	10.648658120238334E+0
59.000000000000028E+0	134.675607238316120E-3	11.021575717390055E+0
60.000000000000028E+0	141.716335542962060E-3	11.124944844949498E+0
61.000000000000028E+0	90.813740058043921E-3	11.048357771639701E+0
62.000000000000028E+0	109.968698516578420E-3	8.417945698806763E+0
63.000000000000028E+0	56.126172005133187E-3	9.015545447663193E+0
64.000000000000028E+0	42.573625735762469E-3	8.490303896631158E+0
65.000000000000028E+0	35.808986065535661E-3	8.289128922085474E+0
66.000000000000028E+0	44.499019187706761E-3	6.377394019351090E+0
67.000000000000028E+0	245.136950749732570E-3	6.181256819709232E+0
68.000000000000028E+0	331.270623961909090E-3	6.916410199084561E+0
69.000000000000028E+0	231.827198756636150E-3	6.600998457511982E+0
70.000000000000028E+0	238.357659323332170E-3	6.033588829009074E+0
71.000000000000028E+0	377.936618528392940E-3	5.391300034010234E+0
72.000000000000028E+0	556.957171382987610E-3	5.766246478757651E+0
73.000000000000028E+0	435.756553657519360E-3	5.630309872137765E+0
74.000000000000028E+0	407.420788152330520E-3	5.305964576459337E+0
75.000000000000028E+0	376.525584646223490E-3	5.237575370127019E+0
76.000000000000028E+0	277.699145285915110E-3	5.033091030767348E+0
77.000000000000028E+0	441.475704456989580E-3	4.678172072955171E+0
78.000000000000028E+0	397.918390237487150E-3	4.987683257889104E+0
79.000000000000028E+0	346.997214425257770E-3	4.876149987926000E+0
80.000000000000028E+0	296.216800150842670E-3	4.456595495835954E+0
81.000000000000028E+0	425.778899541923050E-3	4.202432893244318E+0
82.000000000000028E+0	403.107433157998740E-3	4.225215585309513E+0
83.000000000000028E+0	340.259113429659200E-3	4.223542814989420E+0
84.000000000000028E+0	222.025492215436380E-3	4.356096687019985E+0
85.000000000000028E+0	163.009995977721840E-3	4.170979278344367E+0
86.000000000000028E+0	107.759857471372080E-3	3.743820795324205E+0
87.000000000000028E+0	422.573754653852160E-3	3.709743804977053E+0
88.000000000000028E+0	391.856677316674730E-3	4.122696187318936E+0
89.000000000000028E+0	324.471121292298990E-3	4.235128837675197E+0
90.000000000000028E+0	365.337516635838850E-3	6.203289385671912E+0
91.000000000000028E+0	454.696027788879190E-3	3.683607629518682E+0
92.000000000000028E+0	358.608779288486890E-3	3.697087126930599E+0
93.000000000000028E+0	301.110672570660210E-3	3.476233396131951E+0
94.000000000000028E+0	287.547211968071090E-3	3.402130780712123E+0
95.000000000000028E+0	219.943866597562460E-3	3.371016391154530E+0
96.000000000000028E+0	399.497045810735200E-3	2.871749391730175E+0
97.000000000000028E+0	372.373942375856580E-3	2.987108696008359E+0
98.000000000000028E+0	326.056009906170780E-3	2.872202085678866E+0
99.000000000000028E+0	345.279775191402070E-3	2.671373105777379E+0
100.000000000000030E+0	571.144747057150900E-3	2.683563119047307E+0
101.000000000000030E+0	369.352116803199850E-3	2.741774841553577E+0
102.000000000000030E+0	253.338624096706380E-3	2.657592752580498E+0
103.000000000000030E+0	110.298446186004100E-3	2.061576478723201E+0
104.000000000000030E+0	200.265126700433420E-3	2.248894395148291E+0
105.000000000000030E+0	30.268116530005905E-3	2.741612842438394E+0
106.000000000000030E+0	207.010957836137070E-3	1.945837455336213E+0
107.000000000000030E+0	180.136804820821480E-3	2.129641632094056E+0
108.000000000000030E+0	157.659578793562570E-3	2.161968571872745E+0
109.000000000000030E+0	223.080791300515950E-3	2.064206320003324E+0
110.000000000000030E+0	148.558770412607700E-3	2.526349645208851E+0
111.000000000000030E+0	151.161252295659630E-3	2.588799980066393E+0
112.000000000000030E+0	176.177410454619320E-3	2.509589791246113E+0
113.000000000000030E+0	208.829812203487260E-3	2.456310730179797E+0
114.000000000000030E+0	296.340704939220270E-3	2.987056750840811E+0
115.000000000000030E+0	181.064168338459900E-3	3.345112399382237E+0
116.000000000000030E+0	153.262049519828580E-3	3.310607905099142E+0
117.000000000000030E+0	132.964293934673740E-3	3.034044946109110E+0
118.000000000000030E+0	140.369805591616960E-3	2.417850868990780E+0
119.000000000000030E+0	269.005580805247170E-3	3.234361381960236E+0
120.000000000000030E+0	91.343130443383810E-3	2.502865590644384E+0
121.000000000000030E+0	64.268105027831854E-3	1.457382070450650E+0
122.000000000000030E+0	168.827294303094570E-3	879.355252879914230E-3
123.000000000000030E+0	86.442880874047390E-3	1.241312035021368E+0
124.000000000000030E+0	123.999385143089270E-3	1.021827051851697E+0
125.000000000000030E+0	71.449931413369930E-3	1.726446035788182E+0
126.000000000000030E+0	59.867935509087748E-3	1.794005262881025E+0
127.000000000000030E+0	71.828634549204295E-3	1.694534937898143E+0
128.000000000000030E+0	258.666544231323680E-3	1.329853036139861E+0
129.000000000000030E+0	145.176267286562020E-3	2.382888959378333E+0
130.000000000000030E+0	59.789844053782265E-3	2.388480401690716E+0
131.000000000000030E+0	14.330854198519000E-3	4.180065155371119E+0
132.000000000000030E+0	100.874056179352180E-3	5.727425185233120E+0
133.000000000000030E+0	48.093710279537072E-3	4.983715736768508E+0
134.000000000000030E+0	149.777492589525880E-3	4.846097414523096E+0
135.000000000000030E+0	145.264242019161660E-3	5.494932055555192E+0
136.000000000000030E+0	88.754191035111868E-3	5.334168421256270E+0
137.000000000000030E+0	166.811210723105090E-3	5.249993939372487E+0
138.000000000000030E+0	108.594163813140710E-3	7.996726931789127E+0
139.000000000000030E+0	36.018095893092773E-3	9.065142958369170E+0
140.000000000000030E+0	26.172457927182282E-3	11.227093945769248E+0
141.000000000000030E+0	34.188738887657090E-3	13.982858745324140E+0
142.000000000000030E+0	97.757269495701307E-3	15.788920098007663E+0
143.000000000000030E+0	153.491462640259370E-3	16.378309738644656E+0
144.000000000000030E+0	193.501694846514390E-3	16.557740669841067E+0
145.000000000000030E+0	191.953576420597600E-3	16.795638100106693E+0
146.000000000000030E+0	165.139043470300230E-3	16.618125699695330E+0
147.000000000000030E+0	316.390004931669020E-3	16.792467743856388E+0
148.000000000000030E+0	79.896263449664315E-3	17.338653864335129E+0
149.000000000000030E+0	80.042430012626689E-3	16.138442942741467E+0
150.000000000000030E+0	137.375016680351490E-3	15.666925726126033E+0
151.000000000000030E+0	280.684982124329350E-3	16.082956353521794E+0
152.000000000000030E+0	219.385764523331530E-3	16.276802669549497E+0
153.000000000000030E+0	249.520606375511380E-3	16.143650463877016E+0
154.000000000000030E+0	221.639224885624460E-3	16.380623439260454E+0
155.000000000000030E+0	210.261871253033170E-3	16.124125308366743E+0
156.000000000000030E+0	197.715121646113490E-3	16.651783666832820E+0
157.000000000000030E+0	112.738063662051000E-3	15.856265033670024E+0
158.000000000000030E+0	160.730167523815140E-3	15.665202844002051E+0
159.000000000000030E+0	198.339691271331220E-3	15.826180258084635E+0
160.000000000000030E+0	123.907217315864330E-3	16.414787959534443E+0
161.000000000000030E+0	186.546477381638380E-3	15.105232466982299E+0
162.000000000000030E+0	202.353248457318500E-3	15.507970992714146E+0
163.000000000000030E+0	205.465743501690700E-3	15.729458506967621E+0
164.000000000000030E+0	118.216885584477170E-3	16.072835491124348E+0
165.000000000000030E+0	92.640070548213216E-3	15.474792819586964E+0
166.000000000000030E+0	184.551126943823420E-3	14.553169360122871E+0
167.000000000000030E+0	212.651572098285340E-3	14.920369501926071E+0
168.000000000000030E+0	194.191495139328960E-3	15.003036444710752E+0
169.000000000000030E+0	208.168307565598040E-3	15.175348578041344E+0
170.000000000000030E+0	117.190528042498530E-3	15.828859361307067E+0
171.000000000000030E+0	105.274191035167550E-3	15.845278888309448E+0
172.000000000000030E+0	143.120538140628420E-3	16.036446949244393E+0
173.000000000000030E+0	140.619603927684610E-3	16.208487249984735E+0
174.000000000000030E+0	142.970150942061810E-3	15.690441508510766E+0
175.000000000000030E+0	270.692806820781120E-3	15.994945077359706E+0
176.000000000000030E+0	179.006874024946750E-3	15.777207877689147E+0
177.000000000000030E+0	245.065975814452080E-3	15.237815454742092E+0
178.000000000000030E+0	240.026978969854840E-3	15.140213402134066E+0
179.000000000000030E+0	289.266625556773570E-3	14.344264920774343E+0
180.000000000000030E+0	271.227058937879520E-3	15.089875861474692E+0
181.000000000000030E+0	217.729667490831470E-3	14.960329846823070E+0
182.000000000000030E+0	160.030970721131950E-3	15.141408822126348E+0
183.000000000000030E+0	100.526984656434820E-3	14.815353057136875E+0
184.000000000000030E+0	95.987870187433572E-3	14.788549775179861E+0
185.000000000000030E+0	106.555834939040830E-3	14.872704411299910E+0
186.000000000000030E+0	113.936284311849140E-3	15.238845431457884E+0
187.000000000000030E+0	129.556317074248720E-3	16.073614214392478E+0
188.000000000000030E+0	158.648092207394090E-3	17.913424729724600E+0
189.000000000000030E+0	165.656627987439850E-3	20.478261939823639E+0
190.000000000000030E+0	168.190145527981480E-3	21.382424596806079E+0
191.000000000000030E+0	189.040963494326030E-3	21.602747118377774E+0
192.000000000000030E+0	273.420508600839000E-3	21.914736423681973E+0
193.000000000000030E+0	208.772949408989630E-3	22.629780830649548E+0
194.000000000000030E+0	129.140524539851950E-3	22.344644848495424E+0
195.000000000000030E+0	159.476944297954090E-3	21.882192780449223E+0
196.000000000000030E+0	279.236310978005720E-3	21.805781513391238E+0
197.000000000000030E+0	385.097135874694460E-3	21.965678159565869E+0
198.000000000000030E+0	352.162401603984880E-3	22.967731424665970E+0
199.000000000000030E+0	155.102901413883860E-3	21.903624246057497E+0
200.000000000000030E+0	148.416083409301760E-3	21.509987348808046E+0
201.000000000000030E+0	388.327260279042460E-3	20.760246953116884E+0
202.000000000000030E+0	595.458817309763020E-3	21.255217595286304E+0
203.000000000000030E+0	585.375397373860790E-3	21.613595438772371E+0
204.000000000000030E+0	505.900495821722030E-3	21.449253006618409E+0
205.000000000000030E+0	509.669155571363500E-3	21.242807330383588E+0
206.000000000000030E+0	476.618686814503980E-3	20.788747076153040E+0
207.000000000000030E+0	648.234225894258940E-3	20.540273564409233E+0
208.000000000000030E+0	542.578615716548310E-3	20.944309315187532E+0
209.000000000000030E+0	368.296093633452950E-3	20.685147680630898E+0
210.000000000000030E+0	297.569709737218080E-3	20.547362132091397E+0
211.000000000000030E+0	218.661911940451980E-3	19.913097405553781E+0
212.000000000000030E+0	387.611074455750160E-3	20.523505105038812E+0
213.000000000000030E+0	298.665531969379840E-3	20.980135072181689E+0
214.000000000000030E+0	47.005991730220562E-3	21.346608007059896E+0
215.000000000000030E+0	103.791692691191590E-3	19.937012694833541E+0
216.000000000000030E+0	244.845603736052130E-3	19.817895765109522E+0
217.000000000000030E+0	479.821567125577940E-3	20.792477672405919E+0
218.000000000000030E+0	348.280810758567210E-3	21.108248761883090E+0
219.000000000000030E+0	335.582743299326800E-3	21.133629667287916E+0
220.000000000000030E+0	326.016815172213980E-3	20.978388190535057E+0
221.000000000000030E+0	497.115190204860450E-3	21.015483836403117E+0
222.000000000000030E+0	333.982089044159880E-3	21.348104587721181E+0
223.000000000000030E+0	258.917732951953250E-3	21.015082977220544E+0
224.000000000000030E+0	221.323899555977140E-3	20.607937400817104E+0
225.000000000000030E+0	286.634147356134240E-3	20.474755664465043E+0
226.000000000000030E+0	244.534816466182530E-3	20.692412736109386E+0
227.000000000000030E+0	258.654381853528240E-3	20.358040118154328E+0
228.000000000000030E+0	263.675349406809530E-3	20.603909303075579E+0
229.000000000000030E+0	242.911821860089830E-3	20.833581878055270E+0
230.000000000000030E+0	244.845213639890650E-3	20.483918081873391E+0
231.000000000000030E+0	411.354008743216810E-3	20.554982930002069E+0
232.000000000000030E+0	500.813446342437180E-3	20.527757876686884E+0
233.000000000000030E+0	560.756364464286560E-3	20.502657937518716E+0
234.000000000000030E+0	436.230112249652580E-3	20.527953512196710E+0
235.000000000000030E+0	165.770653046425770E-3	20.143871884903742E+0
236.000000000000030E+0	361.725791740726500E-3	19.219633271323072E+0
237.000000000000030E+0	399.422749174503160E-3	19.459429534121107E+0
238.000000000000030E+0	273.838050205371830E-3	19.675118056511025E+0
239.000000000000030E+0	170.780045606271860E-3	19.626745095469918E+0
240.000000000000030E+0	150.460689525894530E-3	19.631344386277217E+0
241.000000000000030E+0	102.795531854167800E-3	19.485714005604773E+0
242.000000000000030E+0	95.895739518033291E-3	19.260204817447637E+0
243.000000000000030E+0	121.760840158832660E-3	18.526892877206205E+0
244.000000000000030E+0	272.720560557792260E-3	18.978959072767044E+0
245.000000000000030E+0	442.122352222698020E-3	19.906213808568463E+0
246.000000000000030E+0	95.332586216712700E-3	20.907024473109260E+0
247.000000000000030E+0	58.251722298434054E-3	19.387119857772774E+0
248.000000000000030E+0	129.042156274631310E-3	19.055749155912611E+0
249.000000000000030E+0	213.751694269429030E-3	19.707782695376022E+0
250.000000000000030E+0	75.009270650106707E-3	20.401301560756238E+0
251.000000000000030E+0	35.238954310972750E-3	18.967519702889355E+0
252.000000000000030E+0	109.115324355194900E-3	18.296278743248596E+0
253.000000000000030E+0	135.177668527360820E-3	18.886667187782187E+0
254.000000000000030E+0	60.264489341883651E-3	18.260234876703176E+0
255.000000000000030E+0	138.413014243219420E-3	17.544454919494026E+0
256.000000000000060E+0	198.508387230430070E-3	18.141846688818109E+0
257.000000000000060E+0	75.006724401727398E-3	18.666373637875008E+0
258.000000000000060E+0	37.445874827260653E-3	16.494439845490277E+0
259.000000000000060E+0	38.568578888270151E-3	19.166114323251378E+0
260.000000000000060E+0	49.620753061645685E-3	20.283323124978708E+0
261.000000000000060E+0	178.720386569339470E-3	20.395283082179901E+0
262.000000000000060E+0	298.155851924321200E-3	21.186442684307941E+0
263.000000000000060E+0	309.226942480859470E-3	21.667402198480612E+0
264.000000000000060E+0	268.363742903628350E-3	22.075380848595653E+0
265.000000000000060E+0	168.825174937668490E-3	22.463059034004630E+0
266.000000000000060E+0	41.197199526097406E-3	21.165510861178141E+0
267.000000000000060E+0	178.852977134670220E-3	21.249609637077533E+0
268.000000000000060E+0	136.311880091831210E-3	22.290028274667531E+0
269.000000000000060E+0	114.474256632245820E-3	20.824516643666893E+0
270.000000000000060E+0	94.074132975872748E-3	21.073478515008592E+0
271.000000000000060E+0	216.682265414441720E-3	19.860656218522664E+0
272.000000000000060E+0	359.914790949640630E-3	21.301554497765697E+0
273.000000000000060E+0	257.693966513213630E-3	21.698843115208845E+0
274.000000000000060E+0	190.964672702979790E-3	21.626296064053353E+0
275.000000000000060E+0	200.687698783427350E-3	21.052208063215094E+0
276.000000000000060E+0	408.100057223470760E-3	20.923107172375019E+0
277.000000000000060E+0	739.041730361376210E-3	21.224563861814946E+0
278.000000000000060E+0	335.688829191229280E-3	21.422535398581108E+0
279.000000000000060E+0	416.115960514600090E-3	20.969317716744609E+0
280.000000000000060E+0	444.073133022335420E-3	20.825836495397539E+0
281.000000000000060E+0	585.824802350755620E-3	20.617491878461919E+0
282.000000000000060E+0	529.642364650890100E-3	20.747491854201229E+0
283.000000000000060E+0	543.625472699449050E-3	20.444220269922216E+0
284.000000000000060E+0	648.424909289342270E-3	20.323629851979430E+0
285.000000000000060E+0	653.472339847632530E-3	20.311762721483706E+0
286.000000000000060E+0	639.145120526627640E-3	20.297955106028127E+0
287.000000000000060E+0	541.153543593968500E-3	20.300926175227023E+0
288.000000000000060E+0	527.888309087387710E-3	20.161499418725757E+0
289.000000000000060E+0	486.525942081729720E-3	20.097621385205024E+0
290.000000000000060E+0	470.615663960306460E-3	19.814404339671192E+0
291.000000000000060E+0	508.653823975276480E-3	20.032977682822967E+0
292.000000000000060E+0	410.825760427750600E-3	19.910972792648355E+0
293.000000000000060E+0	409.360406126854430E-3	19.853772859347597E+0
294.000000000000060E+0	408.246396990807060E-3	19.796683415612733E+0
295.000000000000060E+0	478.674527301535870E-3	19.918415614588216E+0
296.000000000000060E+0	410.974995033754180E-3	20.056023649689706E+0
297.000000000000060E+0	448.138303073615350E-3	19.735904233610444E+0
298.000000000000060E+0	517.479213035231260E-3	19.746220999262277E+0
299.000000000000060E+0	551.456768151396770E-3	19.667087111973405E+0
300.000000000000060E+0	584.319556576509250E-3	19.679020034098571E+0
301.000000000000060E+0	543.490278282498180E-3	19.549986497247886E+0
302.000000000000060E+0	540.409203876226820E-3	19.502968342009286E+0
303.000000000000060E+0	466.847541693894360E-3	19.561124111644315E+0
304.000000000000060E+0	430.874457584900230E-3	19.429524143213428E+0
305.000000000000060E+0	404.353870601901590E-3	19.474858955449253E+0
306.000000000000060E+0	390.034023580528300E-3	19.489211954210198E+0
307.000000000000060E+0	386.075678507178050E-3	19.568774658787706E+0
308.000000000000060E+0	398.562496795054510E-3	19.595563413338638E+0
309.000000000000060E+0	423.181960577422470E-3	19.620905809951836E+0
310.000000000000060E+0	497.158963536224850E-3	19.539538053045923E+0
311.000000000000060E+0	563.296400412232280E-3	19.538891099634270E+0
312.000000000000060E+0	564.697091722763940E-3	19.462711964189392E+0
313.000000000000060E+0	619.816178928837560E-3	19.287899206193227E+0
314.000000000000060E+0	608.134133260511360E-3	19.221076108472587E+0
315.000000000000060E+0	698.770616038811740E-3	19.184402684402922E+0
316.000000000000060E+0	587.710885860702750E-3	19.308220047314233E+0
317.000000000000060E+0	554.697222887544190E-3	19.069514891237450E+0
318.000000000000060E+0	628.947911657980140E-3	19.016471609453223E+0
319.000000000000060E+0	552.004025060978560E-3	19.239186907605713E+0
320.000000000000060E+0	530.938926793827930E-3	18.965214708248954E+0
321.000000000000060E+0	555.953845800372210E-3	18.882036394045514E+0
322.000000000000060E+0	607.150455312508440E-3	18.834024529068962E+0
323.000000000000060E+0	596.125733792281180E-3	18.837912535441237E+0
324.000000000000060E+0	597.052912003497860E-3	18.738783008874346E+0
325.000000000000060E+0	639.588204535743390E-3	18.726080984883144E+0
326.000000000000060E+0	635.465132472325610E-3	18.708521212915826E+0
327.000000000000060E+0	619.658837116406240E-3	18.621865053247166E+0
328.000000000000060E+0	665.794537144611680E-3	18.559828322213697E+0
329.000000000000060E+0	572.458828022351710E-3	18.577743619596919E+0
330.000000000000060E+0	585.308284530919880E-3	18.390788846125865E+0
331.000000000000060E+0	612.172956495978470E-3	18.257839507497440E+0
332.000000000000060E+0	701.569898357293330E-3	18.291539873787713E+0
333.000000000000060E+0	601.643547883343510E-3	18.311732812001434E+0
334.000000000000060E+0	577.396732978407540E-3	18.137939544502885E+0
335.000000000000060E+0	601.230785236438580E-3	18.061213200215203E+0
336.000000000000060E+0	555.979983326563510E-3	18.004122570511353E+0
337.000000000000060E+0	507.905275174669990E-3	17.837358271701639E+0
338.000000000000060E+0	576.499899480334980E-3	17.763865638436162E+0
339.000000000000060E+0	531.043609811511550E-3	17.683633698642286E+0
340.000000000000060E+0	557.090106226434730E-3	17.529599166888751E+0
341.000000000000060E+0	592.147153640118830E-3	17.436377939397619E+0
342.000000000000060E+0	580.086718212021070E-3	17.447301350797183E+0
343.000000000000060E+0	499.625741853117260E-3	17.326557396152335E+0
344.000000000000060E+0	437.115283732805450E-3	17.129300205486309E+0
345.000000000000060E+0	395.470218341295530E-3	16.883483588414617E+0
346.000000000000060E+0	359.243496299816220E-3	16.593224578256692E+0
347.000000000000060E+0	303.995301152039540E-3	16.319979576413594E+0
348.000000000000060E+0	336.693516660557630E-3	16.159752320866087E+0
349.000000000000060E+0	281.411409400042610E-3	16.101696262387858E+0
350.000000000000060E+0	241.872215770754380E-3	15.971094574145980E+0
351.000000000000060E+0	197.029194428270940E-3	15.757577918624349E+0
352.000000000000060E+0	169.513689144028260E-3	15.565833192211580E+0
353.000000000000060E+0	138.306160067749480E-3	15.268992313275756E+0
354.000000000000060E+0	145.870659089731680E-3	14.744517171778236E+0
355.000000000000060E+0	169.757774824748880E-3	14.772343773237772E+0
356.000000000000060E+0	120.554304273512940E-3	14.428845113850297E+0
357.000000000000060E+0	135.731068390556930E-3	14.292707307488957E+0
358.000000000000060E+0	131.375893533580900E-3	13.963693193308401E+0
359.000000000000060E+0	156.191411354148160E-3	14.072563712438008E+0
360.000000000000060E+0	102.570387271718240E-3	14.052834749726509E+0
361.000000000000060E+0	152.408126916962900E-3	12.756753698060670E+0
362.000000000000060E+0	168.922275163402500E-3	12.968310537238764E+0
363.000000000000060E+0	213.167379476620430E-3	12.852756613350156E+0
364.000000000000060E+0	242.899485526053450E-3	13.168849670948893E+0
365.000000000000060E+0	234.613081641310450E-3	13.225462568048254E+0
366.000000000000060E+0	236.958495936186540E-3	13.573509049416709E+0
367.000000000000060E+0	144.080109257000900E-3	13.856902990627951E+0
368.000000000000060E+0	98.294393653424031E-3	13.646871083312092E+0
369.000000000000060E+0	105.080414165434860E-3	13.355120259686460E+0
370.000000000000060E+0	92.369859485294706E-3	13.662767293114413E+0
371.000000000000060E+0	87.270196909733908E-3	13.236105543242594E+0
372.000000000000060E+0	97.109597366169115E-3	13.568831100445122E+0
373.000000000000060E+0	85.709158875044350E-3	13.740085131328541E+0
374.000000000000060E+0	94.401733722385930E-3	13.508996455665716E+0
375.000000000000060E+0	131.177304650389210E-3	13.253707882850872E+0
376.000000000000060E+0	246.566331568014860E-3	13.224261834465716E+0
377.000000000000060E+0	377.811841231245390E-3	13.352453440324192E+0
378.000000000000060E+0	485.656895911933730E-3	13.415606833063627E+0
379.000000000000060E+0	619.136857657535680E-3	13.473962093839948E+0
380.000000000000060E+0	428.712157073714410E-3	13.595798219508376E+0
381.000000000000060E+0	432.618872955938590E-3	13.181205123085993E+0
382.000000000000060E+0	424.873866831408040E-3	12.975721012879772E+0
383.000000000000060E+0	399.820003275524250E-3	12.764156771115763E+0
384.000000000000060E+0	331.153331850055350E-3	12.559979277462935E+0
385.000000000000060E+0	452.832002152070420E-3	12.364492976551121E+0
386.000000000000060E+0	479.985554388256960E-3	12.449718578807316E+0
387.000000000000060E+0	506.561021424412510E-3	12.639173132575028E+0
388.000000000000060E+0	448.255742335192280E-3	12.727880637369354E+0
389.000000000000060E+0	433.914356594951980E-3	13.030280331693234E+0
390.000000000000060E+0	258.569641354176930E-3	12.891956332210553E+0
391.000000000000060E+0	270.933979930158160E-3	12.640266884084818E+0
392.000000000000060E+0	282.035540091257860E-3	12.470812308918807E+0
393.000000000000060E+0	420.025673558288630E-3	12.322435460700580E+0
394.000000000000060E+0	458.902868175112500E-3	12.416831648961811E+0
395.000000000000060E+0	524.236544021214000E-3	12.470648483164926E+0
396.000000000000060E+0	507.560674541424390E-3	12.538260079560199E+0
397.000000000000060E+0	502.858886359870750E-3	12.546563806614305E+0
398.000000000000060E+0	481.131391965786190E-3	12.614423703754378E+0
399.000000000000060E+0	379.601373640325590E-3	12.426175292607294E+0
400.000000000000060E+0	420.626362603945090E-3	12.254457406399688E+0
401.000000000000060E+0	492.767341231616580E-3	12.268392590928443E+0
402.000000000000060E+0	543.726772434487860E-3	12.355515725504310E+0
403.000000000000060E+0	547.443239834322970E-3	12.679238764418907E+0
404.000000000000060E+0	388.035397939442250E-3	12.554676128867909E+0
405.000000000000060E+0	313.495673039362430E-3	12.575249567513168E+0
406.000000000000060E+0	305.019238991280360E-3	11.781089911148049E+0
407.000000000000060E+0	378.395593894706510E-3	11.811809481339035E+0
408.000000000000060E+0	482.400761077969640E-3	11.674556510498036E+0
409.000000000000060E+0	478.027768151692180E-3	11.839351177164257E+0
410.000000000000060E+0	490.308985733287240E-3	11.791832472937150E+0
411.000000000000060E+0	591.722479224152330E-3	11.906628188567955E+0
412.000000000000060E+0	501.379049869301930E-3	12.259690982675091E+0
413.000000000000060E+0	401.831638775479230E-3	12.276508968266228E+0
414.000000000000060E+0	326.765310207090320E-3	12.276112088644540E+0
415.000000000000060E+0	255.269539034419180E-3	12.056908043732919E+0
416.000000000000060E+0	256.534821009318740E-3	11.483453925453944E+0
417.000000000000060E+0	489.894129458992630E-3	11.556604158346103E+0
418.000000000000060E+0	517.472819919418740E-3	11.843167941661418E+0
419.000000000000060E+0	525.905620957050510E-3	11.997438491801741E+0
420.000000000000060E+0	502.274113687926400E-3	12.074833443470096E+0
421.000000000000060E+0	593.234626849819200E-3	12.277908163984755E+0
422.000000000000060E+0	389.610087989328170E-3	12.240359969054010E+0
423.000000000000060E+0	395.367221856701700E-3	12.129360587056739E+0
424.000000000000060E+0	353.748422127753480E-3	11.956158517099361E+0
425.000000000000060E+0	466.472858457893940E-3	11.762981577034806E+0
426.000000000000060E+0	524.955568011187370E-3	11.577778704139517E+0
427.000000000000060E+0	761.587021169237710E-3	11.891971310294624E+0
428.000000000000060E+0	658.435455525663850E-3	11.903698160323668E+0
429.000000000000060E+0	684.535097284080570E-3	11.908931915081611E+0
430.000000000000060E+0	604.098160505258440E-3	11.998117809650886E+0
431.000000000000060E+0	439.718658599098310E-3	11.772286046830491E+0
432.000000000000060E+0	542.296189298088430E-3	11.542005703973828E+0
433.000000000000060E+0	565.387678221468630E-3	11.472333877965827E+0
434.000000000000060E+0	608.755608079341040E-3	11.312133334197309E+0
435.000000000000060E+0	685.411840926715140E-3	11.400386465241908E+0
436.000000000000060E+0	588.315705433791750E-3	11.508556905718596E+0
437.000000000000060E+0	480.490383939865100E-3	11.541625897448689E+0
438.000000000000060E+0	351.576631419525660E-3	11.494750866166378E+0
439.000000000000060E+0	255.633560464389510E-3	11.592854265344098E+0
440.000000000000060E+0	200.909032921423510E-3	10.903540842143700E+0
441.000000000000060E+0	298.923416325079460E-3	11.689017314320084E+0
442.000000000000060E+0	368.693986010297960E-3	12.063134027401679E+0
443.000000000000060E+0	519.155974033338240E-3	12.259991873312378E+0
444.000000000000060E+0	624.574382422566240E-3	12.419176443024282E+0
445.000000000000060E+0	813.694318537233060E-3	12.287873151476644E+0
446.000000000000060E+0	944.704550454897430E-3	12.153696047579549E+0
447.000000000000060E+0	1.080199222368267E+0	11.925641095761115E+0
448.000000000000060E+0	1.183156411723438E+0	11.738398793443922E+0
449.000000000000060E+0	1.272906130297288E+0	11.587612703397104E+0
450.000000000000060E+0	1.417938930895212E+0	11.484095900726510E+0
451.000000000000060E+0	1.376247109338753E+0	11.426979698850628E+0
452.000000000000060E+0	1.373710663875170E+0	11.260938190860989E+0
453.000000000000060E+0	1.457893212245033E+0	11.193129246814420E+0
454.000000000000060E+0	1.334902634942689E+0	11.073618942172839E+0
455.000000000000060E+0	1.340227955863092E+0	10.927219205644375E+0
456.000000000000060E+0	1.351782652806520E+0	10.837151906000555E+0
457.000000000000060E+0	1.307500231333872E+0	10.736667728481761E+0
458.000000000000060E+0	1.280766495429018E+0	10.586399282316245E+0
459.000000000000060E+0	1.400537667769402E+0	10.621654774463542E+0
460.000000000000060E+0	1.216414599642429E+0	10.548308135900934E+0
461.000000000000060E+0	1.160610003539530E+0	10.481688370290652E+0
462.000000000000060E+0	1.066889967909303E+0	10.424131666258761E+0
463.000000000000060E+0	997.500696230405050E-3	10.311909921055030E+0
464.000000000000060E+0	1.068249997462588E+0	10.255070574884673E+0
465.000000000000060E+0	1.049596999764177E+0	10.261081273178872E+0
466.000000000000060E+0	996.216208905521430E-3	10.225563902375173E+0
467.000000000000060E+0	1.019138592971085E+0	10.158369472891046E+0
468.000000000000060E+0	1.087902762888864E+0	10.158285894290055E+0
469.000000000000060E+0	981.756061017295180E-3	10.104643215763765E+0
470.000000000000060E+0	977.605739280471670E-3	9.969409602811472E+0
471.000000000000060E+0	1.019179552190963E+0	9.831814037735967E+0
472.000000000000060E+0	976.326315139506960E-3	9.897995510680104E+0
473.000000000000060E+0	759.425059475961620E-3	9.728167459333253E+0
474.000000000000060E+0	720.838702656298460E-3	9.658491535558841E+0
475.000000000000060E+0	670.296434363123250E-3	9.682398032554197E+0
476.000000000000060E+0	655.232806503339810E-3	9.697775533628100E+0
477.000000000000060E+0	625.463278263206690E-3	9.777349914722340E+0
478.000000000000060E+0	616.882145808716920E-3	9.739447622137462E+0
479.000000000000060E+0	671.496708348506050E-3	9.713818848878047E+0
480.000000000000060E+0	688.453162265623140E-3	9.642755988518120E+0
481.000000000000060E+0	679.989430160444330E-3	9.495606180441253E+0
482.000000000000060E+0	752.996601013850350E-3	9.526614932208997E+0
483.000000000000060E+0	633.682248001926850E-3	9.504806460354709E+0
484.000000000000060E+0	611.804091363053580E-3	9.421371503004600E+0
485.000000000000060E+0	571.201205112579550E-3	9.449733380360747E+0
486.000000000000060E+0	526.942554653481500E-3	9.342691314176792E+0
487.000000000000060E+0	534.961631018857850E-3	9.328996716523532E+0
488.000000000000060E+0	465.758264974191260E-3	9.285876400927417E+0
489.000000000000060E+0	448.914024169578600E-3	9.183353056826064E+0
490.000000000000060E+0	455.782100329898800E-3	9.142526671295993E+0
491.000000000000060E+0	481.395673598872530E-3	9.200786836295066E+0
492.000000000000060E+0	426.640332817656560E-3	9.257454531836068E+0
493.000000000000060E+0	388.415206503659520E-3	9.248317883470197E+0
494.000000000000060E+0	352.044046895639060E-3	9.174268272572872E+0
495.000000000000060E+0	366.395373599258890E-3	9.096354949831374E+0
496.000000000000060E+0	365.668261747632390E-3	9.162962433575604E+0
497.000000000000060E+0	341.040392965693110E-3	9.130279302293005E+0
498.000000000000060E+0	345.543461722378870E-3	9.152015660802927E+0
499.000000000000060E+0	329.678240165211020E-3	9.148813625626165E+0
500.000000000000060E+0	339.630788252790030E-3	9.133527574485683E+0
501.000000000000060E+0	309.548672217398900E-3	9.260392700102990E+0
502.000000000000060E+0	287.898173454731450E-3	9.185606620059866E+0
503.000000000000060E+0	273.290380133754230E-3	9.244070445046328E+0
504.000000000000060E+0	217.435119443676720E-3	9.070476527991683E+0
505.000000000000060E+0	255.374591265728480E-3	8.943847165087476E+0
506.000000000000060E+0	275.201934683893030E-3	9.091592384326377E+0
507.000000000000060E+0	248.956667912242080E-3	9.059725426009809E+0
508.000000000000060E+0	250.434038159568050E-3	9.065050176067778E+0
509.000000000000060E+0	223.107242491733550E-3	9.077731917763469E+0
510.000000000000060E+0	217.382809138006890E-3	9.056312040266633E+0
511.000000000000060E+0	185.837881690083830E-3	9.071993279806920E+0
512.000000000000110E+0	161.081379858001970E-3	9.000795799711433E+0
513.000000000000110E+0	156.620684278078180E-3	8.861803302273264E+0
514.000000000000110E+0	159.317607275854760E-3	9.021107893175065E+0
515.000000000000110E+0	102.886888826774190E-3	9.210600201239924E+0
516.000000000000110E+0	60.825927361000051E-3	8.818337058021768E+0
517.000000000000110E+0	49.513790720167844E-3	9.003576670022465E+0
518.000000000000110E+0	17.669047965683981E-3	11.383396327586453E+0
519.000000000000110E+0	62.574690868514735E-3	14.381692266976978E+0
520.000000000000110E+0	119.517386252631850E-3	16.845962876423091E+0
521.000000000000110E+0	199.321290540692970E-3	17.062898527321316E+0
522.000000000000110E+0	285.690581293310650E-3	17.059784136750498E+0
523.000000000000110E+0	381.730906388840330E-3	17.001034440720321E+0
524.000000000000110E+0	389.965794290984490E-3	16.884722016836822E+0
525.000000000000110E+0	452.990795435117390E-3	16.464081411900313E+0
526.000000000000110E+0	584.837462752738180E-3	16.293027646160404E+0
527.000000000000110E+0	598.619796068529890E-3	16.284150877577964E+0
528.000000000000110E+0	544.184581842150900E-3	16.032154766510455E+0
529.000000000000110E+0	549.345972147133990E-3	15.939170796401283E+0
530.000000000000110E+0	498.584156485322950E-3	15.749641300515673E+0
531.000000000000110E+0	475.611320658831100E-3	15.625024085954273E+0
532.000000000000110E+0	491.957577487761480E-3	15.467848218093584E+0
533.000000000000110E+0	487.720505304489570E-3	15.536776075995476E+0
534.000000000000110E+0	409.213491935483400E-3	15.507130911271604E+0
535.000000000000110E+0	356.802560404527620E-3	15.266009946871739E+0
536.000000000000110E+0	415.913838097193070E-3	15.047821859313899E+0
537.000000000000110E+0	478.269921804600210E-3	15.022840097727954E+0
538.000000000000110E+0	499.809409033406650E-3	15.367941623467198E+0
539.000000000000110E+0	291.309006570089180E-3	15.228437134210445E+0
540.000000000000110E+0	249.428825579795260E-3	14.925126049739255E+0
541.000000000000110E+0	271.465685578347270E-3	14.805463345017483E+0
542.000000000000110E+0	321.413447435686390E-3	14.977392489576149E+0
543.000000000000110E+0	211.016811467240800E-3	15.258317054068611E+0
544.000000000000110E+0	176.678677007680470E-3	15.282035431670714E+0
545.000000000000110E+0	128.980756146354600E-3	15.187109209914503E+0
546.000000000000110E+0	178.466094701429910E-3	14.895098661783548E+0
547.000000000000110E+0	254.157448635667470E-3	15.153699209756050E+0
548.000000000000110E+0	223.320358713637870E-3	15.476057480059460E+0
549.000000000000110E+0	233.203092329965330E-3	15.492202020959855E+0
550.000000000000110E+0	249.229311469849030E-3	15.670985010396475E+0
551.000000000000110E+0	171.967063440082390E-3	15.577220285983632E+0
552.000000000000110E+0	263.500120249214150E-3	15.374064584224422E+0
553.000000000000110E+0	290.615262136183830E-3	15.404512402836907E+0
554.000000000000110E+0	323.746192942632960E-3	15.343952228338479E+0
555.000000000000110E+0	357.124273230113250E-3	15.292146406705294E+0
556.000000000000110E+0	394.371989679261740E-3	15.152237511193604E+0
557.000000000000110E+0	417.055472608935880E-3	15.278104300427934E+0
558.000000000000110E+0	337.005591491712110E-3	15.067642982753203E+0
559.000000000000110E+0	344.908818302092360E-3	14.827929361212744E+0
560.000000000000110E+0	386.769890209734510E-3	14.730690853465390E+0
561.000000000000110E+0	340.888470348254090E-3	14.910662559694252E+0
562.000000000000110E+0	289.998095962229360E-3	14.601969002292005E+0
563.000000000000110E+0	286.074256230972210E-3	14.381488563136804E+0
564.000000000000110E+0	348.977428227967070E-3	14.240774558268699E+0
565.000000000000110E+0	339.975708933928590E-3	14.329387262413093E+0
566.000000000000110E+0	305.399006194216060E-3	14.465534447244991E+0
567.000000000000110E+0	208.668052809827090E-3	14.447880636395594E+0
568.000000000000110E+0	161.762661604466870E-3	14.443883634969504E+0
569.000000000000110E+0	116.536958668866680E-3	14.480335263932362E+0
570.000000000000110E+0	64.683777536168122E-3	13.967256115899225E+0
571.000000000000110E+0	138.457215452013090E-3	14.234206112542518E+0
572.000000000000110E+0	123.017162068396880E-3	14.585502378362570E+0
573.000000000000110E+0	108.352125176442510E-3	14.768702745991014E+0
574.000000000000110E+0	84.844001904399641E-3	14.425976538233710E+0
575.000000000000110E+0	156.598404417621430E-3	14.517306425630355E+0
576.000000000000110E+0	201.189359683448640E-3	14.899055280557869E+0
577.000000000000110E+0	163.336755982162270E-3	15.098069262806025E+0
578.000000000000110E+0	156.919254588597430E-3	15.115940807867830E+0
579.000000000000110E+0	101.366264593576130E-3	14.956686693366995E+0
580.000000000000110E+0	218.463545407280250E-3	14.614604262190531E+0
581.000000000000110E+0	213.216489180422990E-3	14.771541404033336E+0
582.000000000000110E+0	236.572388725651890E-3	14.727601098555846E+0
583.000000000000110E+0	259.127557092677980E-3	14.793171219573635E+0
584.000000000000110E+0	264.547314459729230E-3	14.863128851307069E+0
585.000000000000110E+0	200.498749727878120E-3	14.585573371134309E+0
586.000000000000110E+0	264.418341554650380E-3	14.324870907319083E+0
587.000000000000110E+0	324.934323875582800E-3	14.337123059025995E+0
588.000000000000110E+0	312.881014206724430E-3	14.291442829813935E+0
589.000000000000110E+0	297.403918464869630E-3	14.054712335071727E+0
590.000000000000110E+0	352.367802004948940E-3	13.951030869702713E+0
591.000000000000110E+0	366.228119528955450E-3	13.831473984713730E+0
592.000000000000110E+0	372.856937969439750E-3	13.844056482162330E+0
593.000000000000110E+0	231.827413205901060E-3	13.582078203235675E+0
594.000000000000110E+0	264.477116069911640E-3	13.151324784135047E+0
595.000000000000110E+0	307.714393008882980E-3	13.078645505068270E+0
596.000000000000110E+0	285.276500518153180E-3	13.044256380315394E+0
597.000000000000110E+0	253.923474225321970E-3	12.970381914499020E+0
598.000000000000110E+0	267.016374751115390E-3	12.878482169329693E+0
599.000000000000110E+0	211.974551344047190E-3	12.988177117622198E+0
600.000000000000110E+0	173.668690589926290E-3	12.850616625484712E+0
601.000000000000110E+0	150.739756836606260E-3	12.588094287354084E+0
602.000000000000110E+0	191.972123833597320E-3	12.182322750244239E+0
603.000000000000110E+0	195.930398817818510E-3	12.509196514162547E+0
604.000000000000110E+0	183.287426282810420E-3	12.292020044702230E+0
605.000000000000110E+0	206.066975640868260E-3	12.193454163530989E+0
606.000000000000110E+0	232.306320853313370E-3	12.306571317444877E+0
607.000000000000110E+0	226.260526846017110E-3	12.441053275732179E+0
608.000000000000110E+0	123.908293268738730E-3	13.181660269247477E+0
609.000000000000110E+0	134.774394134061340E-3	12.004388945778073E+0
610.000000000000110E+0	160.265695946899770E-3	12.023743040254185E+0
611.000000000000110E+0	165.461620006726760E-3	12.153689208369512E+0
612.000000000000110E+0	134.293866721825330E-3	12.022424692584121E+0
613.000000000000110E+0	155.101541274027140E-3	11.803943625612217E+0
614.000000000000110E+0	165.619795468282260E-3	11.698953489889703E+0
615.000000000000110E+0	183.401689980996760E-3	11.749848353959432E+0
616.000000000000110E+0	145.973325593253520E-3	11.753552015604852E+0
617.000000000000110E+0	174.177599974486760E-3	11.603627411486547E+0
618.000000000000110E+0	154.711844683159320E-3	11.703230277513571E+0
619.000000000000110E+0	153.128358274060070E-3	11.587889975410159E+0
620.000000000000110E+0	161.576777337683270E-3	11.573545899671450E+0
621.000000000000110E+0	146.790471322613030E-3	11.690129042889490E+0
622.000000000000110E+0	159.269058807135410E-3	11.420036349829365E+0
623.000000000000110E+0	170.666391381022660E-3	11.424358344019712E+0
624.000000000000110E+0	190.948775543176990E-3	11.403928537786870E+0
625.000000000000110E+0	193.731590719659590E-3	11.518866769392302E+0
626.000000000000110E+0	176.050625095814710E-3	11.500901409170822E+0
627.000000000000110E+0	202.100584093063390E-3	11.328588460000040E+0
628.000000000000110E+0	212.856601403664300E-3	11.435768130771530E+0
629.000000000000110E+0	208.182711310030490E-3	11.495252217140552E+0
630.000000000000110E+0	193.891748552745190E-3	11.419780957033785E+0
631.000000000000110E+0	244.348401994280260E-3	11.328935336201358E+0
632.000000000000110E+0	259.613244567509000E-3	11.474993503377959E+0
633.000000000000110E+0	266.745843525380670E-3	11.484528925486583E+0
634.000000000000110E+0	274.441147584589930E-3	11.450803582782198E+0
635.000000000000110E+0	315.708262965613380E-3	11.362935537036854E+0
636.000000000000110E+0	345.266360261115730E-3	11.255175992034502E+0
637.000000000000110E+0	434.167810061751760E-3	11.219387405587725E+0
638.000000000000110E+0	506.305208391577000E-3	11.230802888374154E+0
639.000000000000110E+0	563.382573990512280E-3	11.228643209982906E+0
640.000000000000110E+0	632.176639977130030E-3	11.377707516472576E+0
641.000000000000110E+0	579.168144021886990E-3	11.083029382623415E+0
642.000000000000110E+0	688.235089694767770E-3	10.996925287518430E+0
643.000000000000110E+0	759.821555717411610E-3	10.942509508683592E+0
644.000000000000110E+0	811.045389752211630E-3	10.860139922621080E+0
645.000000000000110E+0	832.828710303497250E-3	10.621118112760143E+0
646.000000000000110E+0	1.061472054066942E+0	10.477091117452439E+0
647.000000000000110E+0	1.218922329308029E+0	10.442097324670923E+0
648.000000000000110E+0	1.230747985797667E+0	10.377017509024348E+0
649.000000000000110E+0	1.200462403152429E+0	10.266888736066457E+0
650.000000000000110E+0	1.145933655029710E+0	9.953785957252133E+0
651.000000000000110E+0	1.247849483288485E+0	9.838103267885046E+0
652.000000000000110E+0	1.294152609701138E+0	9.719262872156412E+0
653.000000000000110E+0	1.328362513959875E+0	9.662098288250743E+0
654.000000000000110E+0	1.148251422505533E+0	9.562069137187747E+0
655.000000000000110E+0	1.160567658724312E+0	9.360967852597884E+0
656.000000000000110E+0	1.183195713487443E+0	9.322122810634117E+0
657.000000000000110E+0	1.133637359383324E+0	9.257802435444990E+0
658.000000000000110E+0	1.092533826436067E+0	9.221744845958428E+0
659.000000000000110E+0	985.003385428675710E-3	9.070959147213063E+0
660.000000000000110E+0	1.039545412937875E+0	9.017459953680195E+0
661.000000000000110E+0	1.060605137037594E+0	8.957885579125685E+0
662.000000000000110E+0	1.092582446231453E+0	8.905088300745614E+0
663.000000000000110E+0	1.068260909203497E+0	9.014594873478325E+0
664.000000000000110E+0	921.072155717111540E-3	8.793230392996755E+0
665.000000000000110E+0	977.220664531086800E-3	8.681298029981829E+0
666.000000000000110E+0	1.107232438562646E+0	8.552454120325311E+0
667.000000000000110E+0	1.138504542284735E+0	8.584990177969335E+0
668.000000000000110E+0	1.099188177031690E+0	8.563530421152944E+0
669.000000000000110E+0	1.154241581477803E+0	8.416130154588791E+0
670.000000000000110E+0	1.171289138981901E+0	8.316492308173711E+0
671.000000000000110E+0	1.223627956743118E+0	8.236447954472077E+0
672.000000000000110E+0	1.170990485969976E+0	8.218424688618935E+0
673.000000000000110E+0	1.040088819614370E+0	7.912584334978803E+0
674.000000000000110E+0	1.114148545925258E+0	7.694231144832127E+0
675.000000000000110E+0	1.139580191802761E+0	7.541221127606002E+0
676.000000000000110E+0	1.176688354623901E+0	7.367280149454483E+0
677.000000000000110E+0	1.137240770191114E+0	7.324851146033467E+0
678.000000000000110E+0	935.331883735028730E-3	7.266220931725765E+0
679.000000000000110E+0	722.178559460558530E-3	6.996748707765109E+0
680.000000000000110E+0	622.551550631704530E-3	6.783398895705272E+0
681.000000000000110E+0	542.157541836085890E-3	6.746886149909783E+0
682.000000000000110E+0	399.836811447087880E-3	6.579398727362908E+0
683.000000000000110E+0	390.134272798492390E-3	6.637895367671665E+0
684.000000000000110E+0	342.052061397081050E-3	6.658701053191156E+0
685.000000000000110E+0	335.422476309351070E-3	6.714842796888246E+0
686.000000000000110E+0	294.079979276293870E-3	6.864341720234353E+0
687.000000000000110E+0	264.509257842836520E-3	7.240923630305027E+0
688.000000000000110E+0	183.817758528879100E-3	6.735493545775852E+0
689.000000000000110E+0	199.610621107827480E-3	6.606828251405899E+0
690.000000000000110E+0	201.039016808464840E-3	6.491614850608731E+0
691.000000000000110E+0	254.074906845754680E-3	6.359734535047139E+0
692.000000000000110E+0	189.469267376615040E-3	6.810945982842904E+0
693.000000000000110E+0	154.694851653187830E-3	6.569753472209800E+0
694.000000000000110E+0	132.317375436443290E-3	6.529124961628353E+0
695.000000000000110E+0	113.593415690523110E-3	6.314629393973471E+0
696.000000000000110E+0	105.161585641568860E-3	6.383266124384321E+0
697.000000000000110E+0	58.172908567187452E-3	5.764792130399675E+0
698.000000000000110E+0	89.975916687447102E-3	5.628213836232282E+0
699.000000000000110E+0	64.677004960843679E-3	5.497798881483289E+0
700.000000000000110E+0	140.017089026717580E-3	4.716557232856805E+0
701.000000000000110E+0	92.704361225967702E-3	6.786613412122769E+0
702.000000000000110E+0	29.070892842019063E-3	9.073842743014771E+0
703.000000000000110E+0	61.224132497815498E-3	9.557199177798555E+0
704.000000000000110E+0	93.194574627000412E-3	9.396201903746354E+0
705.000000000000110E+0	98.569846221887247E-3	9.497841312621574E+0
706.000000000000110E+0	88.629063623355778E-3	9.171228948913175E+0
707.000000000000110E+0	88.883808297564038E-3	8.899559686057273E+0
708.000000000000110E+0	79.926677367829380E-3	8.382829377925555E+0
709.000000000000110E+0	95.445095208934544E-3	7.972987151007167E+0
710.000000000000110E+0	279.593651276660190E-3	7.089974348148826E+0
711.000000000000110E+0	248.046033948327000E-3	8.236856414672644E+0
712.000000000000110E+0	205.887850474110960E-3	8.107239085113820E+0
713.000000000000110E+0	235.867372362631110E-3	8.131989029232196E+0
714.000000000000110E+0	164.083206288758500E-3	8.586902982346704E+0
715.000000000000110E+0	120.789082626985970E-3	8.690051757254324E+0
716.000000000000110E+0	79.529603244778715E-3	9.070130963031922E+0
717.000000000000110E+0	53.353616531571828E-3	9.210021459866233E+0
718.000000000000110E+0	41.966863875258990E-3	9.650168507054676E+0
719.000000000000110E+0	60.553558279821285E-3	12.155367967597448E+0
720.000000000000110E+0	139.874844239072430E-3	14.407934491310007E+0
721.000000000000110E+0	113.797960013586320E-3	14.608997708496801E+0
722.000000000000110E+0	122.641653036414310E-3	14.574550406647543E+0
723.000000000000110E+0	151.384403895456990E-3	14.510347118127651E+0
724.000000000000110E+0	161.871124899373410E-3	14.726291770851663E+0
725.000000000000110E+0	122.411781393326270E-3	14.776841529451598E+0
726.000000000000110E+0	73.468853734046116E-3	14.508644626727863E+0
727.000000000000110E+0	72.913876954502660E-3	14.070648024527111E+0
728.000000000000110E+0	50.050363403085663E-3	14.036539221810344E+0
729.000000000000110E+0	118.316130529457290E-3	14.029823687668474E+0
730.000000000000110E+0	79.708094457099324E-3	14.885676898040213E+0
731.000000000000110E+0	86.051728481939468E-3	15.036463098444127E+0
732.000000000000110E+0	105.458263001258460E-3	15.048736968198575E+0
733.000000000000110E+0	137.440440293593540E-3	15.215413430101583E+0
734.000000000000110E+0	119.430900812334290E-3	15.463583097004992E+0
735.000000000000110E+0	108.767968116802070E-3	15.123243604767811E+0
736.000000000000110E+0	114.154687265418360E-3	14.871673127277413E+0
737.000000000000110E+0	163.808446434279500E-3	14.738873134801631E+0
738.000000000000110E+0	173.841635360917040E-3	14.962383137641343E+0
739.000000000000110E+0	167.372481533777400E-3	14.675490002107495E+0
740.000000000000110E+0	188.277549958422940E-3	14.716182880917374E+0
741.000000000000110E+0	189.671910326351440E-3	14.664624925872127E+0
742.000000000000110E+0	265.169005404409070E-3	14.781440986664254E+0
743.000000000000110E+0	106.192250370306430E-3	14.735779390785414E+0
744.000000000000110E+0	135.943829279179080E-3	14.449542959477260E+0
745.000000000000110E+0	134.033259051880400E-3	14.649671612906822E+0
746.000000000000110E+0	104.886392870500110E-3	14.473185458981515E+0
747.000000000000110E+0	119.984537097355350E-3	14.483671654111829E+0
748.000000000000110E+0	124.935939593023570E-3	14.592489660231942E+0
749.000000000000110E+0	143.130162615567240E-3	14.713894849716187E+0
750.000000000000110E+0	155.902319656073480E-3	14.911703424861043E+0
751.000000000000110E+0	153.413285357076380E-3	15.015805397784179E+0
752.000000000000110E+0	110.314104476644160E-3	14.800407816459593E+0
753.000000000000110E+0	185.304625367885440E-3	14.705676837769177E+0
754.000000000000110E+0	203.017746766623680E-3	14.804219657155629E+0
755.000000000000110E+0	220.889737565786860E-3	14.813937578377638E+0
756.000000000000110E+0	217.728235811272740E-3	14.864985253600732E+0
757.000000000000110E+0	211.005118673529140E-3	14.683023885953327E+0
758.000000000000110E+0	249.776001364176490E-3	14.677249921664151E+0
759.000000000000110E+0	248.516908487048660E-3	14.604964375254454E+0
760.000000000000110E+0	254.331748120433800E-3	14.475385646113354E+0
761.000000000000110E+0	284.626274055378270E-3	14.395331699098481E+0
762.000000000000110E+0	274.211998429754910E-3	14.377501306584366E+0
763.000000000000110E+0	259.123122650696760E-3	14.353921539918018E+0
764.000000000000110E+0	209.367668775084860E-3	14.361600454552960E+0
765.000000000000110E+0	174.243991677270000E-3	14.082760274300831E+0
766.000000000000110E+0	179.430775950516150E-3	13.978664985861105E+0
767.000000000000110E+0	173.713934068560950E-3	14.150787859065735E+0
768.000000000000110E+0	150.084694975645750E-3	14.165873651937121E+0
769.000000000000110E+0	156.647257384866460E-3	14.130850737387366E+0
770.000000000000110E+0	193.442026415118540E-3	14.092884504772250E+0
771.000000000000110E+0	205.913255349849220E-3	14.780503182624834E+0
772.000000000000110E+0	186.194658591539770E-3	14.695059148086733E+0
773.000000000000110E+0	200.260605166347800E-3	14.741047252170613E+0
774.000000000000110E+0	216.835914373715720E-3	14.856838525410883E+0
775.000000000000110E+0	215.990774775319800E-3	14.882171346180275E+0
776.000000000000110E+0	196.832037659679330E-3	14.869223381230306E+0
777.000000000000110E+0	236.299299745909050E-3	14.671293529500405E+0
778.000000000000110E+0	263.013324424501870E-3	14.688648852185057E+0
779.000000000000110E+0	290.098500324036390E-3	14.574260712493627E+0
780.000000000000110E+0	363.606051553802880E-3	14.689562350792038E+0
781.000000000000110E+0	363.396456316119830E-3	14.677650213248022E+0
782.000000000000110E+0	397.745022412001440E-3	14.675141621620266E+0
783.000000000000110E+0	418.365388340834860E-3	14.669700881337436E+0
784.000000000000110E+0	423.897638426627750E-3	14.629730326958423E+0
785.000000000000110E+0	477.456599367411360E-3	14.523768408176849E+0
786.000000000000110E+0	534.005931879654950E-3	14.463248724352946E+0
787.000000000000110E+0	596.354003466436300E-3	14.433845684124705E+0
788.000000000000110E+0	626.739027946262020E-3	14.367436970449463E+0
789.000000000000110E+0	618.916431424820780E-3	14.317451879661984E+0
790.000000000000110E+0	845.747699880407990E-3	14.106086282261986E+0
791.000000000000110E+0	854.292786524419310E-3	14.031833786251983E+0
792.000000000000110E+0	872.720348050515790E-3	13.954898789921774E+0
793.000000000000110E+0	830.985759323933810E-3	13.728616966295370E+0
794.000000000000110E+0	898.653196380583610E-3	13.574927227805050E+0
795.000000000000110E+0	829.339186781124840E-3	13.438334809102759E+0
796.000000000000110E+0	759.610403882701180E-3	13.225947203886109E+0
797.000000000000110E+0	749.203797087764520E-3	13.023083265813840E+0
798.000000000000110E+0	807.425250950665200E-3	12.919561411174165E+0
799.000000000000110E+0	709.632590740690850E-3	13.098774255687953E+0
800.000000000000110E+0	577.146738275863270E-3	12.974098133843460E+0
801.000000000000110E+0	539.969976089811010E-3	12.897632065938357E+0
802.000000000000110E+0	497.732546742720270E-3	12.812959449711037E+0
803.000000000000110E+0	560.433489528331610E-3	12.858491786735504E+0
804.000000000000110E+0	476.198444910645720E-3	12.796768510284194E+0
805.000000000000110E+0	498.000978726095830E-3	12.660604138174236E+0
806.000000000000110E+0	537.935009036917380E-3	12.638363465721458E+0
807.000000000000110E+0	560.949426077473560E-3	12.608548495373219E+0
808.000000000000110E+0	594.672949231060180E-3	12.732477486699823E+0
809.000000000000110E+0	504.908074049917110E-3	12.401044313103734E+0
810.000000000000110E+0	521.869533502779090E-3	12.237964410111003E+0
811.000000000000110E+0	517.389605121025280E-3	12.067590027798390E+0
812.000000000000110E+0	538.430066502430860E-3	11.902947758724745E+0
813.000000000000110E+0	477.726616486470580E-3	11.932700957445210E+0
814.000000000000110E+0	387.333438500046810E-3	11.808544228966753E+0
815.000000000000110E+0	331.350385852349600E-3	11.759174240218121E+0
816.000000000000110E+0	252.840338285525710E-3	11.678041238278832E+0
817.000000000000110E+0	242.202504765361310E-3	11.512582827853649E+0
818.000000000000110E+0	219.955499827019980E-3	11.558993370606661E+0
819.000000000000110E+0	199.658241645036700E-3	11.339709854052902E+0
820.000000000000110E+0	197.794162087962880E-3	11.239176888069540E+0
821.000000000000110E+0	196.801502817620770E-3	11.227501332231872E+0
822.000000000000110E+0	146.362939894323110E-3	11.427466106858924E+0
823.000000000000110E+0	118.370977448924770E-3	11.335162973672743E+0
824.000000000000110E+0	92.689413135870799E-3	11.216987243243890E+0
825.000000000000110E+0	91.857700349255403E-3	11.006906318338803E+0
826.000000000000110E+0	97.693271447700486E-3	11.085747013811330E+0
827.000000000000110E+0	56.001125527554915E-3	11.217821279362175E+0
828.000000000000110E+0	45.184474109544286E-3	10.801421879318129E+0
829.000000000000110E+0	39.387766297535348E-3	10.825001377024229E+0
830.000000000000110E+0	33.553923923878036E-3	11.058727818229908E+0
831.000000000000110E+0	56.953007043946270E-3	12.751534727456892E+0
832.000000000000110E+0	16.044038723692377E-3	15.105683301527209E+0
833.000000000000110E+0	10.493663124448740E-3	15.634184264399170E+0
834.000000000000110E+0	15.003232245503425E-3	16.471092754715290E+0
835.000000000000110E+0	11.982728577298483E-3	18.628316981560317E+0
836.000000000000110E+0	5.510995969608315E-3	18.743951736182559E+0
837.000000000000110E+0	23.629288077488042E-3	19.409493838844462E+0
838.000000000000110E+0	25.597622185620967E-3	19.935457890367903E+0
839.000000000000110E+0	32.827582705359543E-3	20.003059766093404E+0
840.000000000000110E+0	69.965582431181547E-3	20.088885055445360E+0
841.000000000000110E+0	61.009994626536203E-3	21.221789207470003E+0
842.000000000000110E+0	41.366287079643987E-3	21.057141190140594E+0
843.000000000000110E+0	50.208399894030344E-3	20.771345234768010E+0
844.000000000000110E+0	60.810977138951325E-3	20.858604746915784E+0
845.000000000000110E+0	52.941772696047405E-3	20.769538746739403E+0
846.000000000000110E+0	77.180186990753102E-3	20.360073079550737E+0
847.000000000000110E+0	115.446845173751200E-3	20.410161081919934E+0
848.000000000000110E+0	133.580851511143880E-3	20.588555861548183E+0
849.000000000000110E+0	152.614712672011490E-3	20.638132788671172E+0
850.000000000000110E+0	77.182015241835544E-3	20.558941198661262E+0
851.000000000000110E+0	149.413830407067740E-3	20.360597248591048E+0
852.000000000000110E+0	172.273188693010780E-3	20.320638631605721E+0
853.000000000000110E+0	173.289644170409870E-3	20.277522349780227E+0
854.000000000000110E+0	186.879267359972400E-3	19.970959935512862E+0
855.000000000000110E+0	248.547062195617230E-3	19.852467709745309E+0
856.000000000000110E+0	230.157804374969550E-3	19.946936866352090E+0
857.000000000000110E+0	215.766198661605650E-3	19.852032963308822E+0
858.000000000000110E+0	186.313218747295480E-3	19.844656138657072E+0
859.000000000000110E+0	152.660414957013800E-3	19.662371840448575E+0
860.000000000000110E+0	143.206505002892280E-3	19.760655207477136E+0
861.000000000000110E+0	111.789784977570310E-3	19.764147593135075E+0
862.000000000000110E+0	87.096545546526904E-3	19.654458688968582E+0
863.000000000000110E+0	134.673607095369160E-3	19.169093418139884E+0
864.000000000000110E+0	154.071807881687060E-3	19.897976637438166E+0
865.000000000000110E+0	134.462489972050540E-3	20.041558269084277E+0
866.000000000000110E+0	134.921076590635350E-3	20.180909867041159E+0
867.000000000000110E+0	130.901385229612560E-3	20.298687768838786E+0
868.000000000000110E+0	121.611748240700280E-3	20.218097180842591E+0
869.000000000000110E+0	219.306487601063640E-3	20.624372365360522E+0
870.000000000000110E+0	191.313401065544670E-3	20.654919039455972E+0
871.000000000000110E+0	193.899285223473940E-3	20.698052656549688E+0
872.000000000000110E+0	170.099456701240410E-3	20.503038428176033E+0
873.000000000000110E+0	335.153637458138310E-3	20.080667184055496E+0
874.000000000000110E+0	367.801122543575000E-3	20.367888137802769E+0
875.000000000000110E+0	388.619787051918740E-3	20.326131079929194E+0
876.000000000000110E+0	454.378770161541380E-3	20.177282210914296E+0
877.000000000000110E+0	560.365090950746050E-3	20.177219357252024E+0
878.000000000000110E+0	565.832810539011350E-3	20.234347201592268E+0
879.000000000000110E+0	591.331409086033430E-3	19.925889157532460E+0
880.000000000000110E+0	676.890659280852900E-3	19.808167698012760E+0
881.000000000000110E+0	746.174972632649200E-3	19.717281854278529E+0
882.000000000000110E+0	623.798470032153610E-3	19.519147198850597E+0
883.000000000000110E+0	759.972715713750800E-3	19.308303678220689E+0
884.000000000000110E+0	799.658069155886000E-3	19.218085141045162E+0
885.000000000000110E+0	770.388024301749680E-3	19.120070211055211E+0
886.000000000000110E+0	750.232793057568630E-3	19.015694871624305E+0
887.000000000000110E+0	725.898472515005500E-3	19.006880429905994E+0
888.000000000000110E+0	602.060409745650120E-3	18.818392397696051E+0
889.000000000000110E+0	599.911171020544920E-3	18.709754371001281E+0
890.000000000000110E+0	592.834583231335200E-3	18.634952985149994E+0
891.000000000000110E+0	588.820028732804810E-3	18.516698482093577E+0
892.000000000000110E+0	624.134716947605250E-3	18.666208930110479E+0
893.000000000000110E+0	566.816900626658350E-3	18.602447469048382E+0
894.000000000000110E+0	549.444453385331540E-3	18.578091320247896E+0
895.000000000000110E+0	491.314833540403670E-3	18.542051131829769E+0
896.000000000000110E+0	481.380278257451280E-3	18.405027446876975E+0
897.000000000000110E+0	558.574574874555200E-3	18.305888290550428E+0
898.000000000000110E+0	548.251972512146630E-3	18.391529768531505E+0
899.000000000000110E+0	534.161920178855660E-3	18.355326270130039E+0
900.000000000000110E+0	529.874131603010330E-3	18.306273179853616E+0
901.000000000000110E+0	606.737057676823840E-3	18.332519739979535E+0
902.000000000000110E+0	555.321236906923250E-3	18.321324539576338E+0
903.000000000000110E+0	535.164262616911970E-3	18.276688478107072E+0
904.000000000000110E+0	508.009130426761430E-3	18.208292211812264E+0
905.000000000000110E+0	495.974350428021290E-3	17.956514141751416E+0
906.000000000000110E+0	637.057813567752370E-3	17.932672064962187E+0
907.000000000000110E+0	643.998122162876110E-3	17.935808668684619E+0
908.000000000000110E+0	643.911933658904870E-3	17.868740428389405E+0
909.000000000000110E+0	686.509890436870160E-3	17.774215757350387E+0
910.000000000000110E+0	815.418837827396660E-3	17.901654231960624E+0
911.000000000000110E+0	521.240751511999440E-3	17.420969955556721E+0
912.000000000000110E+0	576.482971031137440E-3	17.351860048593480E+0
913.000000000000110E+0	581.492943139388480E-3	17.234680848279044E+0
914.000000000000110E+0	541.704116844085040E-3	17.112394344105986E+0
915.000000000000110E+0	503.211849944964370E-3	16.977701938568011E+0
916.000000000000110E+0	417.976321726192090E-3	16.984020258876235E+0
917.000000000000110E+0	356.667478695940790E-3	16.794563663273209E+0
918.000000000000110E+0	320.154867813526870E-3	16.786385361637830E+0
919.000000000000110E+0	284.071425224920290E-3	16.750682120394167E+0
920.000000000000110E+0	289.963554283209410E-3	17.129151552878628E+0
921.000000000000110E+0	211.167717842954790E-3	17.145559738790286E+0
922.000000000000110E+0	188.467649867559820E-3	17.235577365804303E+0
923.000000000000110E+0	178.747894419369200E-3	17.222067619918107E+0
924.000000000000110E+0	214.756263797121590E-3	17.249909324711208E+0
925.000000000000110E+0	214.946626715998820E-3	17.303646099493417E+0
926.000000000000110E+0	236.795183260166020E-3	17.261788592729633E+0
927.000000000000110E+0	272.031462653886280E-3	17.270444624326597E+0
928.000000000000110E+0	295.683987009541240E-3	17.282200320791294E+0
929.000000000000110E+0	304.995661435384370E-3	17.285605031659351E+0
930.000000000000110E+0	307.453062497320570E-3	17.167815282836223E+0
931.000000000000110E+0	312.856261309728880E-3	17.028610040317563E+0
932.000000000000110E+0	299.273382736626460E-3	16.852970231538372E+0
933.000000000000110E+0	325.372169075999860E-3	16.548663331018542E+0
934.000000000000110E+0	340.196024697648200E-3	16.608866577189605E+0
935.000000000000110E+0	281.402564719833550E-3	16.571391325459622E+0
936.000000000000110E+0	244.441047019563900E-3	16.507693001923887E+0
937.000000000000110E+0	221.876590284777440E-3	16.511666354235388E+0
938.000000000000110E+0	216.410893838034020E-3	16.622838709262016E+0
939.000000000000110E+0	90.896168269016656E-3	16.201204652805565E+0
940.000000000000110E+0	179.876425656806920E-3	16.148078492502599E+0
941.000000000000110E+0	196.194948929027860E-3	16.208572894137632E+0
942.000000000000110E+0	165.211355972412100E-3	16.294053130823311E+0
943.000000000000110E+0	137.104231517241050E-3	16.176518709815006E+0
944.000000000000110E+0	101.653415670405580E-3	16.131711827391133E+0
945.000000000000110E+0	77.301489385887365E-3	16.227900183214409E+0
946.000000000000110E+0	51.435765637660308E-3	16.356929218617338E+0
947.000000000000110E+0	52.925302084076635E-3	16.460631688464154E+0
948.000000000000110E+0	49.793448421048499E-3	16.682872901461849E+0
949.000000000000110E+0	63.774776735491548E-3	16.682276771500774E+0
950.000000000000110E+0	78.351225303766606E-3	16.719136849981911E+0
951.000000000000110E+0	87.294528280073433E-3	16.718873968735721E+0
952.000000000000110E+0	124.776327497693710E-3	16.564525382311345E+0
953.000000000000110E+0	125.790296477419070E-3	16.790351163562551E+0
954.000000000000110E+0	128.043638394458900E-3	16.775412160852301E+0
955.000000000000110E+0	125.492064624730670E-3	16.837157264591102E+0
956.000000000000110E+0	113.949259107217720E-3	16.633417482023475E+0
957.000000000000110E+0	122.522356548256430E-3	16.517961532404726E+0
958.000000000000110E+0	107.296580952091480E-3	16.525701838676788E+0
959.000000000000110E+0	95.834901245446857E-3	16.329657337007710E+0
960.000000000000110E+0	93.682434238725978E-3	15.967282710402504E+0
961.000000000000110E+0	187.435416674884670E-3	16.061893903632978E+0
962.000000000000110E+0	85.333622945801768E-3	16.600641200396616E+0
963.000000000000110E+0	54.464394265576546E-3	16.379344936157430E+0
964.000000000000110E+0	45.026085475459082E-3	16.053159675379948E+0
965.000000000000110E+0	65.130148093572676E-3	15.783730724205862E+0
966.000000000000110E+0	74.450842995508790E-3	15.971902783785477E+0
967.000000000000110E+0	76.728413583505947E-3	16.343363563503559E+0
968.000000000000110E+0	74.870998814318634E-3	16.404106931606275E+0
969.000000000000110E+0	76.053722498160919E-3	16.548629019590223E+0
970.000000000000110E+0	82.671126361157893E-3	16.720308008106560E+0
971.000000000000110E+0	69.334878227562957E-3	16.266647664051007E+0
972.000000000000110E+0	71.082795222036796E-3	16.489922298054754E+0
973.000000000000110E+0	72.012982247236942E-3	16.480589175416679E+0
974.000000000000110E+0	66.996878546565067E-3	16.515460311316858E+0
975.000000000000110E+0	48.699206368973083E-3	16.214707931354358E+0
976.000000000000110E+0	81.683904098521262E-3	16.188975339104111E+0
977.000000000000110E+0	67.982863258148854E-3	16.390758754490868E+0
978.000000000000110E+0	58.044004314700547E-3	16.591292181911175E+0
979.000000000000110E+0	48.529518915870568E-3	16.617549395016500E+0
980.000000000000110E+0	27.820490335389764E-3	17.206091408626943E+0
981.000000000000110E+0	54.492275186097831E-3	16.590175197314526E+0
982.000000000000110E+0	55.906677286461294E-3	16.918137264402844E+0
983.000000000000110E+0	55.742200041640946E-3	17.061530661333734E+0
984.000000000000110E+0	67.393267393172571E-3	16.445000025822388E+0
985.000000000000110E+0	82.088504050761568E-3	16.912580978865421E+0
986.000000000000110E+0	91.009693610429307E-3	17.165374767765687E+0
987.000000000000110E+0	80.011127412458874E-3	17.031832752518657E+0
988.000000000000110E+0	99.164934858512202E-3	16.922837633630632E+0
989.000000000000110E+0	108.996833951774300E-3	17.071814465690192E+0
990.000000000000110E+0	147.581804912374020E-3	16.554124445573098E+0
991.000000000000110E+0	145.853732634123350E-3	16.525891005707486E+0
992.000000000000110E+0	179.758466650597140E-3	16.460753495950417E+0
993.000000000000110E+0	219.552157268101290E-3	16.712487725429401E+0
994.000000000000110E+0	115.766324609398520E-3	16.816758352055441E+0
995.000000000000110E+0	149.709353563714290E-3	16.319189639622728E+0
996.000000000000110E+0	147.565183345434780E-3	16.256779070977739E+0
997.000000000000110E+0	128.728149176296990E-3	16.233414616187083E+0
998.000000000000110E+0	102.346572453267140E-3	15.971614948728373E+0
999.000000000000110E+0	164.988800424090310E-3	16.657987398107423E+0
1.000000000000000E+3	134.683002088255650E-3	15.732264897518130E+0
