Freq (Hz)	accelerometre /source
source
source_Real	accelerometre /source
source
source_Imag
10.000000000000018E+0	41.684634618520809E-3	175.370187784321120E-3
11.000000000000020E+0	-119.847288043527210E-3	18.435831396599538E-3
12.000000000000021E+0	8.094412032246374E-3	-43.971651050625990E-3
13.000000000000023E+0	6.844938153336079E-3	-26.105386440453536E-3
14.000000000000025E+0	-14.909697662055155E-3	68.236085176469369E-3
15.000000000000027E+0	-36.122607221718117E-3	-5.001651451948533E-3
16.000000000000028E+0	-21.427272738641461E-3	-38.327557751533382E-3
17.000000000000028E+0	-25.497368171336906E-3	56.106725689615777E-3
18.000000000000028E+0	-4.529521200144217E-3	16.275969950261048E-3
19.000000000000028E+0	-69.445434321105934E-3	2.375114181312619E-3
20.000000000000028E+0	-43.904891716490556E-3	39.146802252752716E-3
21.000000000000028E+0	-32.634902492372907E-3	61.348024046610938E-3
22.000000000000028E+0	-37.296881769124636E-3	43.759129961173412E-3
23.000000000000028E+0	-72.711088877618568E-3	62.117414290334086E-3
24.000000000000028E+0	-18.606152683554367E-3	106.669341125727430E-3
25.000000000000028E+0	-52.337059979170139E-3	111.226069090647180E-3
26.000000000000028E+0	13.847441473380889E-3	158.659998304922580E-3
27.000000000000028E+0	54.339002765853052E-3	107.033385009234720E-3
28.000000000000028E+0	26.694163441065944E-3	104.637907873550220E-3
29.000000000000028E+0	42.320737171237931E-3	90.231219054636200E-3
30.000000000000028E+0	-58.739120885394132E-3	113.436796236724910E-3
31.000000000000028E+0	39.317328974468858E-3	277.945154126311430E-3
32.000000000000028E+0	186.647285816009450E-3	150.930872802110210E-3
33.000000000000028E+0	136.081744745510270E-3	141.333591210129420E-3
34.000000000000028E+0	176.776021035144200E-3	169.638016521774040E-3
35.000000000000028E+0	336.996891384999440E-3	32.571137501153473E-3
36.000000000000028E+0	220.967001945075040E-3	-145.931817814173280E-3
37.000000000000028E+0	7.789631216252973E-3	-64.509640298416104E-3
38.000000000000028E+0	34.153349195497285E-3	116.894507128761520E-3
39.000000000000028E+0	79.587079851465306E-3	227.468478095749440E-3
40.000000000000028E+0	54.118074915984110E-3	200.066988067182040E-3
41.000000000000028E+0	153.696535365225730E-3	202.292055748738210E-3
42.000000000000028E+0	268.164598622880720E-3	99.661451288598338E-3
43.000000000000028E+0	243.241162327124140E-3	-18.111211157171847E-3
44.000000000000028E+0	293.094433364008920E-3	-54.885904025929251E-3
45.000000000000028E+0	274.970587306097640E-3	-77.183191399355130E-3
46.000000000000028E+0	245.285613971463760E-3	-87.028894711132468E-3
47.000000000000028E+0	255.271770160759530E-3	-72.210013343647350E-3
48.000000000000028E+0	284.948981147378270E-3	-165.769516571698110E-3
49.000000000000028E+0	201.155398775361260E-3	-225.847733884058180E-3
50.000000000000028E+0	172.941380039602630E-3	-191.177727344768960E-3
51.000000000000028E+0	139.874186284406150E-3	-206.349505376401120E-3
52.000000000000028E+0	69.821932747887741E-3	-201.177409618550350E-3
53.000000000000028E+0	21.128931580567424E-3	-200.088334060510190E-3
54.000000000000028E+0	34.318497090710422E-3	-183.877479166947550E-3
55.000000000000028E+0	34.402271591960916E-3	-161.786081156184420E-3
56.000000000000028E+0	17.535002815897340E-3	-141.183748203754680E-3
57.000000000000028E+0	29.143453525621459E-3	-91.067100905848686E-3
58.000000000000028E+0	-16.469768842908645E-3	-45.554779148162236E-3
59.000000000000028E+0	3.501363789354021E-3	-134.630084441122540E-3
60.000000000000028E+0	18.282822417520300E-3	-140.532053867346680E-3
61.000000000000028E+0	4.791240069524074E-3	-90.687261519610124E-3
62.000000000000028E+0	-58.782732969033066E-3	92.939254129358440E-3
63.000000000000028E+0	-51.491636424881269E-3	22.332903130529998E-3
64.000000000000028E+0	-25.299015717322119E-3	34.241399095589896E-3
65.000000000000028E+0	-15.095062075070413E-3	32.471873736997350E-3
66.000000000000028E+0	44.301694535397888E-3	4.185996889653841E-3
67.000000000000028E+0	243.864637923638610E-3	-24.943195329577422E-3
68.000000000000028E+0	267.044995657425120E-3	196.028560660018090E-3
69.000000000000028E+0	220.217537810333370E-3	72.443675528670370E-3
70.000000000000028E+0	230.971474060966660E-3	-58.877431399491961E-3
71.000000000000028E+0	237.323756255439360E-3	-294.131811168878540E-3
72.000000000000028E+0	484.183001187626750E-3	-275.260080861503160E-3
73.000000000000028E+0	346.139007111686440E-3	-264.710335671304030E-3
74.000000000000028E+0	227.882086136838770E-3	-337.729852747115870E-3
75.000000000000028E+0	188.780245211260330E-3	-325.781421985902710E-3
76.000000000000028E+0	87.539905265606413E-3	-263.540471803889060E-3
77.000000000000028E+0	-15.102985821389291E-3	-441.217290510100170E-3
78.000000000000028E+0	108.166213827636540E-3	-382.934871062152180E-3
79.000000000000028E+0	56.570969861361141E-3	-342.354775325003020E-3
80.000000000000028E+0	-74.946747175568054E-3	-286.578746210192190E-3
81.000000000000028E+0	-207.839252907212140E-3	-371.605323220891070E-3
82.000000000000028E+0	-188.706684704321730E-3	-356.209755362109800E-3
83.000000000000028E+0	-159.788234649025720E-3	-300.406365344820180E-3
84.000000000000028E+0	-77.442888886728192E-3	-208.081518050942410E-3
85.000000000000028E+0	-84.006320206482146E-3	-139.696803664303200E-3
86.000000000000028E+0	-88.802254519840085E-3	-61.043807830475041E-3
87.000000000000028E+0	-356.186248810267340E-3	-227.376195501473700E-3
88.000000000000028E+0	-217.913741997607020E-3	-325.676613539051810E-3
89.000000000000028E+0	-149.044902938533870E-3	-288.213680210924080E-3
90.000000000000028E+0	364.172096645136220E-3	-29.157933512637419E-3
91.000000000000028E+0	-389.524886823915120E-3	-234.560952061082210E-3
92.000000000000028E+0	-304.688283252147640E-3	-189.117176987278900E-3
93.000000000000028E+0	-284.407570181493650E-3	-98.893736704677590E-3
94.000000000000028E+0	-277.842923792173730E-3	-74.072321478586958E-3
95.000000000000028E+0	-214.180811234093630E-3	-50.018841979717024E-3
96.000000000000028E+0	-385.040322975808090E-3	106.498071786253740E-3
97.000000000000028E+0	-367.939365634390230E-3	57.297261514842546E-3
98.000000000000028E+0	-314.296236509115260E-3	86.777861878126569E-3
99.000000000000028E+0	-307.806159462230220E-3	156.440056741671080E-3
100.000000000000030E+0	-512.274311702113900E-3	252.549701368071980E-3
101.000000000000030E+0	-340.222026742019460E-3	143.770507081797500E-3
102.000000000000030E+0	-224.240342552919830E-3	117.884380776086980E-3
103.000000000000030E+0	-51.985212736969884E-3	97.279416567631741E-3
104.000000000000030E+0	-125.628916918909540E-3	155.959918588470580E-3
105.000000000000030E+0	-27.879019457186960E-3	11.786396921019057E-3
106.000000000000030E+0	-75.830349407579697E-3	192.622155457152170E-3
107.000000000000030E+0	-95.509889090735212E-3	152.732215124806560E-3
108.000000000000030E+0	-87.869155081183259E-3	130.902843249039220E-3
109.000000000000030E+0	-105.658177958954270E-3	196.472361612666260E-3
110.000000000000030E+0	-121.318026599971030E-3	85.741732478383070E-3
111.000000000000030E+0	-128.647522837667030E-3	79.369635650694562E-3
112.000000000000030E+0	-142.148023511931810E-3	104.078909324352030E-3
113.000000000000030E+0	-161.684529745661220E-3	132.166574086900440E-3
114.000000000000030E+0	-292.809234020700420E-3	45.613220409051261E-3
115.000000000000030E+0	-177.327228951986720E-3	-36.596269322266034E-3
116.000000000000030E+0	-151.078201881416960E-3	-25.780472053401313E-3
117.000000000000030E+0	-132.196068460245760E-3	14.272454070703130E-3
118.000000000000030E+0	-105.183755115493010E-3	92.951922958227934E-3
119.000000000000030E+0	-267.848874731035800E-3	-24.919526674602864E-3
120.000000000000030E+0	-73.335316398695338E-3	54.456394003829130E-3
121.000000000000030E+0	7.273303407561852E-3	63.855214206906985E-3
122.000000000000030E+0	107.652377003026850E-3	130.052378014790190E-3
123.000000000000030E+0	27.969035268638750E-3	81.793060340999521E-3
124.000000000000030E+0	64.703900060792671E-3	105.779264663671880E-3
125.000000000000030E+0	-11.076310312949218E-3	70.586174629501786E-3
126.000000000000030E+0	-13.252371392693299E-3	58.382740211387937E-3
127.000000000000030E+0	-8.865311840593384E-3	71.279442949367805E-3
128.000000000000030E+0	61.722693807316695E-3	251.194526560081620E-3
129.000000000000030E+0	-105.358548064386530E-3	99.878550915717901E-3
130.000000000000030E+0	-43.620511638820324E-3	40.891031001224994E-3
131.000000000000030E+0	-7.273438562085861E-3	-12.347893486047408E-3
132.000000000000030E+0	85.692475782733021E-3	-53.220060168143485E-3
133.000000000000030E+0	12.889590037380492E-3	-46.334257705506747E-3
134.000000000000030E+0	19.966895167548356E-3	-148.440629154465710E-3
135.000000000000030E+0	102.423645301460880E-3	-103.010178587177020E-3
136.000000000000030E+0	51.697762055902971E-3	-72.143245177274717E-3
137.000000000000030E+0	85.420730084740992E-3	-143.280420486185060E-3
138.000000000000030E+0	-15.448716857152701E-3	107.489671884059470E-3
139.000000000000030E+0	-33.713850475486452E-3	12.675942484902992E-3
140.000000000000030E+0	6.005451057441606E-3	-25.474145943422719E-3
141.000000000000030E+0	5.254691281046732E-3	33.782511544722185E-3
142.000000000000030E+0	-97.437093443280179E-3	-7.905476619449342E-3
143.000000000000030E+0	-120.276902507454470E-3	-95.357725574063634E-3
144.000000000000030E+0	-127.740214119048370E-3	-145.345600570823070E-3
145.000000000000030E+0	-89.171203000641491E-3	-169.984328854387610E-3
146.000000000000030E+0	-101.332207158832580E-3	-130.394353676089620E-3
147.000000000000030E+0	-147.865134011260670E-3	-279.711525262176960E-3
148.000000000000030E+0	4.782467768700698E-3	-79.752999412307402E-3
149.000000000000030E+0	-72.739813555062469E-3	-33.402247324109686E-3
150.000000000000030E+0	-137.259357665325130E-3	5.635950783071292E-3
151.000000000000030E+0	-261.180226069652020E-3	-102.805392369955770E-3
152.000000000000030E+0	-184.838365109920970E-3	-118.173146099180360E-3
153.000000000000030E+0	-226.210450384678270E-3	-105.306054634877950E-3
154.000000000000030E+0	-173.358879933923650E-3	-138.096505227162990E-3
155.000000000000030E+0	-192.315427549883510E-3	-84.999004871425435E-3
156.000000000000030E+0	-115.999172091718800E-3	-160.110778530282770E-3
157.000000000000030E+0	-111.500586748960750E-3	-16.658035685702632E-3
158.000000000000030E+0	-160.583246065152370E-3	6.870795835447530E-3
159.000000000000030E+0	-196.955380518050420E-3	-23.392546218762668E-3
160.000000000000030E+0	-94.222495474138884E-3	-80.468129402805857E-3
161.000000000000030E+0	-153.675236999789850E-3	105.752114667067240E-3
162.000000000000030E+0	-198.319966270960410E-3	40.199852481251672E-3
163.000000000000030E+0	-205.418278088734310E-3	-4.416195168011204E-3
164.000000000000030E+0	-110.434592747958070E-3	-42.183323267447913E-3
165.000000000000030E+0	-90.133110893958424E-3	21.405723341090678E-3
166.000000000000030E+0	-74.578412889518733E-3	168.811074243118590E-3
167.000000000000030E+0	-150.036859500867010E-3	150.697152949182590E-3
168.000000000000030E+0	-147.907694314290660E-3	125.831835189185610E-3
169.000000000000030E+0	-179.333314420963120E-3	105.705281861964690E-3
170.000000000000030E+0	-116.335150153601730E-3	-14.133389601174110E-3
171.000000000000030E+0	-104.283246629318150E-3	-14.410404940797334E-3
172.000000000000030E+0	-135.468256262463340E-3	-46.171852712130104E-3
173.000000000000030E+0	-123.369970224884610E-3	-67.481282260268116E-3
174.000000000000030E+0	-142.948204723712750E-3	2.504960411551884E-3
175.000000000000030E+0	-259.622166153203600E-3	-76.621971433989175E-3
176.000000000000030E+0	-178.577892963272310E-3	-12.385358007793367E-3
177.000000000000030E+0	-218.476644817701710E-3	111.019314405599840E-3
178.000000000000030E+0	-202.369887284821610E-3	129.071218146121710E-3
179.000000000000030E+0	-59.479223501952484E-3	283.085504101865730E-3
180.000000000000030E+0	-221.046866518480680E-3	157.169972648890400E-3
181.000000000000030E+0	-159.661158698995330E-3	148.035544747071670E-3
182.000000000000030E+0	-135.026980588619280E-3	85.893108588922462E-3
183.000000000000030E+0	-63.068776822352693E-3	78.281568930670703E-3
184.000000000000030E+0	-58.196166994293717E-3	76.333985683258262E-3
185.000000000000030E+0	-71.497449023217113E-3	79.007978981420521E-3
186.000000000000030E+0	-101.627458231524040E-3	51.510548591432781E-3
187.000000000000030E+0	-120.991505508143710E-3	-46.323804773745682E-3
188.000000000000030E+0	94.063705722808269E-3	-127.754594542578950E-3
189.000000000000030E+0	-9.587763310237460E-3	165.378938171932610E-3
190.000000000000030E+0	-137.979552671185500E-3	96.174674927358775E-3
191.000000000000030E+0	-174.960365572507550E-3	71.591594182540907E-3
192.000000000000030E+0	-272.622670774944680E-3	20.872323854271804E-3
193.000000000000030E+0	-167.626268389940210E-3	-124.449100240187650E-3
194.000000000000030E+0	-121.155521756024880E-3	-44.705867919698022E-3
195.000000000000030E+0	-158.531275861888840E-3	17.341578250391565E-3
196.000000000000030E+0	-274.452620101109380E-3	51.465295959914996E-3
197.000000000000030E+0	-384.972228271314000E-3	9.807523576939066E-3
198.000000000000030E+0	-197.160664406685750E-3	-291.797925822306960E-3
199.000000000000030E+0	-154.509197043069400E-3	13.557951766801947E-3
200.000000000000030E+0	-131.564638526941670E-3	68.688279231845603E-3
201.000000000000030E+0	-129.463579813244550E-3	366.110970305134180E-3
202.000000000000030E+0	-441.357724889862520E-3	399.718102907519300E-3
203.000000000000030E+0	-544.147084108255630E-3	215.796910791346720E-3
204.000000000000030E+0	-433.421427397215450E-3	260.923701387253180E-3
205.000000000000030E+0	-373.495003217740040E-3	346.791191803089320E-3
206.000000000000030E+0	-171.639168830941320E-3	444.640718270162330E-3
207.000000000000030E+0	-77.550910968952572E-3	643.578641526126760E-3
208.000000000000030E+0	-271.457646796366640E-3	469.789634015763350E-3
209.000000000000030E+0	-96.387446825084266E-3	355.459523265593050E-3
210.000000000000030E+0	-37.692762994585884E-3	295.172810012924780E-3
211.000000000000030E+0	106.221493839672610E-3	191.128297172141330E-3
212.000000000000030E+0	-39.912320401609885E-3	385.550712255729510E-3
213.000000000000030E+0	-158.592049101438950E-3	253.080346823611410E-3
214.000000000000030E+0	-37.575456585465780E-3	28.242668445728356E-3
215.000000000000030E+0	48.236022768597078E-3	91.902130438690804E-3
216.000000000000030E+0	138.746215303102160E-3	201.739578189152280E-3
217.000000000000030E+0	-174.461300726225900E-3	446.980973675344340E-3
218.000000000000030E+0	-221.128177970350250E-3	269.075922464567630E-3
219.000000000000030E+0	-219.577069447149910E-3	253.774876954562580E-3
220.000000000000030E+0	-172.632787951915060E-3	276.559006902654780E-3
221.000000000000030E+0	-278.691586552112900E-3	411.648529594702610E-3
222.000000000000030E+0	-267.277245529832560E-3	200.267096209753660E-3
223.000000000000030E+0	-145.067913013949640E-3	214.461402240021080E-3
224.000000000000030E+0	-41.274020346772661E-3	217.441311068247680E-3
225.000000000000030E+0	-15.586185652477149E-3	286.210071883196640E-3
226.000000000000030E+0	-65.710590680364764E-3	235.540643491918670E-3
227.000000000000030E+0	16.106877488362134E-3	258.152392492507600E-3
228.000000000000030E+0	-48.128139271182951E-3	259.245775462391530E-3
229.000000000000030E+0	-97.545907105863930E-3	222.465613536749040E-3
230.000000000000030E+0	-15.553310996105197E-3	244.350717534084850E-3
231.000000000000030E+0	-55.213721897363434E-3	407.631654098838500E-3
232.000000000000030E+0	-53.686822214708094E-3	497.927538059380230E-3
233.000000000000030E+0	-46.101347714438780E-3	558.858091134159180E-3
234.000000000000030E+0	-46.848387130784166E-3	433.707204755222670E-3
235.000000000000030E+0	45.250643587096920E-3	159.475040888510170E-3
236.000000000000030E+0	337.236728454864300E-3	130.831714012755950E-3
237.000000000000030E+0	327.414981529146610E-3	228.774916519243090E-3
238.000000000000030E+0	185.701615229599160E-3	201.251553637226990E-3
239.000000000000030E+0	121.746963718025440E-3	119.764355309591550E-3
240.000000000000030E+0	106.775122137575340E-3	106.007039318686280E-3
241.000000000000030E+0	82.687102408086632E-3	61.071797619980210E-3
242.000000000000030E+0	87.923157012406244E-3	38.281997318351212E-3
243.000000000000030E+0	115.477292673034110E-3	-38.609546398413186E-3
244.000000000000030E+0	270.440368244292410E-3	35.192490318929813E-3
245.000000000000030E+0	217.429077643129300E-3	384.963336605175290E-3
246.000000000000030E+0	-44.585819094860715E-3	84.263911198135796E-3
247.000000000000030E+0	50.035818018892265E-3	29.827505190916911E-3
248.000000000000030E+0	126.308705862337440E-3	26.419479922736779E-3
249.000000000000030E+0	139.746639960679710E-3	161.742583826126690E-3
250.000000000000030E+0	1.428891745935472E-3	74.995659553332525E-3
251.000000000000030E+0	34.994055479775812E-3	4.147286101681126E-3
252.000000000000030E+0	92.836082628229066E-3	-57.337734271455248E-3
253.000000000000030E+0	135.084592753260760E-3	5.015463007413032E-3
254.000000000000030E+0	50.098968716250386E-3	-33.494805704857779E-3
255.000000000000030E+0	36.344524919124772E-3	-133.556123110461610E-3
256.000000000000060E+0	150.837210309201410E-3	-129.049276584427690E-3
257.000000000000060E+0	73.751786086387522E-3	-13.663189764634947E-3
258.000000000000060E+0	-26.449662126654006E-3	-26.506771115409694E-3
259.000000000000060E+0	36.652199000499090E-3	12.006314417361032E-3
260.000000000000060E+0	6.778229284387918E-3	49.155617605448572E-3
261.000000000000060E+0	4.479901789407539E-3	178.664229927121660E-3
262.000000000000060E+0	-206.718371725397920E-3	214.859085979434340E-3
263.000000000000060E+0	-293.162687735818220E-3	98.371441361667172E-3
264.000000000000060E+0	-267.412275103135870E-3	-22.578167095880716E-3
265.000000000000060E+0	-150.372826602793520E-3	-76.746027338361722E-3
266.000000000000060E+0	-27.935342959120715E-3	30.279132460316379E-3
267.000000000000060E+0	-131.891550453756750E-3	120.801516335015460E-3
268.000000000000060E+0	-130.268760191686040E-3	-40.137000040994179E-3
269.000000000000060E+0	-45.017072011064592E-3	105.251216900594080E-3
270.000000000000060E+0	-57.166236715110542E-3	74.712541617817665E-3
271.000000000000060E+0	115.042818990982800E-3	183.620134908300650E-3
272.000000000000060E+0	-277.675821916633920E-3	228.986450837697640E-3
273.000000000000060E+0	-246.763123967842220E-3	74.257262452534598E-3
274.000000000000060E+0	-178.394689913730750E-3	68.138394691539664E-3
275.000000000000060E+0	-118.534843080306660E-3	161.941481464493050E-3
276.000000000000060E+0	-196.639498635587500E-3	357.601124553803500E-3
277.000000000000060E+0	-532.319918549970070E-3	512.657959589520320E-3
278.000000000000060E+0	-282.867701710951210E-3	180.756337019045200E-3
279.000000000000060E+0	-217.131382882050560E-3	354.973879549913610E-3
280.000000000000060E+0	-175.170769664961650E-3	408.063902994687530E-3
281.000000000000060E+0	-114.742673904381840E-3	574.477865400029650E-3
282.000000000000060E+0	-170.192974826640060E-3	501.552974024324860E-3
283.000000000000060E+0	-12.974032590149034E-3	543.470633103619650E-3
284.000000000000060E+0	62.619467908867660E-3	645.394193672132470E-3
285.000000000000060E+0	70.820877564450435E-3	649.623354142183640E-3
286.000000000000060E+0	78.034355627107019E-3	634.363558564692060E-3
287.000000000000060E+0	64.474325473594718E-3	537.299003441318650E-3
288.000000000000060E+0	135.124504314789980E-3	510.301318051231020E-3
289.000000000000060E+0	154.305408127159450E-3	461.407990114199640E-3
290.000000000000060E+0	268.035140577311370E-3	386.828471781099690E-3
291.000000000000060E+0	192.148468062170760E-3	470.964625917947800E-3
292.000000000000060E+0	200.333256437995540E-3	358.670310725585200E-3
293.000000000000060E+0	219.723822032309450E-3	345.394534027186340E-3
294.000000000000060E+0	238.422928822561860E-3	331.390445951067260E-3
295.000000000000060E+0	230.301896371350400E-3	419.631194759289280E-3
296.000000000000060E+0	146.439449487110850E-3	383.999914292837030E-3
297.000000000000060E+0	283.333401853129390E-3	347.203286384263120E-3
298.000000000000060E+0	323.020274659596430E-3	404.280395372322190E-3
299.000000000000060E+0	377.209767057555100E-3	402.265284080503720E-3
300.000000000000060E+0	394.574116324911740E-3	430.976346130716780E-3
301.000000000000060E+0	415.533498908802650E-3	350.305001209225420E-3
302.000000000000060E+0	429.092482814098730E-3	328.514457560956760E-3
303.000000000000060E+0	353.561731169420800E-3	304.861820236832280E-3
304.000000000000060E+0	360.417894190846360E-3	236.118063150869220E-3
305.000000000000060E+0	327.844367546333390E-3	236.685705818674290E-3
306.000000000000060E+0	312.924736356038350E-3	232.818918747854320E-3
307.000000000000060E+0	290.452706303628960E-3	254.345542393956180E-3
308.000000000000060E+0	292.706082562847250E-3	270.509173748727960E-3
309.000000000000060E+0	303.408901849202770E-3	295.001711921832720E-3
310.000000000000060E+0	383.437524052397500E-3	316.453314365611360E-3
311.000000000000060E+0	434.678385999943240E-3	358.270198958638260E-3
312.000000000000060E+0	461.829579432080530E-3	324.955758468341850E-3
313.000000000000060E+0	561.216328751475420E-3	263.074757444838440E-3
314.000000000000060E+0	566.645121874154610E-3	220.772348569148960E-3
315.000000000000060E+0	659.961369923432460E-3	229.633107473741130E-3
316.000000000000060E+0	526.967884234699200E-3	260.209404796169160E-3
317.000000000000060E+0	541.332571285080500E-3	121.029154938126810E-3
318.000000000000060E+0	620.206723973093840E-3	104.494474100293510E-3
319.000000000000060E+0	510.630932400120360E-3	209.677119781117550E-3
320.000000000000060E+0	527.391710635239260E-3	61.270935509569614E-3
321.000000000000060E+0	555.660611183179440E-3	18.054468692254081E-3
322.000000000000060E+0	607.077227107685410E-3	-9.429512894629901E-3
323.000000000000060E+0	596.085326330950130E-3	-6.940765253946045E-3
324.000000000000060E+0	593.393546067867210E-3	-66.002115245335363E-3
325.000000000000060E+0	634.718795797709070E-3	-78.772594487943895E-3
326.000000000000060E+0	629.155649819197030E-3	-89.325824309962096E-3
327.000000000000060E+0	603.665584326369410E-3	-139.874717931296800E-3
328.000000000000060E+0	638.045375017210590E-3	-190.211632427553820E-3
329.000000000000060E+0	551.441526527943540E-3	-153.692396042406140E-3
330.000000000000060E+0	524.786922618069470E-3	-259.199679377858480E-3
331.000000000000060E+0	508.094071142734970E-3	-341.461774631698020E-3
332.000000000000060E+0	595.146859886395370E-3	-371.484235800694780E-3
333.000000000000060E+0	516.707040998198200E-3	-308.202518634328070E-3
334.000000000000060E+0	437.266747389463640E-3	-377.073970039801920E-3
335.000000000000060E+0	423.880691297068620E-3	-426.384353209101400E-3
336.000000000000060E+0	368.841060682514930E-3	-416.016843185949840E-3
337.000000000000060E+0	269.188982509991240E-3	-430.702983789865160E-3
338.000000000000060E+0	268.823154723527910E-3	-509.986515101454870E-3
339.000000000000060E+0	209.179695378499700E-3	-488.109793553662460E-3
340.000000000000060E+0	138.279426449210650E-3	-539.655618590465180E-3
341.000000000000060E+0	92.947279130829008E-3	-584.806852615690760E-3
342.000000000000060E+0	97.306615613387021E-3	-571.867137719821450E-3
343.000000000000060E+0	23.871919814313587E-3	-499.055120569518620E-3
344.000000000000060E+0	-65.088026422340350E-3	-432.242200726925480E-3
345.000000000000060E+0	-152.280919832200300E-3	-364.975636241614000E-3
346.000000000000060E+0	-227.432476400507180E-3	-278.083365759350660E-3
347.000000000000060E+0	-248.817501627970980E-3	-174.651063570004870E-3
348.000000000000060E+0	-302.912209476189460E-3	-146.992236228674020E-3
349.000000000000060E+0	-259.878758820724030E-3	-107.960233671099150E-3
350.000000000000060E+0	-233.547033063621540E-3	-62.912257224121484E-3
351.000000000000060E+0	-196.786739301773510E-3	-9.771524549896245E-3
352.000000000000060E+0	-167.804399998843450E-3	24.011958442542621E-3
353.000000000000060E+0	-125.193283204042970E-3	58.781253417039672E-3
354.000000000000060E+0	-83.247447674931585E-3	119.783603380772640E-3
355.000000000000060E+0	-100.720660480795710E-3	136.649371260033320E-3
356.000000000000060E+0	-34.666586140758709E-3	115.462409832014570E-3
357.000000000000060E+0	-21.026637963911337E-3	134.092518144662530E-3
358.000000000000060E+0	22.676135366080340E-3	129.404089141750000E-3
359.000000000000060E+0	10.083452043591417E-3	155.865586245602370E-3
360.000000000000060E+0	8.639736180798037E-3	102.205867266984580E-3
361.000000000000060E+0	149.654388577393970E-3	28.840962706945986E-3
362.000000000000060E+0	155.459815083959450E-3	66.083136581441090E-3
363.000000000000060E+0	204.485295315276930E-3	60.217071273464276E-3
364.000000000000060E+0	200.132974570616210E-3	137.647929727760660E-3
365.000000000000060E+0	185.473053608559370E-3	143.676875182990630E-3
366.000000000000060E+0	126.602612872022930E-3	200.302539200870900E-3
367.000000000000060E+0	39.853899609603942E-3	138.458457919395180E-3
368.000000000000060E+0	46.285543559780588E-3	86.714683191890518E-3
369.000000000000060E+0	74.053631182856669E-3	74.551681066309702E-3
370.000000000000060E+0	42.194965275591981E-3	82.169190374036638E-3
371.000000000000060E+0	68.418633870178366E-3	54.175435466659719E-3
372.000000000000060E+0	52.267322364309816E-3	81.843759160273172E-3
373.000000000000060E+0	33.146205035114874E-3	79.040426408501355E-3
374.000000000000060E+0	55.476639664704147E-3	76.380820768729846E-3
375.000000000000060E+0	101.391950588191120E-3	83.229547705504406E-3
376.000000000000060E+0	195.103845785208370E-3	150.762877468990590E-3
377.000000000000060E+0	266.970342471162470E-3	267.336162191675830E-3
378.000000000000060E+0	320.803949154244430E-3	364.619591840394390E-3
379.000000000000060E+0	381.168822435530300E-3	487.894227587454430E-3
380.000000000000060E+0	220.919436216340140E-3	367.408105959369900E-3
381.000000000000060E+0	353.392910362062270E-3	249.544665628215640E-3
382.000000000000060E+0	389.770603772371490E-3	169.105526672530870E-3
383.000000000000060E+0	392.025111906136200E-3	78.564283578618624E-3
384.000000000000060E+0	331.146568200837150E-3	-2.116498098558819E-3
385.000000000000060E+0	443.635808972106860E-3	-90.796977762021488E-3
386.000000000000060E+0	476.723506896154780E-3	-55.864392899540670E-3
387.000000000000060E+0	505.219175204002950E-3	36.846348974234978E-3
388.000000000000060E+0	442.421955534382520E-3	72.083450233789204E-3
389.000000000000060E+0	388.053923021779710E-3	194.154118386960390E-3
390.000000000000060E+0	244.985307479641840E-3	82.707064686960263E-3
391.000000000000060E+0	270.194577496218000E-3	20.002794115712742E-3
392.000000000000060E+0	280.748831439944390E-3	-26.909840573166265E-3
393.000000000000060E+0	407.590838744814890E-3	-101.445919678380190E-3
394.000000000000060E+0	453.781452050252610E-3	-68.368385928797210E-3
395.000000000000060E+0	521.836659307316150E-3	-50.104441821921107E-3
396.000000000000060E+0	507.360149974151910E-3	-14.265923003851775E-3
397.000000000000060E+0	502.760251391964790E-3	-9.959378061796254E-3
398.000000000000060E+0	480.576008743358150E-3	23.110953144314824E-3
399.000000000000060E+0	375.876998851593700E-3	-53.044175966274636E-3
400.000000000000060E+0	400.330377880994010E-3	-129.081855669517160E-3
401.000000000000060E+0	471.052104905952400E-3	-144.670546581355250E-3
402.000000000000060E+0	531.684500721019360E-3	-113.799801208375240E-3
403.000000000000060E+0	543.959940324575400E-3	61.657798877225556E-3
404.000000000000060E+0	388.008864189078540E-3	-4.537770897974959E-3
405.000000000000060E+0	313.483315778027240E-3	2.783476821619460E-3
406.000000000000060E+0	215.706504745854200E-3	-215.655836844604290E-3
407.000000000000060E+0	275.688519247068500E-3	-259.189247142481590E-3
408.000000000000060E+0	302.948306429006720E-3	-375.410199542315300E-3
409.000000000000060E+0	357.162623149893050E-3	-317.719070483305170E-3
410.000000000000060E+0	350.445468320343790E-3	-342.915259538766780E-3
411.000000000000060E+0	467.549592923022780E-3	-362.674607019423220E-3
412.000000000000060E+0	477.985317789747900E-3	-151.363759286289060E-3
413.000000000000060E+0	385.068600665916920E-3	-114.851376579385500E-3
414.000000000000060E+0	313.096690319002720E-3	-93.520214210738792E-3
415.000000000000060E+0	222.852028703235840E-3	-124.497031537691750E-3
416.000000000000060E+0	120.251714883102240E-3	-226.604588342681820E-3
417.000000000000060E+0	260.652325564023510E-3	-414.797086846629800E-3
418.000000000000060E+0	387.944241724520520E-3	-342.457858236808350E-3
419.000000000000060E+0	443.063261458142120E-3	-283.322552050299880E-3
420.000000000000060E+0	442.809069718871910E-3	-237.064153881811620E-3
421.000000000000060E+0	568.723600816958390E-3	-168.762520624210880E-3
422.000000000000060E+0	369.088364101406220E-3	-124.779005237258740E-3
423.000000000000060E+0	358.211070745988010E-3	-167.332211225750400E-3
424.000000000000060E+0	289.906204778248190E-3	-202.712452969588670E-3
425.000000000000060E+0	323.858842124505660E-3	-335.726641861578910E-3
426.000000000000060E+0	288.655489174604930E-3	-438.470474439634220E-3
427.000000000000060E+0	594.862053446537310E-3	-475.556440585974900E-3
428.000000000000060E+0	519.078174591108610E-3	-405.086531196053260E-3
429.000000000000060E+0	541.850611969979740E-3	-418.313535188002350E-3
430.000000000000060E+0	509.159623313182650E-3	-325.101623363241550E-3
431.000000000000060E+0	308.215502368004050E-3	-313.617127753299310E-3
432.000000000000060E+0	281.799660682355120E-3	-463.329373304280870E-3
433.000000000000060E+0	259.457835578049470E-3	-502.339385517218570E-3
434.000000000000060E+0	189.504665046588110E-3	-578.507884383288820E-3
435.000000000000060E+0	269.946797903757200E-3	-630.014379188329920E-3
436.000000000000060E+0	288.732484834925030E-3	-512.590403208165620E-3
437.000000000000060E+0	249.526855465599250E-3	-410.618262453253450E-3
438.000000000000060E+0	168.300702368901160E-3	-308.676207930633270E-3
439.000000000000060E+0	143.767152855686480E-3	-211.375313117379840E-3
440.000000000000060E+0	-18.464258878956769E-3	-200.058767999486850E-3
441.000000000000060E+0	191.068507171219930E-3	-229.887003536124820E-3
442.000000000000060E+0	322.985615714613980E-3	-177.807613339849620E-3
443.000000000000060E+0	494.979928797372960E-3	-156.581593625342100E-3
444.000000000000060E+0	617.820536750305130E-3	-91.602093579212993E-3
445.000000000000060E+0	782.342341142044930E-3	-223.693775675936870E-3
446.000000000000060E+0	865.397960606110520E-3	-378.883963013710300E-3
447.000000000000060E+0	865.952378229276510E-3	-645.721951496205810E-3
448.000000000000060E+0	800.252718439927620E-3	-871.466970820918620E-3
449.000000000000060E+0	710.349935665847140E-3	-1.056263691247571E+0
450.000000000000060E+0	665.468439078366060E-3	-1.252079297943569E+0
451.000000000000060E+0	575.474785025079320E-3	-1.250153941626235E+0
452.000000000000060E+0	360.269978447481600E-3	-1.325626844430140E+0
453.000000000000060E+0	286.144253095681640E-3	-1.429536318087252E+0
454.000000000000060E+0	104.076285729704550E-3	-1.330839273363107E+0
455.000000000000060E+0	-91.540067271848394E-3	-1.337098122712326E+0
456.000000000000060E+0	-213.257962668958000E-3	-1.334854816744846E+0
457.000000000000060E+0	-334.751057533666070E-3	-1.263921905980833E+0
458.000000000000060E+0	-509.556245048048200E-3	-1.175038403179258E+0
459.000000000000060E+0	-511.570072104255420E-3	-1.303764480329251E+0
460.000000000000060E+0	-526.102021981304510E-3	-1.096759381400695E+0
461.000000000000060E+0	-570.515216332182940E-3	-1.010706667757501E+0
462.000000000000060E+0	-577.023204729365080E-3	-897.384212491709960E-3
463.000000000000060E+0	-630.059451987740830E-3	-773.325756677643920E-3
464.000000000000060E+0	-720.705331824383120E-3	-788.506107622969130E-3
465.000000000000060E+0	-703.451425369421180E-3	-778.980072954175040E-3
466.000000000000060E+0	-693.508635700974210E-3	-715.187043432879200E-3
467.000000000000060E+0	-756.990190554846730E-3	-682.355715947935200E-3
468.000000000000060E+0	-808.127340136522430E-3	-728.328650833600430E-3
469.000000000000060E+0	-763.469903555511250E-3	-617.218494302571470E-3
470.000000000000060E+0	-836.163977506652390E-3	-506.500527338691110E-3
471.000000000000060E+0	-935.910789101024430E-3	-403.482285173054570E-3
472.000000000000060E+0	-869.034390878491550E-3	-444.963258150981530E-3
473.000000000000060E+0	-724.741614228802340E-3	-226.883259772724580E-3
474.000000000000060E+0	-701.241312484285450E-3	-166.940279479016850E-3
475.000000000000060E+0	-648.176031316315070E-3	-170.778049956509910E-3
476.000000000000060E+0	-630.967583541506730E-3	-176.663350013620270E-3
477.000000000000060E+0	-586.989586884102520E-3	-215.980409633346580E-3
478.000000000000060E+0	-586.592412850189810E-3	-190.926485863432640E-3
479.000000000000060E+0	-643.641477024493810E-3	-191.398741836529880E-3
480.000000000000060E+0	-672.162094304448400E-3	-148.882086275664100E-3
481.000000000000060E+0	-678.284513118923790E-3	-48.122181922169285E-3
482.000000000000060E+0	-749.095397492731570E-3	-76.550418637772163E-3
483.000000000000060E+0	-631.654102571572620E-3	-50.658524823337381E-3
484.000000000000060E+0	-611.800541693065520E-3	2.084080766945448E-3
485.000000000000060E+0	-571.023350008520560E-3	-14.253086231050391E-3
486.000000000000060E+0	-525.168224523284820E-3	43.206386747772420E-3
487.000000000000060E+0	-532.509624941218900E-3	51.160981297460030E-3
488.000000000000060E+0	-461.272397410856680E-3	64.486717846465424E-3
489.000000000000060E+0	-435.894747795889660E-3	107.329259477938990E-3
490.000000000000060E+0	-437.747188582563340E-3	126.943774440480860E-3
491.000000000000060E+0	-469.369782650619740E-3	106.928956294458460E-3
492.000000000000060E+0	-420.681901478015260E-3	71.054284568928289E-3
493.000000000000060E+0	-382.383614750403000E-3	68.184630333351939E-3
494.000000000000060E+0	-341.055413363331890E-3	87.270934280696988E-3
495.000000000000060E+0	-346.812339356461500E-3	118.181094363857900E-3
496.000000000000060E+0	-353.206890367128320E-3	94.647610887535871E-3
497.000000000000060E+0	-326.357847631649100E-3	98.990428443520226E-3
498.000000000000060E+0	-332.768867881937160E-3	93.086865387437726E-3
499.000000000000060E+0	-317.204167639957240E-3	89.829049144875633E-3
500.000000000000060E+0	-325.327433156477940E-3	97.525040707650348E-3
501.000000000000060E+0	-305.375690313443530E-3	50.656374101809794E-3
502.000000000000060E+0	-279.703041343175970E-3	68.202396892984879E-3
503.000000000000060E+0	-268.840332836269240E-3	49.117281216857496E-3
504.000000000000060E+0	-203.930023102252780E-3	75.435912170534553E-3
505.000000000000060E+0	-226.406102117323540E-3	118.137457176705620E-3
506.000000000000060E+0	-260.067281692082100E-3	90.006187826443096E-3
507.000000000000060E+0	-232.551670179772190E-3	88.877124135318647E-3
508.000000000000060E+0	-234.404427400877020E-3	88.157653574576000E-3
509.000000000000060E+0	-209.805927446040600E-3	75.883558566872331E-3
510.000000000000060E+0	-202.792291314815330E-3	78.297971187114498E-3
511.000000000000060E+0	-174.392909106889900E-3	64.209279113642381E-3
512.000000000000110E+0	-146.818902192785840E-3	66.267796823669234E-3
513.000000000000110E+0	-132.449612559132320E-3	83.589107404429125E-3
514.000000000000110E+0	-146.512550581795690E-3	62.579329735306749E-3
515.000000000000110E+0	-100.536076391381530E-3	21.867995707866992E-3
516.000000000000110E+0	-49.979552203274664E-3	34.667532373761439E-3
517.000000000000110E+0	-45.186208304978673E-3	20.244062104717419E-3
518.000000000000110E+0	6.681958644766455E-3	-16.356854363943945E-3
519.000000000000110E+0	-15.149069741917660E-3	60.713240921933136E-3
520.000000000000110E+0	-50.126941142792113E-3	-108.497444155739670E-3
521.000000000000110E+0	-42.692346506896912E-3	-194.695506914110330E-3
522.000000000000110E+0	-62.060468064805564E-3	-278.868439489460660E-3
523.000000000000110E+0	-104.658659595245060E-3	-367.103595547867370E-3
524.000000000000110E+0	-149.715550147911820E-3	-360.081344644382460E-3
525.000000000000110E+0	-329.552994661150510E-3	-310.798141015688980E-3
526.000000000000110E+0	-487.565269223178440E-3	-322.978274944910100E-3
527.000000000000110E+0	-501.970144124685990E-3	-326.146645931811310E-3
528.000000000000110E+0	-515.837233291431610E-3	-173.345919666307110E-3
529.000000000000110E+0	-534.728093293805110E-3	-125.884325301649000E-3
530.000000000000110E+0	-498.151184267378700E-3	-20.773991219529931E-3
531.000000000000110E+0	-473.976414940549600E-3	39.401604268626357E-3
532.000000000000110E+0	-477.843619982513510E-3	116.994584873121600E-3
533.000000000000110E+0	-480.591602210858390E-3	83.084313675125629E-3
534.000000000000110E+0	-400.988658650846320E-3	81.631964422197986E-3
535.000000000000110E+0	-322.520235812716160E-3	152.606568018996270E-3
536.000000000000110E+0	-328.532638047153820E-3	255.050243008149160E-3
537.000000000000110E+0	-370.344064398298480E-3	302.634089401586370E-3
538.000000000000110E+0	-471.194044428908220E-3	166.690185233118180E-3
539.000000000000110E+0	-258.453325469188980E-3	134.397975664701690E-3
540.000000000000110E+0	-176.823916241421600E-3	175.920555010387140E-3
541.000000000000110E+0	-168.213649901837790E-3	213.067563071491610E-3
542.000000000000110E+0	-239.386693458470520E-3	214.477540053761820E-3
543.000000000000110E+0	-190.041936814649730E-3	91.717811648216532E-3
544.000000000000110E+0	-160.893457480182880E-3	72.997604407657568E-3
545.000000000000110E+0	-111.877198326627530E-3	64.183548909902438E-3
546.000000000000110E+0	-122.681307249565750E-3	129.612668399031880E-3
547.000000000000110E+0	-216.107031146272830E-3	133.767558795605670E-3
548.000000000000110E+0	-217.342106270101950E-3	51.326323247078670E-3
549.000000000000110E+0	-227.795975716933860E-3	49.926703470471713E-3
550.000000000000110E+0	-249.058933860617340E-3	9.213965484397258E-3
551.000000000000110E+0	-170.499376867982170E-3	22.419486966367298E-3
552.000000000000110E+0	-248.947487034659550E-3	86.356598303073170E-3
553.000000000000110E+0	-277.337342146984910E-3	86.840251250955375E-3
554.000000000000110E+0	-302.533148733360120E-3	115.261838274110110E-3
555.000000000000110E+0	-326.692522895866590E-3	144.255821421772350E-3
556.000000000000110E+0	-335.026018670092130E-3	208.054879917888040E-3
557.000000000000110E+0	-379.113656205761150E-3	173.804783913915290E-3
558.000000000000110E+0	-270.246281432368730E-3	201.344769161395630E-3
559.000000000000110E+0	-219.750034514156010E-3	265.842087099791240E-3
560.000000000000110E+0	-216.314878265076450E-3	320.622552878014550E-3
561.000000000000110E+0	-238.158498938804950E-3	243.896450567833710E-3
562.000000000000110E+0	-129.990449008140020E-3	259.232287395649350E-3
563.000000000000110E+0	-69.200833113820762E-3	277.578321874128120E-3
564.000000000000110E+0	-36.092066860536773E-3	347.106047372183420E-3
565.000000000000110E+0	-64.948548929065986E-3	333.714202060889310E-3
566.000000000000110E+0	-98.490626396879527E-3	289.081562013846050E-3
567.000000000000110E+0	-63.797802089849628E-3	198.676110068496060E-3
568.000000000000110E+0	-48.841031975186244E-3	154.213203990320150E-3
569.000000000000110E+0	-39.211466024398990E-3	109.742077928233820E-3
570.000000000000110E+0	10.937668376576367E-3	63.752321423086455E-3
571.000000000000110E+0	-13.414696833689286E-3	137.805828685093640E-3
572.000000000000110E+0	-53.323767194938289E-3	110.859361424745030E-3
573.000000000000110E+0	-63.969473236654126E-3	87.453356276797400E-3
574.000000000000110E+0	-24.164532724637703E-3	81.330068347159792E-3
575.000000000000110E+0	-58.105837975538865E-3	145.419296722633540E-3
576.000000000000110E+0	-138.878792332116970E-3	145.567302270148550E-3
577.000000000000110E+0	-133.888565501917020E-3	93.556121566764919E-3
578.000000000000110E+0	-130.213757057502930E-3	87.567288033892326E-3
579.000000000000110E+0	-74.080301928251061E-3	69.189800287860703E-3
580.000000000000110E+0	-100.384999344382870E-3	194.033946974613320E-3
581.000000000000110E+0	-126.367826034414490E-3	171.733642020896390E-3
582.000000000000110E+0	-131.704989406304900E-3	196.520459171166370E-3
583.000000000000110E+0	-158.056246757859810E-3	205.341943366759870E-3
584.000000000000110E+0	-175.621090497385390E-3	197.844671801805260E-3
585.000000000000110E+0	-86.922234382320510E-3	180.677264237720990E-3
586.000000000000110E+0	-49.341436703461354E-3	259.773905491968270E-3
587.000000000000110E+0	-64.540510031813478E-3	318.460103305446270E-3
588.000000000000110E+0	-48.078744821049832E-3	309.164945211226780E-3
589.000000000000110E+0	24.494545482171681E-3	296.393501885383210E-3
590.000000000000110E+0	65.210277918274773E-3	346.281226091771030E-3
591.000000000000110E+0	110.217845847825620E-3	349.249283450059230E-3
592.000000000000110E+0	107.730082788648260E-3	356.954514545337610E-3
593.000000000000110E+0	122.177385762952460E-3	197.019379559144610E-3
594.000000000000110E+0	220.504461110305390E-3	146.033994518780940E-3
595.000000000000110E+0	268.213619627923170E-3	150.829711631737360E-3
596.000000000000110E+0	253.316759887948270E-3	131.199469921777500E-3
597.000000000000110E+0	233.480479799186070E-3	99.819819251487377E-3
598.000000000000110E+0	254.116092533657690E-3	81.992413677447154E-3
599.000000000000110E+0	193.395157902661010E-3	86.784349495256957E-3
600.000000000000110E+0	166.699951203501670E-3	48.702570363069290E-3
601.000000000000110E+0	150.704189835463880E-3	3.274363632165422E-3
602.000000000000110E+0	177.988028859487580E-3	-71.927448946116787E-3
603.000000000000110E+0	195.610249783759650E-3	-11.196042177688053E-3
604.000000000000110E+0	176.432723149428480E-3	-49.656568905370235E-3
605.000000000000110E+0	191.903734499126650E-3	-75.076994712514333E-3
606.000000000000110E+0	224.510482084991770E-3	-59.676378428714746E-3
607.000000000000110E+0	224.486203823007160E-3	-28.280210426595443E-3
608.000000000000110E+0	101.184292135187040E-3	71.519257307894976E-3
609.000000000000110E+0	114.046201903186280E-3	-71.816440636256668E-3
610.000000000000110E+0	137.244296657896610E-3	-82.759267349484147E-3
611.000000000000110E+0	151.570900854526760E-3	-66.361206358818273E-3
612.000000000000110E+0	114.911671923323130E-3	-69.499282693319481E-3
613.000000000000110E+0	112.163521100212800E-3	-107.125312788252170E-3
614.000000000000110E+0	107.122645325130220E-3	-126.311739397025200E-3
615.000000000000110E+0	125.586106632782440E-3	-133.657434169241200E-3
616.000000000000110E+0	100.349978959399690E-3	-106.009874575918830E-3
617.000000000000110E+0	99.502545930487810E-3	-142.958314505395230E-3
618.000000000000110E+0	100.571111358047280E-3	-117.563627221489160E-3
619.000000000000110E+0	85.489070828016933E-3	-127.042956816468990E-3
620.000000000000110E+0	88.273617054018663E-3	-135.332270752513940E-3
621.000000000000110E+0	93.952272976180556E-3	-112.784807814368910E-3
622.000000000000110E+0	65.591878420193053E-3	-145.135586878688600E-3
623.000000000000110E+0	70.957153768161946E-3	-155.216299002849000E-3
624.000000000000110E+0	75.825651352010748E-3	-175.248125463532130E-3
625.000000000000110E+0	96.814401926518703E-3	-167.806140597953650E-3
626.000000000000110E+0	85.224999002811455E-3	-154.047142594719660E-3
627.000000000000110E+0	66.065283784225257E-3	-190.997445975769980E-3
628.000000000000110E+0	90.701356017177617E-3	-192.564785923500630E-3
629.000000000000110E+0	99.749261855640287E-3	-182.729652896431670E-3
630.000000000000110E+0	79.805435993798052E-3	-176.706260621067900E-3
631.000000000000110E+0	79.955900700589930E-3	-230.896503872007110E-3
632.000000000000110E+0	119.750229380210150E-3	-230.345217702161760E-3
633.000000000000110E+0	125.291395998595620E-3	-235.489726159741340E-3
634.000000000000110E+0	120.663064358414310E-3	-246.492126420264860E-3
635.000000000000110E+0	113.387884397705060E-3	-294.643674591153540E-3
636.000000000000110E+0	88.628363345445896E-3	-333.697277092076640E-3
637.000000000000110E+0	96.363215346787212E-3	-423.338892640218070E-3
638.000000000000110E+0	118.002173762649700E-3	-492.362113724977460E-3
639.000000000000110E+0	130.121403747077420E-3	-548.149929273976210E-3
640.000000000000110E+0	235.739097783351230E-3	-586.578538568421790E-3
641.000000000000110E+0	50.586663051838364E-3	-576.954702356291540E-3
642.000000000000110E+0	929.805291777803540E-6	-688.234461611218930E-3
643.000000000000110E+0	-40.300842966723274E-3	-758.752027074062640E-3
644.000000000000110E+0	-109.507925256677930E-3	-803.618465781053780E-3
645.000000000000110E+0	-304.620793712981790E-3	-775.119237758591260E-3
646.000000000000110E+0	-526.026522507771040E-3	-921.964760272037440E-3
647.000000000000110E+0	-640.724401032779830E-3	-1.036939673658452E+0
648.000000000000110E+0	-713.661464245709640E-3	-1.002710286670923E+0
649.000000000000110E+0	-799.375388404617860E-3	-895.605364988101620E-3
650.000000000000110E+0	-989.293848566720090E-3	-578.326571167016470E-3
651.000000000000110E+0	-1.142768398025829E+0	-501.207263930620760E-3
652.000000000000110E+0	-1.238441633315735E+0	-375.623878456255560E-3
653.000000000000110E+0	-1.291130441304545E+0	-312.296577039407770E-3
654.000000000000110E+0	-1.137446790525072E+0	-157.150017531634240E-3
655.000000000000110E+0	-1.158205701303903E+0	74.005702104404242E-3
656.000000000000110E+0	-1.176966880912361E+0	121.247918128462260E-3
657.000000000000110E+0	-1.117870669853050E+0	188.411326814200420E-3
658.000000000000110E+0	-1.070092617541603E+0	220.299686313881330E-3
659.000000000000110E+0	-923.988733316793540E-3	341.286521869205380E-3
660.000000000000110E+0	-954.496658338239930E-3	411.814029364359680E-3
661.000000000000110E+0	-947.090031370385390E-3	477.392636295717150E-3
662.000000000000110E+0	-948.332434704076800E-3	542.588237157186630E-3
663.000000000000110E+0	-979.646345607491750E-3	425.998131064174000E-3
664.000000000000110E+0	-743.410968412159260E-3	543.795961810919050E-3
665.000000000000110E+0	-719.349346671848470E-3	661.435366932675910E-3
666.000000000000110E+0	-712.004301863043200E-3	847.946665264922900E-3
667.000000000000110E+0	-760.089355320962670E-3	847.618289521136380E-3
668.000000000000110E+0	-716.111778503347400E-3	833.905611694167440E-3
669.000000000000110E+0	-615.216898388020960E-3	976.617528180916400E-3
670.000000000000110E+0	-522.624998671321840E-3	1.048227722329820E+0
671.000000000000110E+0	-456.669851539900530E-3	1.135217170068293E+0
672.000000000000110E+0	-417.374948312986050E-3	1.094082661755012E+0
673.000000000000110E+0	-60.917132425061048E-3	1.038303354354555E+0
674.000000000000110E+0	177.229701272047100E-3	1.099962097244440E+0
675.000000000000110E+0	350.633319497773710E-3	1.084296679330519E+0
676.000000000000110E+0	550.352375224168580E-3	1.040051800148733E+0
677.000000000000110E+0	574.059727003567440E-3	981.718900305717730E-3
678.000000000000110E+0	518.640506231974000E-3	778.368651749772770E-3
679.000000000000110E+0	545.991777057151850E-3	472.688958122041260E-3
680.000000000000110E+0	546.276623100121820E-3	298.583797698849020E-3
681.000000000000110E+0	484.907539474852930E-3	242.486037392240700E-3
682.000000000000110E+0	382.423377894403890E-3	116.712620688630180E-3
683.000000000000110E+0	365.847333483258650E-3	135.500846474100660E-3
684.000000000000110E+0	318.217393028693340E-3	125.448409635254470E-3
685.000000000000110E+0	304.655360737459800E-3	140.332992512186530E-3
686.000000000000110E+0	245.800383471474370E-3	161.447222634586000E-3
687.000000000000110E+0	152.191026101385020E-3	216.340100440893110E-3
688.000000000000110E+0	165.333173447008650E-3	80.336231605189587E-3
689.000000000000110E+0	189.247471127492770E-3	63.480664228577954E-3
690.000000000000110E+0	196.687946603543800E-3	41.599734857276603E-3
691.000000000000110E+0	253.330858209164180E-3	19.430248780889659E-3
692.000000000000110E+0	163.689502753076560E-3	95.416717448682881E-3
693.000000000000110E+0	148.386329328915520E-3	43.726358141199177E-3
694.000000000000110E+0	128.335810326282440E-3	32.215021811030017E-3
695.000000000000110E+0	113.537263674650970E-3	3.571252653168453E-3
696.000000000000110E+0	104.635366928121990E-3	10.507096766771340E-3
697.000000000000110E+0	50.529945766438704E-3	-28.823807382216435E-3
698.000000000000110E+0	71.356777946705238E-3	-54.807625608221909E-3
699.000000000000110E+0	45.734085598226441E-3	-45.733011984769763E-3
700.000000000000110E+0	583.624887455464840E-6	-140.015872677016510E-3
701.000000000000110E+0	81.202891509722028E-3	44.723472592979832E-3
702.000000000000110E+0	-27.299068959240173E-3	9.993880357038748E-3
703.000000000000110E+0	-60.688122271831839E-3	-8.083700590030267E-3
704.000000000000110E+0	-93.156526289192354E-3	2.662771045088778E-3
705.000000000000110E+0	-98.306867832654410E-3	-7.195437522452526E-3
706.000000000000110E+0	-85.795440195879105E-3	22.231809650772434E-3
707.000000000000110E+0	-76.903561432917128E-3	44.566507787930337E-3
708.000000000000110E+0	-40.326112377828995E-3	69.007814162975745E-3
709.000000000000110E+0	-11.331701459941359E-3	94.770030819164255E-3
710.000000000000110E+0	193.428628276056060E-3	201.886046069207070E-3
711.000000000000110E+0	-92.667180528598292E-3	230.086133024949510E-3
712.000000000000110E+0	-51.587018091295019E-3	199.320311401769260E-3
713.000000000000110E+0	-64.731464686230630E-3	226.811055340843890E-3
714.000000000000110E+0	-109.778835494450860E-3	121.950423793776020E-3
715.000000000000110E+0	-89.627230216850789E-3	80.975070765788595E-3
716.000000000000110E+0	-74.580406890373499E-3	27.617398507792986E-3
717.000000000000110E+0	-52.127994066953176E-3	11.370164095285037E-3
718.000000000000110E+0	-40.905391764106500E-3	-9.379050492959616E-3
719.000000000000110E+0	55.510700184848390E-3	-24.192882947999098E-3
720.000000000000110E+0	-37.412478527579049E-3	134.778627761704910E-3
721.000000000000110E+0	-51.723196108587763E-3	101.364129195521440E-3
722.000000000000110E+0	-51.947410307844784E-3	111.096541898533680E-3
723.000000000000110E+0	-55.191508632897734E-3	140.965013806999740E-3
724.000000000000110E+0	-89.941035108816667E-3	134.584067703956530E-3
725.000000000000110E+0	-73.071803083285897E-3	98.209754189922449E-3
726.000000000000110E+0	-26.668659296765481E-3	68.457688248345819E-3
727.000000000000110E+0	4.846576095089236E-3	72.752622995262958E-3
728.000000000000110E+0	5.027958420689181E-3	49.797173724025319E-3
729.000000000000110E+0	12.676062148605964E-3	117.635131622607770E-3
730.000000000000110E+0	-54.245164799439270E-3	58.402417911106584E-3
731.000000000000110E+0	-67.368968869074883E-3	53.538042626220944E-3
732.000000000000110E+0	-83.361209672717360E-3	64.593760976922945E-3
733.000000000000110E+0	-121.102891292516240E-3	64.992032963201302E-3
734.000000000000110E+0	-115.882308029746030E-3	28.896898701152848E-3
735.000000000000110E+0	-90.698003492101928E-3	60.036181181053978E-3
736.000000000000110E+0	-76.508839837713880E-3	84.721249113504662E-3
737.000000000000110E+0	-92.723743785926280E-3	135.038936835025880E-3
738.000000000000110E+0	-127.720487583674130E-3	117.933842625204840E-3
739.000000000000110E+0	-85.811359832537418E-3	143.700932837840130E-3
740.000000000000110E+0	-103.025577373375930E-3	157.588598017841950E-3
741.000000000000110E+0	-95.469163734491325E-3	163.893478645992460E-3
742.000000000000110E+0	-159.265322788621490E-3	212.012165651407210E-3
743.000000000000110E+0	-59.838986416295620E-3	87.727360289593992E-3
744.000000000000110E+0	-41.778330375020774E-3	129.364971418704400E-3
745.000000000000110E+0	-65.724770311922462E-3	116.812538280415410E-3
746.000000000000110E+0	-34.584284500292078E-3	99.020617423785803E-3
747.000000000000110E+0	-40.748229680461448E-3	112.853315947627350E-3
748.000000000000110E+0	-54.940851407461355E-3	112.207360937751700E-3
749.000000000000110E+0	-78.046591266080836E-3	119.979052513778580E-3
750.000000000000110E+0	-109.035721133756620E-3	111.430448222136210E-3
751.000000000000110E+0	-118.108386614432510E-3	97.908350692816212E-3
752.000000000000110E+0	-67.917514259887388E-3	86.927630263581662E-3
753.000000000000110E+0	-99.763735432252684E-3	156.156976390220440E-3
754.000000000000110E+0	-125.601628540177560E-3	159.500584357086890E-3
755.000000000000110E+0	-138.338534420999300E-3	172.205476266384130E-3
756.000000000000110E+0	-144.842034871095510E-3	162.561894685961220E-3
757.000000000000110E+0	-109.543454418974590E-3	180.342429007674580E-3
758.000000000000110E+0	-128.436609043660890E-3	214.224387768626620E-3
759.000000000000110E+0	-112.061604852657160E-3	221.817155607511670E-3
760.000000000000110E+0	-84.389115321949398E-3	239.923144605047430E-3
761.000000000000110E+0	-72.666955034145081E-3	275.193803579791450E-3
762.000000000000110E+0	-65.269967656685260E-3	266.330718102390840E-3
763.000000000000110E+0	-55.727355769552012E-3	253.059784460474500E-3
764.000000000000110E+0	-46.595636979741631E-3	204.116798286583410E-3
765.000000000000110E+0	9.475358546422943E-3	173.986166737603780E-3
766.000000000000110E+0	28.321195381285257E-3	177.181582706497450E-3
767.000000000000110E+0	-2.366070071881507E-3	173.697819796309720E-3
768.000000000000110E+0	-4.307846209836820E-3	150.022858681485650E-3
769.000000000000110E+0	989.409418453112780E-6	156.644132718730570E-3
770.000000000000110E+0	8.563284914894810E-3	193.252393866295360E-3
771.000000000000110E+0	-123.520792837274920E-3	164.750971061245120E-3
772.000000000000110E+0	-98.571299731349857E-3	157.962494780541000E-3
773.000000000000110E+0	-113.716136916067080E-3	164.842197833194810E-3
774.000000000000110E+0	-142.924732725160130E-3	163.065430235003890E-3
775.000000000000110E+0	-146.436356010461730E-3	158.771560508865150E-3
776.000000000000110E+0	-131.562658045024870E-3	146.403955060610550E-3
777.000000000000110E+0	-120.297486784299500E-3	203.386021480799570E-3
778.000000000000110E+0	-137.805836601808060E-3	224.021338767770170E-3
779.000000000000110E+0	-122.801089885574640E-3	262.825098141653830E-3
780.000000000000110E+0	-190.794229986779890E-3	309.526933448930290E-3
781.000000000000110E+0	-186.985805862752240E-3	311.597966727914840E-3
782.000000000000110E+0	-203.803676124235530E-3	341.562826507468780E-3
783.000000000000110E+0	-212.411645515070660E-3	360.431534429435760E-3
784.000000000000110E+0	-200.455300606923740E-3	373.506198505807800E-3
785.000000000000110E+0	-180.021616859156070E-3	442.218296481396160E-3
786.000000000000110E+0	-171.060123458220190E-3	505.866355320372270E-3
787.000000000000110E+0	-174.341507457421110E-3	570.300917260283090E-3
788.000000000000110E+0	-143.047187536996410E-3	610.196125265295990E-3
789.000000000000110E+0	-110.977844113008760E-3	608.885430277046110E-3
790.000000000000110E+0	26.282163831205959E-3	845.339233513593860E-3
791.000000000000110E+0	89.819047680280359E-3	849.557946099890550E-3
792.000000000000110E+0	158.189829006696430E-3	858.263819521856370E-3
793.000000000000110E+0	330.133242290932330E-3	762.593846378038510E-3
794.000000000000110E+0	479.056267952828070E-3	760.317472836280370E-3
795.000000000000110E+0	533.533814139114490E-3	634.937127518108160E-3
796.000000000000110E+0	600.283459169378970E-3	465.475814983426270E-3
797.000000000000110E+0	672.415701308839430E-3	330.398931905152960E-3
798.000000000000110E+0	757.585970950813920E-3	279.283068751503720E-3
799.000000000000110E+0	611.411959536082410E-3	360.213588829728590E-3
800.000000000000110E+0	529.834722257331410E-3	228.852626362391370E-3
801.000000000000110E+0	510.613334632487810E-3	175.617759847693260E-3
802.000000000000110E+0	482.676494857010640E-3	121.495223772559930E-3
803.000000000000110E+0	536.690817921890990E-3	161.395979327968920E-3
804.000000000000110E+0	463.615189867838840E-3	108.747021380472820E-3
805.000000000000110E+0	495.791500816864960E-3	46.858964242820787E-3
806.000000000000110E+0	536.541560362227220E-3	38.694029922132667E-3
807.000000000000110E+0	560.450542919285530E-3	23.652643787217667E-3
808.000000000000110E+0	586.487837907022080E-3	98.325645354167962E-3
809.000000000000110E+0	498.023504568768480E-3	-83.094838214165995E-3
810.000000000000110E+0	493.979573224218650E-3	-168.321095634584970E-3
811.000000000000110E+0	454.354232749559110E-3	-247.495928592471910E-3
812.000000000000110E+0	424.223125254415020E-3	-331.574541412921250E-3
813.000000000000110E+0	384.980825351630030E-3	-282.864780789671810E-3
814.000000000000110E+0	281.332573056763730E-3	-266.231433000557290E-3
815.000000000000110E+0	229.137523133567310E-3	-239.351360340222170E-3
816.000000000000110E+0	159.468763461714710E-3	-196.208945118031690E-3
817.000000000000110E+0	119.716307544970220E-3	-210.547047052227680E-3
818.000000000000110E+0	117.473816420926090E-3	-185.957856407457930E-3
819.000000000000110E+0	67.361307289171668E-3	-187.951769709895660E-3
820.000000000000110E+0	47.708034771199850E-3	-191.954353882242860E-3
821.000000000000110E+0	45.235494097292793E-3	-191.532194643740720E-3
822.000000000000110E+0	61.266012421613530E-3	-132.923233095136290E-3
823.000000000000110E+0	39.429289237547849E-3	-111.611018508190540E-3
824.000000000000110E+0	20.355364875386115E-3	-90.426690906291796E-3
825.000000000000110E+0	1.040912008795658E-3	-91.851802462681931E-3
826.000000000000110E+0	8.797335270841347E-3	-97.296362615909238E-3
827.000000000000110E+0	12.343874708342920E-3	-54.623756896955512E-3
828.000000000000110E+0	-8.717663690331359E-3	-44.335527969545555E-3
829.000000000000110E+0	-6.685954109017267E-3	-38.816158382320325E-3
830.000000000000110E+0	2.117640453151019E-3	-33.487033454765343E-3
831.000000000000110E+0	55.979455152633271E-3	10.485495322688075E-3
832.000000000000110E+0	-13.221027618682402E-3	9.089312805343299E-3
833.000000000000110E+0	-10.465115782107891E-3	773.509816674382330E-6
834.000000000000110E+0	-10.842483282480870E-3	-10.370030572840014E-3
835.000000000000110E+0	11.690665469398648E-3	-2.629472388106748E-3
836.000000000000110E+0	5.480294532247815E-3	-580.903104531037600E-6
837.000000000000110E+0	20.020814288825128E-3	12.550308771551961E-3
838.000000000000110E+0	11.931433053736862E-3	22.646835691592548E-3
839.000000000000110E+0	13.304584534271271E-3	30.010635059052826E-3
840.000000000000110E+0	22.768948866618424E-3	66.157068348316153E-3
841.000000000000110E+0	-43.826925534409797E-3	42.443138933534061E-3
842.000000000000110E+0	-24.597088871704913E-3	33.258877398267238E-3
843.000000000000110E+0	-17.263175354158077E-3	47.147281964185966E-3
844.000000000000110E+0	-25.805610084533821E-3	55.064012101907964E-3
845.000000000000110E+0	-18.113154670485177E-3	49.746808179852421E-3
846.000000000000110E+0	4.649540579338844E-3	77.040009321966571E-3
847.000000000000110E+0	1.176517645362412E-3	115.440850078307340E-3
848.000000000000110E+0	-22.362982156193673E-3	131.695637435429250E-3
849.000000000000110E+0	-32.974411334348627E-3	149.009861153931030E-3
850.000000000000110E+0	-10.662366010680905E-3	76.441987335790870E-3
851.000000000000110E+0	8.922911071012833E-3	149.147156777897690E-3
852.000000000000110E+0	17.149530635093949E-3	171.417458683337350E-3
853.000000000000110E+0	24.666873323958727E-3	171.525059793393000E-3
854.000000000000110E+0	81.183766842892011E-3	168.324260195014650E-3
855.000000000000110E+0	133.680996034474230E-3	209.535279667417580E-3
856.000000000000110E+0	104.935544931620620E-3	204.844200124413040E-3
857.000000000000110E+0	116.128883306354190E-3	181.849209365613270E-3
858.000000000000110E+0	101.432424332171460E-3	156.282048790242960E-3
859.000000000000110E+0	104.947343878399560E-3	110.865942956872880E-3
860.000000000000110E+0	87.768043118746683E-3	113.158621776023930E-3
861.000000000000110E+0	68.204529685385623E-3	88.572558705994009E-3
862.000000000000110E+0	60.373698406021338E-3	62.775988936192892E-3
863.000000000000110E+0	127.856537470063870E-3	42.304683833400962E-3
864.000000000000110E+0	76.872639365447845E-3	133.524227393088810E-3
865.000000000000110E+0	49.724257178621382E-3	124.930618574943880E-3
866.000000000000110E+0	31.998011140942931E-3	131.071828366740110E-3
867.000000000000110E+0	15.886787753579126E-3	129.933762471130480E-3
868.000000000000110E+0	24.429239084384033E-3	119.132823302050020E-3
869.000000000000110E+0	-44.433182420782494E-3	214.758068076328500E-3
870.000000000000110E+0	-44.465378606087541E-3	186.074306481801090E-3
871.000000000000110E+0	-53.156497175710082E-3	186.470693724732040E-3
872.000000000000110E+0	-14.048852811414244E-3	169.518302565653310E-3
873.000000000000110E+0	111.669896933452990E-3	316.002839892766170E-3
874.000000000000110E+0	19.287507815138907E-3	367.295055488900960E-3
875.000000000000110E+0	36.562056925139391E-3	386.896051778357560E-3
876.000000000000110E+0	109.361493395252850E-3	441.021689416603300E-3
877.000000000000110E+0	134.904842218321520E-3	543.883920246119870E-3
878.000000000000110E+0	104.641915858573620E-3	556.072692125700320E-3
879.000000000000110E+0	280.621712846089720E-3	520.503880534046170E-3
880.000000000000110E+0	388.979721441015840E-3	553.963663907062980E-3
881.000000000000110E+0	482.449139151521040E-3	569.227474666579190E-3
882.000000000000110E+0	489.105042061918070E-3	387.170232642005950E-3
883.000000000000110E+0	681.397408363084930E-3	336.535437220814470E-3
884.000000000000110E+0	745.967582158257420E-3	288.071855506717710E-3
885.000000000000110E+0	742.371778887275240E-3	205.868525761700200E-3
886.000000000000110E+0	739.902567935657560E-3	124.070277428480760E-3
887.000000000000110E+0	716.933629272429760E-3	113.731102245078100E-3
888.000000000000110E+0	601.768083340273430E-3	-18.759287195250305E-3
889.000000000000110E+0	594.058239047544730E-3	-83.595584422693339E-3
890.000000000000110E+0	579.235568327942870E-3	-126.249750331934950E-3
891.000000000000110E+0	556.501198411446300E-3	-192.393977045866000E-3
892.000000000000110E+0	613.673577969689350E-3	-113.793165880675370E-3
893.000000000000110E+0	549.599129008421010E-3	-138.644135213849380E-3
894.000000000000110E+0	529.323362137698930E-3	-147.329513849561560E-3
895.000000000000110E+0	468.268134101760100E-3	-148.711869874904730E-3
896.000000000000110E+0	434.596631580906110E-3	-207.009033894058310E-3
897.000000000000110E+0	478.037759807065700E-3	-288.938498464521410E-3
898.000000000000110E+0	491.742017262383310E-3	-242.425274718172660E-3
899.000000000000110E+0	470.241107446328850E-3	-253.381644632779960E-3
900.000000000000110E+0	453.580886841867700E-3	-273.917824235278830E-3
901.000000000000110E+0	527.429260675230220E-3	-299.913707825950340E-3
902.000000000000110E+0	479.630850137608310E-3	-279.885554747132840E-3
903.000000000000110E+0	449.725369306079980E-3	-290.082540296400960E-3
904.000000000000110E+0	407.088258037195840E-3	-303.895420770362630E-3
905.000000000000110E+0	310.998453449954690E-3	-386.355429927203230E-3
906.000000000000110E+0	387.519987343255880E-3	-505.639117590013900E-3
907.000000000000110E+0	393.343090363447170E-3	-509.916458464172110E-3
908.000000000000110E+0	358.237247002258950E-3	-535.059485635562160E-3
909.000000000000110E+0	326.389464054182790E-3	-603.958398751161310E-3
910.000000000000110E+0	475.706059020413740E-3	-662.277605309925080E-3
911.000000000000110E+0	73.876237020346083E-3	-515.978897475960370E-3
912.000000000000110E+0	42.103645386037468E-3	-574.943387590547080E-3
913.000000000000110E+0	-25.623180764270254E-3	-580.928132842978840E-3
914.000000000000110E+0	-89.705598174675119E-3	-534.224911307918940E-3
915.000000000000110E+0	-149.217640697950900E-3	-480.579089879668570E-3
916.000000000000110E+0	-121.418124039957790E-3	-399.952303004214080E-3
917.000000000000110E+0	-166.027594796864410E-3	-315.668383157527490E-3
918.000000000000110E+0	-151.343424585817120E-3	-282.124630649884860E-3
919.000000000000110E+0	-143.136102835160040E-3	-245.374470339682990E-3
920.000000000000110E+0	-43.219231345060664E-3	-286.724538284559570E-3
921.000000000000110E+0	-28.044409360961812E-3	-209.297195782926270E-3
922.000000000000110E+0	-8.135924137835246E-3	-188.291958896349340E-3
923.000000000000110E+0	-10.128143820309719E-3	-178.460725265009170E-3
924.000000000000110E+0	-6.194916740774274E-3	-214.666895087886690E-3
925.000000000000110E+0	5.348718095938768E-3	-214.880067831609540E-3
926.000000000000110E+0	-4.018458629586660E-3	-236.761083806984430E-3
927.000000000000110E+0	-2.261907500085344E-3	-272.022058752730170E-3
928.000000000000110E+0	1.017365588546284E-3	-295.682236769674420E-3
929.000000000000110E+0	2.087812253948415E-3	-304.988515413941230E-3
930.000000000000110E+0	-34.040236548927134E-3	-305.562837947736030E-3
931.000000000000110E+0	-77.447211340591127E-3	-303.118738609587050E-3
932.000000000000110E+0	-123.611816255250140E-3	-272.552153718699450E-3
933.000000000000110E+0	-217.004158634386130E-3	-242.438123125475520E-3
934.000000000000110E+0	-211.228435782205240E-3	-266.675614065264080E-3
935.000000000000110E+0	-182.865435941844540E-3	-213.886969609416060E-3
936.000000000000110E+0	-170.351102769792040E-3	-175.305240232961680E-3
937.000000000000110E+0	-153.992450596632140E-3	-159.735864713103190E-3
938.000000000000110E+0	-131.986686663157720E-3	-171.502739090249680E-3
939.000000000000110E+0	-80.061594658573432E-3	-43.037825998947447E-3
940.000000000000110E+0	-162.734666108343250E-3	-76.635220060197060E-3
941.000000000000110E+0	-172.119891951199390E-3	-94.165815347031834E-3
942.000000000000110E+0	-137.639194652998950E-3	-91.379670810946403E-3
943.000000000000110E+0	-122.327353835372900E-3	-61.915981810585163E-3
944.000000000000110E+0	-92.662579129603240E-3	-41.797886866566311E-3
945.000000000000110E+0	-67.086138031058187E-3	-38.405342666799180E-3
946.000000000000110E+0	-40.979345914250259E-3	-31.085868094240791E-3
947.000000000000110E+0	-38.628450890323844E-3	-36.179142921089300E-3
948.000000000000110E+0	-27.946216792116677E-3	-41.211606043293596E-3
949.000000000000110E+0	-35.824596637134942E-3	-52.761922097743684E-3
950.000000000000110E+0	-41.594042996422470E-3	-66.399172388015168E-3
951.000000000000110E+0	-46.361189088586142E-3	-73.966038246839352E-3
952.000000000000110E+0	-81.733358728977162E-3	-94.280379585001933E-3
953.000000000000110E+0	-59.023448606510855E-3	-111.082992408701160E-3
954.000000000000110E+0	-61.763193011903354E-3	-112.162744805328840E-3
955.000000000000110E+0	-53.633881390712734E-3	-113.453360685105030E-3
956.000000000000110E+0	-68.537264334055631E-3	-91.033384253732016E-3
957.000000000000110E+0	-84.479126856026598E-3	-88.741224804379626E-3
958.000000000000110E+0	-73.377223546577358E-3	-78.283710621075780E-3
959.000000000000110E+0	-77.903518038156441E-3	-55.815501198172412E-3
960.000000000000110E+0	-90.550135110141830E-3	-24.022312886736709E-3
961.000000000000110E+0	-175.817729706598230E-3	-64.962768913472260E-3
962.000000000000110E+0	-53.532241548461042E-3	-66.453941341755557E-3
963.000000000000110E+0	-42.643601246306097E-3	-33.880577259872778E-3
964.000000000000110E+0	-42.369952122614615E-3	-15.235994564540006E-3
965.000000000000110E+0	-64.943290947791901E-3	-4.930025513236048E-3
966.000000000000110E+0	-71.872588620708333E-3	-19.423156996233305E-3
967.000000000000110E+0	-61.753650263217261E-3	-45.538293009398004E-3
968.000000000000110E+0	-57.450075762955459E-3	-48.012032432343255E-3
969.000000000000110E+0	-50.725317853817661E-3	-56.666664225595950E-3
970.000000000000110E+0	-43.805252344958377E-3	-70.111447002733113E-3
971.000000000000110E+0	-58.792732434890360E-3	-36.752414229141120E-3
972.000000000000110E+0	-50.435690531487699E-3	-50.089968029436986E-3
973.000000000000110E+0	-51.567071439846866E-3	-50.266358086284636E-3
974.000000000000110E+0	-46.315553865264363E-3	-48.409205789157354E-3
975.000000000000110E+0	-42.579131413443730E-3	-23.635360565147250E-3
976.000000000000110E+0	-72.414995859254760E-3	-37.793234361199288E-3
977.000000000000110E+0	-52.741914334844930E-3	-42.894756894893860E-3
978.000000000000110E+0	-36.833674261662931E-3	-44.859635277949880E-3
979.000000000000110E+0	-29.800640633455364E-3	-38.301906271639902E-3
980.000000000000110E+0	-2.019885750307285E-3	-27.747067305522954E-3
981.000000000000110E+0	-34.626831106591621E-3	-42.076010058856486E-3
982.000000000000110E+0	-19.727040176964798E-3	-52.310615089759212E-3
983.000000000000110E+0	-12.013810453612125E-3	-54.432170853889301E-3
984.000000000000110E+0	-49.902247370510931E-3	-45.294792165325053E-3
985.000000000000110E+0	-29.391790467393934E-3	-76.646233765350208E-3
986.000000000000110E+0	-10.297021936263790E-3	-90.425304369453577E-3
987.000000000000110E+0	-19.556733813500114E-3	-77.584242423063138E-3
988.000000000000110E+0	-34.554486732762846E-3	-92.949834599789824E-3
989.000000000000110E+0	-22.395707387418612E-3	-106.671186841282410E-3
990.000000000000110E+0	-97.826415807911127E-3	-110.500595072477770E-3
991.000000000000110E+0	-99.725282524651612E-3	-106.433920103906510E-3
992.000000000000110E+0	-131.184870002657520E-3	-122.896851932666240E-3
993.000000000000110E+0	-117.787446614134500E-3	-185.281588888911190E-3
994.000000000000110E+0	-51.601731921931133E-3	-103.629644292672270E-3
995.000000000000110E+0	-122.603704580734400E-3	-85.914039408848758E-3
996.000000000000110E+0	-125.894186804321930E-3	-76.981407265977408E-3
997.000000000000110E+0	-111.362417009251560E-3	-64.570492240748248E-3
998.000000000000110E+0	-98.809962163167897E-3	-26.672312802702137E-3
999.000000000000110E+0	-95.967956755080047E-3	-134.206764142629530E-3
1.000000000000000E+3	-134.643234229073480E-3	-3.272694278409283E-3
