Freq (Hz)	Gxyaccelerometre /source
source
source_Real	Gxyaccelerometre /source
source
source_Imag
10.000000000000018E+0	6.750115745616155E-3	28.398211396307889E-3
11.000000000000020E+0	-44.865756701529334E-3	6.901595685084194E-3
12.000000000000021E+0	7.663972785958445E-3	-41.633355908141795E-3
13.000000000000023E+0	6.939732917276374E-3	-26.466916945150208E-3
14.000000000000025E+0	-26.204674124785589E-3	119.928949340882900E-3
15.000000000000027E+0	-87.688539854546332E-3	-12.141635015178129E-3
16.000000000000028E+0	-64.936983789434188E-3	-116.154586108923850E-3
17.000000000000028E+0	-115.496847380457690E-3	254.149757357132910E-3
18.000000000000028E+0	-21.035343555352581E-3	75.586492362467603E-3
19.000000000000028E+0	-335.798919333574920E-3	11.484711459803390E-3
20.000000000000028E+0	-255.940426022481400E-3	228.203483809622130E-3
21.000000000000028E+0	-272.818370559088250E-3	512.851783801950290E-3
22.000000000000028E+0	-345.447064352850160E-3	405.300986749943640E-3
23.000000000000028E+0	-786.489532938789310E-3	671.901588969440410E-3
24.000000000000028E+0	-293.683306183031790E-3	1.683690621213630E+0
25.000000000000028E+0	-1.205759651676298E+0	2.562465418910393E+0
26.000000000000028E+0	564.472918077591810E-3	6.467568207276865E+0
27.000000000000028E+0	1.664501758300392E+0	3.278625820801207E+0
28.000000000000028E+0	804.472558916266010E-3	3.153435607469931E+0
29.000000000000028E+0	726.446685325992550E-3	1.548842822135714E+0
30.000000000000028E+0	-835.711752789490840E-3	1.613923776605082E+0
31.000000000000028E+0	913.686838119184610E-3	6.459106853599520E+0
32.000000000000028E+0	5.375398029381143E+0	4.346773716457921E+0
33.000000000000028E+0	3.963361117628153E+0	4.116320385695674E+0
34.000000000000028E+0	3.274739648059760E+0	3.142509573804861E+0
35.000000000000028E+0	4.991033122293931E+0	482.389096917002270E-3
36.000000000000028E+0	7.816577890624776E+0	-5.162252330094455E+0
37.000000000000028E+0	429.416358352852250E-3	-3.556201063511121E+0
38.000000000000028E+0	1.363488004983568E+0	4.666724115582362E+0
39.000000000000028E+0	1.406201701121721E+0	4.019076481343257E+0
40.000000000000028E+0	1.794105664987323E+0	6.632558848878543E+0
41.000000000000028E+0	10.888379158793974E+0	14.331049158460743E+0
42.000000000000028E+0	16.504840485172135E+0	6.133905685113502E+0
43.000000000000028E+0	7.160372517698834E+0	-533.145859818121010E-3
44.000000000000028E+0	5.207269678122704E+0	-975.131804825571490E-3
45.000000000000028E+0	12.395000304275385E+0	-3.479229143206392E+0
46.000000000000028E+0	18.947423275077039E+0	-6.722666195359423E+0
47.000000000000028E+0	16.211928819329490E+0	-4.585950086187785E+0
48.000000000000028E+0	8.662196553813549E+0	-5.039246427177176E+0
49.000000000000028E+0	5.498433745025260E+0	-6.173380425212304E+0
50.000000000000028E+0	15.988383133684806E+0	-17.674328438430102E+0
51.000000000000028E+0	18.304176278930335E+0	-27.003250719899370E+0
52.000000000000028E+0	5.035457678397057E+0	-14.508626331521961E+0
53.000000000000028E+0	761.178206623738250E-3	-7.208262221199371E+0
54.000000000000028E+0	2.735556880963096E+0	-14.657031805901813E+0
55.000000000000028E+0	3.526227255548681E+0	-16.583047064678734E+0
56.000000000000028E+0	1.801424737986433E+0	-14.504240420498382E+0
57.000000000000028E+0	1.749097757271172E+0	-5.465558905555649E+0
58.000000000000028E+0	-274.515650367983870E-3	-759.300263683549080E-3
59.000000000000028E+0	348.816879106131180E-3	-13.412272678244468E+0
60.000000000000028E+0	3.699235266553376E+0	-28.434402406550124E+0
61.000000000000028E+0	551.249948541250420E-3	-10.433905945146645E+0
62.000000000000028E+0	-2.069540626311934E+0	3.272075871347502E+0
63.000000000000028E+0	-6.624263594186603E+0	2.873069248360113E+0
64.000000000000028E+0	-5.073797348622158E+0	6.867220522945578E+0
65.000000000000028E+0	-4.419964412802862E+0	9.508044791123300E+0
66.000000000000028E+0	14.766354547470314E+0	1.395249433581998E+0
67.000000000000028E+0	28.006692072653760E+0	-2.864607172452268E+0
68.000000000000028E+0	36.116982177866895E+0	26.512236315385586E+0
69.000000000000028E+0	76.516640013535309E+0	25.171231577653778E+0
70.000000000000028E+0	78.309257367046499E+0	-19.961979925522861E+0
71.000000000000028E+0	29.616533490295854E+0	-36.705826561536270E+0
72.000000000000028E+0	52.251903563547160E+0	-29.705427833671347E+0
73.000000000000028E+0	101.737915453219710E+0	-77.804226616478559E+0
74.000000000000028E+0	78.634789283020325E+0	-116.539725678164060E+0
75.000000000000028E+0	65.581923372509536E+0	-113.175889929357210E+0
76.000000000000028E+0	23.856827745111129E+0	-71.821412424590463E+0
77.000000000000028E+0	-2.096368154228948E+0	-61.243113637212879E+0
78.000000000000028E+0	54.497333258018003E+0	-192.933898173093210E+0
79.000000000000028E+0	29.516601404925201E+0	-178.627827437033520E+0
80.000000000000028E+0	-9.948022992350607E+0	-38.038901805032140E+0
81.000000000000028E+0	-13.608349486608528E+0	-24.330991565542391E+0
82.000000000000028E+0	-27.014711850859488E+0	-50.993974668413877E+0
83.000000000000028E+0	-32.249148106842767E+0	-60.629303462315320E+0
84.000000000000028E+0	-10.053836525866409E+0	-27.013681909493123E+0
85.000000000000028E+0	-4.312133517589059E+0	-7.170785101647843E+0
86.000000000000028E+0	-3.505876939533310E+0	-2.409984738916183E+0
87.000000000000028E+0	-13.972866052790414E+0	-8.919763561752633E+0
88.000000000000028E+0	-42.276240878153921E+0	-63.182720080634453E+0
89.000000000000028E+0	-23.204628374685889E+0	-44.871654178963396E+0
90.000000000000028E+0	1.555017292067402E+0	-124.504571412248950E-3
91.000000000000028E+0	-23.120236896634147E+0	-13.922357625390401E+0
92.000000000000028E+0	-29.012098062311900E+0	-18.007538804772384E+0
93.000000000000028E+0	-16.155451672013783E+0	-5.617547321183205E+0
94.000000000000028E+0	-13.551190397659550E+0	-3.612717998547253E+0
95.000000000000028E+0	-5.241394625437669E+0	-1.224052182884685E+0
96.000000000000028E+0	-10.298573454038175E+0	2.848476249260458E+0
97.000000000000028E+0	-39.427033003126333E+0	6.139764406125586E+0
98.000000000000028E+0	-32.311874800722322E+0	8.921377613756693E+0
99.000000000000028E+0	-12.246997240741157E+0	6.224439909207641E+0
100.000000000000030E+0	-4.054434762331963E+0	1.998824194484867E+0
101.000000000000030E+0	-39.490287315089240E+0	16.687745606786859E+0
102.000000000000030E+0	-35.858238515340503E+0	18.850873107744039E+0
103.000000000000030E+0	-1.426152508360564E+0	2.668745142041461E+0
104.000000000000030E+0	-7.337050499082454E+0	9.108458677988967E+0
105.000000000000030E+0	-660.662856388003700E-3	279.308053438581340E-3
106.000000000000030E+0	-5.062114502064517E+0	12.858643197298937E+0
107.000000000000030E+0	-15.871319894026527E+0	25.380218398811067E+0
108.000000000000030E+0	-8.097011803276549E+0	12.062502090644399E+0
109.000000000000030E+0	-605.039342479788740E-3	1.125076267468463E+0
110.000000000000030E+0	-9.402726816200316E+0	6.645394009748581E+0
111.000000000000030E+0	-19.953306153134896E+0	12.310276983719636E+0
112.000000000000030E+0	-12.905032453494034E+0	9.448894675924100E+0
113.000000000000030E+0	-8.035286191593661E+0	6.568323199636296E+0
114.000000000000030E+0	-7.051682493394755E+0	1.098496599335810E+0
115.000000000000030E+0	-13.308164489197591E+0	-2.746499647629191E+0
116.000000000000030E+0	-15.957446434728812E+0	-2.723030170673326E+0
117.000000000000030E+0	-21.808367862072348E+0	2.354524853074801E+0
118.000000000000030E+0	-9.365137003034688E+0	8.276064039009656E+0
119.000000000000030E+0	-3.740055755894657E+0	-347.958972264145350E-3
120.000000000000030E+0	-21.431408873710176E+0	15.914259363646565E+0
121.000000000000030E+0	2.380615151458159E+0	20.900364239242887E+0
122.000000000000030E+0	6.802081037771652E+0	8.217438750903217E+0
123.000000000000030E+0	4.771150988542856E+0	13.952824505873588E+0
124.000000000000030E+0	6.886904182140874E+0	11.258852395474964E+0
125.000000000000030E+0	-3.805767059743116E+0	24.253070805011191E+0
126.000000000000030E+0	-5.019803267412540E+0	22.114522857034252E+0
127.000000000000030E+0	-2.305564154550949E+0	18.537343251472350E+0
128.000000000000030E+0	3.240110578366749E+0	13.186366189329656E+0
129.000000000000030E+0	-31.086984212254549E+0	29.470061921907927E+0
130.000000000000030E+0	-23.118578857211880E+0	21.671972410181507E+0
131.000000000000030E+0	-2.240462797657981E+0	-3.803564950578040E+0
132.000000000000030E+0	6.671661610558571E+0	-4.143493685906154E+0
133.000000000000030E+0	2.838829562338013E+0	-10.204751287040295E+0
134.000000000000030E+0	4.345568778855158E+0	-32.306423114579132E+0
135.000000000000030E+0	19.585329717879926E+0	-19.697485927097553E+0
136.000000000000030E+0	13.765698838619652E+0	-19.209771310355375E+0
137.000000000000030E+0	5.353984853612334E+0	-8.980503916803618E+0
138.000000000000030E+0	-1.586608768556862E+0	11.039367056661892E+0
139.000000000000030E+0	-12.461283456742390E+0	4.685270598224674E+0
140.000000000000030E+0	1.064616978922359E+0	-4.515931948410130E+0
141.000000000000030E+0	388.591192468684570E-3	2.498260267563366E+0
142.000000000000030E+0	-5.861696341706994E+0	-475.583802247255160E-3
143.000000000000030E+0	-13.587572076507712E+0	-10.772475365410489E+0
144.000000000000030E+0	-16.684618215996046E+0	-18.984122358201230E+0
145.000000000000030E+0	-7.482705461235805E+0	-14.264051880449330E+0
146.000000000000030E+0	-8.555134373263462E+0	-11.008752779511042E+0
147.000000000000030E+0	-4.238448114256789E+0	-8.017730445454976E+0
148.000000000000030E+0	656.608240301628450E-3	-10.949676847925526E+0
149.000000000000030E+0	-16.924709488411999E+0	-7.771855667360297E+0
150.000000000000030E+0	-11.089422771810183E+0	455.338288169632290E-3
151.000000000000030E+0	-8.517371908089320E+0	-3.352595922550609E+0
152.000000000000030E+0	-23.383797047721583E+0	-14.950017888497687E+0
153.000000000000030E+0	-27.714815692539481E+0	-12.901870318329969E+0
154.000000000000030E+0	-15.813895942907788E+0	-12.597242002105437E+0
155.000000000000030E+0	-21.454103353508337E+0	-9.482221258530668E+0
156.000000000000030E+0	-3.657416571330118E+0	-5.048241328672622E+0
157.000000000000030E+0	-14.722986396864448E+0	-2.199594100354527E+0
158.000000000000030E+0	-29.111788081292012E+0	1.245591661724274E+0
159.000000000000030E+0	-23.407012371638825E+0	-2.780069360412978E+0
160.000000000000030E+0	-4.098420463478618E+0	-3.500143214661753E+0
161.000000000000030E+0	-11.179884288678318E+0	7.693473771981040E+0
162.000000000000030E+0	-43.994652284854766E+0	8.917803714219831E+0
163.000000000000030E+0	-19.349972028506759E+0	-415.996345449503590E-3
164.000000000000030E+0	-6.006662163939122E+0	-2.294398571270841E+0
165.000000000000030E+0	-7.091165293875827E+0	1.684081698070229E+0
166.000000000000030E+0	-3.054426917168773E+0	6.913811505323990E+0
167.000000000000030E+0	-31.956294286088273E+0	32.096929939352037E+0
168.000000000000030E+0	-29.560637176175202E+0	25.148585017732934E+0
169.000000000000030E+0	-8.337373547683434E+0	4.914337437480304E+0
170.000000000000030E+0	-6.249538929191072E+0	-759.247470754455200E-3
171.000000000000030E+0	-16.833731490300899E+0	-2.326173141714294E+0
172.000000000000030E+0	-21.014928521698501E+0	-7.162550188731293E+0
173.000000000000030E+0	-9.759652883602977E+0	-5.338364674970224E+0
174.000000000000030E+0	-6.877958126409479E+0	120.526262307854600E-3
175.000000000000030E+0	-15.292423283724322E+0	-4.513234125435009E+0
176.000000000000030E+0	-28.344034543137401E+0	-1.965814521477290E+0
177.000000000000030E+0	-28.853509792949318E+0	14.661964797570670E+0
178.000000000000030E+0	-29.296975185089245E+0	18.685567926487568E+0
179.000000000000030E+0	-1.115678886775109E+0	5.309963739996915E+0
180.000000000000030E+0	-32.956059528665193E+0	23.432600770671680E+0
181.000000000000030E+0	-43.422778126262415E+0	40.260979356107683E+0
182.000000000000030E+0	-11.574181997967518E+0	7.362546854307477E+0
183.000000000000030E+0	-5.478220575395731E+0	6.799619767451553E+0
184.000000000000030E+0	-4.547348150315920E+0	5.964606030445990E+0
185.000000000000030E+0	-9.814335352382880E+0	10.845293249356105E+0
186.000000000000030E+0	-26.279359359802690E+0	13.319866902220175E+0
187.000000000000030E+0	-25.027981746409772E+0	-9.582419323012068E+0
188.000000000000030E+0	6.109361949276886E+0	-8.297558051175899E+0
189.000000000000030E+0	-1.070064301968076E+0	18.457495487629835E+0
190.000000000000030E+0	-48.135992886695902E+0	33.551808065474411E+0
191.000000000000030E+0	-75.569817630902762E+0	30.922224576846371E+0
192.000000000000030E+0	-41.608550388112164E+0	3.185601316056367E+0
193.000000000000030E+0	-21.259262807854387E+0	-15.783302662638880E+0
194.000000000000030E+0	-35.223302191461016E+0	-12.997247443975946E+0
195.000000000000030E+0	-46.407462401209855E+0	5.076466055403497E+0
196.000000000000030E+0	-100.370205276867620E+0	18.821399184414389E+0
197.000000000000030E+0	-107.468744239496910E+0	2.737865657597743E+0
198.000000000000030E+0	-10.734911599121951E+0	-15.887676925496240E+0
199.000000000000030E+0	-76.912546081724386E+0	6.748961291587550E+0
200.000000000000030E+0	-65.141489810908496E+0	34.009570442393866E+0
201.000000000000030E+0	-21.897631165119883E+0	61.924465589555908E+0
202.000000000000030E+0	-72.431222748640010E+0	65.597743770278640E+0
203.000000000000030E+0	-68.633365182669962E+0	27.218501423942190E+0
204.000000000000030E+0	-162.600957911157170E+0	97.887278074994072E+0
205.000000000000030E+0	-92.581944267673492E+0	85.962603289008925E+0
206.000000000000030E+0	-38.758796791042201E+0	100.406797363548820E+0
207.000000000000030E+0	-8.108531037214510E+0	67.290987617052750E+0
208.000000000000030E+0	-31.914466482951770E+0	55.231767112758050E+0
209.000000000000030E+0	-31.533945964456773E+0	116.291506502397420E+0
210.000000000000030E+0	-8.539687481750800E+0	66.874470066910391E+0
211.000000000000030E+0	5.186778368195362E+0	9.332763845505458E+0
212.000000000000030E+0	-5.962158782117334E+0	57.594109836179129E+0
213.000000000000030E+0	-30.947403389420806E+0	49.385701411015823E+0
214.000000000000030E+0	-4.565041311189026E+0	3.431201105959004E+0
215.000000000000030E+0	8.552274124894726E+0	16.294299717538159E+0
216.000000000000030E+0	13.744092080704334E+0	19.984165570908850E+0
217.000000000000030E+0	-12.015125377510817E+0	30.783517133687177E+0
218.000000000000030E+0	-53.477019950232759E+0	65.072568344023324E+0
219.000000000000030E+0	-43.230078421494127E+0	49.962903047083927E+0
220.000000000000030E+0	-18.619912343866481E+0	29.829237698857828E+0
221.000000000000030E+0	-18.207305040372528E+0	26.893565178904566E+0
222.000000000000030E+0	-39.050097602651284E+0	29.259691142385499E+0
223.000000000000030E+0	-32.519824317485401E+0	48.075739002713952E+0
224.000000000000030E+0	-3.892325198972768E+0	20.505690680428135E+0
225.000000000000030E+0	-2.557687397704145E+0	46.966968716640778E+0
226.000000000000030E+0	-4.574520331667121E+0	16.397439916937266E+0
227.000000000000030E+0	1.962670424192305E+0	31.456628762813658E+0
228.000000000000030E+0	-12.642868875273923E+0	68.101746613798809E+0
229.000000000000030E+0	-13.787741574707633E+0	31.444665180822199E+0
230.000000000000030E+0	-863.389483804333890E-3	13.564304084950312E+0
231.000000000000030E+0	-7.471604251480841E+0	55.161331189819371E+0
232.000000000000030E+0	-9.059678267842951E+0	84.025522640847583E+0
233.000000000000030E+0	-5.572558491552427E+0	67.552675913356495E+0
234.000000000000030E+0	-7.248106414033288E+0	67.100623204446308E+0
235.000000000000030E+0	3.405183050665205E+0	12.000750999098326E+0
236.000000000000030E+0	38.427666238414204E+0	14.908095753736182E+0
237.000000000000030E+0	50.041473489872679E+0	34.965516442400215E+0
238.000000000000030E+0	38.420414894144415E+0	41.637592539372697E+0
239.000000000000030E+0	11.352793835296158E+0	11.167917401176576E+0
240.000000000000030E+0	6.532513096222891E+0	6.485521709344290E+0
241.000000000000030E+0	19.359551407326073E+0	14.298754837564511E+0
242.000000000000030E+0	13.716167563283282E+0	5.972059099306178E+0
243.000000000000030E+0	9.459043810655020E+0	-3.162607837769222E+0
244.000000000000030E+0	45.656229449061684E+0	5.941259521705491E+0
245.000000000000030E+0	13.628478781163343E+0	24.129544775334047E+0
246.000000000000030E+0	-7.416907973490089E+0	14.017409291353664E+0
247.000000000000030E+0	10.088646133392615E+0	6.014074653470689E+0
248.000000000000030E+0	14.532625221244610E+0	3.039730299159166E+0
249.000000000000030E+0	8.491302740093854E+0	9.827823020425267E+0
250.000000000000030E+0	204.130573151693940E-3	10.713832599325805E+0
251.000000000000030E+0	7.771786622968030E+0	921.065655430946090E-3
252.000000000000030E+0	10.084973023796467E+0	-6.228715031943899E+0
253.000000000000030E+0	14.184077425637872E+0	526.630862725473880E-3
254.000000000000030E+0	6.074236720026202E+0	-4.061069198747723E+0
255.000000000000030E+0	4.444508160131321E+0	-16.332343876301358E+0
256.000000000000060E+0	21.732000691486359E+0	-18.592885417461979E+0
257.000000000000060E+0	17.301933124155234E+0	-3.205340617696430E+0
258.000000000000060E+0	-1.953600607492030E+0	-1.957818739073149E+0
259.000000000000060E+0	3.707877209065255E+0	1.214604875205396E+0
260.000000000000060E+0	1.923724539837002E+0	13.950821651348770E+0
261.000000000000060E+0	489.315037983343080E-3	19.514511380530870E+0
262.000000000000060E+0	-23.514356386485257E+0	24.440368209296238E+0
263.000000000000060E+0	-33.247752307078073E+0	11.156362843249246E+0
264.000000000000060E+0	-33.003954967284244E+0	-2.786591639403501E+0
265.000000000000060E+0	-24.013001593352751E+0	-12.255555198330876E+0
266.000000000000060E+0	-4.424630286500608E+0	4.795859020915933E+0
267.000000000000060E+0	-21.342292670504108E+0	19.547736817049039E+0
268.000000000000060E+0	-7.516643901194792E+0	-2.315946940206227E+0
269.000000000000060E+0	-7.909114737555512E+0	18.491739101324423E+0
270.000000000000060E+0	-17.558195363773581E+0	22.947415768982371E+0
271.000000000000060E+0	9.141012200170596E+0	14.589992735881307E+0
272.000000000000060E+0	-34.969742977772185E+0	28.837935099695716E+0
273.000000000000060E+0	-40.595467713612422E+0	12.216202534321777E+0
274.000000000000060E+0	-25.580102221474682E+0	9.770397887177342E+0
275.000000000000060E+0	-19.710431595346950E+0	26.928255101266036E+0
276.000000000000060E+0	-43.805519069387245E+0	79.663053402644053E+0
277.000000000000060E+0	-32.465337327098524E+0	31.266186012412845E+0
278.000000000000060E+0	-50.335355542733708E+0	32.164981846365372E+0
279.000000000000060E+0	-57.916708925997554E+0	94.684234887374231E+0
280.000000000000060E+0	-29.961915360507582E+0	69.796896745900256E+0
281.000000000000060E+0	-12.176189422205855E+0	60.962073393934666E+0
282.000000000000060E+0	-19.248115163552217E+0	56.723548163347594E+0
283.000000000000060E+0	-3.805090545657371E+0	159.391843167958000E+0
284.000000000000060E+0	7.711237636875119E+0	79.476689327800031E+0
285.000000000000060E+0	12.539321312872552E+0	115.020263092923940E+0
286.000000000000060E+0	15.196869319130537E+0	123.539689959039650E+0
287.000000000000060E+0	3.607319174889542E+0	30.061718110671812E+0
288.000000000000060E+0	42.635489209346325E+0	161.014069576920350E+0
289.000000000000060E+0	44.018899571276066E+0	131.626442810635300E+0
290.000000000000060E+0	24.194556122137527E+0	34.917597558253682E+0
291.000000000000060E+0	26.507943727296428E+0	64.972174523612651E+0
292.000000000000060E+0	46.191872727939305E+0	82.700464410682997E+0
293.000000000000060E+0	41.282765577187035E+0	64.894381719745354E+0
294.000000000000060E+0	38.254323788950010E+0	53.170714253792155E+0
295.000000000000060E+0	39.854090321860603E+0	72.617810801003316E+0
296.000000000000060E+0	20.408302306989306E+0	53.515540820412390E+0
297.000000000000060E+0	48.038722790721650E+0	58.867759034238759E+0
298.000000000000060E+0	99.131719372914944E+0	124.069644681758400E+0
299.000000000000060E+0	85.131774522140944E+0	90.786507808535049E+0
300.000000000000060E+0	30.135735012613246E+0	32.915967942014682E+0
301.000000000000060E+0	87.467910877133804E+0	73.737608895660770E+0
302.000000000000060E+0	152.276949573686210E+0	116.583677160128130E+0
303.000000000000060E+0	29.223701711667285E+0	25.198402746840223E+0
304.000000000000060E+0	76.988365753147974E+0	50.436851498716997E+0
305.000000000000060E+0	41.824197559400098E+0	30.194783560670022E+0
306.000000000000060E+0	36.161890480243890E+0	26.904783365894009E+0
307.000000000000060E+0	74.670711423875502E+0	65.388141290701085E+0
308.000000000000060E+0	55.820264872268886E+0	51.587222229283483E+0
309.000000000000060E+0	30.688553572868852E+0	29.838201137884560E+0
310.000000000000060E+0	39.019696343224368E+0	32.203192068561641E+0
311.000000000000060E+0	108.850193880046430E+0	89.716401537608704E+0
312.000000000000060E+0	104.746380620700800E+0	73.702380872334942E+0
313.000000000000060E+0	51.175806889027157E+0	23.989079245654999E+0
314.000000000000060E+0	84.676681244930791E+0	32.991142190819673E+0
315.000000000000060E+0	100.205759196508130E+0	34.866525405463072E+0
316.000000000000060E+0	72.851430633903277E+0	35.973022210504453E+0
317.000000000000060E+0	145.808828672750310E+0	32.599404234790867E+0
318.000000000000060E+0	107.722764438526770E+0	18.149486588155703E+0
319.000000000000060E+0	24.568665704065054E+0	10.088474345805748E+0
320.000000000000060E+0	146.650559001611040E+0	17.037463353770153E+0
321.000000000000060E+0	167.928676121297540E+0	5.456321654881806E+0
322.000000000000060E+0	70.864542746322854E+0	-1.100713533238784E+0
323.000000000000060E+0	95.197055949134608E+0	-1.108466169225685E+0
324.000000000000060E+0	75.523962394610493E+0	-8.400396840823314E+0
325.000000000000060E+0	157.479471838447180E+0	-19.544192888939101E+0
326.000000000000060E+0	147.087257568707570E+0	-20.883052598498054E+0
327.000000000000060E+0	127.161587061734440E+0	-29.464477657450544E+0
328.000000000000060E+0	99.954236635415953E+0	-29.797972468587574E+0
329.000000000000060E+0	63.862958911373219E+0	-17.799260123274937E+0
330.000000000000060E+0	252.504906582515930E+0	-124.715742726609420E+0
331.000000000000060E+0	126.941561898359650E+0	-85.310365662890533E+0
332.000000000000060E+0	66.911352741059233E+0	-41.765343001470015E+0
333.000000000000060E+0	97.114624427340260E+0	-57.926386655988075E+0
334.000000000000060E+0	109.541057375547580E+0	-94.461976890655137E+0
335.000000000000060E+0	81.045533499055651E+0	-81.524230971075553E+0
336.000000000000060E+0	110.330230656820920E+0	-124.441769527760810E+0
337.000000000000060E+0	38.553035354433611E+0	-61.684944184869849E+0
338.000000000000060E+0	30.513670878761594E+0	-57.887724330951734E+0
339.000000000000060E+0	70.175082369486290E+0	-163.749855864365540E+0
340.000000000000060E+0	39.244743624390047E+0	-153.158332666524560E+0
341.000000000000060E+0	15.860409651783252E+0	-99.790723691861558E+0
342.000000000000060E+0	10.861193226777321E+0	-63.830803729695823E+0
343.000000000000060E+0	5.204735076426554E+0	-108.807741953834100E+0
344.000000000000060E+0	-20.253896383429129E+0	-134.503828542321030E+0
345.000000000000060E+0	-22.623583583196531E+0	-54.222530448601240E+0
346.000000000000060E+0	-48.855529455057770E+0	-59.736016077549380E+0
347.000000000000060E+0	-25.382928079706833E+0	-17.816895341510758E+0
348.000000000000060E+0	-55.312991943930228E+0	-26.841375566857248E+0
349.000000000000060E+0	-101.936563716095610E+0	-42.347036319387577E+0
350.000000000000060E+0	-37.100692313735358E+0	-9.994082422784905E+0
351.000000000000060E+0	-17.838584998419588E+0	-885.782100287575420E-3
352.000000000000060E+0	-27.804997668694511E+0	3.978754123969863E+0
353.000000000000060E+0	-28.113369272774918E+0	13.199902114049134E+0
354.000000000000060E+0	-17.684325257633262E+0	25.445731513457652E+0
355.000000000000060E+0	-15.877965802769001E+0	21.541896503452648E+0
356.000000000000060E+0	-3.893140556946840E+0	12.966704846409073E+0
357.000000000000060E+0	-3.218781177538593E+0	20.527032148153438E+0
358.000000000000060E+0	5.431558779524147E+0	30.995842331033430E+0
359.000000000000060E+0	2.375276292302416E+0	36.715980816341073E+0
360.000000000000060E+0	1.275251542493581E+0	15.085899286345736E+0
361.000000000000060E+0	10.201689539805180E+0	1.966040223492694E+0
362.000000000000060E+0	53.318542146920627E+0	22.664741374581972E+0
363.000000000000060E+0	40.825170810080635E+0	12.022244517052643E+0
364.000000000000060E+0	29.946836252909975E+0	20.596905737064493E+0
365.000000000000060E+0	30.200250932684042E+0	23.394652750516848E+0
366.000000000000060E+0	12.706512192938652E+0	20.103429138585135E+0
367.000000000000060E+0	8.775204474365296E+0	30.486383800575588E+0
368.000000000000060E+0	14.013835328630275E+0	26.254532136065031E+0
369.000000000000060E+0	8.978746317398105E+0	9.039133140913787E+0
370.000000000000060E+0	4.662936828142513E+0	9.080461174247844E+0
371.000000000000060E+0	11.657430633542992E+0	9.230619573505436E+0
372.000000000000060E+0	16.646065665890237E+0	26.065551623809540E+0
373.000000000000060E+0	6.647029639428377E+0	15.850504046957331E+0
374.000000000000060E+0	6.156842438487979E+0	8.476805402016014E+0
375.000000000000060E+0	16.455895095438699E+0	13.508140418812570E+0
376.000000000000060E+0	38.016677622143455E+0	29.376682387056547E+0
377.000000000000060E+0	65.728768880591104E+0	65.818834614631143E+0
378.000000000000060E+0	93.936494047863732E+0	106.766410478885940E+0
379.000000000000060E+0	42.182027108841652E+0	53.992788294804107E+0
380.000000000000060E+0	37.507554961725496E+0	62.378303890652695E+0
381.000000000000060E+0	145.352427443739230E+0	102.639079169798980E+0
382.000000000000060E+0	71.403325300629774E+0	30.978983058929579E+0
383.000000000000060E+0	63.918809653118821E+0	12.809729109388645E+0
384.000000000000060E+0	41.071682828462642E+0	-262.506536254759780E-3
385.000000000000060E+0	88.558109898326279E+0	-18.124796448950640E+0
386.000000000000060E+0	151.880421288474930E+0	-17.797963401992170E+0
387.000000000000060E+0	94.971587140856499E+0	6.926412167582432E+0
388.000000000000060E+0	82.851646134662388E+0	13.498951478847488E+0
389.000000000000060E+0	33.247537573129762E+0	16.634663285406468E+0
390.000000000000060E+0	66.988857023991812E+0	22.615444934995669E+0
391.000000000000060E+0	104.014519265848120E+0	7.700306324425474E+0
392.000000000000060E+0	45.801074611755510E+0	-4.390043618563306E+0
393.000000000000060E+0	42.947029147235874E+0	-10.689153079869044E+0
394.000000000000060E+0	108.721793098257380E+0	-16.380426030699336E+0
395.000000000000060E+0	100.833478042286830E+0	-9.681583392354986E+0
396.000000000000060E+0	153.128821125854500E+0	-4.305667230592161E+0
397.000000000000060E+0	92.833524814548909E+0	-1.838976267271422E+0
398.000000000000060E+0	35.423028654806735E+0	1.703497346052804E+0
399.000000000000060E+0	79.582862355932406E+0	-11.230821166513085E+0
400.000000000000060E+0	125.422571222921900E+0	-40.441043525079841E+0
401.000000000000060E+0	92.376009371678236E+0	-28.370720834531216E+0
402.000000000000060E+0	67.549511831539064E+0	-14.458049854241381E+0
403.000000000000060E+0	46.385594682333043E+0	5.257802010231195E+0
404.000000000000060E+0	125.047458626554630E+0	-1.462432359134952E+0
405.000000000000060E+0	56.093805695976243E+0	498.067361587220590E-3
406.000000000000060E+0	40.492822783212127E+0	-40.483311311369746E+0
407.000000000000060E+0	44.926048133275302E+0	-42.237335905580451E+0
408.000000000000060E+0	23.523808890103929E+0	-29.150444488451672E+0
409.000000000000060E+0	127.636439075960740E+0	-113.540802297205300E+0
410.000000000000060E+0	98.622248427758293E+0	-96.503099549249398E+0
411.000000000000060E+0	45.521905608076800E+0	-35.310990485457808E+0
412.000000000000060E+0	52.188172695332710E+0	-16.526444883234557E+0
413.000000000000060E+0	82.723269338802538E+0	-24.673217557283131E+0
414.000000000000060E+0	75.074795805467630E+0	-22.424417768202399E+0
415.000000000000060E+0	48.222110876846855E+0	-26.939443601132901E+0
416.000000000000060E+0	13.675166249984619E+0	-25.769739929346752E+0
417.000000000000060E+0	29.524315884432998E+0	-46.984427219293607E+0
418.000000000000060E+0	90.267696203897685E+0	-79.683827172021623E+0
419.000000000000060E+0	115.615663672768920E+0	-73.931936448431259E+0
420.000000000000060E+0	105.594214275456200E+0	-56.531369327909864E+0
421.000000000000060E+0	25.221032035127891E+0	-7.484065955550260E+0
422.000000000000060E+0	75.088848125714776E+0	-25.385551767121104E+0
423.000000000000060E+0	123.509631559314900E+0	-57.695424414041120E+0
424.000000000000060E+0	48.052034225974644E+0	-33.599645566664329E+0
425.000000000000060E+0	66.803830936941352E+0	-69.251855767846308E+0
426.000000000000060E+0	36.139324187377177E+0	-54.895982292517246E+0
427.000000000000060E+0	86.210807749606630E+0	-68.920356637153333E+0
428.000000000000060E+0	212.960984565460250E+0	-166.193900534680980E+0
429.000000000000060E+0	104.881124330392440E+0	-80.969169221072306E+0
430.000000000000060E+0	71.724077987237422E+0	-45.796275117322153E+0
431.000000000000060E+0	32.249338376261754E+0	-32.814523590807525E+0
432.000000000000060E+0	94.529449340189046E+0	-155.423432432581960E+0
433.000000000000060E+0	80.870131224014841E+0	-156.573617964788520E+0
434.000000000000060E+0	28.988352927328162E+0	-88.493814754491552E+0
435.000000000000060E+0	35.182784734027308E+0	-82.111217671222306E+0
436.000000000000060E+0	58.869744349691345E+0	-104.512195814136590E+0
437.000000000000060E+0	62.861751472922741E+0	-103.444509475407320E+0
438.000000000000060E+0	62.510284205211533E+0	-114.648585618120930E+0
439.000000000000060E+0	31.950541945469183E+0	-46.975652461955271E+0
440.000000000000060E+0	-974.247227291303530E-3	-10.555890777774136E+0
441.000000000000060E+0	81.676217262137044E+0	-98.269992917945501E+0
442.000000000000060E+0	128.063620420971920E+0	-70.500621683515888E+0
443.000000000000060E+0	115.490286361359580E+0	-36.534113879416708E+0
444.000000000000060E+0	144.721950796252770E+0	-21.457418281261205E+0
445.000000000000060E+0	98.937627463676350E+0	-28.289062575165822E+0
446.000000000000060E+0	310.125633539920390E+0	-135.777566410540710E+0
447.000000000000060E+0	309.230150243998030E+0	-230.586232103575700E+0
448.000000000000060E+0	195.015690480654510E+0	-212.370079013337860E+0
449.000000000000060E+0	106.540136226501570E+0	-158.421183569390020E+0
450.000000000000060E+0	96.797816130765597E+0	-182.125153570517030E+0
451.000000000000060E+0	315.350928986630380E+0	-685.064258464338880E+0
452.000000000000060E+0	114.048690667106210E+0	-419.646417866773280E+0
453.000000000000060E+0	33.244808608754013E+0	-166.086373498412170E+0
454.000000000000060E+0	19.108985255069975E+0	-244.349496845133730E+0
455.000000000000060E+0	-21.545837591292145E+0	-314.713544070566060E+0
456.000000000000060E+0	-66.545205532596384E+0	-416.529291683944110E+0
457.000000000000060E+0	-99.620007800861728E+0	-376.135959244363560E+0
458.000000000000060E+0	-80.954710894671663E+0	-186.681833740539840E+0
459.000000000000060E+0	-48.909378252490399E+0	-124.648241947174900E+0
460.000000000000060E+0	-224.054339891864230E+0	-467.083738424929260E+0
461.000000000000060E+0	-148.967135329683340E+0	-263.905453604553940E+0
462.000000000000060E+0	-115.997495943877540E+0	-180.398848253302220E+0
463.000000000000060E+0	-58.891421749562220E+0	-72.282469761581439E+0
464.000000000000060E+0	-162.089035487909200E+0	-177.337656344793170E+0
465.000000000000060E+0	-221.668104213760610E+0	-245.468314889500160E+0
466.000000000000060E+0	-134.568141779052300E+0	-138.774611453741330E+0
467.000000000000060E+0	-169.421100827749540E+0	-152.717245209309400E+0
468.000000000000060E+0	-77.011496271851897E+0	-69.406981291932496E+0
469.000000000000060E+0	-184.220988575069410E+0	-148.931347074335890E+0
470.000000000000060E+0	-426.303854627606260E+0	-258.230601872204430E+0
471.000000000000060E+0	-197.608754250252450E+0	-85.191486906222650E+0
472.000000000000060E+0	-90.895107951892427E+0	-46.540141343973886E+0
473.000000000000060E+0	-147.242645639477980E+0	-46.094898877571936E+0
474.000000000000060E+0	-225.067711144027580E+0	-53.580509207276052E+0
475.000000000000060E+0	-235.479504737868270E+0	-62.042915320688188E+0
476.000000000000060E+0	-160.357807928066450E+0	-44.898261477087900E+0
477.000000000000060E+0	-88.814339931105479E+0	-32.678871905478687E+0
478.000000000000060E+0	-89.215397723494561E+0	-29.038190742172993E+0
479.000000000000060E+0	-234.911284761651440E+0	-69.855231447229826E+0
480.000000000000060E+0	-169.447261639595070E+0	-37.532110245976789E+0
481.000000000000060E+0	-89.702580017257674E+0	-6.364119762412411E+0
482.000000000000060E+0	-56.701225337923631E+0	-5.794325464314210E+0
483.000000000000060E+0	-213.242389559172750E+0	-17.101994336603116E+0
484.000000000000060E+0	-167.296628023065150E+0	569.891101882381790E-3
485.000000000000060E+0	-91.876238984364150E+0	-2.293286179644323E+0
486.000000000000060E+0	-96.182694351655158E+0	7.913096216688833E+0
487.000000000000060E+0	-31.857054101627892E+0	3.060673596773892E+0
488.000000000000060E+0	-147.505750115219400E+0	20.621571422447104E+0
489.000000000000060E+0	-140.719731243397350E+0	34.649062932413827E+0
490.000000000000060E+0	-67.337608000891066E+0	19.527458643665003E+0
491.000000000000060E+0	-39.436899872366794E+0	8.984273591340607E+0
492.000000000000060E+0	-89.934813237299679E+0	15.190227556652934E+0
493.000000000000060E+0	-116.282846153528110E+0	20.734944106492986E+0
494.000000000000060E+0	-73.902210810401840E+0	18.910460676259706E+0
495.000000000000060E+0	-41.810807787800385E+0	14.247610191056200E+0
496.000000000000060E+0	-48.414874794605886E+0	12.973564094306500E+0
497.000000000000060E+0	-58.016178663176973E+0	17.597390178298138E+0
498.000000000000060E+0	-114.785176832194370E+0	32.109350770284877E+0
499.000000000000060E+0	-82.020668762430617E+0	23.227433422371728E+0
500.000000000000060E+0	-27.397436584562531E+0	8.213067346551025E+0
501.000000000000060E+0	-41.115018725068353E+0	6.820247438825969E+0
502.000000000000060E+0	-112.385355278911110E+0	27.403887240135692E+0
503.000000000000060E+0	-58.599511563353090E+0	10.706163983142488E+0
504.000000000000060E+0	-30.511946733935211E+0	11.286697755234737E+0
505.000000000000060E+0	-36.255716445033151E+0	18.918033166422145E+0
506.000000000000060E+0	-35.710524310642647E+0	12.358987018943880E+0
507.000000000000060E+0	-89.898262154286939E+0	34.357521486985888E+0
508.000000000000060E+0	-51.102828365136261E+0	19.219370084636232E+0
509.000000000000060E+0	-34.872115695169647E+0	12.612704826395950E+0
510.000000000000060E+0	-12.429758449279864E+0	4.799121616578956E+0
511.000000000000060E+0	-56.065691873893400E+0	20.642683677143086E+0
512.000000000000110E+0	-58.760400743813307E+0	26.521941246062092E+0
513.000000000000110E+0	-19.723912602821013E+0	12.447784611349558E+0
514.000000000000110E+0	-19.207720614918262E+0	8.204118193639376E+0
515.000000000000110E+0	-17.067685503938812E+0	3.712459116569955E+0
516.000000000000110E+0	-10.526685619732772E+0	7.301670351632008E+0
517.000000000000110E+0	-15.051633113083408E+0	6.743345081359898E+0
518.000000000000110E+0	1.556877255566123E+0	-3.811100290448127E+0
519.000000000000110E+0	-805.460127984181540E-3	3.228059256206474E+0
520.000000000000110E+0	-13.690844732401946E+0	-29.633199791052380E+0
521.000000000000110E+0	-16.706458773033155E+0	-76.188655009391653E+0
522.000000000000110E+0	-15.430471226868036E+0	-69.336754391383337E+0
523.000000000000110E+0	-12.037565476480692E+0	-42.223296047828505E+0
524.000000000000110E+0	-18.758951547484006E+0	-45.117213881012972E+0
525.000000000000110E+0	-90.325846593883099E+0	-85.185404659764018E+0
526.000000000000110E+0	-149.541717191144760E+0	-99.061046591050882E+0
527.000000000000110E+0	-107.828904661651710E+0	-70.060014527802792E+0
528.000000000000110E+0	-91.757647753244484E+0	-30.834947168726256E+0
529.000000000000110E+0	-43.168464958006510E+0	-10.162610032461306E+0
530.000000000000110E+0	-226.351697402854600E+0	-9.439359621894898E+0
531.000000000000110E+0	-160.702101099499230E+0	13.359146980875536E+0
532.000000000000110E+0	-40.896729499810092E+0	10.013099872869953E+0
533.000000000000110E+0	-66.679791555705322E+0	11.527552066911772E+0
534.000000000000110E+0	-76.653238995467959E+0	15.604816603984707E+0
535.000000000000110E+0	-99.575999732580001E+0	47.116273302843666E+0
536.000000000000110E+0	-87.036608329521897E+0	67.569262637045824E+0
537.000000000000110E+0	-58.935144644595915E+0	48.160036970610108E+0
538.000000000000110E+0	-33.532907597472494E+0	11.862642673258708E+0
539.000000000000110E+0	-83.226049956221004E+0	43.278269360163001E+0
540.000000000000110E+0	-58.386748510063342E+0	58.088461230088498E+0
541.000000000000110E+0	-37.851737206914734E+0	47.944845197795772E+0
542.000000000000110E+0	-13.405363747315869E+0	12.010481445364778E+0
543.000000000000110E+0	-46.423123314616696E+0	22.404672103740211E+0
544.000000000000110E+0	-57.416834402192777E+0	26.050104396243029E+0
545.000000000000110E+0	-22.527714807318173E+0	12.924069486817881E+0
546.000000000000110E+0	-27.489172184157873E+0	29.042280676233624E+0
547.000000000000110E+0	-22.382800797597021E+0	13.854674722158046E+0
548.000000000000110E+0	-32.202075777125060E+0	7.604666113383523E+0
549.000000000000110E+0	-114.699461053247500E+0	25.139012935612200E+0
550.000000000000110E+0	-63.423610155007566E+0	2.346364154883721E+0
551.000000000000110E+0	-15.768039885985420E+0	2.073388015856115E+0
552.000000000000110E+0	-38.533543583240238E+0	13.366777805427503E+0
553.000000000000110E+0	-82.595502660849902E+0	25.862417760770835E+0
554.000000000000110E+0	-114.390770126164580E+0	43.581638909769524E+0
555.000000000000110E+0	-47.271855916814431E+0	20.873573551560519E+0
556.000000000000110E+0	-53.458864747854648E+0	33.198548965875915E+0
557.000000000000110E+0	-45.428901326282144E+0	20.826895178304220E+0
558.000000000000110E+0	-86.593276570140205E+0	64.515608464744147E+0
559.000000000000110E+0	-87.829892457088718E+0	106.252005703501110E+0
560.000000000000110E+0	-38.829639634570647E+0	57.553406805949422E+0
561.000000000000110E+0	-13.333889180693541E+0	13.655142511926993E+0
562.000000000000110E+0	-52.591103009051572E+0	104.879335625980760E+0
563.000000000000110E+0	-24.104626811635171E+0	96.688458197759729E+0
564.000000000000110E+0	-6.590972376518144E+0	63.386959211635279E+0
565.000000000000110E+0	-12.628672911468112E+0	64.887785381337778E+0
566.000000000000110E+0	-8.348848076012770E+0	24.504850168224049E+0
567.000000000000110E+0	-20.753799106958660E+0	64.630503569802386E+0
568.000000000000110E+0	-17.561864598510706E+0	55.450740867974574E+0
569.000000000000110E+0	-9.818498474725754E+0	27.479269050566273E+0
570.000000000000110E+0	964.812338437769590E-3	5.623595833712547E+0
571.000000000000110E+0	-2.705295241605099E+0	27.790822053538960E+0
572.000000000000110E+0	-24.803184909585834E+0	51.565472302894037E+0
573.000000000000110E+0	-19.608158884128272E+0	26.806525332510471E+0
574.000000000000110E+0	-2.335824700155795E+0	7.861636915369038E+0
575.000000000000110E+0	-10.854483969994167E+0	27.165109052693470E+0
576.000000000000110E+0	-21.446183883507089E+0	22.479048668899647E+0
577.000000000000110E+0	-51.476801415602914E+0	35.969986481313143E+0
578.000000000000110E+0	-47.559808322050891E+0	31.983436529940509E+0
579.000000000000110E+0	-8.648211199865871E+0	8.077288971439357E+0
580.000000000000110E+0	-12.071988874394844E+0	23.333921048269843E+0
581.000000000000110E+0	-59.815398434424878E+0	81.289015918318384E+0
582.000000000000110E+0	-45.158048921901653E+0	67.381505813942027E+0
583.000000000000110E+0	-26.306573756276400E+0	34.176712969215032E+0
584.000000000000110E+0	-21.903584200669368E+0	24.675324673087331E+0
585.000000000000110E+0	-16.199473870698103E+0	33.672358307939326E+0
586.000000000000110E+0	-18.400894485335840E+0	96.877443065333125E+0
587.000000000000110E+0	-18.408141824757280E+0	90.830685166322183E+0
588.000000000000110E+0	-12.961111641009442E+0	83.344966373058881E+0
589.000000000000110E+0	1.400591016575641E+0	16.947694596505652E+0
590.000000000000110E+0	23.334563400856091E+0	123.911774074806570E+0
591.000000000000110E+0	60.310521383732087E+0	191.107040931007730E+0
592.000000000000110E+0	21.630877042943652E+0	71.672080946989098E+0
593.000000000000110E+0	13.939358085860382E+0	22.478167005941280E+0
594.000000000000110E+0	40.347484238871509E+0	26.721020801653935E+0
595.000000000000110E+0	67.900641049496841E+0	38.183870466060043E+0
596.000000000000110E+0	86.242670996105048E+0	44.667367150646861E+0
597.000000000000110E+0	61.299516311014159E+0	26.207358506509138E+0
598.000000000000110E+0	22.332321130273513E+0	7.205686559376216E+0
599.000000000000110E+0	38.151832946992002E+0	17.120294221755472E+0
600.000000000000110E+0	70.012834902287608E+0	20.454745148569600E+0
601.000000000000110E+0	59.141644148044051E+0	1.284975878615248E+0
602.000000000000110E+0	16.867368383327165E+0	-6.816339200008160E+0
603.000000000000110E+0	25.177313190538701E+0	-1.441060786506579E+0
604.000000000000110E+0	52.577749335679940E+0	-14.797882083162373E+0
605.000000000000110E+0	56.618041021873658E+0	-22.150232654547288E+0
606.000000000000110E+0	49.664120243553377E+0	-13.201053271363529E+0
607.000000000000110E+0	47.962677426729257E+0	-6.042218128113799E+0
608.000000000000110E+0	5.427822706412281E+0	3.836503083333223E+0
609.000000000000110E+0	57.267690252472846E+0	-36.062241519306085E+0
610.000000000000110E+0	61.311200345396131E+0	-36.971081090169854E+0
611.000000000000110E+0	25.129178565291674E+0	-11.002129003636579E+0
612.000000000000110E+0	10.321814982531404E+0	-6.242696893817375E+0
613.000000000000110E+0	25.091895980023636E+0	-23.964807621443501E+0
614.000000000000110E+0	38.615092565839944E+0	-45.532291460544641E+0
615.000000000000110E+0	30.885004230590319E+0	-32.869960941119771E+0
616.000000000000110E+0	18.292370972578745E+0	-19.324089278422427E+0
617.000000000000110E+0	10.341287721158439E+0	-14.857640561930319E+0
618.000000000000110E+0	21.177384513980751E+0	-24.755519799956510E+0
619.000000000000110E+0	38.574214398783646E+0	-57.324079050439764E+0
620.000000000000110E+0	32.390791708730418E+0	-49.658318529439128E+0
621.000000000000110E+0	5.437173601248733E+0	-6.527043574833672E+0
622.000000000000110E+0	14.516146239233853E+0	-32.119973606358471E+0
623.000000000000110E+0	29.059602401793235E+0	-63.566866704347618E+0
624.000000000000110E+0	18.410927985416109E+0	-42.551307637434462E+0
625.000000000000110E+0	20.842947518108012E+0	-36.126593896164643E+0
626.000000000000110E+0	11.432610690262816E+0	-20.664840479197121E+0
627.000000000000110E+0	8.738452531172225E+0	-25.263224792699951E+0
628.000000000000110E+0	41.110393152362334E+0	-87.279996730328207E+0
629.000000000000110E+0	35.813790626836621E+0	-65.606916867398283E+0
630.000000000000110E+0	13.084219328042712E+0	-28.971252920465311E+0
631.000000000000110E+0	7.520122183983982E+0	-21.716595095018569E+0
632.000000000000110E+0	43.694612763150310E+0	-84.048649772380457E+0
633.000000000000110E+0	62.954599255384593E+0	-118.325454202082230E+0
634.000000000000110E+0	17.713967750195014E+0	-36.186330931525717E+0
635.000000000000110E+0	21.530750108536424E+0	-55.948652383635512E+0
636.000000000000110E+0	9.525079023653536E+0	-35.863157281729968E+0
637.000000000000110E+0	28.959053559203465E+0	-127.221716518518950E+0
638.000000000000110E+0	51.514474974752730E+0	-214.943292799152540E+0
639.000000000000110E+0	38.241930836537634E+0	-161.098105920327610E+0
640.000000000000110E+0	9.135329564674757E+0	-22.731012020383915E+0
641.000000000000110E+0	17.957221777451913E+0	-204.807016725709300E+0
642.000000000000110E+0	411.256670972104670E-3	-304.408908008422710E+0
643.000000000000110E+0	-11.428939897013366E+0	-215.174936199891450E+0
644.000000000000110E+0	-18.937364293229741E+0	-138.970906476325300E+0
645.000000000000110E+0	-37.107096586209678E+0	-94.420423736528178E+0
646.000000000000110E+0	-149.114123349314350E+0	-261.351778103345790E+0
647.000000000000110E+0	-215.417469202420620E+0	-348.628708154443360E+0
648.000000000000110E+0	-221.678386809880350E+0	-311.463081479138620E+0
649.000000000000110E+0	-100.400336276946360E+0	-112.486675372507880E+0
650.000000000000110E+0	-70.398525294332927E+0	-41.153938041433470E+0
651.000000000000110E+0	-592.453335071050560E+0	-259.844353055710770E+0
652.000000000000110E+0	-503.727587323792590E+0	-152.782420217405900E+0
653.000000000000110E+0	-120.230000495869860E+0	-29.081041241943716E+0
654.000000000000110E+0	-204.822710884082140E+0	-28.298372173920939E+0
655.000000000000110E+0	-186.763730266200720E+0	11.933615048196952E+0
656.000000000000110E+0	-372.125490810431240E+0	38.335353165011149E+0
657.000000000000110E+0	-371.998446936513910E+0	62.698416597104142E+0
658.000000000000110E+0	-146.825294586914710E+0	30.226884860443398E+0
659.000000000000110E+0	-46.932778963591346E+0	17.335195026288932E+0
660.000000000000110E+0	-297.459305783942970E+0	128.337709950789360E+0
661.000000000000110E+0	-373.677160791548940E+0	188.356670437819730E+0
662.000000000000110E+0	-197.143656280872280E+0	112.795708565572480E+0
663.000000000000110E+0	-75.436792496412849E+0	32.803605873729722E+0
664.000000000000110E+0	-123.401698997049830E+0	90.266822049359263E+0
665.000000000000110E+0	-270.911798228592600E+0	249.101004257202870E+0
666.000000000000110E+0	-143.561578994516310E+0	170.971666673978460E+0
667.000000000000110E+0	-249.123573014191070E+0	277.811674850406800E+0
668.000000000000110E+0	-51.699438282953039E+0	60.203522689844000E+0
669.000000000000110E+0	-131.346170923596820E+0	208.503656384495850E+0
670.000000000000110E+0	-274.568567565336080E+0	550.701525824594800E+0
671.000000000000110E+0	-116.287691707653220E+0	289.074883855348840E+0
672.000000000000110E+0	-31.999480056892757E+0	83.881594851178917E+0
673.000000000000110E+0	-8.711968688144440E+0	148.491334897617070E+0
674.000000000000110E+0	39.757204956454359E+0	246.749942197053140E+0
675.000000000000110E+0	128.642356289254310E+0	397.812962970787170E+0
676.000000000000110E+0	110.351784871442310E+0	208.541977234895510E+0
677.000000000000110E+0	81.297685610271046E+0	139.029914067146020E+0
678.000000000000110E+0	47.350443673838996E+0	71.062904958824916E+0
679.000000000000110E+0	188.428857272545800E+0	163.131101908450940E+0
680.000000000000110E+0	248.406329953784590E+0	135.773895923129120E+0
681.000000000000110E+0	71.574647359132925E+0	35.792086538104265E+0
682.000000000000110E+0	23.440571473311923E+0	7.153878881967309E+0
683.000000000000110E+0	110.482523180635620E+0	40.920006902976731E+0
684.000000000000110E+0	93.536407753364386E+0	36.874142811534526E+0
685.000000000000110E+0	51.535245112291406E+0	23.738611225978804E+0
686.000000000000110E+0	49.381253701332795E+0	32.434718561858020E+0
687.000000000000110E+0	4.970996271581727E+0	7.066289387975345E+0
688.000000000000110E+0	47.416959157396704E+0	23.040142117052902E+0
689.000000000000110E+0	78.647583112441666E+0	26.381334377708320E+0
690.000000000000110E+0	41.708830698693532E+0	8.821467345785125E+0
691.000000000000110E+0	21.137580965220231E+0	1.621233432372944E+0
692.000000000000110E+0	23.481910256244429E+0	13.687907644604849E+0
693.000000000000110E+0	68.531186269110520E+0	20.194712061392149E+0
694.000000000000110E+0	30.074464998969432E+0	7.549331269531434E+0
695.000000000000110E+0	16.706027812638084E+0	525.478985654910470E-3
696.000000000000110E+0	13.754160903279367E+0	1.381141996240842E+0
697.000000000000110E+0	6.042413793401135E+0	-3.446775346042828E+0
698.000000000000110E+0	24.237934009767585E+0	-18.616642328165380E+0
699.000000000000110E+0	18.422157694384332E+0	-18.421725231897263E+0
700.000000000000110E+0	42.380850394385904E-3	-10.167475514341692E+0
701.000000000000110E+0	8.314168425011550E+0	4.579128609538540E+0
702.000000000000110E+0	-8.769267180100780E+0	3.210329522508121E+0
703.000000000000110E+0	-18.994262263825082E+0	-2.530049098924575E+0
704.000000000000110E+0	-15.655528674177878E+0	447.495093577724930E-3
705.000000000000110E+0	-12.567660420735937E+0	-919.872816157073280E-3
706.000000000000110E+0	-9.084019753905416E+0	2.353903629046033E+0
707.000000000000110E+0	-26.438186173744349E+0	15.321236208790188E+0
708.000000000000110E+0	-11.436273352168291E+0	19.570253110669633E+0
709.000000000000110E+0	-2.538226051629119E+0	21.227859027989410E+0
710.000000000000110E+0	6.448507223958805E+0	6.730459901911613E+0
711.000000000000110E+0	-26.342199707720795E+0	65.405840898007426E+0
712.000000000000110E+0	-26.019085453832826E+0	100.531730790664400E+0
713.000000000000110E+0	-8.923046218801392E+0	31.265251598299962E+0
714.000000000000110E+0	-12.617182776672760E+0	14.016096816553963E+0
715.000000000000110E+0	-9.055046488268623E+0	8.180918102690654E+0
716.000000000000110E+0	-12.725522220935099E+0	4.712307602611141E+0
717.000000000000110E+0	-18.925551279432664E+0	4.128043434099836E+0
718.000000000000110E+0	-10.622914919093642E+0	-2.435690042602617E+0
719.000000000000110E+0	3.962741543227954E+0	-1.727056981613337E+0
720.000000000000110E+0	-5.610868894062089E+0	20.213181266113203E+0
721.000000000000110E+0	-20.619635593062529E+0	40.409169646667287E+0
722.000000000000110E+0	-17.606697277814270E+0	37.654296339852443E+0
723.000000000000110E+0	-6.003702369751817E+0	15.334097733663413E+0
724.000000000000110E+0	-9.019443571167965E+0	13.496324594946682E+0
725.000000000000110E+0	-19.740668153201934E+0	26.531795919433751E+0
726.000000000000110E+0	-6.062143089040950E+0	15.561348513562621E+0
727.000000000000110E+0	1.428002129400913E+0	21.435937147877290E+0
728.000000000000110E+0	745.407662555355950E-3	7.382558040804318E+0
729.000000000000110E+0	350.634137896662920E-3	3.253920064393944E+0
730.000000000000110E+0	-20.832843887789345E+0	22.429436052226588E+0
731.000000000000110E+0	-29.901022682111193E+0	23.762308579095979E+0
732.000000000000110E+0	-8.635115333806382E+0	6.691056644570276E+0
733.000000000000110E+0	-13.733561880934687E+0	7.370361656452291E+0
734.000000000000110E+0	-12.714014220499125E+0	3.170419948146638E+0
735.000000000000110E+0	-31.885834314857345E+0	21.106349118286211E+0
736.000000000000110E+0	-19.853973067842883E+0	21.985085667766011E+0
737.000000000000110E+0	-17.589874868235704E+0	25.617149440726308E+0
738.000000000000110E+0	-8.838386439250765E+0	8.161140746542081E+0
739.000000000000110E+0	-16.638640253912875E+0	27.863305398103211E+0
740.000000000000110E+0	-49.464513472562189E+0	75.661243824197598E+0
741.000000000000110E+0	-28.490657972557120E+0	48.910379659569386E+0
742.000000000000110E+0	-7.801403386937308E+0	10.385138448373954E+0
743.000000000000110E+0	-10.717035140408187E+0	15.711783559602457E+0
744.000000000000110E+0	-12.263395104237709E+0	37.973124893103190E+0
745.000000000000110E+0	-12.321145315731172E+0	21.898353573878150E+0
746.000000000000110E+0	-7.876415394524189E+0	22.551500680761791E+0
747.000000000000110E+0	-3.867595416987064E+0	10.711409329277490E+0
748.000000000000110E+0	-5.132233834639331E+0	10.481716237511907E+0
749.000000000000110E+0	-32.504959121759313E+0	49.969052256644730E+0
750.000000000000110E+0	-35.766671567602472E+0	36.552206953377961E+0
751.000000000000110E+0	-14.466171360923038E+0	11.992027148854067E+0
752.000000000000110E+0	-3.624924794061243E+0	4.639541444724953E+0
753.000000000000110E+0	-26.678354477490238E+0	41.758772886971755E+0
754.000000000000110E+0	-51.265451261077089E+0	65.101619529208023E+0
755.000000000000110E+0	-24.278682287551497E+0	30.222396557451031E+0
756.000000000000110E+0	-24.657975488721810E+0	27.674612678108183E+0
757.000000000000110E+0	-9.972062560061033E+0	16.417101266676774E+0
758.000000000000110E+0	-30.385120122490139E+0	50.680517058059898E+0
759.000000000000110E+0	-58.808125371548954E+0	116.406070693691420E+0
760.000000000000110E+0	-15.346345063210411E+0	43.630548225476204E+0
761.000000000000110E+0	-2.195049221545960E+0	8.312773585163331E+0
762.000000000000110E+0	-15.125263473150847E+0	61.717853201349428E+0
763.000000000000110E+0	-20.919903868397881E+0	94.997982422900350E+0
764.000000000000110E+0	-8.261833186700560E+0	36.191777757654542E+0
765.000000000000110E+0	1.501374893789913E+0	27.568187665594671E+0
766.000000000000110E+0	1.347137247812594E+0	8.427889659206841E+0
767.000000000000110E+0	-482.992681052179960E-3	35.457434956533078E+0
768.000000000000110E+0	-1.223205985203851E+0	42.598748821986419E+0
769.000000000000110E+0	315.536734427446400E-3	49.956041638014781E+0
770.000000000000110E+0	954.896294715863010E-3	21.549673598611427E+0
771.000000000000110E+0	-9.842718820950697E+0	13.128133704344801E+0
772.000000000000110E+0	-45.515479180813180E+0	72.939472870178491E+0
773.000000000000110E+0	-41.906816161663833E+0	60.747857495186125E+0
774.000000000000110E+0	-14.820743825842740E+0	16.909256517632684E+0
775.000000000000110E+0	-22.468886553630607E+0	24.361574394556264E+0
776.000000000000110E+0	-14.994540424610912E+0	16.686041883768858E+0
777.000000000000110E+0	-41.298786746692983E+0	69.823536242738243E+0
778.000000000000110E+0	-60.053373265073297E+0	97.624581136107139E+0
779.000000000000110E+0	-15.281655586314821E+0	32.706571521332648E+0
780.000000000000110E+0	-9.014293814468450E+0	14.623957557801464E+0
781.000000000000110E+0	-56.042913321224525E+0	93.391355348224096E+0
782.000000000000110E+0	-75.733894565318081E+0	126.925498018887570E+0
783.000000000000110E+0	-40.086779536756936E+0	68.021409201609316E+0
784.000000000000110E+0	-14.290107542520136E+0	26.626603179290083E+0
785.000000000000110E+0	-21.737211998534196E+0	53.396881041055089E+0
786.000000000000110E+0	-41.924394455869894E+0	123.980622681968340E+0
787.000000000000110E+0	-43.874834196824210E+0	143.522093803179300E+0
788.000000000000110E+0	-38.829205917211780E+0	165.633672396970950E+0
789.000000000000110E+0	-8.397880687210996E+0	46.075387718298394E+0
790.000000000000110E+0	4.660286686052850E+0	149.893410620321620E+0
791.000000000000110E+0	54.706677196194775E+0	517.445837125623260E+0
792.000000000000110E+0	37.838599701203762E+0	205.294495283505140E+0
793.000000000000110E+0	38.043444219695871E+0	87.878749366897949E+0
794.000000000000110E+0	58.052929022771551E+0	92.136684640318435E+0
795.000000000000110E+0	131.601057133414230E+0	156.613123630153410E+0
796.000000000000110E+0	197.712390745269030E+0	153.311464456840840E+0
797.000000000000110E+0	199.293648569028220E+0	97.925150311807911E+0
798.000000000000110E+0	83.509684779590955E+0	30.785735124481512E+0
799.000000000000110E+0	55.687033640346044E+0	32.808037078782533E+0
800.000000000000110E+0	192.735388336145040E+0	83.248601801298534E+0
801.000000000000110E+0	267.593957463303240E+0	92.034908160610797E+0
802.000000000000110E+0	65.404251955132551E+0	16.463002262664048E+0
803.000000000000110E+0	38.537241037819605E+0	11.589085466340325E+0
804.000000000000110E+0	112.330504415138490E+0	26.348592609303033E+0
805.000000000000110E+0	123.779005797369710E+0	11.698780630798499E+0
806.000000000000110E+0	121.567858289080190E+0	8.767168647721427E+0
807.000000000000110E+0	122.366478694514210E+0	5.164221479707501E+0
808.000000000000110E+0	11.733581114907482E+0	1.967154066750925E+0
809.000000000000110E+0	141.981474670037440E+0	-23.689499710121375E+0
810.000000000000110E+0	222.781769156683370E+0	-75.911785637426163E+0
811.000000000000110E+0	89.987233494184437E+0	-49.017863837942599E+0
812.000000000000110E+0	29.294552246516236E+0	-22.896742654493924E+0
813.000000000000110E+0	37.731326866118181E+0	-27.723104113405384E+0
814.000000000000110E+0	106.248778323526950E+0	-100.545643187658090E+0
815.000000000000110E+0	61.143566901845077E+0	-63.869049965592850E+0
816.000000000000110E+0	27.420584815738273E+0	-33.738043140387148E+0
817.000000000000110E+0	15.323550655770964E+0	-26.949781588576521E+0
818.000000000000110E+0	10.955642806414993E+0	-17.342484597136217E+0
819.000000000000110E+0	28.789864586846456E+0	-80.329587066607942E+0
820.000000000000110E+0	19.267237268068765E+0	-77.522163690562650E+0
821.000000000000110E+0	3.933284704761673E+0	-16.653971990255027E+0
822.000000000000110E+0	6.341991191550423E+0	-13.759635075325443E+0
823.000000000000110E+0	14.150515376071203E+0	-40.055336123967628E+0
824.000000000000110E+0	4.771293748482854E+0	-21.195999563677557E+0
825.000000000000110E+0	238.836333750201520E-3	-21.075314304343962E+0
826.000000000000110E+0	748.899866504164400E-3	-8.282648180512812E+0
827.000000000000110E+0	1.002291814531358E+0	-4.435312712609265E+0
828.000000000000110E+0	-2.431329903426982E+0	-12.365043980319246E+0
829.000000000000110E+0	-2.155109205604789E+0	-12.511761057876562E+0
830.000000000000110E+0	374.052457207063700E-3	-5.915030159955501E+0
831.000000000000110E+0	972.053593137994330E-3	182.075073372183820E-3
832.000000000000110E+0	-2.751537291045480E+0	1.891651984641397E+0
833.000000000000110E+0	-4.489991115155195E+0	331.869448620065900E-3
834.000000000000110E+0	-1.257335431736090E+0	-1.202548025920026E+0
835.000000000000110E+0	1.436823171794070E+0	-323.171240055918300E-3
836.000000000000110E+0	317.378043960273080E-3	-33.641602647748695E-3
837.000000000000110E+0	2.683645845593938E+0	1.682278428330251E+0
838.000000000000110E+0	4.989924399281001E+0	9.471284587109391E+0
839.000000000000110E+0	3.286119923532072E+0	7.412373195974075E+0
840.000000000000110E+0	1.250180015534489E+0	3.632501667947999E+0
841.000000000000110E+0	-5.195244688376382E+0	5.031210595170330E+0
842.000000000000110E+0	-9.275644448881067E+0	12.542033861174987E+0
843.000000000000110E+0	-5.428270558826834E+0	14.825094304174703E+0
844.000000000000110E+0	-3.453118560397720E+0	7.368264558605498E+0
845.000000000000110E+0	-1.695171306733014E+0	4.655697108657114E+0
846.000000000000110E+0	977.474023837624490E-3	16.196139516033405E+0
847.000000000000110E+0	301.073575408981550E-3	29.541579438549075E+0
848.000000000000110E+0	-8.468546212799538E+0	49.871282097192903E+0
849.000000000000110E+0	-6.408126879417315E+0	28.958033151120389E+0
850.000000000000110E+0	-275.722861917445940E-3	1.976747327728945E+0
851.000000000000110E+0	4.237491787870257E+0	70.830006821843185E+0
852.000000000000110E+0	6.893291070899818E+0	68.901619669996037E+0
853.000000000000110E+0	3.386244056561128E+0	23.546791141644924E+0
854.000000000000110E+0	10.133229932476713E+0	21.009969087427969E+0
855.000000000000110E+0	13.913130832192673E+0	21.807824944848960E+0
856.000000000000110E+0	30.676374477469487E+0	59.883211133548443E+0
857.000000000000110E+0	36.193914924258216E+0	56.676983584345670E+0
858.000000000000110E+0	14.990399853839387E+0	23.096464634139000E+0
859.000000000000110E+0	5.868846807547170E+0	6.199825658685097E+0
860.000000000000110E+0	12.920569518427689E+0	16.658384843882807E+0
861.000000000000110E+0	33.479437092010293E+0	43.477455543705787E+0
862.000000000000110E+0	14.240387458834169E+0	14.807017445757731E+0
863.000000000000110E+0	4.842012668057615E+0	1.602106697809335E+0
864.000000000000110E+0	8.250398485864290E+0	14.330561466389440E+0
865.000000000000110E+0	11.285424017118091E+0	28.354269793803297E+0
866.000000000000110E+0	5.507995903694352E+0	22.562123956822241E+0
867.000000000000110E+0	4.308874746364820E+0	35.241127186701810E+0
868.000000000000110E+0	2.224471334699858E+0	10.847965814321046E+0
869.000000000000110E+0	-3.056951795594590E+0	14.775107837364677E+0
870.000000000000110E+0	-19.895454409928877E+0	83.256524458356452E+0
871.000000000000110E+0	-15.320770887046404E+0	53.744601836004207E+0
872.000000000000110E+0	-1.818992868055298E+0	21.948595199263298E+0
873.000000000000110E+0	4.992458320205351E+0	14.127630189999289E+0
874.000000000000110E+0	4.193623150143383E+0	79.859827531603912E+0
875.000000000000110E+0	13.071087807278280E+0	138.316951790723550E+0
876.000000000000110E+0	21.659325628374685E+0	87.345482250563137E+0
877.000000000000110E+0	25.812124630135237E+0	104.064459828653610E+0
878.000000000000110E+0	5.735923837928840E+0	30.481003565491772E+0
879.000000000000110E+0	63.765412262684450E+0	118.273615359136640E+0
880.000000000000110E+0	223.768134762212240E+0	318.678349964630460E+0
881.000000000000110E+0	120.662609962072030E+0	142.366245851704580E+0
882.000000000000110E+0	24.199436276442803E+0	19.156010605528891E+0
883.000000000000110E+0	159.472564414632670E+0	78.761921503237701E+0
884.000000000000110E+0	235.158874451890820E+0	90.811792526201017E+0
885.000000000000110E+0	197.581056349826380E+0	54.791577409025614E+0
886.000000000000110E+0	142.610268175138740E+0	23.913547949975705E+0
887.000000000000110E+0	57.115912899573097E+0	9.060609608164919E+0
888.000000000000110E+0	115.762424317041980E+0	-3.608733371380653E+0
889.000000000000110E+0	254.413549553434680E+0	-35.800950078682575E+0
890.000000000000110E+0	164.612773413730740E+0	-35.878876714913112E+0
891.000000000000110E+0	56.981240787474462E+0	-19.699593753623873E+0
892.000000000000110E+0	50.926696182864319E+0	-9.443310245919804E+0
893.000000000000110E+0	257.130590551993580E+0	-64.864819615755465E+0
894.000000000000110E+0	131.910371941904200E+0	-36.715347101683236E+0
895.000000000000110E+0	56.504293737769345E+0	-17.944546224190667E+0
896.000000000000110E+0	58.035431945249378E+0	-27.643699526405328E+0
897.000000000000110E+0	30.221338560499600E+0	-18.266565780876686E+0
898.000000000000110E+0	163.980989207096570E+0	-80.841447266192517E+0
899.000000000000110E+0	177.461316879750600E+0	-95.622096021926950E+0
900.000000000000110E+0	48.859218160368940E+0	-29.506117035727193E+0
901.000000000000110E+0	19.558912747931345E+0	-11.121844161180082E+0
902.000000000000110E+0	110.770599194769010E+0	-64.639483878915001E+0
903.000000000000110E+0	138.540008277997540E+0	-89.361286413473905E+0
904.000000000000110E+0	62.419940079604729E+0	-46.597104142510247E+0
905.000000000000110E+0	19.352901131293688E+0	-24.042236718462753E+0
906.000000000000110E+0	32.930624772203501E+0	-42.968137374436296E+0
907.000000000000110E+0	58.151458288915570E+0	-75.385551168096498E+0
908.000000000000110E+0	95.436460923655275E+0	-142.542921262365070E+0
909.000000000000110E+0	74.439630264464156E+0	-137.744764612533170E+0
910.000000000000110E+0	16.920862636225795E+0	-23.557211799181470E+0
911.000000000000110E+0	9.757474839584418E+0	-68.149804496561003E+0
912.000000000000110E+0	19.799276358255600E+0	-270.367634842182210E+0
913.000000000000110E+0	-4.938878365816692E+0	-111.974130526108710E+0
914.000000000000110E+0	-7.446574792359894E+0	-44.346683361388322E+0
915.000000000000110E+0	-14.645870653436145E+0	-47.169350461525838E+0
916.000000000000110E+0	-13.110958719667655E+0	-43.187606265425217E+0
917.000000000000110E+0	-53.760492603914315E+0	-102.214862528083510E+0
918.000000000000110E+0	-35.896369043466343E+0	-66.915691155894194E+0
919.000000000000110E+0	-18.654371741200489E+0	-31.978700655193808E+0
920.000000000000110E+0	-1.346927127144007E+0	-8.935768791210828E+0
921.000000000000110E+0	-9.498032195625827E+0	-70.884413303695211E+0
922.000000000000110E+0	-3.486767214195191E+0	-80.695225011164439E+0
923.000000000000110E+0	-1.685710251375301E+0	-29.702685840997219E+0
924.000000000000110E+0	-410.722014584891490E-3	-14.232381693665900E+0
925.000000000000110E+0	1.001187615083055E+0	-40.221836107714047E+0
926.000000000000110E+0	-898.763507334509270E-3	-52.953692372484170E+0
927.000000000000110E+0	-739.552766534625320E-3	-88.940271032938597E+0
928.000000000000110E+0	277.943815299879770E-3	-80.780252378691173E+0
929.000000000000110E+0	75.246573657179835E-3	-10.992051965538622E+0
930.000000000000110E+0	-10.005084381186462E+0	-89.810832337422681E+0
931.000000000000110E+0	-39.491399159142716E+0	-154.564417386234540E+0
932.000000000000110E+0	-29.330580416500709E+0	-64.671105922669000E+0
933.000000000000110E+0	-21.025636365250328E+0	-23.489945307906670E+0
934.000000000000110E+0	-28.646781873264480E+0	-36.166523312814590E+0
935.000000000000110E+0	-64.359060978869905E+0	-75.277016942971528E+0
936.000000000000110E+0	-60.878088306570511E+0	-62.648540114994091E+0
937.000000000000110E+0	-34.356583502409912E+0	-35.637971556934289E+0
938.000000000000110E+0	-20.582947950234509E+0	-26.745363803443514E+0
939.000000000000110E+0	-6.398038909363162E+0	-3.439323017358617E+0
940.000000000000110E+0	-95.112471869746173E+0	-44.790488631073558E+0
941.000000000000110E+0	-75.651496929438437E+0	-41.388504314212739E+0
942.000000000000110E+0	-10.525081390115064E+0	-6.987678728518169E+0
943.000000000000110E+0	-17.629369746328937E+0	-8.923104296155767E+0
944.000000000000110E+0	-32.524350993866989E+0	-14.670961633268822E+0
945.000000000000110E+0	-18.549800482528401E+0	-10.619353935718321E+0
946.000000000000110E+0	-11.426228666372058E+0	-8.667640471390699E+0
947.000000000000110E+0	-5.611257548464658E+0	-5.255465444093091E+0
948.000000000000110E+0	-2.533492603478037E+0	-3.736079908948098E+0
949.000000000000110E+0	-13.687895416762899E+0	-20.159324582951250E+0
950.000000000000110E+0	-17.359230655915532E+0	-27.711625651408600E+0
951.000000000000110E+0	-10.414467606589856E+0	-16.615555477612677E+0
952.000000000000110E+0	-2.825188720802433E+0	-3.258888037132456E+0
953.000000000000110E+0	-16.723098638812008E+0	-31.473115905670717E+0
954.000000000000110E+0	-25.425014672278813E+0	-46.172150325986976E+0
955.000000000000110E+0	-8.270057949563526E+0	-17.493902046795021E+0
956.000000000000110E+0	-11.324258772802995E+0	-15.041242312045878E+0
957.000000000000110E+0	-7.842307891528259E+0	-8.237964021258376E+0
958.000000000000110E+0	-14.373410472171539E+0	-15.334511877887774E+0
959.000000000000110E+0	-42.133317549629311E+0	-30.187240517462612E+0
960.000000000000110E+0	-18.632820898579524E+0	-4.943156109527120E+0
961.000000000000110E+0	-4.532790334784059E+0	-1.674817503008325E+0
962.000000000000110E+0	-9.212516129997915E+0	-11.436248302037679E+0
963.000000000000110E+0	-13.568750187099941E+0	-10.780447138567467E+0
964.000000000000110E+0	-11.715008642986263E+0	-4.212650689138034E+0
965.000000000000110E+0	-5.941253737767274E+0	-451.017065509484560E-3
966.000000000000110E+0	-5.779159979230409E+0	-1.561785010629194E+0
967.000000000000110E+0	-7.566289445940255E+0	-5.579522899691212E+0
968.000000000000110E+0	-13.737704999354673E+0	-11.480840176720594E+0
969.000000000000110E+0	-13.416626534978942E+0	-14.988086877816434E+0
970.000000000000110E+0	-4.104003582897567E+0	-6.568564596671385E+0
971.000000000000110E+0	-2.414512058586496E+0	-1.509355725840787E+0
972.000000000000110E+0	-22.104693719352191E+0	-21.953172248362357E+0
973.000000000000110E+0	-13.609932765479670E+0	-13.266639636844394E+0
974.000000000000110E+0	-3.078276563738164E+0	-3.217427218584994E+0
975.000000000000110E+0	-2.781265855363151E+0	-1.543860082084378E+0
976.000000000000110E+0	-3.139611257640053E+0	-1.638556526243117E+0
977.000000000000110E+0	-10.350727506958894E+0	-8.418199181726720E+0
978.000000000000110E+0	-9.563880669475333E+0	-11.647825183735252E+0
979.000000000000110E+0	-2.697915238151638E+0	-3.467552857387397E+0
980.000000000000110E+0	-26.293044439648972E-3	-361.186207498646610E-3
981.000000000000110E+0	-4.378730703746905E+0	-5.320715504365238E+0
982.000000000000110E+0	-6.070664499617061E+0	-16.097711117826371E+0
983.000000000000110E+0	-1.791401619364453E+0	-8.116482225992014E+0
984.000000000000110E+0	-258.902105801691370E-3	-234.997774476635610E-3
985.000000000000110E+0	-2.106992522839530E+0	-5.494494853131097E+0
986.000000000000110E+0	-1.012241337610237E+0	-8.889194527826794E+0
987.000000000000110E+0	-2.916917306183840E+0	-11.571810588063249E+0
988.000000000000110E+0	-6.870518720775482E+0	-18.481350443713545E+0
989.000000000000110E+0	-746.141277187552080E-3	-3.553885314360701E+0
990.000000000000110E+0	-5.392862969138833E+0	-6.091550654419251E+0
991.000000000000110E+0	-28.988457284851592E+0	-30.938545055800823E+0
992.000000000000110E+0	-16.598253949397264E+0	-15.549606886209855E+0
993.000000000000110E+0	-3.000689812282106E+0	-4.720134379037301E+0
994.000000000000110E+0	-612.874295197062710E-3	-1.230810339921959E+0
995.000000000000110E+0	-10.230802181026137E+0	-7.169192356549185E+0
996.000000000000110E+0	-20.094638196036573E+0	-12.287410293502541E+0
997.000000000000110E+0	-6.780026991883981E+0	-3.931215683251006E+0
998.000000000000110E+0	-6.193553761375036E+0	-1.671859797000565E+0
999.000000000000110E+0	-317.168217089746070E-3	-443.545132602280230E-3
1.000000000000000E+3	-21.409284833894908E+0	-520.382954122420530E-3
