Freq (Hz)	accelerometre (V^2 )	source
source
source(V^2 )
10.000000000000020E+0	5.265683119772953E-3	162.059455950241740E-3
11.000000000000021E+0	5.511720047774496E-3	374.864690143575540E-3
12.000000000000023E+0	1.898853402335794E-3	949.899452155390070E-3
13.000000000000025E+0	744.295606951827190E-6	1.021965124110187E+0
14.000000000000027E+0	8.584987878144242E-3	1.759776091781879E+0
15.000000000000028E+0	3.232087099527413E-3	2.430401245507894E+0
16.000000000000032E+0	5.847052234572939E-3	3.032500660411215E+0
17.000000000000036E+0	17.211184189771557E-3	4.531548793007636E+0
18.000000000000039E+0	1.334305970932153E-3	4.675029675103199E+0
19.000000000000043E+0	23.350566416499543E-3	4.836178561697898E+0
20.000000000000046E+0	20.179577774234809E-3	5.832060917729104E+0
21.000000000000050E+0	40.373890790076132E-3	8.361378238136689E+0
22.000000000000053E+0	30.627938068511419E-3	9.264577176758817E+0
23.000000000000057E+0	98.942301177993491E-3	10.818716173330047E+0
24.000000000000060E+0	185.072858477674020E-3	15.785088575487441E+0
25.000000000000064E+0	348.137899408049570E-3	23.039612152469740E+0
26.000000000000067E+0	1.033979716403709E+0	40.764440862727874E+0
27.000000000000071E+0	441.397320516350720E-3	30.633716499747653E+0
28.000000000000075E+0	351.452094674397860E-3	30.137372355930307E+0
29.000000000000078E+0	170.518001970831720E-3	17.167306044221366E+0
30.000000000000082E+0	232.259928555740680E-3	14.233193165798657E+0
31.000000000000085E+0	1.831347029385692E+0	23.240633126575776E+0
32.000000000000085E+0	1.659470743061169E+0	28.801586759885652E+0
33.000000000000085E+0	1.121202959357674E+0	29.127129079710993E+0
34.000000000000085E+0	1.112042362374724E+0	18.525758945272873E+0
35.000000000000085E+0	1.697794851455499E+0	14.811372981929836E+0
36.000000000000085E+0	2.480793151687977E+0	35.377985293014618E+0
37.000000000000085E+0	233.042559694024790E-3	55.195031073290444E+0
38.000000000000085E+0	592.179116758697610E-3	39.929069821313917E+0
39.000000000000085E+0	1.026259153087359E+0	17.670964960445747E+0
40.000000000000085E+0	1.424154715669704E+0	33.154137273354422E+0
41.000000000000085E+0	4.572783536777632E+0	70.846769611135343E+0
42.000000000000085E+0	5.037446099545020E+0	61.548869499643601E+0
43.000000000000085E+0	1.751478587932298E+0	29.439445703997315E+0
44.000000000000085E+0	1.579947657218161E+0	17.768830165085028E+0
45.000000000000085E+0	3.677096228819219E+0	45.081199838386084E+0
46.000000000000085E+0	5.232846399179842E+0	77.250058368147322E+0
47.000000000000085E+0	4.469805865266650E+0	63.511441726363884E+0
48.000000000000085E+0	3.303885602622419E+0	30.401396865742765E+0
49.000000000000085E+0	2.500469399966390E+0	27.336290149377003E+0
50.000000000000085E+0	6.144067188137968E+0	92.450872251052516E+0
51.000000000000085E+0	8.132513548036851E+0	130.863718791594780E+0
52.000000000000085E+0	3.270483814016299E+0	72.120563361783169E+0
53.000000000000085E+0	1.458446201346236E+0	36.027231286144620E+0
54.000000000000085E+0	2.789096909820321E+0	79.714250144958157E+0
55.000000000000085E+0	2.804362241311375E+0	102.505167850983870E+0
56.000000000000085E+0	2.079479783943924E+0	102.739436158141490E+0
57.000000000000085E+0	548.860492181871610E-3	60.033586868558487E+0
58.000000000000085E+0	39.244562539029790E-3	16.724980957548766E+0
59.000000000000085E+0	1.807027522557248E+0	99.629255297689255E+0
60.000000000000085E+0	4.063725907082028E+0	202.341320700986590E+0
61.000000000000085E+0	949.154623499081750E-3	115.089018030223060E+0
62.000000000000085E+0	426.663594777250910E-3	35.281690389225687E+0
63.000000000000085E+0	405.799004756310140E-3	128.819291241420470E+0
64.000000000000085E+0	363.962054952641390E-3	200.805460379495800E+0
65.000000000000085E+0	375.937019719196800E-3	293.178241946421740E+0
66.000000000000085E+0	660.680161007683010E-3	333.649769820216190E+0
67.000000000000085E+0	6.902782871829615E+0	114.870013937856580E+0
68.000000000000085E+0	14.843498842990439E+0	135.260327883648390E+0
69.000000000000085E+0	18.676342291843021E+0	347.506600445105620E+0
70.000000000000085E+0	19.265186009366854E+0	339.090006727821560E+0
71.000000000000085E+0	17.825875381759140E+0	124.799521715145290E+0
72.000000000000085E+0	33.479095311479128E+0	107.927002753909920E+0
73.000000000000085E+0	55.813983497873394E+0	293.937614892758520E+0
74.000000000000085E+0	57.281115992889184E+0	345.084221668658470E+0
75.000000000000085E+0	49.254500124442202E+0	347.421694963072130E+0
76.000000000000085E+0	21.018710751980578E+0	272.556782265497640E+0
77.000000000000085E+0	27.054707944460251E+0	138.812710671774250E+0
78.000000000000085E+0	79.779135497431255E+0	503.850048381659120E+0
79.000000000000085E+0	62.825939069722118E+0	521.779500136848350E+0
80.000000000000085E+0	11.648583118394594E+0	132.755872614562520E+0
81.000000000000085E+0	11.872308858274602E+0	65.488785158630918E+0
82.000000000000085E+0	23.264215947908639E+0	143.168280904696730E+0
83.000000000000085E+0	23.368466889764964E+0	201.841605518734330E+0
84.000000000000085E+0	6.401506665742323E+0	129.860346003662040E+0
85.000000000000085E+0	1.365675780414566E+0	51.394873753349678E+0
86.000000000000085E+0	460.570009807218180E-3	39.663494544502498E+0
87.000000000000085E+0	7.007071789133095E+0	39.240231549531792E+0
88.000000000000085E+0	29.791313542377804E+0	194.014929508264570E+0
89.000000000000085E+0	16.392075989833128E+0	155.697579440085180E+0
90.000000000000085E+0	571.328270391757150E-3	4.280552278598152E+0
91.000000000000085E+0	12.274022243077674E+0	59.366931640372002E+0
92.000000000000085E+0	12.246830023909601E+0	95.231771470509770E+0
93.000000000000085E+0	5.152032187351618E+0	56.823282829345558E+0
94.000000000000085E+0	4.034197735515303E+0	48.790910047621786E+0
95.000000000000085E+0	1.184640001889449E+0	24.488539500977037E+0
96.000000000000085E+0	4.270063152694788E+0	26.755138077226668E+0
97.000000000000085E+0	14.860421445265837E+0	107.169836397024820E+0
98.000000000000085E+0	10.931069501067743E+0	102.820152452136270E+0
99.000000000000085E+0	4.745031285496298E+0	39.801262469543602E+0
100.000000000000090E+0	2.583804249238934E+0	7.920771776690275E+0
101.000000000000090E+0	15.836062239617457E+0	116.082303789490150E+0
102.000000000000090E+0	10.264763511740792E+0	159.935968548908900E+0
103.000000000000090E+0	335.649143308481610E-3	27.590576490076881E+0
104.000000000000090E+0	2.343417478369577E+0	58.430432930676659E+0
105.000000000000090E+0	22.534139385467503E-3	24.631758762447809E+0
106.000000000000090E+0	2.861387687868680E+0	66.771334778535007E+0
107.000000000000090E+0	5.392744680267537E+0	166.190024737029120E+0
108.000000000000090E+0	2.290959763884056E+0	92.167276786597654E+0
109.000000000000090E+0	285.356536981966170E-3	5.734086720870168E+0
110.000000000000090E+0	1.710807887164307E+0	77.518375827212168E+0
111.000000000000090E+0	3.544427158604041E+0	155.119036816915210E+0
112.000000000000090E+0	2.818613017686538E+0	90.810285346144496E+0
113.000000000000090E+0	2.167904130211297E+0	49.711298945521420E+0
114.000000000000090E+0	2.115502093464499E+0	24.089671341323577E+0
115.000000000000090E+0	2.461149025705013E+0	75.071124665177734E+0
116.000000000000090E+0	2.481706234343084E+0	105.652832983328810E+0
117.000000000000090E+0	2.917124526579093E+0	165.000370775221170E+0
118.000000000000090E+0	1.754605388273813E+0	89.049620313702519E+0
119.000000000000090E+0	1.012015577314035E+0	13.985103100121520E+0
120.000000000000090E+0	2.440987582605787E+0	292.559570847336260E+0
121.000000000000090E+0	1.353261236318186E+0	327.635599885378100E+0
122.000000000000090E+0	1.801931134415120E+0	63.219782221622680E+0
123.000000000000090E+0	1.275699901128590E+0	170.722330611480260E+0
124.000000000000090E+0	1.637654415501234E+0	106.508284670125480E+0
125.000000000000090E+0	1.755258278679866E+0	343.825110928570840E+0
126.000000000000090E+0	1.358489490359965E+0	379.025031401434890E+0
127.000000000000090E+0	1.343336611623952E+0	260.369567236008610E+0
128.000000000000090E+0	3.516464219466703E+0	52.556481417545193E+0
129.000000000000090E+0	6.221670029260955E+0	295.199638469639690E+0
130.000000000000090E+0	1.898551823186848E+0	531.091648779858590E+0
131.000000000000090E+0	65.936226484777552E-3	321.630153465797430E+0
132.000000000000090E+0	795.671728309916170E-3	78.195752587106739E+0
133.000000000000090E+0	511.829306126260760E-3	221.288217386361420E+0
134.000000000000090E+0	4.885078945356639E+0	217.760251891754420E+0
135.000000000000090E+0	4.040124782715322E+0	191.459986187953920E+0
136.000000000000090E+0	2.100453084265925E+0	266.646630578952110E+0
137.000000000000090E+0	1.745478741243392E+0	62.728424152794830E+0
138.000000000000090E+0	1.212143269198536E+0	102.787733005728480E+0
139.000000000000090E+0	480.011859717312360E-3	370.007857705586050E+0
140.000000000000090E+0	122.279667427828070E-3	178.519778914753860E+0
141.000000000000090E+0	87.482782025536082E-3	74.854807968005701E+0
142.000000000000090E+0	575.430398749238850E-3	60.213661482360308E+0
143.000000000000090E+0	2.662258696897202E+0	113.000883671562820E+0
144.000000000000090E+0	4.891176714334598E+0	130.630266925402200E+0
145.000000000000090E+0	3.092280138505461E+0	83.924047516266555E+0
146.000000000000090E+0	2.302875599003703E+0	84.444422109102987E+0
147.000000000000090E+0	2.870473998805722E+0	28.675313263926746E+0
148.000000000000090E+0	876.829327621997500E-3	137.360615783742530E+0
149.000000000000090E+0	1.491676459136108E+0	232.827509877372850E+0
150.000000000000090E+0	1.525712695536846E+0	80.845795333573875E+0
151.000000000000090E+0	2.570619495210589E+0	32.628684903032649E+0
152.000000000000090E+0	6.090549104675863E+0	126.543427369283990E+0
153.000000000000090E+0	7.629112723432523E+0	122.535296598543180E+0
154.000000000000090E+0	4.481670710098835E+0	91.231896933808727E+0
155.000000000000090E+0	4.932580630926220E+0	111.571468777302470E+0
156.000000000000090E+0	1.233468075278682E+0	31.553561784707938E+0
157.000000000000090E+0	1.680077463334885E+0	132.186977224491930E+0
158.000000000000090E+0	4.685514439223411E+0	181.368797011797540E+0
159.000000000000090E+0	4.676819170773968E+0	118.886178299373940E+0
160.000000000000090E+0	669.893066413091880E-3	43.633141956915921E+0
161.000000000000090E+0	2.533568721210390E+0	72.804601200724747E+0
162.000000000000090E+0	9.085069486831824E+0	221.874762097887750E+0
163.000000000000090E+0	3.977972068429501E+0	94.228640979029635E+0
164.000000000000090E+0	760.720211600311220E-3	54.433491358893129E+0
165.000000000000090E+0	676.356810601486340E-3	78.809648957990547E+0
166.000000000000090E+0	1.397185783425844E+0	41.022478728741198E+0
167.000000000000090E+0	9.633124064440134E+0	213.024703691157750E+0
168.000000000000090E+0	7.538285871913390E+0	199.899731281756540E+0
169.000000000000090E+0	2.016832738210243E+0	46.541585503697362E+0
170.000000000000090E+0	740.028587907750500E-3	53.884956761748683E+0
171.000000000000090E+0	1.792670503057721E+0	161.755284484555690E+0
172.000000000000090E+0	3.180880851703042E+0	155.290165900347350E+0
173.000000000000090E+0	1.566393596790034E+0	79.215459446514274E+0
174.000000000000090E+0	986.261509313073990E-3	48.250828251144014E+0
175.000000000000090E+0	4.319418803920672E+0	58.948416882048278E+0
176.000000000000090E+0	5.088434436907316E+0	158.797941472422790E+0
177.000000000000090E+0	7.934615400928180E+0	132.117365740629990E+0
178.000000000000090E+0	8.344636762037666E+0	144.839634669776530E+0
179.000000000000090E+0	1.574567935719278E+0	18.817815795036743E+0
180.000000000000090E+0	10.971272068678831E+0	149.138922379990960E+0
181.000000000000090E+0	12.895486905674613E+0	272.021068669244750E+0
182.000000000000090E+0	2.198479347678875E+0	85.845052208985933E+0
183.000000000000090E+0	881.836622211774390E-3	87.263384049283445E+0
184.000000000000090E+0	724.581160919619220E-3	78.645227529100637E+0
185.000000000000090E+0	1.563887030716302E+0	137.738696873105200E+0
186.000000000000090E+0	3.361773428170814E+0	258.967510726636650E+0
187.000000000000090E+0	3.475823216250321E+0	207.081356141834420E+0
188.000000000000090E+0	1.638680702548588E+0	65.106924451219328E+0
189.000000000000090E+0	3.068399788182019E+0	111.813899360467420E+0
190.000000000000090E+0	9.873758659280089E+0	349.045089773658840E+0
191.000000000000090E+0	15.442030192224152E+0	432.108322381629310E+0
192.000000000000090E+0	11.416100975520944E+0	152.705878246243510E+0
193.000000000000090E+0	5.536241982249920E+0	127.018686379181790E+0
194.000000000000090E+0	4.859051594608655E+0	291.359011792387600E+0
195.000000000000090E+0	7.453901281174512E+0	293.081521001976970E+0
196.000000000000090E+0	28.520937363638644E+0	365.780060020198730E+0
197.000000000000090E+0	41.405705267253062E+0	279.202703677218890E+0
198.000000000000090E+0	6.766279072627841E+0	54.558917182154175E+0
199.000000000000090E+0	11.995390682789353E+0	498.626996421791490E+0
200.000000000000090E+0	10.933104837801697E+0	496.345613108233750E+0
201.000000000000090E+0	25.548847276548202E+0	169.424716841709570E+0
202.000000000000090E+0	58.211356984159160E+0	164.173980599846400E+0
203.000000000000090E+0	43.232162362281848E+0	126.164758233805940E+0
204.000000000000090E+0	96.034435134085598E+0	375.229342541575700E+0
205.000000000000090E+0	64.413789516738248E+0	247.971749574227860E+0
206.000000000000090E+0	51.331485542334214E+0	225.965372759437140E+0
207.000000000000090E+0	43.979890205323542E+0	104.662393410550220E+0
208.000000000000090E+0	34.622606553683887E+0	117.607350236194150E+0
209.000000000000090E+0	44.384648152721468E+0	327.219044011484240E+0
210.000000000000080E+0	20.068734699566324E+0	226.643154908144960E+0
211.000000000000080E+0	2.343565710184765E+0	49.015914698095521E+0
212.000000000000080E+0	22.445468742429636E+0	149.395091806764160E+0
213.000000000000080E+0	17.408540233484317E+0	195.160602961520370E+0
214.000000000000080E+0	272.354868976120320E-3	123.288080965340630E+0
215.000000000000080E+0	1.914420322522390E+0	177.711046165458730E+0
216.000000000000080E+0	5.944963032755835E+0	99.166513755498016E+0
217.000000000000080E+0	15.862116900365233E+0	68.897217861544917E+0
218.000000000000080E+0	29.338016637344101E+0	241.864240220248290E+0
219.000000000000080E+0	22.175796833584748E+0	196.915548396660880E+0
220.000000000000080E+0	11.470054105950666E+0	107.915937652613290E+0
221.000000000000080E+0	16.154596025040057E+0	65.370557726234793E+0
222.000000000000080E+0	16.306566086797744E+0	146.189544244997390E+0
223.000000000000080E+0	15.041575497621002E+0	224.372740356848770E+0
224.000000000000080E+0	4.631256223187731E+0	94.546406140654270E+0
225.000000000000080E+0	13.490463350853741E+0	164.199250752371820E+0
226.000000000000080E+0	4.169808952419068E+0	69.732617016023639E+0
227.000000000000080E+0	8.163746979290030E+0	122.025536159520060E+0
228.000000000000080E+0	18.271014816783115E+0	262.798983854259800E+0
229.000000000000080E+0	8.346916437233103E+0	141.458496215382980E+0
230.000000000000080E+0	3.345187759416235E+0	55.801903589598375E+0
231.000000000000080E+0	22.922876704980144E+0	135.468449927252860E+0
232.000000000000080E+0	42.345859866693345E+0	168.833685142485930E+0
233.000000000000080E+0	38.038320769145130E+0	120.968742870128380E+0
234.000000000000080E+0	29.475124516824330E+0	154.890552954269030E+0
235.000000000000080E+0	2.100821296942384E+0	76.468725831824969E+0
236.000000000000080E+0	14.959323003022456E+0	114.329368327192170E+0
237.000000000000080E+0	24.415871053534829E+0	153.040858101820620E+0
238.000000000000080E+0	15.533267706713184E+0	207.145681749433210E+0
239.000000000000080E+0	2.726941427133760E+0	93.498501307628629E+0
240.000000000000080E+0	1.391747643345828E+0	61.478695487617664E+0
241.000000000000080E+0	2.483546716551753E+0	235.033775029717990E+0
242.000000000000080E+0	1.446274036484104E+0	157.282631985410260E+0
243.000000000000080E+0	1.226533772114448E+0	82.738475255942660E+0
244.000000000000080E+0	12.564683928563571E+0	168.933584249583390E+0
245.000000000000080E+0	12.257219292080167E+0	62.705709272505729E+0
246.000000000000080E+0	1.514383168212854E+0	166.630402297012070E+0
247.000000000000080E+0	687.398731708386280E-3	202.581977732639700E+0
248.000000000000080E+0	1.918316205735663E+0	115.201374439685350E+0
249.000000000000080E+0	2.777772256950972E+0	60.796369005225038E+0
250.000000000000080E+0	806.633771702725100E-3	143.367918543279130E+0
251.000000000000080E+0	279.008444119956290E-3	224.714248494748010E+0
252.000000000000080E+0	1.297151725605556E+0	108.948926614342580E+0
253.000000000000080E+0	1.920963139863644E+0	105.125902414935610E+0
254.000000000000080E+0	442.749575988958250E-3	121.912495597830490E+0
255.000000000000080E+0	2.346132690187784E+0	122.461503545041210E+0
256.000000000000110E+0	5.678966067781127E+0	144.115796102775310E+0
257.000000000000110E+0	1.322413881169051E+0	235.054541394797160E+0
258.000000000000110E+0	106.723085125454500E-3	76.182244996249793E+0
259.000000000000110E+0	155.692279453643750E-3	104.790081821191850E+0
260.000000000000110E+0	705.723445387533840E-3	286.649024310076360E+0
261.000000000000110E+0	3.494116811284212E+0	109.393183738973530E+0
262.000000000000110E+0	10.117565042991650E+0	113.812367415136080E+0
263.000000000000110E+0	10.849502687327618E+0	113.463263979530850E+0
264.000000000000110E+0	8.891304481947527E+0	123.457603643514200E+0
265.000000000000110E+0	4.554266214352387E+0	159.787999859339270E+0
266.000000000000110E+0	273.503202669951100E-3	161.197747839977180E+0
267.000000000000110E+0	5.183658643566431E+0	162.048469397466080E+0
268.000000000000110E+0	1.081231927319473E+0	58.194599657926709E+0
269.000000000000110E+0	2.316874677839350E+0	176.808943019324090E+0
270.000000000000110E+0	2.731265174425781E+0	308.626674054537320E+0
271.000000000000110E+0	3.747997708862508E+0	79.829241094364036E+0
272.000000000000110E+0	16.329430142681350E+0	126.058472749054770E+0
273.000000000000110E+0	10.948101704892377E+0	164.866466996403230E+0
274.000000000000110E+0	5.261941376659280E+0	144.296925317958940E+0
275.000000000000110E+0	6.741769702371720E+0	167.398539206232750E+0
276.000000000000110E+0	37.155499031966826E+0	223.095447187756010E+0
277.000000000000110E+0	33.359135151608385E+0	61.077010760119336E+0
278.000000000000110E+0	20.088545038659099E+0	178.269122015685240E+0
279.000000000000110E+0	46.223401602399818E+0	266.952160367455580E+0
280.000000000000110E+0	33.766266528917427E+0	171.227906856984650E+0
281.000000000000110E+0	36.455281949619966E+0	106.224671171960420E+0
282.000000000000110E+0	31.794014131053462E+0	113.339669376078060E+0
283.000000000000110E+0	86.773368601574759E+0	293.621213921735150E+0
284.000000000000110E+0	51.871978840669406E+0	123.371517805051410E+0
285.000000000000110E+0	75.694110559919082E+0	177.258975905248550E+0
286.000000000000110E+0	79.632426566566295E+0	194.935710908540590E+0
287.000000000000110E+0	16.479750973046883E+0	56.276132582117079E+0
288.000000000000110E+0	88.023186135686117E+0	315.873737044725490E+0
289.000000000000110E+0	67.597639339806605E+0	285.574888601981970E+0
290.000000000000110E+0	20.094914043881737E+0	90.732918405976406E+0
291.000000000000110E+0	35.792378468856981E+0	138.340485111088160E+0
292.000000000000110E+0	39.001368161038911E+0	231.082255604469710E+0
293.000000000000110E+0	31.576692546898936E+0	188.433734152820340E+0
294.000000000000110E+0	26.846075222895081E+0	161.080433783533780E+0
295.000000000000110E+0	39.746315947027888E+0	173.467750585571310E+0
296.000000000000110E+0	23.624173714879426E+0	139.872255204364050E+0
297.000000000000110E+0	34.171834263018674E+0	170.156959223854020E+0
298.000000000000110E+0	82.338097804005059E+0	307.479813599789050E+0
299.000000000000110E+0	68.799052778860329E+0	226.236182968835240E+0
300.000000000000110E+0	26.210552007478270E+0	76.769153514411329E+0
301.000000000000110E+0	62.273854328882429E+0	210.825554437077840E+0
302.000000000000110E+0	103.713795249983060E+0	355.133197127290710E+0
303.000000000000110E+0	18.081543931206433E+0	82.964325995471526E+0
304.000000000000110E+0	39.718995205782299E+0	213.942868327569240E+0
305.000000000000110E+0	20.911005139353531E+0	127.895260586635150E+0
306.000000000000110E+0	17.635566709288103E+0	115.928119030949530E+0
307.000000000000110E+0	38.370019411501687E+0	257.423320075256190E+0
308.000000000000110E+0	30.354652724643007E+0	191.088328869581260E+0
309.000000000000110E+0	18.222681204294812E+0	101.759218697783320E+0
310.000000000000110E+0	25.312238700107653E+0	102.413578926641590E+0
311.000000000000110E+0	79.629570731542756E+0	250.958816897949700E+0
312.000000000000110E+0	72.496609696942727E+0	227.346901976717700E+0
313.000000000000110E+0	35.175912499499326E+0	91.564456885610056E+0
314.000000000000110E+0	55.373898596757407E+0	149.729723349628220E+0
315.000000000000110E+0	74.242427918262933E+0	152.049064348824830E+0
316.000000000000110E+0	47.862239384445736E+0	138.569581850892520E+0
317.000000000000110E+0	83.003348221154056E+0	269.764405216977930E+0
318.000000000000110E+0	68.808008504377966E+0	173.944447395084640E+0
319.000000000000110E+0	14.739210179298016E+0	48.372900837037484E+0
320.000000000000110E+0	78.462202615967740E+0	278.337529872872440E+0
321.000000000000110E+0	93.485977933723035E+0	302.460932109847700E+0
322.000000000000110E+0	43.125719261998896E+0	116.989213729189120E+0
323.000000000000110E+0	56.870445472388425E+0	160.034177322811330E+0
324.000000000000110E+0	45.483895206837090E+0	127.595321761126030E+0
325.000000000000110E+0	101.607313183874980E+0	248.384568233932610E+0
326.000000000000110E+0	94.521021069475523E+0	234.069913678527570E+0
327.000000000000110E+0	81.008838258448875E+0	210.973611100488990E+0
328.000000000000110E+0	69.574472018426519E+0	156.953503676426610E+0
329.000000000000110E+0	38.093048577045465E+0	116.242031025912450E+0
330.000000000000110E+0	164.932303346827860E+0	481.433741991109120E+0
331.000000000000110E+0	93.709831795788006E+0	250.055957434578800E+0
332.000000000000110E+0	55.405793938947987E+0	112.567742123660280E+0
333.000000000000110E+0	68.099108867654507E+0	188.132277626011560E+0
334.000000000000110E+0	83.588861030060855E+0	250.726407192679000E+0
335.000000000000110E+0	69.200027592018188E+0	191.436398802926850E+0
336.000000000000110E+0	92.569560713303133E+0	299.468022252532360E+0
337.000000000000110E+0	37.033149381638040E+0	143.558072863552750E+0
338.000000000000110E+0	37.790250053210357E+0	113.705796152405920E+0
339.000000000000110E+0	94.690996501592167E+0	335.775228993398630E+0
340.000000000000110E+0	88.148855340262429E+0	284.031204343436570E+0
341.000000000000110E+0	59.883209334498098E+0	170.783569999597890E+0
342.000000000000110E+0	37.626889440688863E+0	111.818552830140940E+0
343.000000000000110E+0	54.485996225976635E+0	218.270892241760890E+0
344.000000000000110E+0	59.488477601495433E+0	311.344355492458480E+0
345.000000000000110E+0	23.260685934689675E+0	148.728938779888610E+0
346.000000000000110E+0	27.749404025048232E+0	215.018697838069560E+0
347.000000000000110E+0	9.454180280544046E+0	102.304238659824180E+0
348.000000000000110E+0	20.721092227537703E+0	182.786268890287290E+0
349.000000000000110E+0	31.082741900206976E+0	392.496778108867320E+0
350.000000000000110E+0	9.307338535150391E+0	159.094258360071050E+0
351.000000000000110E+0	3.529100453068087E+0	90.908898941215824E+0
352.000000000000110E+0	4.766389308542832E+0	165.874814134917190E+0
353.000000000000110E+0	4.299574190630110E+0	224.772299303766740E+0
354.000000000000110E+0	4.524435915730982E+0	212.632154665377070E+0
355.000000000000110E+0	4.548455025594142E+0	157.835685354362430E+0
356.000000000000110E+0	1.637017800575284E+0	112.639796326876270E+0
357.000000000000110E+0	2.823114242633008E+0	153.239378201582700E+0
358.000000000000110E+0	4.136798083254595E+0	239.680739135133220E+0
359.000000000000110E+0	5.750008629116175E+0	235.697155430082970E+0
360.000000000000110E+0	1.557617238332300E+0	148.054218784617210E+0
361.000000000000110E+0	1.591370001356687E+0	68.511872220755009E+0
362.000000000000110E+0	9.795955047141666E+0	343.299627306147610E+0
363.000000000000110E+0	9.078444428360015E+0	199.788349822091280E+0
364.000000000000110E+0	8.834937431525017E+0	149.744376307783710E+0
365.000000000000110E+0	8.970100389068040E+0	162.964556608386090E+0
366.000000000000110E+0	5.640694821916075E+0	100.458898386847110E+0
367.000000000000110E+0	4.574031763182614E+0	220.338978536619920E+0
368.000000000000110E+0	2.927648405885976E+0	303.013309743893780E+0
369.000000000000110E+0	1.341258350036651E+0	121.470372049091340E+0
370.000000000000110E+0	945.113737778393690E-3	110.770963439873410E+0
371.000000000000110E+0	1.301612466464937E+0	170.904626779308050E+0
372.000000000000110E+0	3.009151204819098E+0	319.095974455955340E+0
373.000000000000110E+0	1.479211390077048E+0	201.364597313018520E+0
374.000000000000110E+0	996.702921553940910E-3	111.848961415033660E+0
375.000000000000110E+0	2.800424065800741E+0	162.745749869843250E+0
376.000000000000110E+0	11.855893286397244E+0	195.014556704847960E+0
377.000000000000110E+0	35.159190338443423E+0	246.313277248183170E+0
378.000000000000110E+0	69.089793584616657E+0	292.923918258576920E+0
379.000000000000110E+0	42.444360886163096E+0	110.725285862267430E+0
380.000000000000110E+0	31.220420635089788E+0	169.866315115128770E+0
381.000000000000110E+0	77.010409358353286E+0	411.470380873094030E+0
382.000000000000110E+0	33.111320482566150E+0	183.424419077197430E+0
383.000000000000110E+0	26.100562573131555E+0	163.275746623408880E+0
384.000000000000110E+0	13.628568403413857E+0	124.277848342976840E+0
385.000000000000110E+0	40.959021269077802E+0	199.744817566122350E+0
386.000000000000110E+0	73.419003049908255E+0	318.678071467470030E+0
387.000000000000110E+0	48.254633160193180E+0	188.050953909641750E+0
388.000000000000110E+0	37.649901431708614E+0	187.375265545555920E+0
389.000000000000110E+0	16.151349330694927E+0	85.783038885943711E+0
390.000000000000110E+0	18.306009779681879E+0	273.803748261842260E+0
391.000000000000110E+0	28.283768651932547E+0	385.310353425463520E+0
392.000000000000110E+0	13.008639269443943E+0	163.541064147898080E+0
393.000000000000110E+0	18.633412105831393E+0	105.619272908354490E+0
394.000000000000110E+0	50.506640271153394E+0	239.832136405292520E+0
395.000000000000110E+0	53.155742395370090E+0	193.417613951297310E+0
396.000000000000110E+0	77.789317533955312E+0	301.956320700228220E+0
397.000000000000110E+0	46.715746034364898E+0	184.744343108206640E+0
398.000000000000110E+0	17.091770166283542E+0	73.834766550801746E+0
399.000000000000110E+0	30.535347330140844E+0	211.908137891218300E+0
400.000000000000110E+0	55.459897797027757E+0	313.462944465753250E+0
401.000000000000110E+0	47.654194619526415E+0	196.253561677670490E+0
402.000000000000110E+0	37.605409263591639E+0	127.200702310856240E+0
403.000000000000110E+0	25.589650341832446E+0	85.386046639138414E+0
404.000000000000110E+0	48.562605945259165E+0	322.522143959689570E+0
405.000000000000110E+0	17.618166611535685E+0	179.266474090902280E+0
406.000000000000110E+0	17.500265203390814E+0	188.101358301337370E+0
407.000000000000110E+0	23.372058876014126E+0	163.232278733124360E+0
408.000000000000110E+0	18.104691932450272E+0	77.799495948931181E+0
409.000000000000110E+0	81.691758082428777E+0	357.496713684846440E+0
410.000000000000110E+0	67.683587859016399E+0	281.542361979696240E+0
411.000000000000110E+0	34.144303275038624E+0	97.517647258328438E+0
412.000000000000110E+0	27.490359302564958E+0	109.357645155883430E+0
413.000000000000110E+0	34.705555385548131E+0	214.936837386184460E+0
414.000000000000110E+0	25.612474120716818E+0	239.872081818266620E+0
415.000000000000110E+0	14.121253993826524E+0	216.708645486001240E+0
416.000000000000110E+0	7.521269916364915E+0	114.290280178318620E+0
417.000000000000110E+0	27.238126667675555E+0	113.494404233075930E+0
418.000000000000110E+0	62.351389387431048E+0	232.847332410644010E+0
419.000000000000110E+0	72.201590927264618E+0	261.054519705346540E+0
420.000000000000110E+0	60.198790672324677E+0	238.619734887077750E+0
421.000000000000110E+0	15.646057219091023E+0	44.458486408971268E+0
422.000000000000110E+0	30.921734332558952E+0	203.706166849355840E+0
423.000000000000110E+0	53.933121978096338E+0	345.028075344730270E+0
424.000000000000110E+0	20.767547715505749E+0	165.957495151935770E+0
425.000000000000110E+0	44.923647026843312E+0	206.453654116040670E+0
426.000000000000110E+0	34.577663513456500E+0	125.473679817003360E+0
427.000000000000110E+0	84.151283504179361E+0	145.084894617051470E+0
428.000000000000110E+0	177.925412627592380E+0	410.404025595018650E+0
429.000000000000110E+0	90.753632215887791E+0	193.674625655170730E+0
430.000000000000110E+0	51.460004931279840E+0	141.011733273754320E+0
431.000000000000110E+0	20.273257997526329E+0	104.851743962899420E+0
432.000000000000110E+0	98.686754097552878E+0	335.572078432814240E+0
433.000000000000110E+0	99.676070107800115E+0	311.815931036848780E+0
434.000000000000110E+0	56.742955439310890E+0	153.118058270964500E+0
435.000000000000110E+0	61.295617126903366E+0	130.474828433878120E+0
436.000000000000110E+0	70.633652697486568E+0	204.075626917909230E+0
437.000000000000110E+0	58.194176806117163E+0	252.063673846991920E+0
438.000000000000110E+0	45.930390060960434E+0	371.586749928660310E+0
439.000000000000110E+0	14.539455395870727E+0	222.491264261599410E+0
440.000000000000110E+0	2.150524306723749E+0	53.282746597457695E+0
441.000000000000110E+0	38.219399404919862E+0	427.724509272454610E+0
442.000000000000110E+0	53.931970782199073E+0	396.747641071112070E+0
443.000000000000110E+0	62.936060666124469E+0	233.509266610949230E+0
444.000000000000110E+0	91.436111284330607E+0	234.395673050603730E+0
445.000000000000110E+0	83.820952879805716E+0	126.599072971328070E+0
446.000000000000110E+0	319.957183629974850E+0	358.508885384870380E+0
447.000000000000110E+0	416.873646278591760E+0	357.270222874478010E+0
448.000000000000110E+0	341.356035049315320E+0	243.850384104665920E+0
449.000000000000110E+0	243.199892136908770E+0	150.096606125464010E+0
450.000000000000110E+0	292.654738930702360E+0	145.559554734973490E+0
451.000000000000110E+0	1.038186784857731E+3	548.128882878872220E+0
452.000000000000110E+0	597.718998805623980E+0	316.742732199322010E+0
453.000000000000110E+0	247.300139026201290E+0	116.352001875511970E+0
454.000000000000110E+0	327.444519964325540E+0	183.754859316485010E+0
455.000000000000110E+0	423.140226687887090E+0	235.573965605251030E+0
456.000000000000110E+0	570.677819940953670E+0	312.304012386817700E+0
457.000000000000110E+0	509.110387919275300E+0	297.802694155816820E+0
458.000000000000110E+0	260.837342970608920E+0	159.012104013185510E+0
459.000000000000110E+0	187.720382971537300E+0	95.702278975747419E+0
460.000000000000110E+0	630.351959198841540E+0	426.010106167826170E+0
461.000000000000110E+0	351.915379704648440E+0	261.255693352259070E+0
462.000000000000110E+0	229.007473020991570E+0	201.191988117843810E+0
463.000000000000110E+0	93.138551766965889E+0	93.606064913399763E+0
464.000000000000110E+0	256.783157433474910E+0	225.019860040800950E+0
465.000000000000110E+0	347.349680291786460E+0	315.298488864584730E+0
466.000000000000110E+0	192.789081359647470E+0	194.256593459675060E+0
467.000000000000110E+0	232.678620676599620E+0	224.021849049407820E+0
468.000000000000110E+0	112.990705525820800E+0	95.469355127226635E+0
469.000000000000110E+0	232.763391688422810E+0	241.494805580732130E+0
470.000000000000110E+0	487.415816691572390E+0	510.002354250849580E+0
471.000000000000110E+0	219.515312979732100E+0	211.331273989824980E+0
472.000000000000110E+0	99.902352174008371E+0	104.806331330852870E+0
473.000000000000110E+0	117.353159528506320E+0	203.481995610767230E+0
474.000000000000110E+0	166.903056884913130E+0	321.209490431271210E+0
475.000000000000110E+0	163.324196830419170E+0	363.510420069343350E+0
476.000000000000110E+0	109.168593190468780E+0	254.276696891756360E+0
477.000000000000110E+0	59.252801371254790E+0	151.462711154234570E+0
478.000000000000110E+0	57.943084238758239E+0	152.264187366809750E+0
479.000000000000110E+0	164.630872589305740E+0	365.109863407328130E+0
480.000000000000110E+0	119.566638357964050E+0	252.267573138116030E+0
481.000000000000110E+0	61.230317278253779E+0	132.422850646145430E+0
482.000000000000110E+0	42.976793008357163E+0	75.796435582111229E+0
483.000000000000110E+0	135.597184462895460E+0	337.681773171175340E+0
484.000000000000110E+0	102.383572894189110E+0	273.530377640520670E+0
485.000000000000110E+0	52.537768587636854E+0	161.025132784067380E+0
486.000000000000110E+0	50.906655704619155E+0	183.336310690870900E+0
487.000000000000110E+0	17.197556424582089E+0	60.093874997356998E+0
488.000000000000110E+0	69.434043408443216E+0	320.074948657110210E+0
489.000000000000110E+0	65.102475691001459E+0	323.051202728195790E+0
490.000000000000110E+0	31.975758979272360E+0	153.924056938778280E+0
491.000000000000110E+0	19.487833965403563E+0	84.092937483938712E+0
492.000000000000110E+0	38.936255859854853E+0	213.909720170735400E+0
493.000000000000110E+0	45.901902796652507E+0	304.255441273749800E+0
494.000000000000110E+0	26.872760362969434E+0	216.829544777171580E+0
495.000000000000110E+0	16.203795365949066E+0	120.702820193465500E+0
496.000000000000110E+0	18.345978605823152E+0	137.203992261107860E+0
497.000000000000110E+0	20.690156715643262E+0	177.890331096580750E+0
498.000000000000110E+0	41.199705590168968E+0	345.055378977676350E+0
499.000000000000110E+0	28.119348492583157E+0	258.716913024349760E+0
500.000000000000110E+0	9.726267089652243E+0	84.320420685543723E+0
501.000000000000110E+0	12.914232192447542E+0	134.775563208701240E+0
502.000000000000110E+0	33.313218401173103E+0	401.919252188544080E+0
503.000000000000110E+0	16.286751996871477E+0	218.064953782938030E+0
504.000000000000110E+0	7.080033973886744E+0	149.753266626176980E+0
505.000000000000110E+0	10.452210373579875E+0	160.270310833831840E+0
506.000000000000110E+0	10.409537048938756E+0	137.444970515755330E+0
507.000000000000110E+0	23.969890484171866E+0	386.739565317173400E+0
508.000000000000110E+0	13.680789649817740E+0	218.134616795627440E+0
509.000000000000110E+0	8.282391020789106E+0	166.390642072514710E+0
510.000000000000110E+0	2.904352012078992E+0	61.461352876857724E+0
511.000000000000110E+0	11.108432065236240E+0	321.650608940339280E+0
512.000000000000110E+0	10.388706372234029E+0	400.378597641238570E+0
513.000000000000110E+0	3.655899703237475E+0	149.037764179166340E+0
514.000000000000110E+0	3.329985477331066E+0	131.194314833381380E+0
515.000000000000110E+0	1.799446630983068E+0	169.988538492647900E+0
516.000000000000110E+0	781.957127366191050E-3	211.354114248063070E+0
517.000000000000110E+0	819.589640356503170E-3	334.310315056014190E+0
518.000000000000110E+0	75.147762743211305E-3	240.971463649544460E+0
519.000000000000110E+0	210.694007833793050E-3	53.816778239654560E+0
520.000000000000110E+0	3.906233627277013E+0	273.461823455556040E+0
521.000000000000110E+0	15.556352242831627E+0	391.562011183615480E+0
522.000000000000110E+0	20.310133140904536E+0	248.840587669990730E+0
523.000000000000110E+0	16.777648203351927E+0	115.137530315458280E+0
524.000000000000110E+0	19.075520744805104E+0	125.436494384977580E+0
525.000000000000110E+0	56.269861834523780E+0	274.218780932699640E+0
526.000000000000110E+0	104.953324738292100E+0	306.849853953734050E+0
527.000000000000110E+0	77.029621689389188E+0	214.959092862557330E+0
528.000000000000110E+0	52.709049441644439E+0	177.988883114197080E+0
529.000000000000110E+0	24.410356886930096E+0	80.887963489842107E+0
530.000000000000110E+0	113.003678677227600E+0	454.585647550128950E+0
531.000000000000110E+0	76.751999036845859E+0	339.301332961088750E+0
532.000000000000110E+0	20.756050801775160E+0	85.761275244621260E+0
533.000000000000110E+0	33.022548385989715E+0	138.825325237911900E+0
534.000000000000110E+0	32.030665349501625E+0	191.278534974016740E+0
535.000000000000110E+0	39.322328780024229E+0	308.875445656939690E+0
536.000000000000110E+0	45.851837938266598E+0	265.063620986847700E+0
537.000000000000110E+0	36.428557363399982E+0	159.256101660965840E+0
538.000000000000110E+0	17.794484703917242E+0	71.232295394332681E+0
539.000000000000110E+0	27.337606214431339E+0	322.145990221702500E+0
540.000000000000110E+0	20.553824947631718E+0	330.369151121832090E+0
541.000000000000110E+0	16.589506872596040E+0	225.114603436238210E+0
542.000000000000110E+0	5.790041166007537E+0	56.047195929173441E+0
543.000000000000110E+0	10.881178132696380E+0	244.366609920907140E+0
544.000000000000110E+0	11.145992297601499E+0	357.067732012326020E+0
545.000000000000110E+0	3.355379662484703E+0	201.694016190548040E+0
546.000000000000110E+0	7.142549468288101E+0	224.254988528222470E+0
547.000000000000110E+0	6.695021279709832E+0	103.644553704452690E+0
548.000000000000110E+0	7.391697162614422E+0	148.213438251751480E+0
549.000000000000110E+0	27.386466874875150E+0	503.578759736530000E+0
550.000000000000110E+0	15.824403049696533E+0	254.758788779413810E+0
551.000000000000110E+0	2.743573201273686E+0	92.774867768749885E+0
552.000000000000110E+0	10.759014366822859E+0	154.957065125770730E+0
553.000000000000110E+0	25.170462555365674E+0	298.026289880545450E+0
554.000000000000110E+0	39.652819251382667E+0	378.324851656458690E+0
555.000000000000110E+0	18.478481415970105E+0	144.886616960836280E+0
556.000000000000110E+0	24.843591603670696E+0	159.735979176110050E+0
557.000000000000110E+0	20.856343011261430E+0	119.908702256007810E+0
558.000000000000110E+0	36.400901043685323E+0	320.507318322334700E+0
559.000000000000110E+0	47.561081486942669E+0	399.800344424138930E+0
560.000000000000110E+0	26.867041278709859E+0	179.603443163483400E+0
561.000000000000110E+0	6.514334565876281E+0	56.059102901455233E+0
562.000000000000110E+0	34.035826649652492E+0	404.711978514252110E+0
563.000000000000110E+0	28.517583518054074E+0	348.461844144033590E+0
564.000000000000110E+0	22.251978474516854E+0	182.714950285677220E+0
565.000000000000110E+0	22.484714706029774E+0	194.532290592842060E+0
566.000000000000110E+0	7.917051588892241E+0	84.884629334933947E+0
567.000000000000110E+0	14.170758705548902E+0	325.447739044356520E+0
568.000000000000110E+0	9.413831358643947E+0	359.757586875312770E+0
569.000000000000110E+0	3.405189457955392E+0	250.734849921708250E+0
570.000000000000110E+0	373.967887184685600E-3	89.396404418618445E+0
571.000000000000110E+0	3.871487902591274E+0	201.951733991513860E+0
572.000000000000110E+0	7.045010471370228E+0	465.533072718005940E+0
573.000000000000110E+0	3.602580713329520E+0	306.859357716532710E+0
574.000000000000110E+0	699.327402804429840E-3	97.151434559757533E+0
575.000000000000110E+0	4.585088567762464E+0	186.970634955749150E+0
576.000000000000110E+0	6.254527770995620E+0	154.519991938393130E+0
577.000000000000110E+0	10.262371969290077E+0	384.662636263137190E+0
578.000000000000110E+0	9.000218786965302E+0	365.511315235220020E+0
579.000000000000110E+0	1.204065152578560E+0	117.184268953611650E+0
580.000000000000110E+0	5.744895284408722E+0	120.371745254575100E+0
581.000000000000110E+0	21.524696842979399E+0	473.473307348742140E+0
582.000000000000110E+0	19.197612298545607E+0	343.019797662485300E+0
583.000000000000110E+0	11.185831392031639E+0	166.587118041043250E+0
584.000000000000110E+0	8.737214463037102E+0	124.843720702647450E+0
585.000000000000110E+0	7.504260251211461E+0	186.674813921532830E+0
586.000000000000110E+0	26.097926705178434E+0	373.270109382674550E+0
587.000000000000110E+0	30.144268652549510E+0	285.505191985267970E+0
588.000000000000110E+0	26.416684945091312E+0	269.848695489276390E+0
589.000000000000110E+0	5.078827881545031E+0	57.421938640676807E+0
590.000000000000110E+0	44.456745227122852E+0	358.051408706910540E+0
591.000000000000110E+0	73.415326571288091E+0	547.373045593053460E+0
592.000000000000110E+0	27.929029039566263E+0	200.896100367156010E+0
593.000000000000110E+0	6.147493063112730E+0	114.385597918485670E+0
594.000000000000110E+0	12.817729170158429E+0	183.246556383580040E+0
595.000000000000110E+0	23.988546772647521E+0	253.342789093249620E+0
596.000000000000110E+0	27.721179959443941E+0	340.627595144913810E+0
597.000000000000110E+0	16.937259720862549E+0	262.686386844005940E+0
598.000000000000110E+0	6.273503800833910E+0	87.990346740755442E+0
599.000000000000110E+0	8.870765814937501E+0	197.421254100091290E+0
600.000000000000110E+0	12.672797814330060E+0	420.174340553869230E+0
601.000000000000110E+0	8.923885014873468E+0	392.734086331297990E+0
602.000000000000110E+0	3.499408674626653E+0	94.955481053815845E+0
603.000000000000110E+0	4.947737725697701E+0	128.885427039553040E+0
604.000000000000110E+0	10.019189140381712E+0	298.241107006735660E+0
605.000000000000110E+0	12.537647328845120E+0	295.256524095088590E+0
606.000000000000110E+0	11.946935915257281E+0	221.378137373193960E+0
607.000000000000110E+0	10.948097042451307E+0	213.855996589071170E+0
608.000000000000110E+0	829.697642946841560E-3	54.043436580018351E+0
609.000000000000110E+0	9.127800997158058E+0	502.518004449705410E+0
610.000000000000110E+0	11.481558928426288E+0	447.012723497359900E+0
611.000000000000110E+0	4.547598359747453E+0	166.107456225259910E+0
612.000000000000110E+0	1.629489339387726E+0	90.355417006424389E+0
613.000000000000110E+0	5.389090827527481E+0	224.018616244087920E+0
614.000000000000110E+0	9.894636994554906E+0	360.724453965277460E+0
615.000000000000110E+0	8.277891052393301E+0	246.100931157841980E+0
616.000000000000110E+0	3.889053343510447E+0	182.514586232425700E+0
617.000000000000110E+0	3.157559524553019E+0	104.080135135625750E+0
618.000000000000110E+0	5.045389838205001E+0	210.789058019929140E+0
619.000000000000110E+0	10.585445391810019E+0	451.437868030225390E+0
620.000000000000110E+0	9.585277875725655E+0	367.152910285989210E+0
621.000000000000110E+0	1.253282567492406E+0	58.165349452955354E+0
622.000000000000110E+0	5.618760555474625E+0	221.502189894242600E+0
623.000000000000110E+0	11.932217398130163E+0	409.661532965881010E+0
624.000000000000110E+0	8.859605053502753E+0	242.985771907582010E+0
625.000000000000110E+0	8.090289981987507E+0	215.557869165377550E+0
626.000000000000110E+0	4.165281242363450E+0	134.391137598508830E+0
627.000000000000110E+0	5.411463761247892E+0	132.489300575413320E+0
628.000000000000110E+0	20.546665918976309E+0	453.489497217716860E+0
629.000000000000110E+0	15.569511254862920E+0	359.240917916995270E+0
630.000000000000110E+0	6.171943262970005E+0	164.173882053215550E+0
631.000000000000110E+0	5.625876376449328E+0	94.226409579209388E+0
632.000000000000110E+0	24.603539627959417E+0	365.042968587892230E+0
633.000000000000110E+0	35.764642410090680E+0	502.641819491125090E+0
634.000000000000110E+0	11.069731100856963E+0	146.973551174506040E+0
635.000000000000110E+0	18.939094044412606E+0	190.014832581745790E+0
636.000000000000110E+0	12.833899561846025E+0	107.659266176637360E+0
637.000000000000110E+0	56.685716687466666E+0	300.717420535848870E+0
638.000000000000110E+0	111.949543531842390E+0	436.714482852877950E+0
639.000000000000110E+0	93.330695130034073E+0	294.047708577422610E+0
640.000000000000110E+0	15.537916732508449E+0	38.879492008114873E+0
641.000000000000110E+0	119.134810351904550E+0	355.164428912305250E+0
642.000000000000110E+0	209.554194527448910E+0	442.407783787308570E+0
643.000000000000110E+0	163.777382873725490E+0	283.681327889243220E+0
644.000000000000110E+0	113.814922034510080E+0	173.025061555319470E+0
645.000000000000110E+0	84.577305910160533E+0	121.939083669436200E+0
646.000000000000110E+0	319.538725476350580E+0	283.600150456787100E+0
647.000000000000110E+0	499.760768505190180E+0	336.364525953926150E+0
648.000000000000110E+0	470.776212130758840E+0	310.796687428596840E+0
649.000000000000110E+0	181.274264398558160E+0	125.788232149400120E+0
650.000000000000110E+0	93.751706025842992E+0	71.394523885316374E+0
651.000000000000110E+0	807.574127973934200E+0	518.630496528036130E+0
652.000000000000110E+0	681.464322053360770E+0	406.885479655839390E+0
653.000000000000110E+0	164.580312020033320E+0	93.270819980886429E+0
654.000000000000110E+0	237.806417350072620E+0	180.364359675678540E+0
655.000000000000110E+0	217.471470079943320E+0	161.458930414557360E+0
656.000000000000110E+0	442.809804926006730E+0	316.303594394242680E+0
657.000000000000110E+0	427.764932919791930E+0	332.856395795516450E+0
658.000000000000110E+0	163.860396539019630E+0	137.279071572605600E+0
659.000000000000110E+0	49.423572977301767E+0	50.940393482145929E+0
660.000000000000110E+0	337.005247067444030E+0	311.853004554462130E+0
661.000000000000110E+0	444.080433228072710E+0	394.779259554728700E+0
662.000000000000110E+0	248.325241893630790E+0	208.023607632308030E+0
663.000000000000110E+0	88.044991263321279E+0	77.152782648425301E+0
664.000000000000110E+0	140.997894202287340E+0	166.198069372557030E+0
665.000000000000110E+0	359.846331045488740E+0	376.818252948940770E+0
666.000000000000110E+0	247.412712546518150E+0	201.810964276350060E+0
667.000000000000110E+0	425.047231617921510E+0	327.919894483340780E+0
668.000000000000110E+0	87.501760260813015E+0	72.423083858498032E+0
669.000000000000110E+0	284.894712849575570E+0	213.841550205432900E+0
670.000000000000110E+0	721.177768759398420E+0	525.671275285131970E+0
671.000000000000110E+0	381.622759902422610E+0	254.880061049786350E+0
672.000000000000110E+0	105.442590573594840E+0	76.897672343544528E+0
673.000000000000110E+0	155.017873103221800E+0	143.298828690315820E+0
674.000000000000110E+0	278.749510911713740E+0	224.557922741282850E+0
675.000000000000110E+0	476.747966572309110E+0	367.112550265447450E+0
676.000000000000110E+0	277.907038158789300E+0	200.713727941917080E+0
677.000000000000110E+0	183.357723984273520E+0	141.773442251977170E+0
678.000000000000110E+0	80.077765219044949E+0	91.534197283551890E+0
679.000000000000110E+0	180.186041709030920E+0	345.487607645522980E+0
680.000000000000110E+0	176.356916457529510E+0	455.032120694510750E+0
681.000000000000110E+0	43.468561705364387E+0	147.885580245739850E+0
682.000000000000110E+0	9.857121028765075E+0	61.659461433947044E+0
683.000000000000110E+0	46.004185716783965E+0	302.252195698084850E+0
684.000000000000110E+0	34.411346395058601E+0	294.115151190259550E+0
685.000000000000110E+0	19.048106392302522E+0	169.304228572448440E+0
686.000000000000110E+0	17.386405054329423E+0	201.038428835262440E+0
687.000000000000110E+0	2.300147418351305E+0	32.877012126857124E+0
688.000000000000110E+0	9.709833240349058E+0	287.368101025712460E+0
689.000000000000110E+0	16.576125816187162E+0	416.021936431679310E+0
690.000000000000110E+0	8.577239828168954E+0	212.220391466797170E+0
691.000000000000110E+0	5.393297379556331E+0	83.547132716394230E+0
692.000000000000110E+0	5.156575968321625E+0	143.643051018852840E+0
693.000000000000110E+0	11.059247529833886E+0	462.140508582707580E+0
694.000000000000110E+0	4.110719130285029E+0	234.793274647839380E+0
695.000000000000110E+0	1.904299938115140E+0	147.581834481269600E+0
696.000000000000110E+0	1.458637713510220E+0	131.898006237860530E+0
697.000000000000110E+0	408.773023442897560E-3	120.805101553152410E+0
698.000000000000110E+0	2.754368655710533E+0	340.228481894474040E+0
699.000000000000110E+0	1.689409401734576E+0	403.866729608081810E+0
700.000000000000110E+0	1.428337242441889E+0	72.857357257455845E+0
701.000000000000110E+0	883.422139886472330E-3	102.795662923006530E+0
702.000000000000110E+0	275.559404210287180E-3	326.134499231374830E+0
703.000000000000110E+0	1.177355619868424E+0	314.099964327392060E+0
704.000000000000110E+0	1.462670242423693E+0	168.409690945465120E+0
705.000000000000110E+0	1.246774774595860E+0	128.323437262119230E+0
706.000000000000110E+0	836.595970765864780E-3	106.507086022643150E+0
707.000000000000110E+0	2.720835571967374E+0	344.396209464123100E+0
708.000000000000110E+0	1.817281406123564E+0	284.474154195454220E+0
709.000000000000110E+0	2.045864663281736E+0	224.580808778792000E+0
710.000000000000110E+0	2.614032234513821E+0	33.439543399748707E+0
711.000000000000110E+0	17.508896324933563E+0	284.573661239787270E+0
712.000000000000110E+0	21.398779575228875E+0	504.809933185766230E+0
713.000000000000110E+0	7.679079093577307E+0	138.030215856529450E+0
714.000000000000110E+0	3.097865459185003E+0	115.062773809463660E+0
715.000000000000110E+0	1.475885563035704E+0	101.157481349929500E+0
716.000000000000110E+0	1.081691435072173E+0	171.020449503481070E+0
717.000000000000110E+0	1.035399297809490E+0	363.732096690375440E+0
718.000000000000110E+0	458.985033823874460E-3	260.609862661354440E+0
719.000000000000110E+0	263.858990908761250E-3	71.964873421482437E+0
720.000000000000110E+0	2.937095796337827E+0	150.120256106401460E+0
721.000000000000110E+0	5.165275588625382E+0	398.863839035135410E+0
722.000000000000110E+0	5.101075965250803E+0	339.145430690141320E+0
723.000000000000110E+0	2.496242318784001E+0	108.924416103057980E+0
724.000000000000110E+0	2.630087023938985E+0	100.376427693509430E+0
725.000000000000110E+0	4.050153425686831E+0	270.286991137115590E+0
726.000000000000110E+0	1.228589448790738E+0	227.615071912998100E+0
727.000000000000110E+0	1.568118404565605E+0	294.957176739983590E+0
728.000000000000110E+0	372.570864774828040E-3	148.730109316908910E+0
729.000000000000110E+0	389.113193901758360E-3	27.797031750764638E+0
730.000000000000110E+0	2.442241978439450E+0	384.400726898294860E+0
731.000000000000110E+0	3.288479388197020E+0	444.095192085642960E+0
732.000000000000110E+0	1.154112400712813E+0	103.773936940888940E+0
733.000000000000110E+0	2.145226976220841E+0	113.565141822363940E+0
734.000000000000110E+0	1.569780365041059E+0	110.054960792933950E+0
735.000000000000110E+0	4.164045824802631E+0	351.976830881453170E+0
736.000000000000110E+0	3.384439758796135E+0	259.716532270932650E+0
737.000000000000110E+0	5.093462710116553E+0	189.819451640959070E+0
738.000000000000110E+0	2.095792034621319E+0	69.349378877608430E+0
739.000000000000110E+0	5.436774676014531E+0	194.076786664070200E+0
740.000000000000110E+0	17.023818818564123E+0	480.241780560472590E+0
741.000000000000110E+0	10.740658931461784E+0	298.555425953797450E+0
742.000000000000110E+0	3.453603592474001E+0	49.116810606591969E+0
743.000000000000110E+0	2.029651033782895E+0	179.989170580364940E+0
744.000000000000110E+0	5.430651125138147E+0	293.855228283631330E+0
745.000000000000110E+0	3.371929919039433E+0	187.695575576196860E+0
746.000000000000110E+0	2.510193711012163E+0	228.176274593939980E+0
747.000000000000110E+0	1.371119688721397E+0	95.242317290004763E+0
748.000000000000110E+0	1.463974335174471E+0	93.791989828916485E+0
749.000000000000110E+0	8.538405174805586E+0	416.787479765642100E+0
750.000000000000110E+0	7.980583867021425E+0	328.344630026205610E+0
751.000000000000110E+0	2.891044370032537E+0	122.837921334884500E+0
752.000000000000110E+0	656.397186060437180E-3	53.945298068837459E+0
753.000000000000110E+0	9.190765505035547E+0	267.657564311984400E+0
754.000000000000110E+0	16.831782392936503E+0	408.377894521064040E+0
755.000000000000110E+0	8.575899336308355E+0	175.763851423128470E+0
756.000000000000110E+0	8.088110166923713E+0	170.615960102343680E+0
757.000000000000110E+0	4.070515045280038E+0	91.426359016900804E+0
758.000000000000110E+0	14.776442641612286E+0	236.847629656010530E+0
759.000000000000110E+0	32.427598512305835E+0	525.052845518892810E+0
760.000000000000110E+0	11.777549303137008E+0	182.076727343399990E+0
761.000000000000110E+0	2.461921294176309E+0	30.390654514862700E+0
762.000000000000110E+0	17.437908012462231E+0	231.911202874503260E+0
763.000000000000110E+0	25.216748420451299E+0	375.557835714059250E+0
764.000000000000110E+0	7.783070851054720E+0	177.554866805304900E+0
765.000000000000110E+0	4.822125068461458E+0	158.827350997590830E+0
766.000000000000110E+0	1.539785224873282E+0	47.827671543664096E+0
767.000000000000110E+0	6.167985314375357E+0	204.397107305872310E+0
768.000000000000110E+0	6.403036128857674E+0	284.258628158760470E+0
769.000000000000110E+0	7.830431535532443E+0	319.109893399701040E+0
770.000000000000110E+0	4.177634794087142E+0	111.642463795840260E+0
771.000000000000110E+0	3.384601223068347E+0	79.825242016320530E+0
772.000000000000110E+0	16.020081389741808E+0	462.094203032777100E+0
773.000000000000110E+0	14.794297819822152E+0	368.895838845175210E+0
774.000000000000110E+0	4.891563384248248E+0	104.037505254308830E+0
775.000000000000110E+0	7.170345031331372E+0	153.698950603150680E+0
776.000000000000110E+0	4.423459916341652E+0	114.175227851373690E+0
777.000000000000110E+0	19.177423380123429E+0	343.451538019650510E+0
778.000000000000110E+0	30.155103077285425E+0	435.918557991456050E+0
779.000000000000110E+0	10.484341350539291E+0	124.580686709110710E+0
780.000000000000110E+0	6.253055234075517E+0	47.296668952505925E+0
781.000000000000110E+0	39.587627776590217E+0	299.776868990329320E+0
782.000000000000110E+0	58.805232281933932E+0	371.711930863844200E+0
783.000000000000110E+0	33.082264700093141E+0	189.009983310667620E+0
784.000000000000110E+0	12.889935708649404E+0	71.737425023910703E+0
785.000000000000110E+0	27.615091524720498E+0	121.138784144353280E+0
786.000000000000110E+0	69.992320195072395E+0	245.447816415492300E+0
787.000000000000110E+0	89.582397041698130E+0	251.892228747579170E+0
788.000000000000110E+0	106.710930292890340E+0	271.666269519406280E+0
789.000000000000110E+0	29.085948038364400E+0	75.931905548583771E+0
790.000000000000110E+0	126.990368743491710E+0	177.537377308337740E+0
791.000000000000110E+0	444.715088944354930E+0	609.352329099223310E+0
792.000000000000110E+0	182.410867469446200E+0	239.497611771448870E+0
793.000000000000110E+0	79.753197068493392E+0	115.494981078512340E+0
794.000000000000110E+0	97.967644709439384E+0	121.310644427705230E+0
795.000000000000110E+0	169.748772369030210E+0	246.798438254306890E+0
796.000000000000110E+0	190.152529875828070E+0	329.549331455593230E+0
797.000000000000110E+0	166.451123842691630E+0	296.542480039378630E+0
798.000000000000110E+0	71.923355107028996E+0	110.322878123400440E+0
799.000000000000110E+0	45.940696522632024E+0	91.228730929472221E+0
800.000000000000110E+0	121.249836512330420E+0	364.006267212503700E+0
801.000000000000110E+0	152.878361813282080E+0	524.332659323440000E+0
802.000000000000110E+0	33.628533821883323E+0	135.742925865327660E+0
803.000000000000110E+0	22.623622053029031E+0	72.030799464133324E+0
804.000000000000110E+0	55.035204474652424E+0	242.697805635584610E+0
805.000000000000110E+0	62.042956381929244E+0	250.169231946265940E+0
806.000000000000110E+0	65.672629246283606E+0	226.947783735761280E+0
807.000000000000110E+0	68.801498023601226E+0	218.650955672001000E+0
808.000000000000110E+0	7.140274515257960E+0	20.192750679562444E+0
809.000000000000110E+0	72.736749504632968E+0	285.318239814779300E+0
810.000000000000110E+0	122.901220414413870E+0	451.265846609110210E+0
811.000000000000110E+0	53.095665174460734E+0	198.346528854616280E+0
812.000000000000110E+0	20.091969497229108E+0	69.305804587200185E+0
813.000000000000110E+0	22.405194065294346E+0	98.172771403330799E+0
814.000000000000110E+0	56.681770111761281E+0	377.810034126567190E+0
815.000000000000110E+0	29.324611006198882E+0	267.090027237015760E+0
816.000000000000110E+0	11.019615580732442E+0	172.375831754471790E+0
817.000000000000110E+0	7.531215262708315E+0	128.384239885554930E+0
818.000000000000110E+0	4.527515702435108E+0	93.582677749869703E+0
819.000000000000110E+0	17.052117885852262E+0	427.763934729686870E+0
820.000000000000110E+0	15.811770198121915E+0	404.160438233163350E+0
821.000000000000110E+0	3.377671148862780E+0	87.209611878591261E+0
822.000000000000110E+0	2.224848247598760E+0	103.858700329137760E+0
823.000000000000110E+0	5.032606494128710E+0	359.172259745473350E+0
824.000000000000110E+0	2.016679094524653E+0	234.734765491186350E+0
825.000000000000110E+0	1.939134782918332E+0	229.814781481333510E+0
826.000000000000110E+0	815.327985835632930E-3	85.429616299090441E+0
827.000000000000110E+0	257.415988960844830E-3	82.090596961453698E+0
828.000000000000110E+0	571.310179838373070E-3	279.832629918619940E+0
829.000000000000110E+0	500.941714338857700E-3	322.898345884136520E+0
830.000000000000110E+0	199.853897401627480E-3	177.515649080547010E+0
831.000000000000110E+0	57.223823577949272E-3	17.646328849608444E+0
832.000000000000110E+0	54.065769134201982E-3	210.054448383195530E+0
833.000000000000110E+0	47.636175955756102E-3	432.625815767175770E+0
834.000000000000110E+0	26.528454149432740E-3	117.884746821419610E+0
835.000000000000110E+0	18.152232458185924E-3	126.524448139846440E+0
836.000000000000110E+0	2.159673334091741E-3	75.004366306574539E+0
837.000000000000110E+0	75.528814092657326E-3	135.284480750156090E+0
838.000000000000110E+0	274.667553064385840E-3	419.189550739744670E+0
839.000000000000110E+0	266.797343797836480E-3	247.574609076871100E+0
840.000000000000110E+0	269.560154317128040E-3	55.066875945782854E+0
841.000000000000110E+0	441.847301254166770E-3	118.705564564385300E+0
842.000000000000110E+0	645.798434664272340E-3	377.401982098563730E+0
843.000000000000110E+0	793.693287300111570E-3	314.847802297038920E+0
844.000000000000110E+0	497.421257614623800E-3	134.515469339101540E+0
845.000000000000110E+0	266.130906515120780E-3	94.970880771724509E+0
846.000000000000110E+0	1.257067868695283E+0	211.034461269247060E+0
847.000000000000110E+0	3.415826345883103E+0	256.290578768528630E+0
848.000000000000110E+0	6.762022547690142E+0	378.955678832803300E+0
849.000000000000110E+0	4.530884721941733E+0	194.531817502301750E+0
850.000000000000110E+0	158.748402323488300E-3	26.673619518702775E+0
851.000000000000110E+0	10.608574756858669E+0	475.199104864876520E+0
852.000000000000110E+0	11.938310017647044E+0	402.260809760895540E+0
853.000000000000110E+0	4.133177339710986E+0	137.639089823747780E+0
854.000000000000110E+0	4.368767503302067E+0	125.094669850623090E+0
855.000000000000110E+0	6.437846577503976E+0	104.213527995383150E+0
856.000000000000110E+0	15.493846640730746E+0	292.487937015854410E+0
857.000000000000110E+0	14.517199023004437E+0	311.828727475235440E+0
858.000000000000110E+0	5.134355310730661E+0	147.910458873108100E+0
859.000000000000110E+0	1.309462876016543E+0	56.188847150322360E+0
860.000000000000110E+0	3.027489928132669E+0	147.625236755374320E+0
861.000000000000110E+0	6.140716838030746E+0	491.377534049836070E+0
862.000000000000110E+0	1.793434215566583E+0	236.420941760397000E+0
863.000000000000110E+0	692.195682126528710E-3	38.167183552537537E+0
864.000000000000110E+0	2.553601788868380E+0	107.574451808442550E+0
865.000000000000110E+0	4.110664536174863E+0	227.358434716195690E+0
866.000000000000110E+0	3.140432481848361E+0	172.517036085925920E+0
867.000000000000110E+0	4.653400436663287E+0	271.570536039174210E+0
868.000000000000110E+0	1.355840571793947E+0	91.680634381720154E+0
869.000000000000110E+0	3.323969710339193E+0	69.113534344277184E+0
870.000000000000110E+0	16.396864767468379E+0	447.992452876547590E+0
871.000000000000110E+0	10.860329582246225E+0	288.863549716348470E+0
872.000000000000110E+0	3.774199540245617E+0	130.449731700456850E+0
873.000000000000110E+0	5.060492512038528E+0	45.053713156197844E+0
874.000000000000110E+0	29.466273640751940E+0	217.821398149381050E+0
875.000000000000110E+0	54.056949856279104E+0	357.933496632084310E+0
876.000000000000110E+0	40.972147877997330E+0	198.451517011531000E+0
877.000000000000110E+0	60.220893480715731E+0	191.781803858828400E+0
878.000000000000110E+0	17.743262762362935E+0	55.425544662564889E+0
879.000000000000110E+0	79.686732713505790E+0	227.891324673713200E+0
880.000000000000110E+0	263.892102465301040E+0	575.956879076485620E+0
881.000000000000110E+0	139.639279785597240E+0	250.801192201683850E+0
882.000000000000110E+0	19.586504965749924E+0	50.349934088454759E+0
883.000000000000110E+0	135.476876680820540E+0	234.569427283206320E+0
884.000000000000110E+0	201.869797701442110E+0	315.692009756275920E+0
885.000000000000110E+0	158.231194081760630E+0	266.608722610388550E+0
886.000000000000110E+0	108.678834654856960E+0	193.087552331024680E+0
887.000000000000110E+0	42.132059430084979E+0	79.958881866316261E+0
888.000000000000110E+0	69.866289372064131E+0	192.747698863489690E+0
889.000000000000110E+0	154.286981654145140E+0	428.702325692050640E+0
890.000000000000110E+0	100.072286859584610E+0	284.739937516454230E+0
891.000000000000110E+0	35.674357625737464E+0	102.896704168830500E+0
892.000000000000110E+0	32.470161938958327E+0	83.355890760451103E+0
893.000000000000110E+0	150.460306553517770E+0	468.313614847969180E+0
894.000000000000110E+0	75.357865334634411E+0	249.621625306286260E+0
895.000000000000110E+0	29.216257423738909E+0	121.034405597934470E+0
896.000000000000110E+0	31.004088835808421E+0	133.796266801365900E+0
897.000000000000110E+0	19.774553918207250E+0	63.379254295159868E+0
898.000000000000110E+0	100.288837711459000E+0	333.650915402989140E+0
899.000000000000110E+0	107.779394344715650E+0	377.737647571376670E+0
900.000000000000110E+0	30.365384401743363E+0	108.153445559308850E+0
901.000000000000110E+0	13.761723384044211E+0	37.385231640619523E+0
902.000000000000110E+0	71.343476582597404E+0	231.348663926068920E+0
903.000000000000110E+0	88.370020735995339E+0	308.554502369914980E+0
904.000000000000110E+0	39.695807064554671E+0	153.817559195773900E+0
905.000000000000110E+0	15.418736622395929E+0	62.683503221546985E+0
906.000000000000110E+0	34.617414582737567E+0	85.298832057219812E+0
907.000000000000110E+0	61.493240459500363E+0	148.272939232838010E+0
908.000000000000110E+0	110.642787225607510E+0	266.852562337358900E+0
909.000000000000110E+0	107.651942027422890E+0	228.417449084676950E+0
910.000000000000110E+0	23.837347681749112E+0	35.852833059050710E+0
911.000000000000110E+0	36.086421820482364E+0	132.825304395486850E+0
912.000000000000110E+0	156.472318021406040E+0	470.831174026761910E+0
913.000000000000110E+0	65.312048065496953E+0	193.155159113217790E+0
914.000000000000110E+0	24.440636760334250E+0	83.290047533559885E+0
915.000000000000110E+0	24.899129154681908E+0	98.329508647198196E+0
916.000000000000110E+0	18.891502895385301E+0	108.134434618661200E+0
917.000000000000110E+0	41.214246899658264E+0	323.981696204751930E+0
918.000000000000110E+0	24.338194094302516E+0	237.448081503652760E+0
919.000000000000110E+0	10.539421047990398E+0	130.606157107126310E+0
920.000000000000110E+0	2.636800713233533E+0	31.362282645356395E+0
921.000000000000110E+0	15.117144899052869E+0	339.012056886502820E+0
922.000000000000110E+0	15.238950584213393E+0	429.024337957576450E+0
923.000000000000110E+0	5.336195350937024E+0	167.014826694786080E+0
924.000000000000110E+0	3.073960266948643E+0	66.652854341811960E+0
925.000000000000110E+0	8.661999993975728E+0	187.481324505642250E+0
926.000000000000110E+0	12.557236608470047E+0	223.948974864271290E+0
927.000000000000110E+0	24.216189794753724E+0	327.241111784636980E+0
928.000000000000110E+0	23.910056193278905E+0	273.479918641808240E+0
929.000000000000110E+0	3.372888727659545E+0	36.260232582433154E+0
930.000000000000110E+0	27.811050211495534E+0	294.211857360369720E+0
931.000000000000110E+0	49.940100081172034E+0	510.222804388535110E+0
932.000000000000110E+0	21.289904801855474E+0	237.705333609880480E+0
933.000000000000110E+0	10.284862225250771E+0	97.149542917981748E+0
934.000000000000110E+0	15.714232677461862E+0	135.779846403899510E+0
935.000000000000110E+0	27.889081788797899E+0	352.191054398541440E+0
936.000000000000110E+0	21.367961770520807E+0	357.614428825438610E+0
937.000000000000110E+0	11.004546398053995E+0	223.537712323400170E+0
938.000000000000110E+0	7.331091632820981E+0	156.536843950132860E+0
939.000000000000110E+0	691.008603095654590E-3	83.817623474477727E+0
940.000000000000110E+0	18.946527700750089E+0	585.575228296775320E+0
941.000000000000110E+0	16.941921582073256E+0	440.136975165185670E+0
942.000000000000110E+0	2.098992642432074E+0	76.903304104465221E+0
943.000000000000110E+0	2.718954728746947E+0	144.645883910022720E+0
944.000000000000110E+0	3.629869472874093E+0	351.275068567381200E+0
945.000000000000110E+0	1.655172225979969E+0	276.993005605185200E+0
946.000000000000110E+0	741.374295170549200E-3	280.232173824918500E+0
947.000000000000110E+0	408.344743742218630E-3	145.782640280156410E+0
948.000000000000110E+0	226.822567255182410E-3	91.490925657495865E+0
949.000000000000110E+0	1.556304465089506E+0	382.646387908178610E+0
950.000000000000110E+0	2.564491749010514E+0	417.743892393151330E+0
951.000000000000110E+0	1.714767079290012E+0	225.025836474144030E+0
952.000000000000110E+0	541.899178260322190E-3	34.807677413719588E+0
953.000000000000110E+0	4.485997199710960E+0	283.507719016875060E+0
954.000000000000110E+0	6.753000472091533E+0	411.889680043362660E+0
955.000000000000110E+0	2.432498557176452E+0	154.461896337305010E+0
956.000000000000110E+0	2.147822875925281E+0	165.415427283311400E+0
957.000000000000110E+0	1.397280399417380E+0	93.079915974758279E+0
958.000000000000110E+0	2.257698321775427E+0	196.107728762456020E+0
959.000000000000110E+0	4.968945052962322E+0	541.024391911054860E+0
960.000000000000110E+0	1.807872471888514E+0	205.992756897079370E+0
961.000000000000110E+0	908.862723280929980E-3	25.870220051959251E+0
962.000000000000110E+0	1.255976001470971E+0	172.481762009076760E+0
963.000000000000110E+0	945.499493708225280E-3	318.740494541822900E+0
964.000000000000110E+0	561.883483649342710E-3	277.153487318017480E+0
965.000000000000110E+0	389.345994099984720E-3	91.785967206251101E+0
966.000000000000110E+0	447.475647749503770E-3	80.730394570084314E+0
967.000000000000110E+0	723.162576384258740E-3	122.836183608987540E+0
968.000000000000110E+0	1.341602172511170E+0	239.329823011579860E+0
969.000000000000110E+0	1.531218353149629E+0	264.725942428312350E+0
970.000000000000110E+0	642.457816590368490E-3	94.003018944902649E+0
971.000000000000110E+0	200.479898048902070E-3	41.712968120152553E+0
972.000000000000110E+0	2.217329272643330E+0	438.835653536908130E+0
973.000000000000110E+0	1.370472780428638E+0	264.271030322941560E+0
974.000000000000110E+0	300.392011579778790E-3	66.926804157556475E+0
975.000000000000110E+0	156.581051312246510E-3	66.030678254884506E+0
976.000000000000110E+0	290.625316076144170E-3	43.558191900675958E+0
977.000000000000110E+0	907.896680639844410E-3	196.443623290061990E+0
978.000000000000110E+0	875.541714308116450E-3	259.873760929090740E+0
979.000000000000110E+0	213.987243591615970E-3	90.861861915354240E+0
980.000000000000110E+0	10.375318362178320E-3	13.417080194017746E+0
981.000000000000110E+0	376.090929111964620E-3	126.655503753852680E+0
982.000000000000110E+0	962.899975575807860E-3	308.073500069663740E+0
983.000000000000110E+0	464.818663525884360E-3	149.595970221420630E+0
984.000000000000110E+0	25.872794685950707E-3	5.751747463130243E+0
985.000000000000110E+0	485.343340841072000E-3	72.026795093102990E+0
986.000000000000110E+0	816.893596099300010E-3	98.626774544918589E+0
987.000000000000110E+0	958.411687768718540E-3	149.712276210870840E+0
988.000000000000110E+0	1.960651466890962E+0	199.382692481392610E+0
989.000000000000110E+0	401.560914034486850E-3	33.807685506329491E+0
990.000000000000110E+0	1.206075847334318E+0	55.375510407280046E+0
991.000000000000110E+0	6.189860326800571E+0	290.968631642226740E+0
992.000000000000110E+0	4.094933453435164E+0	126.727023666594310E+0
993.000000000000110E+0	1.238660402407701E+0	25.698606951987585E+0
994.000000000000110E+0	172.587898333697090E-3	12.970036580174792E+0
995.000000000000110E+0	1.882800629449500E+0	84.009028914342622E+0
996.000000000000110E+0	3.483673397026485E+0	159.982291801045700E+0
997.000000000000110E+0	1.012604993507576E+0	61.108121392524467E+0
998.000000000000110E+0	659.335862484532910E-3	62.945945237703519E+0
999.000000000000110E+0	92.810716224329293E-3	3.412903615726690E+0
1.000000000000000E+3	2.887661363939474E+0	159.192011006274980E+0
