Freq (Hz)	Coh_accelerometre /source
source
source
10.000000000000018E+0	999.187350513691900E-3
11.000000000000020E+0	995.530183262505420E-3
12.000000000000021E+0	992.712093859673960E-3
13.000000000000023E+0	993.452638600053510E-3
14.000000000000025E+0	997.736164251073360E-3
15.000000000000027E+0	997.433580824997330E-3
16.000000000000028E+0	991.783995157628610E-3
17.000000000000028E+0	999.288048747443370E-3
18.000000000000028E+0	999.111176644236990E-3
19.000000000000028E+0	998.559789894131300E-3
20.000000000000028E+0	999.739358547741760E-3
21.000000000000028E+0	999.701464537757660E-3
22.000000000000028E+0	999.634416524421200E-3
23.000000000000028E+0	999.779128913139140E-3
24.000000000000028E+0	999.882669680188680E-3
25.000000000000028E+0	999.946190795303780E-3
26.000000000000028E+0	999.953057826902020E-3
27.000000000000028E+0	999.827808610793680E-3
28.000000000000028E+0	999.834544634294440E-3
29.000000000000028E+0	999.400260925328410E-3
30.000000000000028E+0	999.867370749681900E-3
31.000000000000028E+0	999.938644436627720E-3
32.000000000000028E+0	999.929286683853950E-3
33.000000000000028E+0	999.882288663633930E-3
34.000000000000028E+0	999.812996097080520E-3
35.000000000000028E+0	999.884484004198940E-3
36.000000000000028E+0	999.875316612569450E-3
37.000000000000028E+0	998.831288636240710E-3
38.000000000000028E+0	999.580781337077510E-3
39.000000000000028E+0	999.801990829234930E-3
40.000000000000028E+0	999.684850892311180E-3
41.000000000000028E+0	999.949764556420040E-3
42.000000000000028E+0	999.961411232580980E-3
43.000000000000028E+0	999.829597206671970E-3
44.000000000000028E+0	999.607396625699080E-3
45.000000000000028E+0	999.909763118050580E-3
46.000000000000028E+0	999.964953656411690E-3
47.000000000000028E+0	999.976509876101540E-3
48.000000000000028E+0	999.937317617134340E-3
49.000000000000028E+0	999.922276828335340E-3
50.000000000000028E+0	999.957067372804870E-3
51.000000000000028E+0	999.962265800898420E-3
52.000000000000028E+0	999.768370079146980E-3
53.000000000000028E+0	998.522324317086210E-3
54.000000000000028E+0	998.693603604971060E-3
55.000000000000028E+0	999.567005754646080E-3
56.000000000000028E+0	999.792442781109010E-3
57.000000000000028E+0	999.869633214850120E-3
58.000000000000028E+0	999.671507161260740E-3
59.000000000000028E+0	999.780378313989910E-3
60.000000000000028E+0	999.944706891787490E-3
61.000000000000028E+0	999.958711283573500E-3
62.000000000000028E+0	999.870464323563080E-3
63.000000000000028E+0	999.939561038458600E-3
64.000000000000028E+0	999.903389553497780E-3
65.000000000000028E+0	999.941399292561320E-3
66.000000000000028E+0	999.927345120103840E-3
67.000000000000028E+0	999.317442495146310E-3
68.000000000000028E+0	999.778432381905780E-3
69.000000000000028E+0	999.882833163959760E-3
70.000000000000028E+0	999.530268162174830E-3
71.000000000000028E+0	999.390353567951030E-3
72.000000000000028E+0	998.284513711886640E-3
73.000000000000028E+0	999.393880907782360E-3
74.000000000000028E+0	999.799725738285460E-3
75.000000000000028E+0	999.839728049109810E-3
76.000000000000028E+0	999.864192553457600E-3
77.000000000000028E+0	999.870012001571550E-3
78.000000000000028E+0	999.900907493592730E-3
79.000000000000028E+0	999.899026999759410E-3
80.000000000000028E+0	999.022545644027700E-3
81.000000000000028E+0	997.762100686754190E-3
82.000000000000028E+0	999.443536168520220E-3
83.000000000000028E+0	999.696369619955560E-3
84.000000000000028E+0	999.378579402164120E-3
85.000000000000028E+0	997.158296605627380E-3
86.000000000000028E+0	997.723583518914100E-3
87.000000000000028E+0	994.649590619174680E-3
88.000000000000028E+0	998.901624773445460E-3
89.000000000000028E+0	999.751379939663120E-3
90.000000000000028E+0	997.253515050440240E-3
91.000000000000028E+0	995.889431715703210E-3
92.000000000000028E+0	999.746893493389960E-3
93.000000000000028E+0	997.515868662321780E-3
94.000000000000028E+0	997.812813499185050E-3
95.000000000000028E+0	995.903399899015770E-3
96.000000000000028E+0	999.198960802680450E-3
97.000000000000028E+0	997.179693187175480E-3
98.000000000000028E+0	988.055189475140480E-3
99.000000000000028E+0	960.938575460106190E-3
100.000000000000030E+0	998.780721129662870E-3
101.000000000000030E+0	999.757659797956050E-3
102.000000000000030E+0	999.660405737583520E-3
103.000000000000030E+0	999.641070675252760E-3
104.000000000000030E+0	999.672502533113240E-3
105.000000000000030E+0	999.508626862481430E-3
106.000000000000030E+0	999.807349402680010E-3
107.000000000000030E+0	999.811395595235240E-3
108.000000000000030E+0	999.751485029382940E-3
109.000000000000030E+0	992.158514922378390E-3
110.000000000000030E+0	999.577166198836190E-3
111.000000000000030E+0	999.684289011535050E-3
112.000000000000030E+0	999.548951960252400E-3
113.000000000000030E+0	999.397737240960590E-3
114.000000000000030E+0	999.464794196140650E-3
115.000000000000030E+0	999.860215320451660E-3
116.000000000000030E+0	999.886949825626090E-3
117.000000000000030E+0	999.837467213506860E-3
118.000000000000030E+0	999.617987796369570E-3
119.000000000000030E+0	999.260514956852420E-3
120.000000000000030E+0	999.912331844302730E-3
121.000000000000030E+0	999.906924891075240E-3
122.000000000000030E+0	999.757299554873910E-3
123.000000000000030E+0	999.840086926934600E-3
124.000000000000030E+0	999.875944326369060E-3
125.000000000000030E+0	999.919295600816600E-3
126.000000000000030E+0	999.903956112519920E-3
127.000000000000030E+0	999.832955822568370E-3
128.000000000000030E+0	997.697412048241140E-3
129.000000000000030E+0	999.888698133173380E-3
130.000000000000030E+0	999.914551558599760E-3
131.000000000000030E+0	999.907080884382070E-3
132.000000000000030E+0	999.571061114465250E-3
133.000000000000030E+0	999.821561658510990E-3
134.000000000000030E+0	999.705736124095630E-3
135.000000000000030E+0	999.685554055614880E-3
136.000000000000030E+0	999.798975027165860E-3
137.000000000000030E+0	997.435160320659370E-3
138.000000000000030E+0	999.494392851225880E-3
139.000000000000030E+0	999.891756528459070E-3
140.000000000000030E+0	999.689230705643530E-3
141.000000000000030E+0	999.606942977471210E-3
142.000000000000030E+0	999.371084398061770E-3
143.000000000000030E+0	999.376773693959830E-3
144.000000000000030E+0	999.647591612268350E-3
145.000000000000030E+0	999.063453018200760E-3
146.000000000000030E+0	998.742118071266560E-3
147.000000000000030E+0	991.116988143945220E-3
148.000000000000030E+0	999.716852661290400E-3
149.000000000000030E+0	999.680154709891020E-3
150.000000000000030E+0	998.306041084072280E-3
151.000000000000030E+0	997.927301812079560E-3
152.000000000000030E+0	999.619551171912150E-3
153.000000000000030E+0	999.358131339495470E-3
154.000000000000030E+0	998.920020663386030E-3
155.000000000000030E+0	998.821581138490730E-3
156.000000000000030E+0	980.812752767839970E-3
157.000000000000030E+0	999.147431865939790E-3
158.000000000000030E+0	999.650313281218340E-3
159.000000000000030E+0	998.999499444484740E-3
160.000000000000030E+0	998.665720287013720E-3
161.000000000000030E+0	999.496351010450640E-3
162.000000000000030E+0	999.759551104728250E-3
163.000000000000030E+0	999.310680412402450E-3
164.000000000000030E+0	998.669682769901980E-3
165.000000000000030E+0	999.079036137795580E-3
166.000000000000030E+0	998.128098866730260E-3
167.000000000000030E+0	999.154390287560150E-3
168.000000000000030E+0	999.264446256116990E-3
169.000000000000030E+0	997.272768238569140E-3
170.000000000000030E+0	998.296998005716140E-3
171.000000000000030E+0	999.591734105817030E-3
172.000000000000030E+0	999.422381706542850E-3
173.000000000000030E+0	998.403717062559480E-3
174.000000000000030E+0	996.942027983200970E-3
175.000000000000030E+0	997.699155177119820E-3
176.000000000000030E+0	999.576707513894820E-3
177.000000000000030E+0	999.646055424695870E-3
178.000000000000030E+0	999.501952420241760E-3
179.000000000000030E+0	997.286806676272670E-3
180.000000000000030E+0	999.121503280492430E-3
181.000000000000030E+0	999.382794587050590E-3
182.000000000000030E+0	995.987238583633800E-3
183.000000000000030E+0	998.144576266913220E-3
184.000000000000030E+0	998.421566458806530E-3
185.000000000000030E+0	999.433319667204500E-3
186.000000000000030E+0	999.613998959603010E-3
187.000000000000030E+0	999.328689406302370E-3
188.000000000000030E+0	998.126061950685980E-3
189.000000000000030E+0	997.816200296958940E-3
190.000000000000030E+0	999.237016900495270E-3
191.000000000000030E+0	999.497979174277960E-3
192.000000000000030E+0	999.397002213541770E-3
193.000000000000030E+0	999.657570489993370E-3
194.000000000000030E+0	999.548604236590200E-3
195.000000000000030E+0	999.219174450746260E-3
196.000000000000030E+0	999.191034635565690E-3
197.000000000000030E+0	999.089554704602140E-3
198.000000000000030E+0	998.103742547643000E-3
199.000000000000030E+0	999.477056387962800E-3
200.000000000000030E+0	999.130679490911390E-3
201.000000000000030E+0	996.895232734421380E-3
202.000000000000030E+0	996.516517072085330E-3
203.000000000000030E+0	998.662277782178750E-3
204.000000000000030E+0	999.526104275478280E-3
205.000000000000030E+0	999.024114896175820E-3
206.000000000000030E+0	999.163857716353850E-3
207.000000000000030E+0	997.363024160031420E-3
208.000000000000030E+0	995.607846546260670E-3
209.000000000000030E+0	998.150501191616520E-3
210.000000000000030E+0	997.400070768152070E-3
211.000000000000030E+0	991.829416811619070E-3
212.000000000000030E+0	996.101790928656580E-3
213.000000000000030E+0	997.368459301014480E-3
214.000000000000030E+0	997.043464252514670E-3
215.000000000000030E+0	998.272187385328080E-3
216.000000000000030E+0	996.609254898889850E-3
217.000000000000030E+0	986.187824536744690E-3
218.000000000000030E+0	996.700092205151880E-3
219.000000000000030E+0	997.695322522096250E-3
220.000000000000030E+0	997.133096668196380E-3
221.000000000000030E+0	996.391559267194360E-3
222.000000000000030E+0	999.189162445378700E-3
223.000000000000030E+0	999.112772560552420E-3
224.000000000000030E+0	993.503145890828000E-3
225.000000000000030E+0	997.595131011084320E-3
226.000000000000030E+0	995.704680211926600E-3
227.000000000000030E+0	998.780371501524210E-3
228.000000000000030E+0	999.352312593385080E-3
229.000000000000030E+0	998.865752806316840E-3
230.000000000000030E+0	997.948332504498330E-3
231.000000000000030E+0	998.366854123235670E-3
232.000000000000030E+0	997.789865650526520E-3
233.000000000000030E+0	991.942339714239840E-3
234.000000000000030E+0	988.018077758894940E-3
235.000000000000030E+0	991.986216620816210E-3
236.000000000000030E+0	997.273297812057090E-3
237.000000000000030E+0	998.444493794587110E-3
238.000000000000030E+0	998.138894330069640E-3
239.000000000000030E+0	989.014479836229360E-3
240.000000000000030E+0	994.121323711475990E-3
241.000000000000030E+0	998.066671987379530E-3
242.000000000000030E+0	998.062616492162320E-3
243.000000000000030E+0	985.767970424965440E-3
244.000000000000030E+0	995.231248336852720E-3
245.000000000000030E+0	995.266160448806890E-3
246.000000000000030E+0	998.737414826737950E-3
247.000000000000030E+0	998.107647133804180E-3
248.000000000000030E+0	997.426424516281940E-3
249.000000000000030E+0	983.279466757816300E-3
250.000000000000030E+0	998.446041794586070E-3
251.000000000000030E+0	998.807217224876970E-3
252.000000000000030E+0	998.648350918709290E-3
253.000000000000030E+0	998.558967655978290E-3
254.000000000000030E+0	998.148525396253430E-3
255.000000000000030E+0	998.225928026189480E-3
256.000000000000060E+0	999.141466435286900E-3
257.000000000000060E+0	999.555193834874790E-3
258.000000000000060E+0	997.833269822527070E-3
259.000000000000060E+0	993.124638416784220E-3
260.000000000000060E+0	995.738727600854130E-3
261.000000000000060E+0	979.804509518955370E-3
262.000000000000060E+0	997.894030226389890E-3
263.000000000000060E+0	998.457066143171420E-3
264.000000000000060E+0	998.580326804498370E-3
265.000000000000060E+0	999.163361435830290E-3
266.000000000000060E+0	998.905869970478590E-3
267.000000000000060E+0	999.210764872215500E-3
268.000000000000060E+0	998.568442223307980E-3
269.000000000000060E+0	993.743115297701760E-3
270.000000000000060E+0	997.513654530733820E-3
271.000000000000060E+0	891.654826841051680E-3
272.000000000000060E+0	996.884069297811930E-3
273.000000000000060E+0	997.043531270902620E-3
274.000000000000060E+0	997.123593184900070E-3
275.000000000000060E+0	998.511807438409840E-3
276.000000000000060E+0	998.448193964919460E-3
277.000000000000060E+0	997.838361746572480E-3
278.000000000000060E+0	997.160188996477180E-3
279.000000000000060E+0	998.531097031190810E-3
280.000000000000060E+0	997.788443237548780E-3
281.000000000000060E+0	993.717963890428770E-3
282.000000000000060E+0	994.687362128855330E-3
283.000000000000060E+0	997.671944239671980E-3
284.000000000000060E+0	996.385892860352950E-3
285.000000000000060E+0	997.960628282587140E-3
286.000000000000060E+0	998.687269299799780E-3
287.000000000000060E+0	996.888142828983410E-3
288.000000000000060E+0	999.123610510937230E-3
289.000000000000060E+0	998.972289170170220E-3
290.000000000000060E+0	996.407994458049950E-3
291.000000000000060E+0	997.430841840119540E-3
292.000000000000060E+0	997.834733993374300E-3
293.000000000000060E+0	996.662632895166660E-3
294.000000000000060E+0	995.506390884755680E-3
295.000000000000060E+0	995.226561683161260E-3
296.000000000000060E+0	992.228462944972910E-3
297.000000000000060E+0	994.321320196118300E-3
298.000000000000060E+0	997.533961388555660E-3
299.000000000000060E+0	997.056484325065770E-3
300.000000000000060E+0	993.742085996621730E-3
301.000000000000060E+0	998.559909040676820E-3
302.000000000000060E+0	998.668936474175650E-3
303.000000000000060E+0	993.175362373356350E-3
304.000000000000060E+0	997.143303245521810E-3
305.000000000000060E+0	996.286247990703200E-3
306.000000000000060E+0	996.385689818067970E-3
307.000000000000060E+0	998.312221886821890E-3
308.000000000000060E+0	997.538637836081760E-3
309.000000000000060E+0	994.715397414412840E-3
310.000000000000060E+0	994.299775546534260E-3
311.000000000000060E+0	997.744655065153640E-3
312.000000000000060E+0	996.995692818326010E-3
313.000000000000060E+0	994.783459844060690E-3
314.000000000000060E+0	996.923355402373420E-3
315.000000000000060E+0	996.955462671577420E-3
316.000000000000060E+0	997.606379607133390E-3
317.000000000000060E+0	998.391259230598130E-3
318.000000000000060E+0	997.445759001532320E-3
319.000000000000060E+0	986.270037420257870E-3
320.000000000000060E+0	997.752616480422020E-3
321.000000000000060E+0	997.860248390861740E-3
322.000000000000060E+0	994.313780393918710E-3
323.000000000000060E+0	996.112081573137580E-3
324.000000000000060E+0	996.472953313664810E-3
325.000000000000060E+0	998.024893669338330E-3
326.000000000000060E+0	997.645648952304680E-3
327.000000000000060E+0	997.347377063309110E-3
328.000000000000060E+0	996.886205414286960E-3
329.000000000000060E+0	991.475697561679750E-3
330.000000000000060E+0	998.170007996382450E-3
331.000000000000060E+0	997.362274243613340E-3
332.000000000000060E+0	995.420724313344270E-3
333.000000000000060E+0	996.410157973430240E-3
334.000000000000060E+0	997.125227468003470E-3
335.000000000000060E+0	997.132373721054230E-3
336.000000000000060E+0	998.696967471469630E-3
337.000000000000060E+0	997.291111963372830E-3
338.000000000000060E+0	996.579222667538180E-3
339.000000000000060E+0	998.683975686209260E-3
340.000000000000060E+0	998.238462489029140E-3
341.000000000000060E+0	996.847556091099650E-3
342.000000000000060E+0	994.575347713056450E-3
343.000000000000060E+0	997.073159891241460E-3
344.000000000000060E+0	998.182164631461920E-3
345.000000000000060E+0	997.522356537731140E-3
346.000000000000060E+0	998.196266062962630E-3
347.000000000000060E+0	995.501496085830160E-3
348.000000000000060E+0	997.924079401276480E-3
349.000000000000060E+0	999.185480415495370E-3
350.000000000000060E+0	998.385913381032770E-3
351.000000000000060E+0	996.962311054976240E-3
352.000000000000060E+0	998.723102092418550E-3
353.000000000000060E+0	999.246916590201820E-3
354.000000000000060E+0	998.948227696530240E-3
355.000000000000060E+0	997.667570066337220E-3
356.000000000000060E+0	996.750548379743640E-3
357.000000000000060E+0	998.197167305326700E-3
358.000000000000060E+0	998.801653950727620E-3
359.000000000000060E+0	998.260443400949440E-3
360.000000000000060E+0	996.793181899066400E-3
361.000000000000060E+0	995.779297582623850E-3
362.000000000000060E+0	999.265394216045320E-3
363.000000000000060E+0	998.668163562868920E-3
364.000000000000060E+0	997.837075175219130E-3
365.000000000000060E+0	997.943321765679460E-3
366.000000000000060E+0	996.757097396083420E-3
367.000000000000060E+0	998.101818114578540E-3
368.000000000000060E+0	998.344332601376670E-3
369.000000000000060E+0	997.525964774072740E-3
370.000000000000060E+0	998.187783242314050E-3
371.000000000000060E+0	998.547811414693400E-3
372.000000000000060E+0	999.081252024271340E-3
373.000000000000060E+0	998.051754161376370E-3
374.000000000000060E+0	996.870103434272620E-3
375.000000000000060E+0	998.622900128811050E-3
376.000000000000060E+0	999.184399699354570E-3
377.000000000000060E+0	999.014656470722630E-3
378.000000000000060E+0	998.678883460883180E-3
379.000000000000060E+0	994.764982500779490E-3
380.000000000000060E+0	998.885911498056280E-3
381.000000000000060E+0	999.588553698686270E-3
382.000000000000060E+0	999.368345211186450E-3
383.000000000000060E+0	999.446132736478310E-3
384.000000000000060E+0	999.476756055601380E-3
385.000000000000060E+0	998.809446778962440E-3
386.000000000000060E+0	997.921150963579030E-3
387.000000000000060E+0	995.545655796946540E-3
388.000000000000060E+0	998.517540265881910E-3
389.000000000000060E+0	997.413457070530200E-3
390.000000000000060E+0	999.005751751758540E-3
391.000000000000060E+0	999.257958344103690E-3
392.000000000000060E+0	998.881776428591550E-3
393.000000000000060E+0	983.223364102506320E-3
394.000000000000060E+0	994.120667042298070E-3
395.000000000000060E+0	998.954673393790960E-3
396.000000000000060E+0	999.497165796046860E-3
397.000000000000060E+0	999.209616521579360E-3
398.000000000000060E+0	999.439079651569310E-3
399.000000000000060E+0	995.390074700401970E-3
400.000000000000060E+0	978.300526672636780E-3
401.000000000000060E+0	996.545726622713010E-3
402.000000000000060E+0	997.901569910703560E-3
403.000000000000060E+0	998.352619263598750E-3
404.000000000000060E+0	998.733078887094950E-3
405.000000000000060E+0	995.648384949078480E-3
406.000000000000060E+0	919.554644170223150E-3
407.000000000000060E+0	940.719435237190700E-3
408.000000000000060E+0	991.488295069794080E-3
409.000000000000060E+0	998.673237526503050E-3
410.000000000000060E+0	998.995192045730730E-3
411.000000000000060E+0	998.082805363747160E-3
412.000000000000060E+0	997.765432128408850E-3
413.000000000000060E+0	994.822345568453280E-3
414.000000000000060E+0	986.818865530028510E-3
415.000000000000060E+0	669.778975875729880E-3
416.000000000000060E+0	984.475640760730800E-3
417.000000000000060E+0	996.582785583358220E-3
418.000000000000060E+0	998.731454764953840E-3
419.000000000000060E+0	999.128247135087850E-3
420.000000000000060E+0	998.416685005542040E-3
421.000000000000060E+0	995.272501291684870E-3
422.000000000000060E+0	998.327720274455490E-3
423.000000000000060E+0	999.248566636802280E-3
424.000000000000060E+0	997.561289185926130E-3
425.000000000000060E+0	996.500330613998120E-3
426.000000000000060E+0	993.649886294802550E-3
427.000000000000060E+0	997.082364362645630E-3
428.000000000000060E+0	998.705978102153340E-3
429.000000000000060E+0	998.381860321281290E-3
430.000000000000060E+0	997.674136288069330E-3
431.000000000000060E+0	987.846407512319000E-3
432.000000000000060E+0	996.452877855546260E-3
433.000000000000060E+0	997.603587136931310E-3
434.000000000000060E+0	997.427385132514170E-3
435.000000000000060E+0	997.032519248619020E-3
436.000000000000060E+0	997.974149942913890E-3
437.000000000000060E+0	997.855146831284070E-3
438.000000000000060E+0	998.259443054857360E-3
439.000000000000060E+0	997.845137649771340E-3
440.000000000000060E+0	990.156288985172050E-3
441.000000000000060E+0	998.223835009472980E-3
442.000000000000060E+0	997.997182336733850E-3
443.000000000000060E+0	997.879460941728750E-3
444.000000000000060E+0	999.017299571764550E-3
445.000000000000060E+0	998.037749027074210E-3
446.000000000000060E+0	998.367323169504610E-3
447.000000000000060E+0	998.238410156686570E-3
448.000000000000060E+0	998.063584547593580E-3
449.000000000000060E+0	997.619069718441940E-3
450.000000000000060E+0	997.469855838156060E-3
451.000000000000060E+0	999.271465935104300E-3
452.000000000000060E+0	998.537421386749610E-3
453.000000000000060E+0	997.462206028149170E-3
454.000000000000060E+0	998.698022388866400E-3
455.000000000000060E+0	998.542957800093720E-3
456.000000000000060E+0	998.841636643117540E-3
457.000000000000060E+0	998.641601202157060E-3
458.000000000000060E+0	997.298682664419460E-3
459.000000000000060E+0	992.089007568985100E-3
460.000000000000060E+0	998.511648524909590E-3
461.000000000000060E+0	997.096794418541490E-3
462.000000000000060E+0	992.654191360905600E-3
463.000000000000060E+0	993.220085690634250E-3
464.000000000000060E+0	997.385696208819780E-3
465.000000000000060E+0	998.199346419824440E-3
466.000000000000060E+0	998.943846092307460E-3
467.000000000000060E+0	998.791633408086300E-3
468.000000000000060E+0	996.136202400983110E-3
469.000000000000060E+0	998.506872125291880E-3
470.000000000000060E+0	999.033156573868600E-3
471.000000000000060E+0	998.587607975795490E-3
472.000000000000060E+0	998.664348003983400E-3
473.000000000000060E+0	998.176161179558430E-3
474.000000000000060E+0	998.026227229783070E-3
475.000000000000060E+0	998.867675837899150E-3
476.000000000000060E+0	999.301921349231570E-3
477.000000000000060E+0	999.254929699420090E-3
478.000000000000060E+0	998.946635541631880E-3
479.000000000000060E+0	999.193886623910400E-3
480.000000000000060E+0	998.805755343962430E-3
481.000000000000060E+0	997.589178672181660E-3
482.000000000000060E+0	997.175752603365000E-3
483.000000000000060E+0	999.213429905411620E-3
484.000000000000060E+0	998.681519482054410E-3
485.000000000000060E+0	997.804214605585990E-3
486.000000000000060E+0	998.659711796602180E-3
487.000000000000060E+0	996.002213110657950E-3
488.000000000000060E+0	999.091485883458420E-3
489.000000000000060E+0	998.858480455971810E-3
490.000000000000060E+0	997.363615855946350E-3
491.000000000000060E+0	994.809042425247150E-3
492.000000000000060E+0	998.164039596115220E-3
493.000000000000060E+0	999.257919970848340E-3
494.000000000000060E+0	999.306029861922180E-3
495.000000000000060E+0	998.751606068698060E-3
496.000000000000060E+0	998.358757769914340E-3
497.000000000000060E+0	998.442538833652640E-3
498.000000000000060E+0	999.072504270585800E-3
499.000000000000060E+0	998.735524568285070E-3
500.000000000000060E+0	997.241013680400080E-3
501.000000000000060E+0	997.346930137325450E-3
502.000000000000060E+0	998.774338027849210E-3
503.000000000000060E+0	998.376285942248810E-3
504.000000000000060E+0	996.997997184827730E-3
505.000000000000060E+0	997.737956676050030E-3
506.000000000000060E+0	997.870551068439360E-3
507.000000000000060E+0	999.268511123718170E-3
508.000000000000060E+0	999.163756655470970E-3
509.000000000000060E+0	998.410759956053880E-3
510.000000000000060E+0	995.381124086719860E-3
511.000000000000060E+0	998.917890177247410E-3
512.000000000000110E+0	999.184029489989410E-3
513.000000000000110E+0	997.636395716583360E-3
514.000000000000110E+0	997.749236738036730E-3
515.000000000000110E+0	998.674757638276510E-3
516.000000000000110E+0	998.978899172409340E-3
517.000000000000110E+0	998.970290240977170E-3
518.000000000000110E+0	998.640442729084030E-3
519.000000000000110E+0	995.978356520618170E-3
520.000000000000110E+0	998.555082150705650E-3
521.000000000000110E+0	998.963479652557160E-3
522.000000000000110E+0	998.916705727073580E-3
523.000000000000110E+0	998.088383251661270E-3
524.000000000000110E+0	998.440363234284530E-3
525.000000000000110E+0	999.506463294786100E-3
526.000000000000110E+0	999.334272989184760E-3
527.000000000000110E+0	998.885142707693680E-3
528.000000000000110E+0	998.332970399621990E-3
529.000000000000110E+0	996.072036141470000E-3
530.000000000000110E+0	998.955703040378170E-3
531.000000000000110E+0	998.392289584262180E-3
532.000000000000110E+0	994.976645080532630E-3
533.000000000000110E+0	997.658804616144310E-3
534.000000000000110E+0	998.948596378381070E-3
535.000000000000110E+0	999.467333730421620E-3
536.000000000000110E+0	999.340004299888230E-3
537.000000000000110E+0	998.522330737068640E-3
538.000000000000110E+0	996.958718800696200E-3
539.000000000000110E+0	998.981833742906830E-3
540.000000000000110E+0	998.769826597112330E-3
541.000000000000110E+0	997.851572834923210E-3
542.000000000000110E+0	995.152895328061390E-3
543.000000000000110E+0	998.516720469067360E-3
544.000000000000110E+0	998.777461341971430E-3
545.000000000000110E+0	998.882766695273980E-3
546.000000000000110E+0	998.763838247820890E-3
547.000000000000110E+0	995.653077831732400E-3
548.000000000000110E+0	997.355778236582610E-3
549.000000000000110E+0	998.963734402852350E-3
550.000000000000110E+0	998.382160522935270E-3
551.000000000000110E+0	997.552712801557990E-3
552.000000000000110E+0	998.776227878776180E-3
553.000000000000110E+0	999.375442239148430E-3
554.000000000000110E+0	999.315036167907290E-3
555.000000000000110E+0	998.521268655354950E-3
556.000000000000110E+0	997.212878034509530E-3
557.000000000000110E+0	997.439895765762860E-3
558.000000000000110E+0	998.390751983083800E-3
559.000000000000110E+0	997.571380164606780E-3
560.000000000000110E+0	994.533005412802210E-3
561.000000000000110E+0	979.029359491913610E-3
562.000000000000110E+0	997.590251586144340E-3
563.000000000000110E+0	997.816331654774010E-3
564.000000000000110E+0	997.826031154250610E-3
565.000000000000110E+0	998.620350068406550E-3
566.000000000000110E+0	996.469367150185080E-3
567.000000000000110E+0	998.077349380621430E-3
568.000000000000110E+0	998.082187691080260E-3
569.000000000000110E+0	997.450468556387300E-3
570.000000000000110E+0	994.713957813291420E-3
571.000000000000110E+0	997.698256551450170E-3
572.000000000000110E+0	999.488757590761500E-3
573.000000000000110E+0	999.098563021151080E-3
574.000000000000110E+0	997.213482442491750E-3
575.000000000000110E+0	998.591499426336960E-3
576.000000000000110E+0	998.083989379045740E-3
577.000000000000110E+0	999.193430347595330E-3
578.000000000000110E+0	999.279093007991000E-3
579.000000000000110E+0	997.862201908344850E-3
580.000000000000110E+0	998.327733269892660E-3
581.000000000000110E+0	999.446882381880730E-3
582.000000000000110E+0	999.495727051602940E-3
583.000000000000110E+0	998.816705201542860E-3
584.000000000000110E+0	997.250006307118130E-3
585.000000000000110E+0	997.237352868394880E-3
586.000000000000110E+0	998.841921619320060E-3
587.000000000000110E+0	998.766330344771360E-3
588.000000000000110E+0	998.796857580529500E-3
589.000000000000110E+0	994.942527452985280E-3
590.000000000000110E+0	999.228428630356320E-3
591.000000000000110E+0	999.590132416711800E-3
592.000000000000110E+0	998.657969469581960E-3
593.000000000000110E+0	998.161674847851900E-3
594.000000000000110E+0	998.946828371596100E-3
595.000000000000110E+0	999.363135278928730E-3
596.000000000000110E+0	999.155044191741060E-3
597.000000000000110E+0	998.489377866158880E-3
598.000000000000110E+0	997.941257593512150E-3
599.000000000000110E+0	999.463270188677420E-3
600.000000000000110E+0	999.333921307906990E-3
601.000000000000110E+0	999.035321880025420E-3
602.000000000000110E+0	995.735951742060860E-3
603.000000000000110E+0	997.065826652353770E-3
604.000000000000110E+0	998.747575992281260E-3
605.000000000000110E+0	998.518877395737300E-3
606.000000000000110E+0	998.550679222630850E-3
607.000000000000110E+0	998.944074186908450E-3
608.000000000000110E+0	993.270147257799500E-3
609.000000000000110E+0	999.336137173580390E-3
610.000000000000110E+0	999.466450101626270E-3
611.000000000000110E+0	998.253109926879770E-3
612.000000000000110E+0	994.216740953856590E-3
613.000000000000110E+0	998.828953151723490E-3
614.000000000000110E+0	999.410452804864510E-3
615.000000000000110E+0	999.048117648912990E-3
616.000000000000110E+0	998.109046952245670E-3
617.000000000000110E+0	996.462572655416050E-3
618.000000000000110E+0	998.336741383054620E-3
619.000000000000110E+0	999.113257565872100E-3
620.000000000000110E+0	999.432309767221420E-3
621.000000000000110E+0	997.699085929946050E-3
622.000000000000110E+0	999.119728580877500E-3
623.000000000000110E+0	999.533094986501000E-3
624.000000000000110E+0	999.184466154508070E-3
625.000000000000110E+0	998.919795858074780E-3
626.000000000000110E+0	997.987972390280480E-3
627.000000000000110E+0	998.661489945183890E-3
628.000000000000110E+0	999.389785266563300E-3
629.000000000000110E+0	999.527071506994050E-3
630.000000000000110E+0	998.568722019187340E-3
631.000000000000110E+0	996.353644926889270E-3
632.000000000000110E+0	998.340861637305290E-3
633.000000000000110E+0	996.335123783472330E-3
634.000000000000110E+0	816.623758552422200E-3
635.000000000000110E+0	993.727514820821220E-3
636.000000000000110E+0	978.375875342372800E-3
637.000000000000110E+0	985.948038447258530E-3
638.000000000000110E+0	994.636581689695710E-3
639.000000000000110E+0	997.225748253170780E-3
640.000000000000110E+0	990.703635322759180E-3
641.000000000000110E+0	995.803118283493880E-3
642.000000000000110E+0	998.354996347798670E-3
643.000000000000110E+0	997.411432984852350E-3
644.000000000000110E+0	996.841838761366780E-3
645.000000000000110E+0	997.264057139007230E-3
646.000000000000110E+0	999.213949622255180E-3
647.000000000000110E+0	998.851807349886660E-3
648.000000000000110E+0	998.276362720452500E-3
649.000000000000110E+0	995.999270279397270E-3
650.000000000000110E+0	994.601110969583480E-3
651.000000000000110E+0	998.847326994881990E-3
652.000000000000110E+0	998.335275256600150E-3
653.000000000000110E+0	995.794081970264200E-3
654.000000000000110E+0	997.709379037612920E-3
655.000000000000110E+0	997.216318124697130E-3
656.000000000000110E+0	998.582851513244110E-3
657.000000000000110E+0	998.316692885004240E-3
658.000000000000110E+0	997.263202628514310E-3
659.000000000000110E+0	995.617029046746320E-3
660.000000000000110E+0	998.420339710496480E-3
661.000000000000110E+0	998.767503054655670E-3
662.000000000000110E+0	998.253860986173190E-3
663.000000000000110E+0	996.094893661563670E-3
664.000000000000110E+0	997.881238203031210E-3
665.000000000000110E+0	999.089821442514460E-3
666.000000000000110E+0	999.322717386481370E-3
667.000000000000110E+0	999.229426647984640E-3
668.000000000000110E+0	994.212082556234500E-3
669.000000000000110E+0	997.836691631775240E-3
670.000000000000110E+0	999.321199125666970E-3
671.000000000000110E+0	998.901835323648400E-3
672.000000000000110E+0	995.105276954690090E-3
673.000000000000110E+0	995.863507095611780E-3
674.000000000000110E+0	997.798870589622910E-3
675.000000000000110E+0	998.971600561263770E-3
676.000000000000110E+0	998.500038897353060E-3
677.000000000000110E+0	997.340787841309640E-3
678.000000000000110E+0	996.971690690367840E-3
679.000000000000110E+0	999.054052407024500E-3
680.000000000000110E+0	999.263040616174770E-3
681.000000000000110E+0	998.380047083432310E-3
682.000000000000110E+0	993.044981331703710E-3
683.000000000000110E+0	997.027078325588680E-3
684.000000000000110E+0	997.256468565399400E-3
685.000000000000110E+0	995.492530820040410E-3
686.000000000000110E+0	998.577877281850990E-3
687.000000000000110E+0	995.744580287204360E-3
688.000000000000110E+0	998.095127717280370E-3
689.000000000000110E+0	998.487123659100750E-3
690.000000000000110E+0	997.089423013015620E-3
691.000000000000110E+0	991.329038869879330E-3
692.000000000000110E+0	996.117077834501430E-3
693.000000000000110E+0	998.674116284947840E-3
694.000000000000110E+0	997.645008387367800E-3
695.000000000000110E+0	994.420928577925190E-3
696.000000000000110E+0	995.098043892600260E-3
697.000000000000110E+0	996.723690716461050E-3
698.000000000000110E+0	998.682815155553790E-3
699.000000000000110E+0	998.864498650044450E-3
700.000000000000110E+0	993.002185120865690E-3
701.000000000000110E+0	993.639397135673060E-3
702.000000000000110E+0	998.428659663761930E-3
703.000000000000110E+0	998.394311754580150E-3
704.000000000000110E+0	997.105683832140150E-3
705.000000000000110E+0	996.516189737509440E-3
706.000000000000110E+0	995.415317481619490E-3
707.000000000000110E+0	997.859467516423070E-3
708.000000000000110E+0	997.729728481839720E-3
709.000000000000110E+0	997.651861878515400E-3
710.000000000000110E+0	990.359703137738580E-3
711.000000000000110E+0	998.642034307954280E-3
712.000000000000110E+0	999.141329834764890E-3
713.000000000000110E+0	997.862622348160920E-3
714.000000000000110E+0	995.360918124083450E-3
715.000000000000110E+0	993.724999342861290E-3
716.000000000000110E+0	979.603309665147860E-3
717.000000000000110E+0	998.203361998827640E-3
718.000000000000110E+0	998.949388891709030E-3
719.000000000000110E+0	998.569621953094620E-3
720.000000000000110E+0	997.505103401150840E-3
721.000000000000110E+0	998.575733867432370E-3
722.000000000000110E+0	999.181547004626250E-3
723.000000000000110E+0	998.122119249476910E-3
724.000000000000110E+0	993.357191819425060E-3
725.000000000000110E+0	997.742501721059490E-3
726.000000000000110E+0	997.836248614752170E-3
727.000000000000110E+0	998.145072078809870E-3
728.000000000000110E+0	996.561482154012860E-3
729.000000000000110E+0	970.402075510577330E-3
730.000000000000110E+0	998.610729004154930E-3
731.000000000000110E+0	998.893763114413910E-3
732.000000000000110E+0	996.099049429597820E-3
733.000000000000110E+0	992.329378838687440E-3
734.000000000000110E+0	989.961678042841190E-3
735.000000000000110E+0	998.643446080358710E-3
736.000000000000110E+0	997.533399550249780E-3
737.000000000000110E+0	996.863625139477790E-3
738.000000000000110E+0	995.715281878730370E-3
739.000000000000110E+0	999.095099711272190E-3
740.000000000000110E+0	999.370377563587490E-3
741.000000000000110E+0	998.204749373478470E-3
742.000000000000110E+0	982.176517579559590E-3
743.000000000000110E+0	997.458266237717830E-3
744.000000000000110E+0	998.425602906172990E-3
745.000000000000110E+0	997.878035695450970E-3
746.000000000000110E+0	997.567095697762140E-3
747.000000000000110E+0	993.115640049476830E-3
748.000000000000110E+0	996.229797203067700E-3
749.000000000000110E+0	999.385837535993640E-3
750.000000000000110E+0	998.067438891559470E-3
751.000000000000110E+0	996.171901944103100E-3
752.000000000000110E+0	995.456712176325480E-3
753.000000000000110E+0	998.613830753663170E-3
754.000000000000110E+0	998.962422913041940E-3
755.000000000000110E+0	998.373542816530900E-3
756.000000000000110E+0	996.691907453322150E-3
757.000000000000110E+0	992.894284458390900E-3
758.000000000000110E+0	998.182205154185870E-3
759.000000000000110E+0	999.219982513941060E-3
760.000000000000110E+0	998.108340723935840E-3
761.000000000000110E+0	991.045730755233610E-3
762.000000000000110E+0	997.988789222330920E-3
763.000000000000110E+0	998.854824204445270E-3
764.000000000000110E+0	996.153438611240730E-3
765.000000000000110E+0	996.584760419853670E-3
766.000000000000110E+0	995.198830326157300E-3
767.000000000000110E+0	999.208259767741300E-3
768.000000000000110E+0	999.240677802464060E-3
769.000000000000110E+0	999.038588258834510E-3
770.000000000000110E+0	996.512150441044020E-3
771.000000000000110E+0	988.824031514769610E-3
772.000000000000110E+0	999.201111805398830E-3
773.000000000000110E+0	999.382695734957970E-3
774.000000000000110E+0	996.862262946851760E-3
775.000000000000110E+0	997.060657163876820E-3
776.000000000000110E+0	996.311213864406910E-3
777.000000000000110E+0	998.668851737046340E-3
778.000000000000110E+0	998.867016855168770E-3
779.000000000000110E+0	994.451486509853600E-3
780.000000000000110E+0	993.605602267338180E-3
781.000000000000110E+0	997.371265173016220E-3
782.000000000000110E+0	997.864707650347630E-3
783.000000000000110E+0	998.389066494524860E-3
784.000000000000110E+0	992.291986225923290E-3
785.000000000000110E+0	993.899475676320980E-3
786.000000000000110E+0	997.901822356450310E-3
787.000000000000110E+0	998.080307890900080E-3
788.000000000000110E+0	997.793499273889050E-3
789.000000000000110E+0	989.927295855953070E-3
790.000000000000110E+0	996.821722125327600E-3
791.000000000000110E+0	998.848570895612520E-3
792.000000000000110E+0	996.065998699816490E-3
793.000000000000110E+0	991.758184311148590E-3
794.000000000000110E+0	992.599315133393940E-3
795.000000000000110E+0	996.172159211322850E-3
796.000000000000110E+0	997.951694035892340E-3
797.000000000000110E+0	997.876826783815060E-3
798.000000000000110E+0	994.050740780435090E-3
799.000000000000110E+0	995.693875634267480E-3
800.000000000000110E+0	998.831202259720110E-3
801.000000000000110E+0	999.333046960305560E-3
802.000000000000110E+0	997.223640721803360E-3
803.000000000000110E+0	995.228057572112300E-3
804.000000000000110E+0	998.172246098717910E-3
805.000000000000110E+0	998.362752639929020E-3
806.000000000000110E+0	997.925550373030210E-3
807.000000000000110E+0	997.153784510107500E-3
808.000000000000110E+0	977.777594014672900E-3
809.000000000000110E+0	998.203721143197770E-3
810.000000000000110E+0	998.785006981086410E-3
811.000000000000110E+0	997.274368769324070E-3
812.000000000000110E+0	993.642064801905980E-3
813.000000000000110E+0	996.101857844563290E-3
814.000000000000110E+0	998.997947190581770E-3
815.000000000000110E+0	998.287872725170720E-3
816.000000000000110E+0	998.118797816193280E-3
817.000000000000110E+0	998.476193382022760E-3
818.000000000000110E+0	998.347111064941450E-3
819.000000000000110E+0	999.278526897576900E-3
820.000000000000110E+0	998.890394036343390E-3
821.000000000000110E+0	992.498032471006540E-3
822.000000000000110E+0	996.285413146517530E-3
823.000000000000110E+0	998.904771238630080E-3
824.000000000000110E+0	997.402510851764790E-3
825.000000000000110E+0	995.842563491574180E-3
826.000000000000110E+0	990.485985376491020E-3
827.000000000000110E+0	992.726546910096430E-3
828.000000000000110E+0	997.186211551102650E-3
829.000000000000110E+0	997.082687512424460E-3
830.000000000000110E+0	994.645158271289520E-3
831.000000000000110E+0	926.808016424273570E-3
832.000000000000110E+0	995.879710618689850E-3
833.000000000000110E+0	998.136823777114320E-3
834.000000000000110E+0	991.604983447199160E-3
835.000000000000110E+0	992.528886897983460E-3
836.000000000000110E+0	988.478032086951730E-3
837.000000000000110E+0	995.735487219450600E-3
838.000000000000110E+0	997.794016962378350E-3
839.000000000000110E+0	995.152573780671900E-3
840.000000000000110E+0	980.149912537383150E-3
841.000000000000110E+0	993.944263987451390E-3
842.000000000000110E+0	998.623785847077560E-3
843.000000000000110E+0	998.552505932772230E-3
844.000000000000110E+0	993.868652110398760E-3
845.000000000000110E+0	987.374644690851790E-3
846.000000000000110E+0	995.683297466162020E-3
847.000000000000110E+0	998.021154432534700E-3
848.000000000000110E+0	998.573588412655980E-3
849.000000000000110E+0	996.401657552362210E-3
850.000000000000110E+0	978.191937232419930E-3
851.000000000000110E+0	998.336550740269500E-3
852.000000000000110E+0	997.474162310498680E-3
853.000000000000110E+0	991.262535327899980E-3
854.000000000000110E+0	994.025173230524640E-3
855.000000000000110E+0	991.138929127476030E-3
856.000000000000110E+0	997.383694464411440E-3
857.000000000000110E+0	997.603644428817440E-3
858.000000000000110E+0	994.277220079087480E-3
859.000000000000110E+0	981.479244779662970E-3
860.000000000000110E+0	993.444935054466520E-3
861.000000000000110E+0	998.546990945702430E-3
862.000000000000110E+0	997.169753264710690E-3
863.000000000000110E+0	979.800507139451550E-3
864.000000000000110E+0	993.963535440595120E-3
865.000000000000110E+0	997.135835635435620E-3
866.000000000000110E+0	994.028924832375810E-3
867.000000000000110E+0	995.658373526260410E-3
868.000000000000110E+0	989.374883265411560E-3
869.000000000000110E+0	987.657722337902610E-3
870.000000000000110E+0	997.989602409583230E-3
871.000000000000110E+0	997.364295137765140E-3
872.000000000000110E+0	995.804575855571030E-3
873.000000000000110E+0	987.507291236080500E-3
874.000000000000110E+0	997.318310686708840E-3
875.000000000000110E+0	998.286348781099670E-3
876.000000000000110E+0	996.101652483822210E-3
877.000000000000110E+0	994.965291069384800E-3
878.000000000000110E+0	990.178409263755440E-3
879.000000000000110E+0	996.945260437551050E-3
880.000000000000110E+0	998.657447095998680E-3
881.000000000000110E+0	996.800003923996480E-3
882.000000000000110E+0	986.189375331063660E-3
883.000000000000110E+0	996.828474333962160E-3
884.000000000000110E+0	997.688903595069450E-3
885.000000000000110E+0	997.777420294389430E-3
886.000000000000110E+0	996.988152711604240E-3
887.000000000000110E+0	993.253366938106950E-3
888.000000000000110E+0	997.522141835638030E-3
889.000000000000110E+0	998.616587443966970E-3
890.000000000000110E+0	998.012937716573960E-3
891.000000000000110E+0	996.431528242167630E-3
892.000000000000110E+0	996.456234762355450E-3
893.000000000000110E+0	998.882503404778240E-3
894.000000000000110E+0	997.234504262585860E-3
895.000000000000110E+0	993.678281764501680E-3
896.000000000000110E+0	994.874421594772790E-3
897.000000000000110E+0	994.148780377552720E-3
898.000000000000110E+0	998.740886029146010E-3
899.000000000000110E+0	998.629593646917280E-3
900.000000000000110E+0	994.539562551650210E-3
901.000000000000110E+0	980.881747225238800E-3
902.000000000000110E+0	997.225837939040290E-3
903.000000000000110E+0	997.342194414583490E-3
904.000000000000110E+0	993.157767061106140E-3
905.000000000000110E+0	983.958495676013340E-3
906.000000000000110E+0	992.742449593666530E-3
907.000000000000110E+0	995.365331320012810E-3
908.000000000000110E+0	997.339513038869250E-3
909.000000000000110E+0	997.274299645653390E-3
910.000000000000110E+0	987.954826094757040E-3
911.000000000000110E+0	995.395762983974590E-3
912.000000000000110E+0	998.583123620316540E-3
913.000000000000110E+0	996.322251953819520E-3
914.000000000000110E+0	991.723820955718650E-3
915.000000000000110E+0	994.779653214069360E-3
916.000000000000110E+0	995.012660133443360E-3
917.000000000000110E+0	998.399572745200300E-3
918.000000000000110E+0	998.100204200852330E-3
919.000000000000110E+0	995.860084021104710E-3
920.000000000000110E+0	978.118345431191030E-3
921.000000000000110E+0	998.016531237629570E-3
922.000000000000110E+0	998.810881670203490E-3
923.000000000000110E+0	998.088152601183110E-3
924.000000000000110E+0	996.693979865657220E-3
925.000000000000110E+0	998.135561216494940E-3
926.000000000000110E+0	995.665354346193520E-3
927.000000000000110E+0	996.968450807689700E-3
928.000000000000110E+0	998.211113476820450E-3
929.000000000000110E+0	986.448717366223080E-3
930.000000000000110E+0	996.774512620759000E-3
931.000000000000110E+0	997.713012629611210E-3
932.000000000000110E+0	995.596842117432160E-3
933.000000000000110E+0	991.125721425416330E-3
934.000000000000110E+0	992.574605018811780E-3
935.000000000000110E+0	997.205808686296600E-3
936.000000000000110E+0	997.101960739810170E-3
937.000000000000110E+0	995.583026186105830E-3
938.000000000000110E+0	995.652282301127010E-3
939.000000000000110E+0	992.999373484883650E-3
940.000000000000110E+0	999.119550612669660E-3
941.000000000000110E+0	999.030851322383120E-3
942.000000000000110E+0	989.885944070004080E-3
943.000000000000110E+0	992.314762297140770E-3
944.000000000000110E+0	997.204109536164120E-3
945.000000000000110E+0	997.712672349734600E-3
946.000000000000110E+0	998.089024636873880E-3
947.000000000000110E+0	996.913517161589050E-3
948.000000000000110E+0	995.489594260279160E-3
949.000000000000110E+0	998.945945394296820E-3
950.000000000000110E+0	998.267374879842290E-3
951.000000000000110E+0	992.230871413865790E-3
952.000000000000110E+0	988.742901154390340E-3
953.000000000000110E+0	998.589708755415860E-3
954.000000000000110E+0	998.690291463657510E-3
955.000000000000110E+0	997.716604706188840E-3
956.000000000000110E+0	998.155296734591250E-3
957.000000000000110E+0	997.321150534893120E-3
958.000000000000110E+0	998.033605112201630E-3
959.000000000000110E+0	999.226528852253160E-3
960.000000000000110E+0	997.436861096008380E-3
961.000000000000110E+0	849.521294105083370E-3
962.000000000000110E+0	996.851055590241670E-3
963.000000000000110E+0	999.069826999315120E-3
964.000000000000110E+0	999.348355237898890E-3
965.000000000000110E+0	996.560805597269010E-3
966.000000000000110E+0	991.978944632385010E-3
967.000000000000110E+0	993.299402435017910E-3
968.000000000000110E+0	995.749064822307740E-3
969.000000000000110E+0	995.546585219375670E-3
970.000000000000110E+0	988.902404629379280E-3
971.000000000000110E+0	972.857486378181150E-3
972.000000000000110E+0	998.085882844311210E-3
973.000000000000110E+0	997.560626534550350E-3
974.000000000000110E+0	983.192676081371510E-3
975.000000000000110E+0	979.534899702134030E-3
976.000000000000110E+0	977.624164176868370E-3
977.000000000000110E+0	997.343486596037660E-3
978.000000000000110E+0	998.711954778823800E-3
979.000000000000110E+0	995.427303862696510E-3
980.000000000000110E+0	897.198195329900860E-3
981.000000000000110E+0	987.135618126949610E-3
982.000000000000110E+0	997.117487548902390E-3
983.000000000000110E+0	995.349525700844560E-3
984.000000000000110E+0	927.381138993019550E-3
985.000000000000110E+0	993.214092259998460E-3
986.000000000000110E+0	993.552823308055280E-3
987.000000000000110E+0	992.924922244102450E-3
988.000000000000110E+0	995.731954890026860E-3
989.000000000000110E+0	985.702235923202050E-3
990.000000000000110E+0	989.716569898770330E-3
991.000000000000110E+0	997.994509225607510E-3
992.000000000000110E+0	997.705565927927030E-3
993.000000000000110E+0	992.606472958939440E-3
994.000000000000110E+0	957.188750428744520E-3
995.000000000000110E+0	984.529198756801340E-3
996.000000000000110E+0	989.794537111078120E-3
997.000000000000110E+0	981.823005928847300E-3
998.000000000000110E+0	994.965784092417650E-3
999.000000000000110E+0	944.369313776990960E-3
1.000000000000000E+3	998.609713711067990E-3
