Freq (Hz)	accelerometre /source
source
source_Real	accelerometre /source
source
source_Imag
10.000000000000018E+0	211.512580085469410E-3	-135.098837186948100E-3
11.000000000000020E+0	60.387082622961705E-3	43.164639754831625E-3
12.000000000000021E+0	-3.500150009380658E-3	41.474915020707284E-3
13.000000000000023E+0	-30.272017724685022E-3	18.495208478276202E-3
14.000000000000025E+0	-47.205203166350386E-3	31.666819145516799E-3
15.000000000000027E+0	-40.790217147444074E-3	-19.359215144333936E-3
16.000000000000028E+0	-8.564970684725516E-3	-15.029989566859928E-3
17.000000000000028E+0	-34.998767532465183E-3	55.855871375206576E-3
18.000000000000028E+0	-43.489471182769100E-3	29.474519447121143E-3
19.000000000000028E+0	-58.842337865253266E-3	14.962656443805504E-3
20.000000000000028E+0	-60.568185008462977E-3	58.095426121488811E-3
21.000000000000028E+0	-45.839062431332740E-3	70.542827609173034E-3
22.000000000000028E+0	-50.858493840000740E-3	72.888758252562358E-3
23.000000000000028E+0	-78.580068141007403E-3	87.955831409414098E-3
24.000000000000028E+0	-57.375672490520370E-3	122.136152733538820E-3
25.000000000000028E+0	-58.295426574345763E-3	179.851973152156150E-3
26.000000000000028E+0	18.784097358891388E-3	217.083436886182730E-3
27.000000000000028E+0	86.833950199292270E-3	153.441477030919650E-3
28.000000000000028E+0	55.867633440935011E-3	143.565228265616800E-3
29.000000000000028E+0	19.767218404779806E-3	111.675371324076640E-3
30.000000000000028E+0	-37.709365917492028E-3	239.763368826076540E-3
31.000000000000028E+0	117.370533627340540E-3	345.652687471689150E-3
32.000000000000028E+0	242.615149091313820E-3	201.248086695345520E-3
33.000000000000028E+0	238.208255594176990E-3	161.430580810052790E-3
34.000000000000028E+0	225.672864224023190E-3	157.865112151005540E-3
35.000000000000028E+0	414.937956723853250E-3	62.238971099601303E-3
36.000000000000028E+0	302.608096641136360E-3	-208.190301923908780E-3
37.000000000000028E+0	60.385641846320968E-3	-90.638323749083108E-3
38.000000000000028E+0	121.354878955556840E-3	33.602448834770607E-3
39.000000000000028E+0	116.568166588710230E-3	88.503383404427649E-3
40.000000000000028E+0	62.595188862953691E-3	84.084944939963269E-3
41.000000000000028E+0	112.268132472980260E-3	117.772064685409930E-3
42.000000000000028E+0	197.255302068424200E-3	75.206617456873501E-3
43.000000000000028E+0	193.177384831463850E-3	4.357323422414216E-3
44.000000000000028E+0	206.877807755803220E-3	-2.408035408916006E-3
45.000000000000028E+0	230.025411510272950E-3	4.308015773850292E-3
46.000000000000028E+0	233.522225950283770E-3	-25.514354361964968E-3
47.000000000000028E+0	246.623335461134460E-3	-31.806898068921320E-3
48.000000000000028E+0	249.762783375104520E-3	-116.381365022658990E-3
49.000000000000028E+0	183.514426075067880E-3	-180.098635182300680E-3
50.000000000000028E+0	168.645037360973170E-3	-148.043265522380870E-3
51.000000000000028E+0	135.530497941856260E-3	-137.585442731609140E-3
52.000000000000028E+0	112.285552093141980E-3	-91.107141381296289E-3
53.000000000000028E+0	47.530083925186942E-3	-72.540839809461050E-3
54.000000000000028E+0	52.866515872324257E-3	-60.803035619028722E-3
55.000000000000028E+0	114.851559570894710E-3	-43.246909993227077E-3
56.000000000000028E+0	123.142396802517650E-3	-64.024998462189203E-3
57.000000000000028E+0	181.074432909624220E-3	-82.359786092816106E-3
58.000000000000028E+0	320.286081787717780E-3	-27.305112867767014E-3
59.000000000000028E+0	206.873824134822360E-3	-28.572712496718035E-3
60.000000000000028E+0	209.882052176813440E-3	-118.268779367236870E-3
61.000000000000028E+0	175.546663821879170E-3	-249.971859011629520E-3
62.000000000000028E+0	179.361376419092970E-3	-386.798011967212750E-3
63.000000000000028E+0	140.344786270100890E-3	-291.838041256964500E-3
64.000000000000028E+0	90.256859037798190E-3	-287.986014112704080E-3
65.000000000000028E+0	56.802934895758744E-3	-270.920583851032460E-3
66.000000000000028E+0	23.032282508542085E-3	-225.337904286070950E-3
67.000000000000028E+0	-33.844870895219759E-3	-151.148897411321980E-3
68.000000000000028E+0	-93.971404650235027E-3	-162.243614359810220E-3
69.000000000000028E+0	-43.049398140135316E-3	-139.647053088616440E-3
70.000000000000028E+0	14.491041545246428E-3	-116.331874226335420E-3
71.000000000000028E+0	94.465128007765603E-3	-128.261548406559650E-3
72.000000000000028E+0	109.804911585346400E-3	-53.367119524047900E-3
73.000000000000028E+0	95.977591087755748E-3	-128.527372408641010E-3
74.000000000000028E+0	65.182651740169240E-3	-200.169905153333800E-3
75.000000000000028E+0	28.417095427050364E-3	-198.793523096431810E-3
76.000000000000028E+0	-19.041599403285724E-3	-163.085932882614140E-3
77.000000000000028E+0	-63.775967672795378E-3	-221.525841749861530E-3
78.000000000000028E+0	-38.957392251235116E-3	-196.630068171399050E-3
79.000000000000028E+0	-59.357107714267492E-3	-149.164878133953490E-3
80.000000000000028E+0	-61.640844390729380E-3	-73.710873155193604E-3
81.000000000000028E+0	-95.885171665629751E-3	-47.023828837043570E-3
82.000000000000028E+0	-91.337457321720217E-3	-77.881124327891266E-3
83.000000000000028E+0	-74.215300232243805E-3	-93.554750800749986E-3
84.000000000000028E+0	-50.095131057464382E-3	-80.972063144450018E-3
85.000000000000028E+0	-46.295577071521508E-3	-53.923556320762747E-3
86.000000000000028E+0	11.642602572130470E-3	-86.493988439292957E-3
87.000000000000028E+0	3.085316982242466E-3	46.426200690669085E-3
88.000000000000028E+0	-38.776577543628427E-3	-10.779599827714620E-3
89.000000000000028E+0	-27.756787000609205E-3	-39.683601483393047E-3
90.000000000000028E+0	-29.757639316961917E-3	-185.235384630172330E-3
91.000000000000028E+0	-6.316072834192539E-3	-22.964622091491707E-3
92.000000000000028E+0	-5.386388015495571E-3	-44.697935207863138E-3
93.000000000000028E+0	-4.917397941798783E-3	-29.202591237835713E-3
94.000000000000028E+0	-322.807803488577530E-6	-24.482257707430469E-3
95.000000000000028E+0	1.861927882989454E-3	-35.058706191751249E-3
96.000000000000028E+0	-31.424633340630032E-3	28.080433151163185E-3
97.000000000000028E+0	-34.534195872031360E-3	8.890561908646913E-3
98.000000000000028E+0	-22.560750517027158E-3	2.980852023514498E-3
99.000000000000028E+0	17.018623521740196E-3	847.352291262846200E-6
100.000000000000030E+0	163.187252771449600E-3	291.418262034539020E-3
101.000000000000030E+0	26.366084251307029E-3	151.625675730315910E-3
102.000000000000030E+0	83.671896318498265E-3	95.341804285774545E-3
103.000000000000030E+0	300.560834466177650E-3	156.556691974055750E-3
104.000000000000030E+0	126.161442415084370E-3	246.658201367132900E-3
105.000000000000030E+0	255.115116421312570E-3	188.247332742986190E-3
106.000000000000030E+0	128.860431809884600E-3	246.419221924713330E-3
107.000000000000030E+0	189.228291211022800E-3	188.461719415697480E-3
108.000000000000030E+0	263.981230753950580E-3	157.459996846127050E-3
109.000000000000030E+0	237.321356559242910E-3	32.035284307880330E-3
110.000000000000030E+0	347.102452964713200E-3	29.679674596836455E-3
111.000000000000030E+0	337.296699213818660E-3	-15.601502928915391E-3
112.000000000000030E+0	332.932691437591130E-3	-41.369354418189432E-3
113.000000000000030E+0	310.302570680535180E-3	-104.423076549391950E-3
114.000000000000030E+0	457.740041257810370E-3	-222.168917364664380E-3
115.000000000000030E+0	433.173959026450950E-3	-122.812354362789880E-3
116.000000000000030E+0	377.612213595129980E-3	-146.322510430231810E-3
117.000000000000030E+0	342.251317223796200E-3	-196.191024506221360E-3
118.000000000000030E+0	292.611494926161620E-3	-263.892767492024230E-3
119.000000000000030E+0	544.147357402638090E-3	-452.185529178281590E-3
120.000000000000030E+0	373.143679808089100E-3	-373.762879287979350E-3
121.000000000000030E+0	282.348705408351500E-3	-437.360954984768790E-3
122.000000000000030E+0	301.539889804062380E-3	-703.210351436986290E-3
123.000000000000030E+0	366.393750290645300E-3	-528.517834791297320E-3
124.000000000000030E+0	292.935607887269020E-3	-604.466085682095590E-3
125.000000000000030E+0	277.366423368935190E-3	-575.103061609951390E-3
126.000000000000030E+0	186.265449778799610E-3	-604.354589300888370E-3
127.000000000000030E+0	122.395869611381280E-3	-594.073729346740410E-3
128.000000000000030E+0	-289.972613818066100E-3	-644.568048113139840E-3
129.000000000000030E+0	20.128597366230364E-3	-852.602828652418430E-3
130.000000000000030E+0	-60.707523243609451E-3	-800.937720385801130E-3
131.000000000000030E+0	-157.316801924038240E-3	-798.976483318242450E-3
132.000000000000030E+0	-341.328183800924170E-3	-912.525808620013760E-3
133.000000000000030E+0	-196.579987098864150E-3	-884.617998268110270E-3
134.000000000000030E+0	-278.322037078333860E-3	-746.382005978912240E-3
135.000000000000030E+0	-415.195181435920820E-3	-672.007224892224970E-3
136.000000000000030E+0	-448.901311462529210E-3	-615.161886144699910E-3
137.000000000000030E+0	-367.374266346140400E-3	-418.000338963351370E-3
138.000000000000030E+0	-792.260259816111810E-3	-601.180048480842940E-3
139.000000000000030E+0	-646.202214539348010E-3	-532.514594921918220E-3
140.000000000000030E+0	-646.023920618357890E-3	-427.860960613233480E-3
141.000000000000030E+0	-714.296161617656970E-3	-473.146455503070380E-3
142.000000000000030E+0	-656.895286252539570E-3	-536.767959162425590E-3
143.000000000000030E+0	-582.553611186428120E-3	-468.958540701063240E-3
144.000000000000030E+0	-569.512552202430580E-3	-361.394051659284070E-3
145.000000000000030E+0	-570.570010065212570E-3	-303.030427867496730E-3
146.000000000000030E+0	-527.874979082445180E-3	-273.799757230969550E-3
147.000000000000030E+0	-436.092270582753020E-3	111.341192142716690E-3
148.000000000000030E+0	-881.282632782677820E-3	-71.974736204046222E-3
149.000000000000030E+0	-769.588481769661440E-3	-88.902703259745794E-3
150.000000000000030E+0	-663.702167443963380E-3	27.596414645904531E-3
151.000000000000030E+0	-827.826169002249700E-3	239.269526442134280E-3
152.000000000000030E+0	-786.543758746301560E-3	81.485414810037432E-3
153.000000000000030E+0	-644.279454666190960E-3	79.008294962425618E-3
154.000000000000030E+0	-597.113025948911360E-3	117.319214658125640E-3
155.000000000000030E+0	-520.730707148318040E-3	2.749627424066942E-3
156.000000000000030E+0	-244.574918349113380E-3	181.387768915604710E-3
157.000000000000030E+0	-493.422616816544090E-3	166.179042515100770E-3
158.000000000000030E+0	-500.099895284831670E-3	94.427096379946077E-3
159.000000000000030E+0	-469.537916114135260E-3	105.016900499966270E-3
160.000000000000030E+0	-597.560289796232440E-3	175.299111003286380E-3
161.000000000000030E+0	-616.638247061232270E-3	20.963888822563472E-3
162.000000000000030E+0	-598.610464144961880E-3	153.452565104319480E-3
163.000000000000030E+0	-658.522818539558520E-3	234.839262644537110E-3
164.000000000000030E+0	-696.555462473085750E-3	123.854985948226300E-3
165.000000000000030E+0	-651.867729805749700E-3	169.807992474310890E-3
166.000000000000030E+0	-591.315872292281550E-3	70.738647919623712E-3
167.000000000000030E+0	-502.524900301699270E-3	204.095136381782340E-3
168.000000000000030E+0	-554.288387412358420E-3	267.913530855273140E-3
169.000000000000030E+0	-564.766827878952600E-3	339.715600315230960E-3
170.000000000000030E+0	-652.647792787718230E-3	368.805892795072810E-3
171.000000000000030E+0	-618.995910749663650E-3	328.863978206344550E-3
172.000000000000030E+0	-599.894172688068440E-3	400.701896660264840E-3
173.000000000000030E+0	-653.520947203609090E-3	550.418477997315140E-3
174.000000000000030E+0	-794.362151779224090E-3	486.064113840082860E-3
175.000000000000030E+0	-744.791415718611290E-3	579.117634689064300E-3
176.000000000000030E+0	-731.946826643449790E-3	604.821847660416020E-3
177.000000000000030E+0	-641.902374084334590E-3	693.667398881856580E-3
178.000000000000030E+0	-461.327500842784620E-3	793.853481645734770E-3
179.000000000000030E+0	-187.974807461413120E-3	1.208264967152346E+0
180.000000000000030E+0	-351.166135542653470E-3	710.996650622307210E-3
181.000000000000030E+0	-118.715119922143360E-3	663.822093103208280E-3
182.000000000000030E+0	140.862218069471110E-3	592.085104643959910E-3
183.000000000000030E+0	239.790926797953580E-3	747.589586660259430E-3
184.000000000000030E+0	332.036666336224360E-3	767.987801304388600E-3
185.000000000000030E+0	121.580769211321690E-3	813.006947566302980E-3
186.000000000000030E+0	95.311181467986367E-3	643.406514567484100E-3
187.000000000000030E+0	148.121652060540040E-3	561.692421540980200E-3
188.000000000000030E+0	122.616349590822320E-3	598.864276180219650E-3
189.000000000000030E+0	39.159513325586683E-3	412.933376837559540E-3
190.000000000000030E+0	130.183703959649290E-3	366.780790986659390E-3
191.000000000000030E+0	154.042937748820770E-3	353.406651876617240E-3
192.000000000000030E+0	197.417798837627640E-3	329.465379354038360E-3
193.000000000000030E+0	174.136510939623430E-3	424.927944526515780E-3
194.000000000000030E+0	102.209374379764390E-3	428.679166939312630E-3
195.000000000000030E+0	53.678394848166194E-3	424.348454911284260E-3
196.000000000000030E+0	81.956701429680673E-3	400.683019636967670E-3
197.000000000000030E+0	132.131005335446530E-3	405.401694413567160E-3
198.000000000000030E+0	106.855741132276860E-3	555.687057594813740E-3
199.000000000000030E+0	104.914250418175990E-3	413.872315845085770E-3
200.000000000000030E+0	161.330334754572730E-3	383.048016165599140E-3
201.000000000000030E+0	203.918375388829200E-3	359.132696910782920E-3
202.000000000000030E+0	254.260257251804290E-3	298.395485200420250E-3
203.000000000000030E+0	408.455381350259720E-3	388.513616892332880E-3
204.000000000000030E+0	316.692679555242610E-3	408.206099423249870E-3
205.000000000000030E+0	335.511413337523210E-3	400.968003507720050E-3
206.000000000000030E+0	276.918159001431130E-3	343.835146552291690E-3
207.000000000000030E+0	288.163916959937320E-3	277.974270071577990E-3
208.000000000000030E+0	341.460857688570710E-3	220.819025611462130E-3
209.000000000000030E+0	365.741180224903210E-3	220.018034487864030E-3
210.000000000000030E+0	386.166847547631970E-3	205.682064729700690E-3
211.000000000000030E+0	413.636980771668830E-3	228.128428153221350E-3
212.000000000000030E+0	341.355631026193430E-3	207.440991157646170E-3
213.000000000000030E+0	338.845318979696830E-3	131.173677945244790E-3
214.000000000000030E+0	400.727458329014740E-3	100.780017447966860E-3
215.000000000000030E+0	390.925484515009910E-3	92.219424680314396E-3
216.000000000000030E+0	371.834678020389550E-3	96.667151812632843E-3
217.000000000000030E+0	280.932295808602130E-3	33.724073697958074E-3
218.000000000000030E+0	316.727618457666450E-3	-67.392641952000273E-3
219.000000000000030E+0	348.646648176975880E-3	-157.283222468326240E-3
220.000000000000030E+0	384.782124650172530E-3	-211.826932674255040E-3
221.000000000000030E+0	470.742758607944960E-3	-303.408511619849550E-3
222.000000000000030E+0	453.563238719088930E-3	-99.817487057974941E-3
223.000000000000030E+0	282.356509574869410E-3	-108.589962747676040E-3
224.000000000000030E+0	151.435244651743710E-3	-151.515480740503280E-3
225.000000000000030E+0	134.050502910020520E-3	-193.334309505715980E-3
226.000000000000030E+0	99.313743335326901E-3	-180.926456454461700E-3
227.000000000000030E+0	148.005569391817690E-3	-203.468039157234740E-3
228.000000000000030E+0	148.228237982049790E-3	-180.965683846584490E-3
229.000000000000030E+0	133.454810415617100E-3	-193.423943899596000E-3
230.000000000000030E+0	189.438656486372980E-3	-295.140109089922000E-3
231.000000000000030E+0	220.930194507683030E-3	-202.696371803462640E-3
232.000000000000030E+0	172.358779120176440E-3	-172.384717957230930E-3
233.000000000000030E+0	85.947412778358961E-3	-117.619997530698310E-3
234.000000000000030E+0	-31.181510710265176E-3	-115.152088430797410E-3
235.000000000000030E+0	-144.035213169851910E-3	-148.931681061016010E-3
236.000000000000030E+0	-94.306675808762633E-3	-179.889899042498970E-3
237.000000000000030E+0	-80.363282885760695E-3	-159.782647937586040E-3
238.000000000000030E+0	-46.607270930309162E-3	-116.734068400466250E-3
239.000000000000030E+0	-64.701536548437119E-3	-62.539124093343168E-3
240.000000000000030E+0	-130.745344706015540E-3	-84.978013545208855E-3
241.000000000000030E+0	-115.529894452508730E-3	-66.086382621854997E-3
242.000000000000030E+0	-108.713991201265240E-3	-38.587792943684099E-3
243.000000000000030E+0	-103.815621280262450E-3	22.116497304183788E-3
244.000000000000030E+0	-134.141303096432240E-3	28.052205094160784E-3
245.000000000000030E+0	-138.562421562212430E-3	75.865796132645838E-3
246.000000000000030E+0	-201.556345792108680E-3	38.899081879409159E-3
247.000000000000030E+0	-183.348443282036730E-3	6.338128817661328E-3
248.000000000000030E+0	-132.846226622146600E-3	-12.532349011692586E-3
249.000000000000030E+0	-49.820760262232602E-3	49.696027336502559E-3
250.000000000000030E+0	-128.324711341033020E-3	128.987691689904070E-3
251.000000000000030E+0	-144.213870189514070E-3	120.141932317890940E-3
252.000000000000030E+0	-151.401478518708420E-3	113.050490541016500E-3
253.000000000000030E+0	-95.608400092371204E-3	106.298826711622250E-3
254.000000000000030E+0	-23.243210603287472E-3	189.994654994631500E-3
255.000000000000030E+0	-37.903552481304614E-3	320.363719330790720E-3
256.000000000000060E+0	-186.509093369066130E-3	337.181260340608520E-3
257.000000000000060E+0	-146.663832306740180E-3	251.896479332366200E-3
258.000000000000060E+0	-105.869145031275270E-3	303.335139122390800E-3
259.000000000000060E+0	-104.387647630248920E-3	147.112798882000430E-3
260.000000000000060E+0	-37.320461061543291E-3	152.666149376980170E-3
261.000000000000060E+0	-110.470420073402150E-3	-35.123686075583915E-3
262.000000000000060E+0	175.266194256438410E-3	-287.745101088677240E-3
263.000000000000060E+0	461.862210310777840E-3	-247.035734460873760E-3
264.000000000000060E+0	605.103785547057790E-3	-60.760452619606387E-3
265.000000000000060E+0	495.774125831789540E-3	78.378862847090364E-3
266.000000000000060E+0	287.855207777601100E-3	18.912663533009601E-3
267.000000000000060E+0	330.449531406916300E-3	-151.831119266745950E-3
268.000000000000060E+0	553.577639309359550E-3	66.252009186485161E-3
269.000000000000060E+0	133.014856555724400E-3	32.252746387419755E-3
270.000000000000060E+0	149.212944962378050E-3	-29.256519618275356E-3
271.000000000000060E+0	-9.173638485542084E-3	49.820199151208944E-3
272.000000000000060E+0	119.747753861571020E-3	-221.358373911672570E-3
273.000000000000060E+0	167.629440118259000E-3	-125.382405210671700E-3
274.000000000000060E+0	161.048877631460110E-3	-151.422464019410730E-3
275.000000000000060E+0	199.988254859536340E-3	-96.589411507540260E-3
276.000000000000060E+0	138.622470129056260E-3	-151.834991927389000E-3
277.000000000000060E+0	343.184673620245520E-3	-343.668238132625870E-3
278.000000000000060E+0	253.750903541005600E-3	-53.474536720056684E-3
279.000000000000060E+0	256.691963932997700E-3	-187.521686824386640E-3
280.000000000000060E+0	289.001419262271130E-3	-155.619126583228880E-3
281.000000000000060E+0	197.232372941600980E-3	-248.498459607680160E-3
282.000000000000060E+0	231.565783712120420E-3	-300.555981694109460E-3
283.000000000000060E+0	138.425596626795070E-3	-374.736432031811730E-3
284.000000000000060E+0	86.424020249577335E-3	-480.212845654651830E-3
285.000000000000060E+0	-61.334945612752566E-3	-564.196847551478480E-3
286.000000000000060E+0	-185.887528943957440E-3	-666.456738318153550E-3
287.000000000000060E+0	-286.104943615343220E-3	-874.641320379912160E-3
288.000000000000060E+0	-290.010606695649760E-3	-705.664377811261460E-3
289.000000000000060E+0	-457.503265671828140E-3	-562.763673894173590E-3
290.000000000000060E+0	-720.388478959094520E-3	-402.353834222021530E-3
291.000000000000060E+0	-633.411000735707220E-3	-438.821703202393390E-3
292.000000000000060E+0	-660.359078183247680E-3	-149.269408253446560E-3
293.000000000000060E+0	-717.850011641695480E-3	-5.498214995670205E-3
294.000000000000060E+0	-726.814579801646320E-3	108.606557573754580E-3
295.000000000000060E+0	-662.021665047666130E-3	88.682671817075481E-3
296.000000000000060E+0	-549.949498712495540E-3	129.573898634055970E-3
297.000000000000060E+0	-452.561470762152580E-3	174.988661679365160E-3
298.000000000000060E+0	-375.926200523085290E-3	160.258621753275490E-3
299.000000000000060E+0	-322.780449927595360E-3	167.988473473382940E-3
300.000000000000060E+0	-320.656047509464910E-3	86.682916541675634E-3
301.000000000000060E+0	-244.668510032108600E-3	122.646161347526960E-3
302.000000000000060E+0	-284.635240168458090E-3	86.477721087176967E-3
303.000000000000060E+0	-296.917273381548610E-3	60.874919571951930E-3
304.000000000000060E+0	-322.008908876517790E-3	78.837542704039698E-3
305.000000000000060E+0	-321.150926935150130E-3	61.876414843232551E-3
306.000000000000060E+0	-290.263124374408430E-3	79.854794530066206E-3
307.000000000000060E+0	-323.755996241782750E-3	45.083035050642109E-3
308.000000000000060E+0	-339.124795871558420E-3	21.875667176475148E-3
309.000000000000060E+0	-344.169783294243190E-3	37.586098550286329E-3
310.000000000000060E+0	-342.783973855220800E-3	74.826936077473025E-3
311.000000000000060E+0	-365.944814872904200E-3	92.328914234958245E-3
312.000000000000060E+0	-355.518845543315980E-3	115.971412289140140E-3
313.000000000000060E+0	-416.221280877050290E-3	154.095815899938480E-3
314.000000000000060E+0	-413.832845583199600E-3	78.092980204036808E-3
315.000000000000060E+0	-421.194829192882090E-3	124.520946676558090E-3
316.000000000000060E+0	-480.726509757685110E-3	100.696485789685930E-3
317.000000000000060E+0	-454.717611973546150E-3	131.627022551005580E-3
318.000000000000060E+0	-497.948334524085270E-3	173.735401900022100E-3
319.000000000000060E+0	-429.850613032770110E-3	153.085556370453240E-3
320.000000000000060E+0	-450.891915281601880E-3	315.368696894387900E-3
321.000000000000060E+0	-479.114680578288820E-3	390.729755270306290E-3
322.000000000000060E+0	-500.243712520931470E-3	414.058531104896210E-3
323.000000000000060E+0	-456.838701226688350E-3	484.927822642937600E-3
324.000000000000060E+0	-477.047603944593950E-3	507.178808456737910E-3
325.000000000000060E+0	-397.139082517602550E-3	510.514142574257650E-3
326.000000000000060E+0	-378.098281872386140E-3	534.948798889064100E-3
327.000000000000060E+0	-291.935677692407520E-3	527.485761084407150E-3
328.000000000000060E+0	-266.700504345424250E-3	587.318844556781960E-3
329.000000000000060E+0	-198.225927835703970E-3	501.534852409525330E-3
330.000000000000060E+0	-132.075576927885460E-3	569.729030857954450E-3
331.000000000000060E+0	-102.600134796256170E-3	619.440580257085590E-3
332.000000000000060E+0	-211.544179271715040E-3	667.126115906635730E-3
333.000000000000060E+0	-201.410353687894030E-3	530.487262800479860E-3
334.000000000000060E+0	-115.484645877303910E-3	529.450818763474440E-3
335.000000000000060E+0	-91.124655864434287E-3	549.013271566700430E-3
336.000000000000060E+0	-71.426550745857728E-3	564.111858471939230E-3
337.000000000000060E+0	-55.765262925367556E-3	573.438533826498340E-3
338.000000000000060E+0	-630.086684039151680E-6	630.406336522581930E-3
339.000000000000060E+0	643.804206870510080E-6	668.350177713725180E-3
340.000000000000060E+0	-9.444903663807996E-3	697.217877173772150E-3
341.000000000000060E+0	10.575354940237033E-3	701.520457874445060E-3
342.000000000000060E+0	44.200418820122725E-3	718.627898705430870E-3
343.000000000000060E+0	69.699138289525314E-3	729.413134722188600E-3
344.000000000000060E+0	149.517972099021320E-3	698.479844286032380E-3
345.000000000000060E+0	292.038713136200780E-3	723.037660478000670E-3
346.000000000000060E+0	359.747474449315930E-3	740.693199935219090E-3
347.000000000000060E+0	504.162455965733280E-3	697.995793798982240E-3
348.000000000000060E+0	501.480465936004930E-3	715.675837768894430E-3
349.000000000000060E+0	554.556135895203030E-3	580.489601788386600E-3
350.000000000000060E+0	593.898896403363800E-3	459.226030021612500E-3
351.000000000000060E+0	608.532058178088530E-3	338.898122256356130E-3
352.000000000000060E+0	557.476589405932590E-3	248.912858534512950E-3
353.000000000000060E+0	520.584110803408720E-3	233.488174028198960E-3
354.000000000000060E+0	445.462766666637750E-3	235.338856311206240E-3
355.000000000000060E+0	406.135465303214200E-3	190.111983181149720E-3
356.000000000000060E+0	422.919876781083670E-3	177.704617454577270E-3
357.000000000000060E+0	398.972447184008430E-3	211.697082356875790E-3
358.000000000000060E+0	350.796640218191740E-3	199.816233029698000E-3
359.000000000000060E+0	347.498562056502150E-3	149.733015092262610E-3
360.000000000000060E+0	395.315775601214230E-3	132.279560092261270E-3
361.000000000000060E+0	449.777614817538750E-3	234.408533966524450E-3
362.000000000000060E+0	408.221625171549030E-3	192.964023371419410E-3
363.000000000000060E+0	434.908500841956870E-3	161.529349097887880E-3
364.000000000000060E+0	449.230660790546410E-3	172.142940613195380E-3
365.000000000000060E+0	461.373283170331270E-3	138.804200725533820E-3
366.000000000000060E+0	477.861513236448210E-3	136.638179252045740E-3
367.000000000000060E+0	459.084365807894970E-3	98.255946849718848E-3
368.000000000000060E+0	444.718585702092440E-3	53.715765401948876E-3
369.000000000000060E+0	429.313403100429370E-3	28.296879378944366E-3
370.000000000000060E+0	366.459272927421250E-3	-15.721051466209099E-3
371.000000000000060E+0	355.640547010603990E-3	-89.984593735685583E-3
372.000000000000060E+0	349.683878263992330E-3	-90.126420733545043E-3
373.000000000000060E+0	294.324911867201940E-3	-82.632069615895531E-3
374.000000000000060E+0	291.375029721457400E-3	-131.342969363507170E-3
375.000000000000060E+0	291.722893588839070E-3	-94.608670612714732E-3
376.000000000000060E+0	283.937552109536920E-3	-59.543648858353240E-3
377.000000000000060E+0	243.829270191048750E-3	-7.140848817629141E-3
378.000000000000060E+0	198.548325843109190E-3	113.595286484773880E-6
379.000000000000060E+0	137.112249390538450E-3	-10.639448823576085E-3
380.000000000000060E+0	206.437963172504180E-3	-117.947607399700820E-3
381.000000000000060E+0	213.636216835549540E-3	-105.411602166285380E-3
382.000000000000060E+0	237.726582994638530E-3	-160.258886255584150E-3
383.000000000000060E+0	288.264581124141720E-3	-132.068530139325850E-3
384.000000000000060E+0	314.374581948895390E-3	-67.439930459015585E-3
385.000000000000060E+0	141.551626921678640E-3	28.027743995268847E-3
386.000000000000060E+0	108.181080817911520E-3	-14.314585260539676E-3
387.000000000000060E+0	91.844161174968630E-3	-27.855859416302788E-3
388.000000000000060E+0	137.296923640883060E-3	-62.624739888016825E-3
389.000000000000060E+0	187.568114747132530E-3	-129.153786605773400E-3
390.000000000000060E+0	247.215188039000920E-3	-109.856991239744970E-3
391.000000000000060E+0	236.979765789327390E-3	-131.136989928972410E-3
392.000000000000060E+0	283.841613900070680E-3	-123.895677866488780E-3
393.000000000000060E+0	96.856149455324864E-3	29.726596588819446E-3
394.000000000000060E+0	-21.150108036383234E-3	-81.782013738966888E-3
395.000000000000060E+0	-140.589506283588320E-3	-139.907591243315840E-3
396.000000000000060E+0	-147.848200867922580E-3	-204.984756635368800E-3
397.000000000000060E+0	-178.946759295527750E-3	-231.479544503144150E-3
398.000000000000060E+0	-95.418399557560041E-3	-357.245483551686450E-3
399.000000000000060E+0	70.991831286980819E-3	-79.347501085328037E-3
400.000000000000060E+0	5.243375642011822E-3	49.867065333695580E-3
401.000000000000060E+0	-54.157554165660274E-3	127.218352687479500E-3
402.000000000000060E+0	-98.428534398034687E-3	144.488233503687920E-3
403.000000000000060E+0	-194.519741436581540E-3	157.268543270103760E-3
404.000000000000060E+0	-124.246573951812020E-3	55.748882816460670E-3
405.000000000000060E+0	-90.951191060979250E-3	42.620477190927528E-3
406.000000000000060E+0	-10.147861450209588E-3	25.636491483425772E-3
407.000000000000060E+0	4.619867458171205E-3	33.853380282323098E-3
408.000000000000060E+0	99.080407295600290E-3	74.518798460229421E-3
409.000000000000060E+0	25.954686999160016E-3	122.026358086725890E-3
410.000000000000060E+0	18.120946705979343E-3	118.460515641912250E-3
411.000000000000060E+0	-508.934223227109810E-6	209.795213874943900E-3
412.000000000000060E+0	-164.752390252629500E-3	82.970644144401334E-3
413.000000000000060E+0	-82.049729859236059E-3	12.586987531833745E-3
414.000000000000060E+0	-45.917208889386031E-3	563.225845720796440E-6
415.000000000000060E+0	-7.592887639891729E-3	4.270476006633009E-3
416.000000000000060E+0	34.971815070079251E-3	38.738995839098490E-3
417.000000000000060E+0	-11.518190344219146E-3	139.762911167810030E-3
418.000000000000060E+0	-85.303589681451325E-3	123.562537812866390E-3
419.000000000000060E+0	-126.561164530358210E-3	100.579476409063190E-3
420.000000000000060E+0	-127.830537572856010E-3	82.110338372471628E-3
421.000000000000060E+0	-197.292492796037920E-3	71.598109232392598E-3
422.000000000000060E+0	-130.913955835526560E-3	40.515236473727706E-3
423.000000000000060E+0	-141.546404588065750E-3	72.555454323141463E-3
424.000000000000060E+0	-152.541433254609090E-3	98.022640035659261E-3
425.000000000000060E+0	-171.240105948701680E-3	118.202556832365790E-3
426.000000000000060E+0	-158.307921638700330E-3	160.817062210850790E-3
427.000000000000060E+0	-276.211607613881190E-3	233.559780147671120E-3
428.000000000000060E+0	-295.842120011278910E-3	239.890743734675090E-3
429.000000000000060E+0	-382.718923996073050E-3	258.832466095251460E-3
430.000000000000060E+0	-376.004180813271860E-3	189.235773366380370E-3
431.000000000000060E+0	-251.797580705722280E-3	194.501923826654790E-3
432.000000000000060E+0	-241.970537690433920E-3	390.401889627647990E-3
433.000000000000060E+0	-323.367092625757580E-3	543.392031718085700E-3
434.000000000000060E+0	-465.912814283278520E-3	625.863428528271150E-3
435.000000000000060E+0	-435.133675503839910E-3	670.784159060095470E-3
436.000000000000060E+0	-488.629916203941420E-3	833.634106288705600E-3
437.000000000000060E+0	-500.973302356270800E-3	924.793066248757680E-3
438.000000000000060E+0	-361.234275572516080E-3	1.039208600091655E+0
439.000000000000060E+0	-161.444964460171730E-3	1.230577332595701E+0
440.000000000000060E+0	336.535222623114030E-3	1.319699530400401E+0
441.000000000000060E+0	450.849040159635510E-3	1.462247102100068E+0
442.000000000000060E+0	824.906349031576890E-3	1.396795116458578E+0
443.000000000000060E+0	1.030188067511289E+0	1.323317481288884E+0
444.000000000000060E+0	1.112983324076759E+0	1.104231811463543E+0
445.000000000000060E+0	1.146751474647645E+0	841.251318436238130E-3
446.000000000000060E+0	1.098189148486006E+0	433.996123266806200E-3
447.000000000000060E+0	1.112264659881107E+0	187.513440200940770E-3
448.000000000000060E+0	1.150824704605552E+0	161.938071834587670E-3
449.000000000000060E+0	1.055837653156206E+0	173.651078645900620E-3
450.000000000000060E+0	898.589704491472020E-3	135.130344809501760E-3
451.000000000000060E+0	779.333100992967600E-3	44.727119381003599E-3
452.000000000000060E+0	702.137939191541990E-3	-37.932273712830394E-3
453.000000000000060E+0	722.523653951007480E-3	-81.110475726920359E-3
454.000000000000060E+0	651.182279179347120E-3	-79.008607474732095E-3
455.000000000000060E+0	618.396155109549590E-3	-121.538917046211810E-3
456.000000000000060E+0	605.673646254415890E-3	-95.390820260468731E-3
457.000000000000060E+0	522.635687099614280E-3	-68.688778562305500E-3
458.000000000000060E+0	466.985139433726050E-3	-81.638654813358288E-3
459.000000000000060E+0	395.144824933296330E-3	-32.746151190627466E-3
460.000000000000060E+0	324.707230504319650E-3	-42.966731495476466E-3
461.000000000000060E+0	231.534588637667380E-3	-37.743890822349663E-3
462.000000000000060E+0	175.426460658875740E-3	-65.070595717618113E-3
463.000000000000060E+0	184.107468565436470E-3	-77.570115853200158E-3
464.000000000000060E+0	231.875085612861630E-3	101.435834370692280E-3
465.000000000000060E+0	246.654295788599850E-3	312.926594168719210E-3
466.000000000000060E+0	222.912064741420280E-3	612.127920774151350E-3
467.000000000000060E+0	210.587014153057610E-3	623.404284910888170E-3
468.000000000000060E+0	352.225873603402070E-3	571.185822431886760E-3
469.000000000000060E+0	700.264321406117500E-3	438.509170442185350E-3
470.000000000000060E+0	794.415288746521900E-3	293.093735357954020E-3
471.000000000000060E+0	825.481311795667080E-3	15.810421414357418E-3
472.000000000000060E+0	903.884936214776390E-3	118.148327396621250E-3
473.000000000000060E+0	620.029756491691790E-3	102.010171464417020E-3
474.000000000000060E+0	598.570729509362300E-3	21.753982059727988E-3
475.000000000000060E+0	622.046542379839580E-3	29.099749456170308E-3
476.000000000000060E+0	585.322397736651070E-3	26.583743769963246E-3
477.000000000000060E+0	610.860650987678170E-3	5.045770289900719E-3
478.000000000000060E+0	627.365421450448490E-3	74.509782158467527E-3
479.000000000000060E+0	639.655761457427200E-3	69.089432295989545E-3
480.000000000000060E+0	664.101081285024430E-3	38.885697411412082E-3
481.000000000000060E+0	715.858950203247300E-3	-32.513422363887011E-3
482.000000000000060E+0	789.094322487736920E-3	32.732706215971186E-3
483.000000000000060E+0	697.841746935100700E-3	-2.236238875655334E-3
484.000000000000060E+0	688.644102597903100E-3	-51.430175918917416E-3
485.000000000000060E+0	649.733499540958270E-3	-83.203500979009734E-3
486.000000000000060E+0	652.398414436965670E-3	-163.204041890525120E-3
487.000000000000060E+0	766.313371728429840E-3	-223.143707329630850E-3
488.000000000000060E+0	719.508074226940410E-3	-143.287183461414590E-3
489.000000000000060E+0	675.296019614501920E-3	-166.435619110391810E-3
490.000000000000060E+0	716.582367222773910E-3	-240.022778412394030E-3
491.000000000000060E+0	738.298048749792430E-3	-113.117292928390720E-3
492.000000000000060E+0	673.655761018897010E-3	-199.093512473021180E-3
493.000000000000060E+0	706.690622931620990E-3	-210.727708379242510E-3
494.000000000000060E+0	680.850165660228380E-3	-233.648014300851800E-3
495.000000000000060E+0	694.032608645523850E-3	-262.668437417272250E-3
496.000000000000060E+0	695.115985009588040E-3	-303.542425012443990E-3
497.000000000000060E+0	740.112893541579610E-3	-303.855811565572120E-3
498.000000000000060E+0	723.056771666729880E-3	-288.835746631746880E-3
499.000000000000060E+0	695.251712996539540E-3	-327.666943395348300E-3
500.000000000000060E+0	703.065658517510130E-3	-396.364100138222540E-3
501.000000000000060E+0	799.507369309180320E-3	-351.027148898098770E-3
502.000000000000060E+0	739.719339605068420E-3	-367.535846321656200E-3
503.000000000000060E+0	747.543049637329870E-3	-381.768521900611890E-3
504.000000000000060E+0	694.633543619436520E-3	-436.650457676664600E-3
505.000000000000060E+0	729.624478306228340E-3	-501.821598692874020E-3
506.000000000000060E+0	817.150373783912090E-3	-529.426835395333080E-3
507.000000000000060E+0	782.906785402875730E-3	-531.398500779668440E-3
508.000000000000060E+0	781.690374661608400E-3	-585.023157755529600E-3
509.000000000000060E+0	721.695640016163710E-3	-611.435826560278170E-3
510.000000000000060E+0	743.668462961680540E-3	-789.528903218855490E-3
511.000000000000060E+0	757.267091257591280E-3	-773.920472553375820E-3
512.000000000000110E+0	722.350995838611730E-3	-855.828561151426250E-3
513.000000000000110E+0	712.804506854879730E-3	-920.239004481743450E-3
514.000000000000110E+0	646.565605549397790E-3	-967.929523681780870E-3
515.000000000000110E+0	488.197645649451170E-3	-1.065537239378984E+0
516.000000000000110E+0	340.042233529546600E-3	-1.183157701679216E+0
517.000000000000110E+0	257.493047204175600E-3	-1.231300261314244E+0
518.000000000000110E+0	98.523440334361861E-3	-1.196315140731153E+0
519.000000000000110E+0	-32.350077516431042E-3	-1.212617194844259E+0
520.000000000000110E+0	-70.939120024156047E-3	-1.018409468485092E+0
521.000000000000110E+0	-151.915964614798640E-3	-860.731074692178020E-3
522.000000000000110E+0	-211.068200344928430E-3	-734.607596767172470E-3
523.000000000000110E+0	-186.274446404858880E-3	-742.956153999554720E-3
524.000000000000110E+0	-130.588146835933370E-3	-638.599218814262740E-3
525.000000000000110E+0	-244.107933526217150E-3	-613.014661274270960E-3
526.000000000000110E+0	-345.398316284514280E-3	-634.161637402831050E-3
527.000000000000110E+0	-352.325220119855340E-3	-635.348714183584520E-3
528.000000000000110E+0	-329.953212574383920E-3	-514.058404005368730E-3
529.000000000000110E+0	-156.699740916348920E-3	-383.084337023420980E-3
530.000000000000110E+0	-156.802421884902480E-3	-253.234867348722080E-3
531.000000000000110E+0	-102.375346410830750E-3	-216.487542269811150E-3
532.000000000000110E+0	-82.630228600142103E-3	-235.595120087008420E-3
533.000000000000110E+0	22.390546058173859E-3	-238.397729298629980E-3
534.000000000000110E+0	44.567949579100194E-3	-200.948138665230730E-3
535.000000000000110E+0	45.259976459544327E-3	-244.415341650912780E-3
536.000000000000110E+0	119.582906015158470E-3	-292.456858318513530E-3
537.000000000000110E+0	156.525878327509420E-3	-298.026678609921990E-3
538.000000000000110E+0	247.641643209660090E-3	-354.260027719511820E-3
539.000000000000110E+0	249.357467430504440E-3	-305.530534049945960E-3
540.000000000000110E+0	239.589099678981790E-3	-334.603812513268710E-3
541.000000000000110E+0	210.290433675244050E-3	-397.705292586499840E-3
542.000000000000110E+0	231.235383686501150E-3	-606.190711150830790E-3
543.000000000000110E+0	315.131660308067220E-3	-485.471590822135030E-3
544.000000000000110E+0	211.122975495360330E-3	-552.440400180881590E-3
545.000000000000110E+0	228.740293808500830E-3	-716.099908250294010E-3
546.000000000000110E+0	245.775638819250710E-3	-653.397365439185360E-3
547.000000000000110E+0	40.799807803365361E-3	-633.353626064233620E-3
548.000000000000110E+0	3.864289873236829E-3	-829.407749361051990E-3
549.000000000000110E+0	-62.999985642698736E-3	-731.826487274663590E-3
550.000000000000110E+0	-220.085120252887570E-3	-686.618472819983780E-3
551.000000000000110E+0	-246.549311128089060E-3	-747.372819876396920E-3
552.000000000000110E+0	-227.666247092778910E-3	-536.874866921026820E-3
553.000000000000110E+0	-292.229541812024820E-3	-492.090189541985860E-3
554.000000000000110E+0	-234.749201917900160E-3	-412.345209299075640E-3
555.000000000000110E+0	-195.126867867071530E-3	-303.566796410040310E-3
556.000000000000110E+0	-176.610694928175270E-3	-246.179375925901470E-3
557.000000000000110E+0	-150.742396036811030E-3	-267.233756662411000E-3
558.000000000000110E+0	-67.397191141979951E-3	-244.022222648855540E-3
559.000000000000110E+0	-3.497717838061161E-3	-226.473641886485170E-3
560.000000000000110E+0	51.265692756491302E-3	-215.949263925929920E-3
561.000000000000110E+0	114.136208467685920E-3	-160.975269479255330E-3
562.000000000000110E+0	108.852517730246000E-3	-212.515073366067840E-3
563.000000000000110E+0	144.362005489896280E-3	-241.728157598917610E-3
564.000000000000110E+0	142.707278210376020E-3	-325.478398081306240E-3
565.000000000000110E+0	212.219327977753920E-3	-436.682944106528530E-3
566.000000000000110E+0	341.224076316244680E-3	-519.913271134114010E-3
567.000000000000110E+0	330.230833972513240E-3	-493.158157529420220E-3
568.000000000000110E+0	313.874601914816810E-3	-563.887142732537700E-3
569.000000000000110E+0	298.970296364837460E-3	-623.428072491702400E-3
570.000000000000110E+0	354.503056018226180E-3	-671.751164975855850E-3
571.000000000000110E+0	214.775434364835200E-3	-602.369378936958520E-3
572.000000000000110E+0	171.870020253507060E-3	-698.657202586641320E-3
573.000000000000110E+0	133.232629177319180E-3	-748.616668535140310E-3
574.000000000000110E+0	40.783626098002526E-3	-1.055303792779169E+0
575.000000000000110E+0	213.905030365662940E-3	-1.141241285337940E+0
576.000000000000110E+0	223.480955210651510E-3	-1.304397405502231E+0
577.000000000000110E+0	181.752795242124370E-3	-1.335358796205041E+0
578.000000000000110E+0	33.772973431747330E-3	-1.415877384688375E+0
579.000000000000110E+0	-71.018456848119055E-3	-1.304579001760734E+0
580.000000000000110E+0	-666.362928636465960E-3	-1.249722957021140E+0
581.000000000000110E+0	-849.005622417766230E-3	-1.257949473126313E+0
582.000000000000110E+0	-1.113013724795964E+0	-1.074611305398192E+0
583.000000000000110E+0	-1.315263459405967E+0	-1.055722904755604E+0
584.000000000000110E+0	-1.226432143290468E+0	-951.703646329830180E-3
585.000000000000110E+0	-1.088842769064758E+0	-700.308055257037990E-3
586.000000000000110E+0	-1.024186213540946E+0	-515.143498961956210E-3
587.000000000000110E+0	-975.186576613744970E-3	-341.486314276196910E-3
588.000000000000110E+0	-955.783407991470100E-3	-201.258038877325570E-3
589.000000000000110E+0	-1.060258892109762E+0	-42.611248220087453E-3
590.000000000000110E+0	-940.585593888266120E-3	-209.347679689138530E-3
591.000000000000110E+0	-836.800427400091640E-3	-127.334874894004160E-3
592.000000000000110E+0	-817.620730946384210E-3	-18.850683858483586E-3
593.000000000000110E+0	-831.163430731878370E-3	-92.090922888215923E-3
594.000000000000110E+0	-706.852218947842890E-3	-60.944007586757908E-3
595.000000000000110E+0	-665.084659556984040E-3	-4.741160028318286E-3
596.000000000000110E+0	-611.348618659095510E-3	25.275442392173775E-3
597.000000000000110E+0	-579.600004061696870E-3	91.315429220039976E-3
598.000000000000110E+0	-656.609936684518950E-3	184.698348328242780E-3
599.000000000000110E+0	-678.476858606340770E-3	-6.891314434460908E-3
600.000000000000110E+0	-562.312710245630450E-3	-4.127502468618281E-3
601.000000000000110E+0	-512.034230383685120E-3	19.774640468467452E-3
602.000000000000110E+0	-408.436171412902120E-3	42.382227276370317E-3
603.000000000000110E+0	-484.937646458165450E-3	162.674973049740680E-3
604.000000000000110E+0	-486.992680491306510E-3	115.587509852175090E-3
605.000000000000110E+0	-463.882540378322550E-3	128.697503355171520E-3
606.000000000000110E+0	-478.361823857930410E-3	123.006629874010830E-3
607.000000000000110E+0	-443.603946739744460E-3	90.941716144905191E-3
608.000000000000110E+0	-387.896191090333020E-3	174.602400053044000E-3
609.000000000000110E+0	-430.176005336529610E-3	110.887393311068440E-3
610.000000000000110E+0	-408.688810951486790E-3	89.320890106608347E-3
611.000000000000110E+0	-322.183044652460950E-3	40.974265566716295E-3
612.000000000000110E+0	-229.548253111618440E-3	157.008580336902650E-3
613.000000000000110E+0	-338.244071824287060E-3	195.733487963986210E-3
614.000000000000110E+0	-356.698922954338140E-3	149.132046261847590E-3
615.000000000000110E+0	-361.639280454819690E-3	112.271595565964550E-3
616.000000000000110E+0	-299.998928308059850E-3	72.742183040703179E-3
617.000000000000110E+0	-252.789777448288680E-3	137.391264703943780E-3
618.000000000000110E+0	-278.747409193502990E-3	150.523797297583670E-3
619.000000000000110E+0	-275.198299692029800E-3	158.731406288059760E-3
620.000000000000110E+0	-268.383019068071940E-3	169.565540970310320E-3
621.000000000000110E+0	-281.984195430726950E-3	175.604861964669930E-3
622.000000000000110E+0	-236.653164013858300E-3	165.503691923278800E-3
623.000000000000110E+0	-207.810604254589500E-3	176.038381634131800E-3
624.000000000000110E+0	-161.947350560522260E-3	181.199495803465170E-3
625.000000000000110E+0	-119.978003114910680E-3	192.322509783881210E-3
626.000000000000110E+0	-56.719279956911686E-3	199.386556875677750E-3
627.000000000000110E+0	-78.575224662164836E-3	221.745814173048920E-3
628.000000000000110E+0	-36.984614645027322E-3	185.035015686031870E-3
629.000000000000110E+0	-27.925436699186592E-3	186.850970757156650E-3
630.000000000000110E+0	-67.502057980931757E-3	151.144419801013480E-3
631.000000000000110E+0	-44.900002425909226E-3	69.303319669901012E-3
632.000000000000110E+0	-14.257050804543890E-3	56.856006052565189E-3
633.000000000000110E+0	-12.824933843840791E-3	39.696200289415867E-3
634.000000000000110E+0	1.322047128175396E-3	-9.406923319844572E-3
635.000000000000110E+0	46.021797160507819E-3	15.833781526861147E-3
636.000000000000110E+0	38.790590753168118E-3	15.101643304355370E-3
637.000000000000110E+0	33.555718249210914E-3	5.996918179328022E-3
638.000000000000110E+0	45.529989062226939E-3	-16.197038570393278E-3
639.000000000000110E+0	80.996525530415517E-3	-31.507931109380091E-3
640.000000000000110E+0	103.475794914454910E-3	81.004173798201406E-3
641.000000000000110E+0	46.420730678666498E-3	-53.960824272999017E-3
642.000000000000110E+0	84.106511258207173E-3	-83.429229909893224E-3
643.000000000000110E+0	97.301572277913292E-3	-104.332691963940950E-3
644.000000000000110E+0	103.525239786672080E-3	-147.522914433996290E-3
645.000000000000110E+0	112.323150676944480E-3	-203.714022660784090E-3
646.000000000000110E+0	138.116256448762050E-3	-262.417052331082260E-3
647.000000000000110E+0	159.062218828493500E-3	-294.703341997335060E-3
648.000000000000110E+0	128.437702988555610E-3	-321.315451329849730E-3
649.000000000000110E+0	80.978333538061401E-3	-376.220610982316020E-3
650.000000000000110E+0	-1.099119081312645E-3	-460.575264075772650E-3
651.000000000000110E+0	-36.875456155171522E-3	-510.189848487152100E-3
652.000000000000110E+0	-111.384478966577580E-3	-549.189010269206860E-3
653.000000000000110E+0	-217.057032816068530E-3	-585.281519573323310E-3
654.000000000000110E+0	-266.969276075563870E-3	-606.334736126159400E-3
655.000000000000110E+0	-305.884906049990020E-3	-576.694296149498960E-3
656.000000000000110E+0	-393.371774868550850E-3	-493.008872664887350E-3
657.000000000000110E+0	-478.530742389938260E-3	-433.523518861752550E-3
658.000000000000110E+0	-592.160529806131430E-3	-382.244862990673120E-3
659.000000000000110E+0	-644.879160187186270E-3	-432.128291359141940E-3
660.000000000000110E+0	-600.690135030011120E-3	-331.304405065584230E-3
661.000000000000110E+0	-635.720366668157680E-3	-244.395434099229810E-3
662.000000000000110E+0	-678.637903653473430E-3	-181.746455128993620E-3
663.000000000000110E+0	-647.339237788371100E-3	-227.567293447355960E-3
664.000000000000110E+0	-574.740606671460760E-3	-66.489738805955045E-3
665.000000000000110E+0	-605.363906598147650E-3	339.779213200321450E-6
666.000000000000110E+0	-642.684721879840380E-3	81.128573158672793E-3
667.000000000000110E+0	-661.353430051407120E-3	74.184377128019036E-3
668.000000000000110E+0	-662.027299610859820E-3	70.747157460388690E-3
669.000000000000110E+0	-607.132607441077660E-3	110.109001055569640E-3
670.000000000000110E+0	-584.399281449151650E-3	159.261966027679560E-3
671.000000000000110E+0	-565.483653222937810E-3	208.891404724693500E-3
672.000000000000110E+0	-553.025154181165710E-3	262.613326736013120E-3
673.000000000000110E+0	-495.709438646533380E-3	313.448906386365860E-3
674.000000000000110E+0	-460.703504027632050E-3	385.244915326447060E-3
675.000000000000110E+0	-391.091189744449340E-3	436.526317782316990E-3
676.000000000000110E+0	-325.390214468392450E-3	508.254447627141110E-3
677.000000000000110E+0	-276.640909730719420E-3	517.690689367302890E-3
678.000000000000110E+0	-244.405947937807450E-3	469.331267294470500E-3
679.000000000000110E+0	-109.491806079356050E-3	349.346029223562780E-3
680.000000000000110E+0	-26.514016628835100E-3	289.915965282699920E-3
681.000000000000110E+0	-8.552620666070343E-3	239.372122204057570E-3
682.000000000000110E+0	-24.882511074402119E-3	156.833752738408330E-3
683.000000000000110E+0	-23.348814324223061E-3	136.639360169229780E-3
684.000000000000110E+0	-35.122537538883197E-3	114.024062193138030E-3
685.000000000000110E+0	-31.708371613411029E-3	122.902401641404760E-3
686.000000000000110E+0	-67.684989230357762E-3	118.419906803346460E-3
687.000000000000110E+0	-104.397780331580760E-3	122.156620736906780E-3
688.000000000000110E+0	-110.207905982349720E-3	78.239506381520343E-3
689.000000000000110E+0	-118.450137552716410E-3	74.724065547068730E-3
690.000000000000110E+0	-128.428230786351790E-3	64.152760803215872E-3
691.000000000000110E+0	-128.127796857847560E-3	46.685863854233262E-3
692.000000000000110E+0	-111.567819219417830E-3	73.777782780012804E-3
693.000000000000110E+0	-123.048024290520390E-3	71.937237066822965E-3
694.000000000000110E+0	-122.057926130823070E-3	82.611172439283259E-3
695.000000000000110E+0	-134.161378647068480E-3	90.541681232541041E-3
696.000000000000110E+0	-158.366047565212970E-3	98.001804135114570E-3
697.000000000000110E+0	-171.066975540945050E-3	58.413238626156584E-3
698.000000000000110E+0	-146.796748288835770E-3	59.329461867902208E-3
699.000000000000110E+0	-147.438089416749960E-3	63.377521558757297E-3
700.000000000000110E+0	-149.284881361633840E-3	42.298511292065931E-3
701.000000000000110E+0	-138.540122542403420E-3	100.949134933403790E-3
702.000000000000110E+0	-157.718798907641710E-3	84.373065242032419E-3
703.000000000000110E+0	-153.990965298465230E-3	87.389367514719499E-3
704.000000000000110E+0	-170.428014135071440E-3	110.810614928109010E-3
705.000000000000110E+0	-208.664931887514840E-3	97.352757374421270E-3
706.000000000000110E+0	-191.729410353381370E-3	34.452041794429247E-3
707.000000000000110E+0	-140.233005202358510E-3	84.126129342168621E-3
708.000000000000110E+0	-141.578633225852820E-3	127.741315474056680E-3
709.000000000000110E+0	-141.925607452585730E-3	148.425559937950840E-3
710.000000000000110E+0	-151.423269818006330E-3	207.773236600179770E-3
711.000000000000110E+0	-151.191163236573220E-3	197.174090229965710E-3
712.000000000000110E+0	-140.658624656284310E-3	231.329511619413090E-3
713.000000000000110E+0	-178.611673800373430E-3	264.614361895951220E-3
714.000000000000110E+0	-140.884678209716230E-3	196.823437368456480E-3
715.000000000000110E+0	-147.111805204151870E-3	155.288227320373480E-3
716.000000000000110E+0	50.395693381603490E-3	82.485293672340865E-3
717.000000000000110E+0	112.908021915045550E-3	149.663590626952450E-3
718.000000000000110E+0	153.902672578122010E-3	128.646395967335900E-3
719.000000000000110E+0	233.035323201247730E-3	151.357820155522960E-3
720.000000000000110E+0	76.561308418512997E-3	113.162995527602990E-3
721.000000000000110E+0	112.531349630184700E-3	15.816659551099715E-3
722.000000000000110E+0	137.931855791637080E-3	-11.343806281721070E-3
723.000000000000110E+0	120.718687855706590E-3	-2.446669264516511E-3
724.000000000000110E+0	49.467082375992615E-3	-65.833650428890569E-3
725.000000000000110E+0	70.868336029124165E-3	-116.688570284773390E-3
726.000000000000110E+0	73.095851981487478E-3	-139.807661205303630E-3
727.000000000000110E+0	49.155990814192918E-3	-137.946363594685760E-3
728.000000000000110E+0	2.337888011735990E-3	-169.820331648216170E-3
729.000000000000110E+0	-13.262520576336218E-3	-167.685240055701620E-3
730.000000000000110E+0	-58.967359156851779E-3	-253.033757148107660E-3
731.000000000000110E+0	-79.361795385175515E-3	-300.560208735492160E-3
732.000000000000110E+0	-84.117717926937979E-3	-334.957852467358210E-3
733.000000000000110E+0	-126.701599352044420E-3	-300.153046142665750E-3
734.000000000000110E+0	-247.846059171962120E-3	-238.891992287556230E-3
735.000000000000110E+0	-343.139086298261840E-3	-249.806246039186190E-3
736.000000000000110E+0	-410.214121874830750E-3	-201.330892676731930E-3
737.000000000000110E+0	-472.962233214592300E-3	-159.862310306690370E-3
738.000000000000110E+0	-454.457855226857220E-3	-168.096085642126000E-3
739.000000000000110E+0	-435.342037565711160E-3	-33.366113443375124E-3
740.000000000000110E+0	-432.637873080705610E-3	-4.252136091766169E-3
741.000000000000110E+0	-413.549379978836620E-3	26.717717045788198E-3
742.000000000000110E+0	-355.245523400320670E-3	49.969755608064118E-3
743.000000000000110E+0	-406.939778809243310E-3	105.914567759452770E-3
744.000000000000110E+0	-395.120145831133030E-3	113.135247413027990E-3
745.000000000000110E+0	-400.199072195076280E-3	132.552952719549840E-3
746.000000000000110E+0	-399.346801784766450E-3	118.047108121082540E-3
747.000000000000110E+0	-382.982998242895170E-3	104.293527152665160E-3
748.000000000000110E+0	-328.523709315322320E-3	144.610847920886080E-3
749.000000000000110E+0	-330.895303853936900E-3	156.722702204578510E-3
750.000000000000110E+0	-315.885839462310800E-3	177.364774689314970E-3
751.000000000000110E+0	-323.504772797077680E-3	225.629492884679070E-3
752.000000000000110E+0	-370.136980384922490E-3	222.701377893964130E-3
753.000000000000110E+0	-362.790969576951450E-3	205.176315013657070E-3
754.000000000000110E+0	-352.647775581775350E-3	200.451807592541030E-3
755.000000000000110E+0	-323.494287461542460E-3	204.885763696557750E-3
756.000000000000110E+0	-317.999682934064050E-3	255.628228129648920E-3
757.000000000000110E+0	-331.447169566332970E-3	282.280408223102300E-3
758.000000000000110E+0	-343.311811369677640E-3	282.936344685827960E-3
759.000000000000110E+0	-320.936003732925470E-3	307.768312523831970E-3
760.000000000000110E+0	-299.782409476024470E-3	380.259296005582840E-3
761.000000000000110E+0	-479.974184979843070E-3	418.118190045514980E-3
762.000000000000110E+0	-328.342609953590710E-3	364.317078646794130E-3
763.000000000000110E+0	-296.081446949940650E-3	426.621556043557500E-3
764.000000000000110E+0	-236.044833165816480E-3	483.193749451853390E-3
765.000000000000110E+0	-175.324379893852490E-3	603.360665108753970E-3
766.000000000000110E+0	-244.764808492893780E-3	661.744123956711450E-3
767.000000000000110E+0	-81.186889448007102E-3	626.507046427808630E-3
768.000000000000110E+0	13.607372246902854E-3	672.812678100305760E-3
769.000000000000110E+0	116.647121766248520E-3	653.080967887011090E-3
770.000000000000110E+0	200.847860971776560E-3	663.594692638880490E-3
771.000000000000110E+0	223.222368909829130E-3	339.085607551158520E-3
772.000000000000110E+0	300.462799736159750E-3	311.446705924235960E-3
773.000000000000110E+0	305.006301401955610E-3	226.411628428627640E-3
774.000000000000110E+0	314.727040157114560E-3	215.661972231939360E-3
775.000000000000110E+0	240.353237880836510E-3	167.231889853832580E-3
776.000000000000110E+0	208.743307593703740E-3	148.933419427862730E-3
777.000000000000110E+0	146.004103558533830E-3	125.549294965697220E-3
778.000000000000110E+0	105.943107961040530E-3	105.702510950578000E-3
779.000000000000110E+0	56.535408488921433E-3	86.561804922046376E-3
780.000000000000110E+0	74.152352048100362E-3	97.629355642922036E-3
781.000000000000110E+0	10.927148836064746E-3	91.829794864719302E-3
782.000000000000110E+0	379.169504096421450E-6	86.769377245811963E-3
783.000000000000110E+0	-12.955398426607855E-3	108.906192513990780E-3
784.000000000000110E+0	-54.338635929848590E-3	94.610999645915961E-3
785.000000000000110E+0	-35.526148308810117E-3	99.108233048198699E-3
786.000000000000110E+0	-44.372932410955343E-3	116.067621317365840E-3
787.000000000000110E+0	-47.558058753039915E-3	123.863765843347610E-3
788.000000000000110E+0	-44.645723957259034E-3	134.372967068852460E-3
789.000000000000110E+0	6.967139732751034E-3	161.374578625687160E-3
790.000000000000110E+0	-155.069790211467470E-3	156.572126001855380E-3
791.000000000000110E+0	-122.194357820444550E-3	153.483314830067020E-3
792.000000000000110E+0	-121.886455591587580E-3	161.289548067774260E-3
793.000000000000110E+0	-160.522309976586540E-3	195.843090838648450E-3
794.000000000000110E+0	-212.073130041916080E-3	153.389722431835180E-3
795.000000000000110E+0	-187.950000972150310E-3	170.605852679497740E-3
796.000000000000110E+0	-215.232288538249580E-3	241.941090010183490E-3
797.000000000000110E+0	-264.390622159506930E-3	312.017417244945470E-3
798.000000000000110E+0	-255.132276489663080E-3	353.038115713100680E-3
799.000000000000110E+0	-177.371666192666950E-3	559.013264262857910E-3
800.000000000000110E+0	-208.990385390016440E-3	652.894938968003770E-3
801.000000000000110E+0	-146.399658252921980E-3	728.982898136678050E-3
802.000000000000110E+0	-22.787265484864629E-3	827.335575669043920E-3
803.000000000000110E+0	-42.450215796525942E-3	848.277939336678610E-3
804.000000000000110E+0	168.553076758744370E-3	797.345568219706810E-3
805.000000000000110E+0	364.193583890913160E-3	789.182016208865740E-3
806.000000000000110E+0	468.245757445976570E-3	795.226114509634100E-3
807.000000000000110E+0	577.586118216507070E-3	698.996037223162500E-3
808.000000000000110E+0	728.766223155192570E-3	693.876271223653920E-3
809.000000000000110E+0	780.997476459609600E-3	443.319691482726870E-3
810.000000000000110E+0	885.848525593276650E-3	306.249719670895930E-3
811.000000000000110E+0	956.462570514871600E-3	210.492816628888880E-3
812.000000000000110E+0	923.493933181931510E-3	223.393534330880770E-3
813.000000000000110E+0	702.342135968321620E-3	70.732841933636575E-3
814.000000000000110E+0	682.704002315623560E-3	-78.564179987283336E-3
815.000000000000110E+0	632.156112028448240E-3	-127.565309859886070E-3
816.000000000000110E+0	510.914110349764750E-3	-188.628092273576820E-3
817.000000000000110E+0	455.013888566703720E-3	-321.142646690111000E-3
818.000000000000110E+0	553.513805233376340E-3	-194.295094141739480E-3
819.000000000000110E+0	387.296983097393240E-3	-191.948237325329510E-3
820.000000000000110E+0	320.285806274010710E-3	-180.590518306666810E-3
821.000000000000110E+0	267.666945075733850E-3	-191.707857293031160E-3
822.000000000000110E+0	331.486553605611020E-3	-103.058571385828450E-3
823.000000000000110E+0	293.580365758960180E-3	-66.800841750435186E-3
824.000000000000110E+0	293.474723013733290E-3	-49.539030869297222E-3
825.000000000000110E+0	290.200475346564900E-3	-52.720262782913127E-3
826.000000000000110E+0	301.479096452666960E-3	-105.377625136744400E-3
827.000000000000110E+0	358.698996870827070E-3	-108.963240328715570E-3
828.000000000000110E+0	357.939013684462130E-3	-109.543510552406600E-3
829.000000000000110E+0	364.336694006299920E-3	-123.741932818192430E-3
830.000000000000110E+0	371.508982800696940E-3	-121.429868203213910E-3
831.000000000000110E+0	312.780840834979590E-3	-95.115285647699138E-3
832.000000000000110E+0	348.044701048864540E-3	-161.493210572500050E-3
833.000000000000110E+0	340.194855592747420E-3	-164.154290728116460E-3
834.000000000000110E+0	325.007832452278040E-3	-178.715089608280000E-3
835.000000000000110E+0	339.168265138099440E-3	-204.579413309424110E-3
836.000000000000110E+0	331.574866490107640E-3	-227.188018282485800E-3
837.000000000000110E+0	358.950347317403720E-3	-219.475581885923620E-3
838.000000000000110E+0	343.365442267197620E-3	-217.605549604941250E-3
839.000000000000110E+0	329.406376340488030E-3	-231.059387438634000E-3
840.000000000000110E+0	323.000601074507400E-3	-257.294600624868030E-3
841.000000000000110E+0	334.380170729537740E-3	-263.202793774783780E-3
842.000000000000110E+0	329.199375897333450E-3	-270.958418998510640E-3
843.000000000000110E+0	322.954216059071490E-3	-287.315868345540850E-3
844.000000000000110E+0	323.275635346391480E-3	-292.490607252171130E-3
845.000000000000110E+0	298.954931155172240E-3	-324.448203465176830E-3
846.000000000000110E+0	315.279599414436340E-3	-355.929740194333880E-3
847.000000000000110E+0	336.310372775230240E-3	-389.040451451602320E-3
848.000000000000110E+0	352.490099866774880E-3	-365.278921124610410E-3
849.000000000000110E+0	327.945761746376630E-3	-372.473335774635370E-3
850.000000000000110E+0	328.065504988692520E-3	-515.370168617696020E-3
851.000000000000110E+0	344.411756950165850E-3	-445.792206319546140E-3
852.000000000000110E+0	334.152111414049050E-3	-464.803986447694880E-3
853.000000000000110E+0	304.256605030482350E-3	-485.926798996005770E-3
854.000000000000110E+0	327.658523276627980E-3	-557.465732434146540E-3
855.000000000000110E+0	284.781385989133000E-3	-599.448986432378760E-3
856.000000000000110E+0	328.319402405915010E-3	-667.662385405045740E-3
857.000000000000110E+0	347.985030475195080E-3	-706.433966997314310E-3
858.000000000000110E+0	344.562828956438690E-3	-729.009599199308080E-3
859.000000000000110E+0	287.674741430528900E-3	-731.379493886367690E-3
860.000000000000110E+0	176.273918105717190E-3	-952.720963719262740E-3
861.000000000000110E+0	173.137140713990360E-3	-1.034532228893165E+0
862.000000000000110E+0	125.924502179969530E-3	-1.084098591428032E+0
863.000000000000110E+0	-97.585401196615254E-3	-1.078310233991796E+0
864.000000000000110E+0	-220.924723481062460E-3	-1.205333981315927E+0
865.000000000000110E+0	-348.993724486328650E-3	-1.177153178249703E+0
866.000000000000110E+0	-500.481610748837350E-3	-1.132347568732155E+0
867.000000000000110E+0	-607.048009629936440E-3	-1.112883679969859E+0
868.000000000000110E+0	-615.452767029792680E-3	-1.100400929107907E+0
869.000000000000110E+0	-957.614547471306700E-3	-985.557394720467550E-3
870.000000000000110E+0	-957.000299903368320E-3	-977.000218966471050E-3
871.000000000000110E+0	-1.061044821122183E+0	-899.344031240714050E-3
872.000000000000110E+0	-1.099589033841750E+0	-803.718098264068810E-3
873.000000000000110E+0	-1.053668269862176E+0	-484.539578678728040E-3
874.000000000000110E+0	-1.251870725614762E+0	-284.278472509195970E-3
875.000000000000110E+0	-1.236393787746285E+0	-167.353764763223440E-3
876.000000000000110E+0	-1.211352245012809E+0	-37.845242988782765E-3
877.000000000000110E+0	-1.138304103287705E+0	58.082186266934226E-3
878.000000000000110E+0	-1.158355401054110E+0	135.439656206040930E-3
879.000000000000110E+0	-949.416061471934800E-3	69.109498104200293E-3
880.000000000000110E+0	-843.544802357105050E-3	165.787432559960260E-3
881.000000000000110E+0	-785.922694850435310E-3	237.075091984102370E-3
882.000000000000110E+0	-810.557634299923450E-3	217.863096356581880E-3
883.000000000000110E+0	-706.914860740235240E-3	231.192049350002230E-3
884.000000000000110E+0	-654.414668757177460E-3	271.559271157716660E-3
885.000000000000110E+0	-635.775069071421230E-3	300.740321329319770E-3
886.000000000000110E+0	-638.901050506807900E-3	279.096425568174490E-3
887.000000000000110E+0	-585.032721309289400E-3	265.196560221009620E-3
888.000000000000110E+0	-551.995407332975140E-3	268.645370587051400E-3
889.000000000000110E+0	-518.612516979995110E-3	283.413029911790740E-3
890.000000000000110E+0	-521.181753604622710E-3	292.252482858757490E-3
891.000000000000110E+0	-495.900193459407390E-3	263.461783040365770E-3
892.000000000000110E+0	-484.131316107815960E-3	304.083702945138590E-3
893.000000000000110E+0	-468.165166891522320E-3	279.012318462238010E-3
894.000000000000110E+0	-445.860389771627840E-3	289.320387911690460E-3
895.000000000000110E+0	-452.387579902558180E-3	281.434239083595610E-3
896.000000000000110E+0	-420.714238367110470E-3	265.951295904916840E-3
897.000000000000110E+0	-368.153968249694980E-3	348.677398947973340E-3
898.000000000000110E+0	-444.211163614081250E-3	318.725581466429490E-3
899.000000000000110E+0	-427.382290633190940E-3	303.077868360696060E-3
900.000000000000110E+0	-434.844322999106300E-3	298.708608109258090E-3
901.000000000000110E+0	-405.358814399413510E-3	284.142625799401860E-3
902.000000000000110E+0	-393.172798912368450E-3	279.787389245661100E-3
903.000000000000110E+0	-377.480660271748370E-3	285.839791334636720E-3
904.000000000000110E+0	-343.030423727753160E-3	282.976195185284110E-3
905.000000000000110E+0	-306.476597485843940E-3	369.174397857489840E-3
906.000000000000110E+0	-423.468605671394660E-3	407.017687079383240E-3
907.000000000000110E+0	-417.305096936220030E-3	349.870577502479800E-3
908.000000000000110E+0	-410.144350911029690E-3	359.071080183742230E-3
909.000000000000110E+0	-415.953268952094670E-3	370.420484610390950E-3
910.000000000000110E+0	-481.829682509675170E-3	367.274018487844630E-3
911.000000000000110E+0	-338.963067022312990E-3	366.155534732319430E-3
912.000000000000110E+0	-361.165685200020010E-3	390.167337070039420E-3
913.000000000000110E+0	-329.510944951386280E-3	410.178426094477470E-3
914.000000000000110E+0	-313.294511695935200E-3	525.412595121896200E-3
915.000000000000110E+0	-361.222513195099070E-3	568.384319770406710E-3
916.000000000000110E+0	-419.093572686843390E-3	557.473537880037950E-3
917.000000000000110E+0	-389.755453277178480E-3	570.067470801376540E-3
918.000000000000110E+0	-361.865109611308190E-3	570.717218392289170E-3
919.000000000000110E+0	-294.364666291979270E-3	625.223249863150920E-3
920.000000000000110E+0	-239.724633161741750E-3	690.958485177733280E-3
921.000000000000110E+0	-236.753330535839000E-3	745.067267865108240E-3
922.000000000000110E+0	-201.638198217229250E-3	773.767310613395430E-3
923.000000000000110E+0	-133.861045423618600E-3	783.750425693942600E-3
924.000000000000110E+0	-80.113930700225031E-3	943.127070164088250E-3
925.000000000000110E+0	-101.268261705723890E-3	943.855782101933550E-3
926.000000000000110E+0	-59.210854963588203E-3	883.890951368270560E-3
927.000000000000110E+0	143.348403246828130E-3	873.314769137779280E-3
928.000000000000110E+0	280.612410241753600E-3	929.139583291181180E-3
929.000000000000110E+0	356.044902828994590E-3	876.070366839820760E-3
930.000000000000110E+0	568.712615968409270E-3	785.818454939016360E-3
931.000000000000110E+0	679.814342686326570E-3	690.656809652849480E-3
932.000000000000110E+0	747.990944982217520E-3	592.086784371671170E-3
933.000000000000110E+0	704.712556535557980E-3	511.585809641193820E-3
934.000000000000110E+0	663.204253056670520E-3	314.699592102404830E-3
935.000000000000110E+0	650.786940457032780E-3	211.546271323846150E-3
936.000000000000110E+0	605.751353753771870E-3	137.322416282296270E-3
937.000000000000110E+0	552.307221620538140E-3	45.566384644710800E-3
938.000000000000110E+0	568.726932286171330E-3	-38.017885397496121E-3
939.000000000000110E+0	531.875174778486670E-3	125.145307085553130E-3
940.000000000000110E+0	411.930796890770220E-3	3.355820141011460E-3
941.000000000000110E+0	383.866706430494700E-3	-37.178029775855020E-3
942.000000000000110E+0	326.360559508111770E-3	-39.633895930109901E-3
943.000000000000110E+0	287.166858951691750E-3	-121.136016097378690E-3
944.000000000000110E+0	284.060222578845390E-3	-133.402845163646870E-3
945.000000000000110E+0	269.337790269775560E-3	-142.631015275068630E-3
946.000000000000110E+0	250.976294675641360E-3	-118.153555048996220E-3
947.000000000000110E+0	225.569178983428290E-3	-110.270669908878390E-3
948.000000000000110E+0	201.550647746707610E-3	-15.533173719343409E-3
949.000000000000110E+0	135.885593533861840E-3	-16.422516706998166E-3
950.000000000000110E+0	94.686973686926343E-3	-7.249299334930261E-3
951.000000000000110E+0	58.561765411377642E-3	2.004223359568806E-3
952.000000000000110E+0	-6.570115271699115E-3	-117.839092200384270E-3
953.000000000000110E+0	94.718268023035235E-3	-58.074261287254035E-3
954.000000000000110E+0	88.226161781544785E-3	-38.307571864964383E-3
955.000000000000110E+0	114.027537823938750E-3	-47.059379863397442E-3
956.000000000000110E+0	138.288778081005370E-3	263.057670800858410E-6
957.000000000000110E+0	146.993490315372400E-3	20.543786869881172E-3
958.000000000000110E+0	104.513268866247430E-3	45.706943960110866E-3
959.000000000000110E+0	108.807516496147840E-3	31.374341993631691E-3
960.000000000000110E+0	104.321386676325820E-3	40.695297502752942E-3
961.000000000000110E+0	36.991746425969071E-3	24.445472545679234E-3
962.000000000000110E+0	103.508926788332680E-3	-17.429375010090422E-3
963.000000000000110E+0	122.152454995722780E-3	-4.103676848087420E-3
964.000000000000110E+0	133.334919132957450E-3	8.171897772676833E-3
965.000000000000110E+0	127.553312366414040E-3	20.752970892904107E-3
966.000000000000110E+0	130.423948869875680E-3	-15.539102319305748E-3
967.000000000000110E+0	139.555827090813490E-3	-23.963587497346540E-3
968.000000000000110E+0	136.740235347910690E-3	-47.843333730578926E-3
969.000000000000110E+0	136.075998082061220E-3	-69.685577499663212E-3
970.000000000000110E+0	136.700868929134050E-3	-97.772535282005787E-3
971.000000000000110E+0	137.902259024761140E-3	-37.243387670071487E-3
972.000000000000110E+0	120.537981491070760E-3	-76.578167395102148E-3
973.000000000000110E+0	115.575622208134760E-3	-88.871337924833968E-3
974.000000000000110E+0	94.192361359267104E-3	-82.901199656742836E-3
975.000000000000110E+0	71.582170052857039E-3	-109.085582812644060E-3
976.000000000000110E+0	40.757990825154321E-3	-155.903467935555230E-3
977.000000000000110E+0	61.205577153915738E-3	-181.770911618110930E-3
978.000000000000110E+0	69.709932599201330E-3	-196.124183262519570E-3
979.000000000000110E+0	93.165692535018996E-3	-227.956942241445890E-3
980.000000000000110E+0	163.409810527152280E-3	-34.749100713205368E-3
981.000000000000110E+0	-58.789158729603802E-3	-151.991689423662280E-3
982.000000000000110E+0	-78.328063159409836E-3	-188.014601327390560E-3
983.000000000000110E+0	-126.703977608223360E-3	-207.322567221628450E-3
984.000000000000110E+0	8.962995952914650E-3	-311.650573193282380E-3
985.000000000000110E+0	-148.642421385847630E-3	-200.952047247947020E-3
986.000000000000110E+0	-149.622415436664910E-3	-188.599756799905510E-3
987.000000000000110E+0	-160.958711846540590E-3	-125.782169233646850E-3
988.000000000000110E+0	-197.780903997701150E-3	-62.035878901589903E-3
989.000000000000110E+0	-243.151243745368510E-3	-32.000854709145619E-3
990.000000000000110E+0	-228.687495605921360E-3	53.754961987939748E-3
991.000000000000110E+0	-231.740836219474310E-3	60.975286001140688E-3
992.000000000000110E+0	-253.009057691106540E-3	86.598343831027338E-3
993.000000000000110E+0	-309.857947675541480E-3	44.132079485459004E-3
994.000000000000110E+0	-188.676069695411290E-3	-54.083935298904061E-3
995.000000000000110E+0	-112.033482058315190E-3	38.701217560189113E-3
996.000000000000110E+0	-85.918423575907926E-3	73.022040306089345E-3
997.000000000000110E+0	-14.601814470777120E-3	112.164265935251860E-3
998.000000000000110E+0	5.357659970295077E-3	171.962928777787430E-3
999.000000000000110E+0	163.425438917657370E-3	-94.255062811316556E-3
1.000000000000000E+3	-58.941971316043042E-3	119.217300796310770E-3
