Freq (Hz)	accelerometre /source
source
source_Mod	accelerometre /source
source
source_Phase(rad)
10.000000000000018E+0	250.976627086423380E-3	11.997960899185349E+0
11.000000000000020E+0	74.227931891416687E-3	13.186960043988467E+0
12.000000000000021E+0	41.622345273459281E-3	14.221359421669973E+0
13.000000000000023E+0	35.474889623204525E-3	15.159518686814456E+0
14.000000000000025E+0	56.842929558312577E-3	15.117081661526456E+0
15.000000000000027E+0	45.151091082500421E-3	16.151088752962391E+0
16.000000000000028E+0	17.299112960210583E-3	16.760797703789109E+0
17.000000000000028E+0	65.915036948143782E-3	14.696909287100054E+0
18.000000000000028E+0	52.536476855567948E-3	15.112334186749640E+0
19.000000000000028E+0	60.714922492777448E-3	15.458956824012485E+0
20.000000000000028E+0	83.926060144967868E-3	14.943400481413956E+0
21.000000000000028E+0	84.127939304853572E-3	14.713404870942290E+0
22.000000000000028E+0	88.878329615682303E-3	14.746384589023304E+0
23.000000000000028E+0	117.945137195081690E-3	14.866325720487326E+0
24.000000000000028E+0	134.941496946972470E-3	14.576337896999922E+0
25.000000000000028E+0	189.063716789363980E-3	14.450611786655397E+0
26.000000000000028E+0	217.894609579736030E-3	14.050852544392065E+0
27.000000000000028E+0	176.307747364213730E-3	13.622191442734572E+0
28.000000000000028E+0	154.052482074289650E-3	13.766053551807879E+0
29.000000000000028E+0	113.411337545382410E-3	13.961975481924233E+0
30.000000000000028E+0	242.710669952370510E-3	14.293166467459857E+0
31.000000000000028E+0	365.036467384243500E-3	13.809821059718146E+0
32.000000000000028E+0	315.218817596820740E-3	13.258839446388693E+0
33.000000000000028E+0	287.755113688517690E-3	13.161963759405522E+0
34.000000000000028E+0	275.408124937380820E-3	13.176781588883330E+0
35.000000000000028E+0	419.579786755395700E-3	12.715256502304918E+0
36.000000000000028E+0	367.307584958355580E-3	11.963752950479622E+0
37.000000000000028E+0	108.911576396798850E-3	11.583272011697328E+0
38.000000000000028E+0	125.921130927303980E-3	12.836496891978236E+0
39.000000000000028E+0	146.359100625428900E-3	13.215760060446287E+0
40.000000000000028E+0	104.825739369419650E-3	13.497241449137192E+0
41.000000000000028E+0	162.709535028636300E-3	13.375690172348753E+0
42.000000000000028E+0	211.105872735482620E-3	12.930622873168788E+0
43.000000000000028E+0	193.226520637646950E-3	12.588922864374464E+0
44.000000000000028E+0	206.891821917584900E-3	12.554731247665838E+0
45.000000000000028E+0	230.065749168315260E-3	12.585096859284036E+0
46.000000000000028E+0	234.911924540418570E-3	12.457543501315612E+0
47.000000000000028E+0	248.665937270752900E-3	12.438109078350651E+0
48.000000000000028E+0	275.546856421583550E-3	12.130317658467094E+0
49.000000000000028E+0	257.124605925199200E-3	11.790366201581310E+0
50.000000000000028E+0	224.405786674528960E-3	11.845934696261345E+0
51.000000000000028E+0	193.127600109410570E-3	11.773448518056057E+0
52.000000000000028E+0	144.597912915550800E-3	11.884724284408847E+0
53.000000000000028E+0	86.725326855522450E-3	11.575609148663032E+0
54.000000000000028E+0	80.572189004442393E-3	11.711264596302417E+0
55.000000000000028E+0	122.723982822548010E-3	12.206245124557197E+0
56.000000000000028E+0	138.792111873665360E-3	12.086909160140770E+0
57.000000000000028E+0	198.924821525108900E-3	12.139499537378212E+0
58.000000000000028E+0	321.447885940552010E-3	12.481323992976419E+0
59.000000000000028E+0	208.837685803078930E-3	12.429122328024778E+0
60.000000000000028E+0	240.910730352483030E-3	12.053220956100398E+0
61.000000000000028E+0	305.454679906400910E-3	11.607819241377411E+0
62.000000000000028E+0	426.360417267761420E-3	11.429769225757290E+0
63.000000000000028E+0	323.830358919453390E-3	11.443825119719651E+0
64.000000000000028E+0	301.798351433356200E-3	11.299285331683329E+0
65.000000000000028E+0	276.811372900312940E-3	11.202246920301073E+0
66.000000000000028E+0	226.511935989236050E-3	11.097432752052843E+0
67.000000000000028E+0	154.891783108635020E-3	10.775290500599501E+0
68.000000000000028E+0	187.492973981621600E-3	10.470589771721203E+0
69.000000000000028E+0	146.131961310873890E-3	10.696545089100358E+0
70.000000000000028E+0	117.230948328835000E-3	11.119502319689627E+0
71.000000000000028E+0	159.294335144636530E-3	11.630381778467216E+0
72.000000000000028E+0	122.086723498338490E-3	12.113971365749565E+0
73.000000000000028E+0	160.408801034350820E-3	11.636991029322045E+0
74.000000000000028E+0	210.515484031400500E-3	11.310381881678136E+0
75.000000000000028E+0	200.814332500450910E-3	11.137560178366735E+0
76.000000000000028E+0	164.193800163184410E-3	10.879342481848708E+0
77.000000000000028E+0	230.523475194146200E-3	10.715260554240139E+0
78.000000000000028E+0	200.452144214287810E-3	10.799981967096894E+0
79.000000000000028E+0	160.541044922849400E-3	10.616854084074980E+0
80.000000000000028E+0	96.087910365993262E-3	10.299116155513216E+0
81.000000000000028E+0	106.795161987062210E-3	9.880730751642192E+0
82.000000000000028E+0	120.033331356642430E-3	10.130822684976348E+0
83.000000000000028E+0	119.416925877165830E-3	10.324943129138683E+0
84.000000000000028E+0	95.215530064865647E-3	10.441538544662439E+0
85.000000000000028E+0	71.070601395117380E-3	10.286142657422062E+0
86.000000000000028E+0	87.274052448532050E-3	11.129375965279515E+0
87.000000000000028E+0	46.528607237388872E-3	14.070808141913453E+0
88.000000000000028E+0	40.247021485355826E-3	15.979109498371329E+0
89.000000000000028E+0	48.427548474911909E-3	16.668401297487545E+0
90.000000000000028E+0	187.610407005598390E-3	17.119472859384697E+0
91.000000000000028E+0	23.817360136082544E-3	17.010360925984592E+0
92.000000000000028E+0	45.021312594145955E-3	17.158831470639143E+0
93.000000000000028E+0	29.613715361671965E-3	17.111935509591028E+0
94.000000000000028E+0	24.484385786272680E-3	17.265574981538009E+0
95.000000000000028E+0	35.108113809787490E-3	17.331818605970717E+0
96.000000000000028E+0	42.142832208454870E-3	14.978706307185494E+0
97.000000000000028E+0	35.660240823349905E-3	15.455992470087381E+0
98.000000000000028E+0	22.756821893173740E-3	15.576598589832964E+0
99.000000000000028E+0	17.039705175860207E-3	12.616119240042371E+0
100.000000000000030E+0	333.998028309036910E-3	13.626696837395563E+0
101.000000000000030E+0	153.900993952027250E-3	13.964999162669038E+0
102.000000000000030E+0	126.850486313614340E-3	13.416866692586916E+0
103.000000000000030E+0	338.890562006179840E-3	13.046583829411182E+0
104.000000000000030E+0	277.050496938597350E-3	13.664375299601506E+0
105.000000000000030E+0	317.050123657929560E-3	13.202077281527995E+0
106.000000000000030E+0	278.078125389630450E-3	13.655342691565220E+0
107.000000000000030E+0	267.067717779151890E-3	13.349739148374978E+0
108.000000000000030E+0	307.375569616638260E-3	13.104199179217478E+0
109.000000000000030E+0	239.473768333414830E-3	12.700546518486330E+0
110.000000000000030E+0	348.369051349707360E-3	12.651670088035988E+0
111.000000000000030E+0	337.657326581518480E-3	12.520149021184226E+0
112.000000000000030E+0	335.493070737468480E-3	12.442746850644570E+0
113.000000000000030E+0	327.401686444936780E-3	12.241754646433847E+0
114.000000000000030E+0	508.807402868402650E-3	12.114503076876362E+0
115.000000000000030E+0	450.247213387024610E-3	12.290103215446274E+0
116.000000000000030E+0	404.970691426946800E-3	12.196691442477350E+0
117.000000000000030E+0	394.495731584290190E-3	12.045862491557521E+0
118.000000000000030E+0	394.031571955246570E-3	11.832532297074438E+0
119.000000000000030E+0	707.508374061054380E-3	11.873011973842418E+0
120.000000000000030E+0	528.142874338338840E-3	11.780143432484785E+0
121.000000000000030E+0	520.581786457191550E-3	11.568831537984749E+0
122.000000000000030E+0	765.134696319004880E-3	11.400663114547722E+0
123.000000000000030E+0	643.098345468657520E-3	11.601754087355483E+0
124.000000000000030E+0	671.707167676598770E-3	11.446841366070908E+0
125.000000000000030E+0	638.494842802676760E-3	11.444953737250380E+0
126.000000000000030E+0	632.407532679951530E-3	11.294542022178351E+0
127.000000000000030E+0	606.551188934512320E-3	11.198759301659020E+0
128.000000000000030E+0	706.789986780277050E-3	10.572827460611334E+0
129.000000000000030E+0	852.840397646615340E-3	11.019178313184273E+0
130.000000000000030E+0	803.235105878208680E-3	10.919923376698078E+0
131.000000000000030E+0	814.316889830484110E-3	10.801163275480636E+0
132.000000000000030E+0	974.273206269395180E-3	10.637638767979141E+0
133.000000000000030E+0	906.196829716186980E-3	10.776907270257977E+0
134.000000000000030E+0	796.585999859737990E-3	10.638650468027526E+0
135.000000000000030E+0	789.924521074612970E-3	10.442137902587248E+0
136.000000000000030E+0	761.535641712115410E-3	10.365173508319618E+0
137.000000000000030E+0	556.496302725221660E-3	10.274548113833966E+0
138.000000000000030E+0	994.531935120899770E-3	10.073897704921157E+0
139.000000000000030E+0	837.346461078335320E-3	10.114023222299082E+0
140.000000000000030E+0	774.862508854308520E-3	10.009750657869471E+0
141.000000000000030E+0	856.788523999263750E-3	10.009817666134772E+0
142.000000000000030E+0	848.310826928550640E-3	10.109876288454497E+0
143.000000000000030E+0	747.857488297616000E-3	10.102563259791856E+0
144.000000000000030E+0	674.499968636648290E-3	9.990227580414277E+0
145.000000000000030E+0	646.047658148665490E-3	9.912995871353115E+0
146.000000000000030E+0	594.658137589178070E-3	9.903259981955660E+0
147.000000000000030E+0	450.081469880490030E-3	9.174802601257960E+0
148.000000000000030E+0	884.216852076463280E-3	9.506267537046604E+0
149.000000000000030E+0	774.706474685362910E-3	9.539787967166568E+0
150.000000000000030E+0	664.275642464123070E-3	9.383222381979447E+0
151.000000000000030E+0	861.711130465879770E-3	9.143412256996367E+0
152.000000000000030E+0	790.753411152632420E-3	9.321546889265839E+0
153.000000000000030E+0	649.105789819990790E-3	9.302756714267312E+0
154.000000000000030E+0	608.529180800612580E-3	9.230771799691071E+0
155.000000000000030E+0	520.737966561070520E-3	9.419497684742126E+0
156.000000000000030E+0	304.496984217670520E-3	8.786645521666221E+0
157.000000000000030E+0	520.654734884185790E-3	9.099921023591985E+0
158.000000000000030E+0	508.936520397826440E-3	9.238158555901741E+0
159.000000000000030E+0	481.138653674202890E-3	9.204739213355051E+0
160.000000000000030E+0	622.742385148064130E-3	9.139425798285881E+0
161.000000000000030E+0	616.994499467632300E-3	9.390793987459874E+0
162.000000000000030E+0	617.966162116456050E-3	9.173833738067945E+0
163.000000000000030E+0	699.143606004313130E-3	9.082222044396115E+0
164.000000000000030E+0	707.481144515760050E-3	9.248806461457313E+0
165.000000000000030E+0	673.621771820253400E-3	9.169946720530062E+0
166.000000000000030E+0	595.532045430200440E-3	9.305714581761798E+0
167.000000000000030E+0	542.389251477139010E-3	9.038990270367252E+0
168.000000000000030E+0	615.640541578876270E-3	8.974541429792682E+0
169.000000000000030E+0	659.066202266503920E-3	8.883245388058628E+0
170.000000000000030E+0	749.644534423516750E-3	8.910421862866235E+0
171.000000000000030E+0	700.933273348118830E-3	8.936415786855079E+0
172.000000000000030E+0	721.411829964158310E-3	8.835884443305806E+0
173.000000000000030E+0	854.429710014102510E-3	8.724808952827969E+0
174.000000000000030E+0	931.273080756908840E-3	8.875659953025517E+0
175.000000000000030E+0	943.446600362728430E-3	8.763872488788600E+0
176.000000000000030E+0	949.502830138370780E-3	8.734193371406034E+0
177.000000000000030E+0	945.099528159138220E-3	8.600640430849806E+0
178.000000000000030E+0	918.164698381997430E-3	8.380406261872604E+0
179.000000000000030E+0	1.222799558017508E+0	8.008318574860551E+0
180.000000000000030E+0	792.990474058863140E-3	8.312742874384570E+0
181.000000000000030E+0	674.353802532508430E-3	8.030946628730508E+0
182.000000000000030E+0	608.610660127392290E-3	7.620414958387093E+0
183.000000000000030E+0	785.105011229376260E-3	7.543596603410484E+0
184.000000000000030E+0	836.692064468178340E-3	7.445905115507704E+0
185.000000000000030E+0	822.047553510801500E-3	7.705537130628155E+0
186.000000000000030E+0	650.427677994026900E-3	7.706915904950564E+0
187.000000000000030E+0	580.894482867339580E-3	7.596145398040459E+0
188.000000000000030E+0	611.288140300330960E-3	7.652024746821475E+0
189.000000000000030E+0	414.786018556998540E-3	7.759431871154915E+0
190.000000000000030E+0	389.199107672991870E-3	7.512916279725897E+0
191.000000000000030E+0	385.519763774735180E-3	7.442931628449626E+0
192.000000000000030E+0	384.084917031109700E-3	7.314145789368967E+0
193.000000000000030E+0	459.224653608400310E-3	7.465053539068154E+0
194.000000000000030E+0	440.695568821477810E-3	7.619922997457098E+0
195.000000000000030E+0	427.730033150666040E-3	7.728153897590650E+0
196.000000000000030E+0	408.978951945735750E-3	7.652222137802393E+0
197.000000000000030E+0	426.390825891396370E-3	7.538912310197932E+0
198.000000000000030E+0	565.867701314812680E-3	7.664005762072938E+0
199.000000000000030E+0	426.962871645512280E-3	7.605716982742169E+0
200.000000000000030E+0	415.635970051225930E-3	7.455355059781093E+0
201.000000000000030E+0	412.987890635587220E-3	7.337569220695478E+0
202.000000000000030E+0	392.030794716114020E-3	7.148274597401761E+0
203.000000000000030E+0	563.718572573893910E-3	7.043566682957196E+0
204.000000000000030E+0	516.649274547273270E-3	7.194162185886803E+0
205.000000000000030E+0	522.822386969713950E-3	7.157228242505940E+0
206.000000000000030E+0	441.481907658035080E-3	7.175968434248862E+0
207.000000000000030E+0	400.384987055609040E-3	7.050586898299774E+0
208.000000000000030E+0	406.640577667071850E-3	6.857229505847705E+0
209.000000000000030E+0	426.819102679587280E-3	6.824756638278210E+0
210.000000000000030E+0	437.527080186299820E-3	6.772590894859380E+0
211.000000000000030E+0	472.374990440393050E-3	6.787193570178103E+0
212.000000000000030E+0	399.443903002358210E-3	6.829245577275262E+0
213.000000000000030E+0	363.349258950854740E-3	6.652538850827601E+0
214.000000000000030E+0	413.205890296405090E-3	6.529568339704340E+0
215.000000000000030E+0	401.655519981567570E-3	6.514850244438290E+0
216.000000000000030E+0	384.194698060883410E-3	6.537528516200271E+0
217.000000000000030E+0	282.949232151418370E-3	6.402657037029135E+0
218.000000000000030E+0	323.818085478769450E-3	6.073534022632920E+0
219.000000000000030E+0	382.482022263871900E-3	5.859396216195726E+0
220.000000000000030E+0	439.235623391915130E-3	5.779949578330775E+0
221.000000000000030E+0	560.049524332616790E-3	5.710664022925821E+0
222.000000000000030E+0	464.416991764855900E-3	6.066564396715105E+0
223.000000000000030E+0	302.517732552729850E-3	5.916038299014487E+0
224.000000000000030E+0	214.218519803399090E-3	5.497522295144527E+0
225.000000000000030E+0	235.260903174499850E-3	5.318645443398319E+0
226.000000000000030E+0	206.391865780711950E-3	5.214400909257375E+0
227.000000000000030E+0	251.604633362516150E-3	5.341277882866055E+0
228.000000000000030E+0	233.923468821162020E-3	5.398665751426456E+0
229.000000000000030E+0	234.995762720825170E-3	5.316344951052959E+0
230.000000000000030E+0	350.705985926920090E-3	5.283020643148276E+0
231.000000000000030E+0	299.826566513860190E-3	5.540802800654749E+0
232.000000000000030E+0	243.770465243416700E-3	5.497711902806673E+0
233.000000000000030E+0	145.675741228301630E-3	5.343436984983389E+0
234.000000000000030E+0	119.299162110002130E-3	4.447945204388444E+0
235.000000000000030E+0	207.187809140752470E-3	3.943702643962058E+0
236.000000000000030E+0	203.111114613699880E-3	4.229532740102708E+0
237.000000000000030E+0	178.853995812571550E-3	4.246381159757773E+0
238.000000000000030E+0	125.694392989090710E-3	4.332520499170305E+0
239.000000000000030E+0	89.985725946348405E-3	3.909997787411846E+0
240.000000000000030E+0	155.934627162745750E-3	3.717933136697901E+0
241.000000000000030E+0	133.096079883105590E-3	3.661190842151324E+0
242.000000000000030E+0	115.359220035389510E-3	3.482668502171914E+0
243.000000000000030E+0	106.145290403356340E-3	2.931694174115260E+0
244.000000000000030E+0	137.043115139191730E-3	2.935439326952079E+0
245.000000000000030E+0	157.972034525179330E-3	2.640654916956030E+0
246.000000000000030E+0	205.275666117854940E-3	2.950943017820216E+0
247.000000000000030E+0	183.457961208707170E-3	3.107037650960383E+0
248.000000000000030E+0	133.436050973841400E-3	3.235651546349194E+0
249.000000000000030E+0	70.369050626942986E-3	2.357447875308790E+0
250.000000000000030E+0	181.947949008086360E-3	2.353617937822661E+0
251.000000000000030E+0	187.701156778840080E-3	2.447002916339758E+0
252.000000000000030E+0	188.951901576076720E-3	2.500211105250488E+0
253.000000000000030E+0	142.969950438861180E-3	2.303296663396061E+0
254.000000000000030E+0	191.411117142337970E-3	1.692527578667279E+0
255.000000000000030E+0	322.598189632491040E-3	1.688562977800738E+0
256.000000000000060E+0	385.326931623306390E-3	2.076048567859398E+0
257.000000000000060E+0	291.482616989316880E-3	2.098053527439501E+0
258.000000000000060E+0	321.279446115143470E-3	1.906595226902212E+0
259.000000000000060E+0	180.385577507385350E-3	2.187919977753201E+0
260.000000000000060E+0	157.161604660427780E-3	1.810552223880410E+0
261.000000000000060E+0	115.919743938339080E-3	3.449431757150125E+0
262.000000000000060E+0	336.920587156185340E-3	5.259474458499145E+0
263.000000000000060E+0	523.777963848977230E-3	5.792033229389671E+0
264.000000000000060E+0	608.146712468232600E-3	6.183107488615954E+0
265.000000000000060E+0	501.931499295947820E-3	6.439981492467924E+0
266.000000000000060E+0	288.475838653081520E-3	6.348793013848844E+0
267.000000000000060E+0	363.661355638516260E-3	5.852485409197162E+0
268.000000000000060E+0	557.528054419299650E-3	6.402298474121785E+0
269.000000000000060E+0	136.869250432926530E-3	6.521068954433685E+0
270.000000000000060E+0	152.054091969010120E-3	6.089569255422661E+0
271.000000000000060E+0	50.657752482019369E-3	8.036076820482805E+0
272.000000000000060E+0	251.672513905891680E-3	5.208271248435324E+0
273.000000000000060E+0	209.333171596796990E-3	5.640982320306800E+0
274.000000000000060E+0	221.055431048555680E-3	5.528584751784176E+0
275.000000000000060E+0	222.091910021810140E-3	5.833249885763491E+0
276.000000000000060E+0	205.596823901225130E-3	5.452329816557000E+0
277.000000000000060E+0	485.678471943134070E-3	5.497083114689137E+0
278.000000000000060E+0	259.324212377674890E-3	6.075487978409063E+0
279.000000000000060E+0	317.891722725274380E-3	5.652260600988617E+0
280.000000000000060E+0	328.236397881365440E-3	5.789235950655434E+0
281.000000000000060E+0	317.257140760558160E-3	5.383274526866715E+0
282.000000000000060E+0	379.416143987467150E-3	5.368855208992421E+0
283.000000000000060E+0	399.485968831718610E-3	5.066236252191045E+0
284.000000000000060E+0	487.927749167679340E-3	4.890453090747716E+0
285.000000000000060E+0	567.520976123654490E-3	4.604102271291724E+0
286.000000000000060E+0	691.895048014192990E-3	4.440382855285200E+0
287.000000000000060E+0	920.246422474466860E-3	4.396248788898320E+0
288.000000000000060E+0	762.934050955738630E-3	4.322457117101602E+0
289.000000000000060E+0	725.266978949996810E-3	4.029796572387673E+0
290.000000000000060E+0	825.135242569458920E-3	3.650956193764422E+0
291.000000000000060E+0	770.567312474685460E-3	3.747464239421523E+0
292.000000000000060E+0	677.019548003868760E-3	3.363899416278255E+0
293.000000000000060E+0	717.871067519872290E-3	3.149251784875512E+0
294.000000000000060E+0	734.884220649936750E-3	2.993262019991120E+0
295.000000000000060E+0	667.935102590887510E-3	3.008428048851379E+0
296.000000000000060E+0	565.007828566431280E-3	2.910202183940781E+0
297.000000000000060E+0	485.214299598371310E-3	2.772636516843788E+0
298.000000000000060E+0	408.660414141108540E-3	2.738618523086166E+0
299.000000000000060E+0	363.878202253691440E-3	2.661725574418751E+0
300.000000000000060E+0	332.165965783015330E-3	2.877573362355305E+0
301.000000000000060E+0	273.687341129646770E-3	2.676925715192626E+0
302.000000000000060E+0	297.482127513885090E-3	2.846635473867249E+0
303.000000000000060E+0	303.093422998957360E-3	2.939371824633198E+0
304.000000000000060E+0	331.519374298783360E-3	2.901485463173814E+0
305.000000000000060E+0	327.057500426389760E-3	2.951254204692443E+0
306.000000000000060E+0	301.047287948309540E-3	2.873122557617921E+0
307.000000000000060E+0	326.879832892588650E-3	3.003232332216612E+0
308.000000000000060E+0	339.829622000999310E-3	3.077175657207972E+0
309.000000000000060E+0	346.216051818858010E-3	3.032815711447529E+0
310.000000000000060E+0	350.855986260344310E-3	2.926672256296716E+0
311.000000000000060E+0	377.412554025658260E-3	2.894447793503499E+0
312.000000000000060E+0	373.955903823953380E-3	2.826272817262200E+0
313.000000000000060E+0	443.830682955561490E-3	2.787014224993838E+0
314.000000000000060E+0	421.136720840912190E-3	2.955079358811808E+0
315.000000000000060E+0	439.215835666301240E-3	2.854143029072357E+0
316.000000000000060E+0	491.159606883748270E-3	2.935110710675894E+0
317.000000000000060E+0	473.385445176092660E-3	2.859824357319603E+0
318.000000000000060E+0	527.386512653359900E-3	2.805895927105730E+0
319.000000000000060E+0	456.296764281645450E-3	2.799461382210384E+0
320.000000000000060E+0	550.237161819497220E-3	2.531247309745817E+0
321.000000000000060E+0	618.239936270077230E-3	2.457456983296538E+0
322.000000000000060E+0	649.375268313683640E-3	2.450180112571266E+0
323.000000000000060E+0	666.225631533122420E-3	2.326377337127515E+0
324.000000000000060E+0	696.279225725480510E-3	2.325589950217842E+0
325.000000000000060E+0	646.795284948222690E-3	2.231928008183311E+0
326.000000000000060E+0	655.079024383854570E-3	2.186067085653554E+0
327.000000000000060E+0	602.882797943780750E-3	2.076282519842159E+0
328.000000000000060E+0	645.036885913989440E-3	1.997053192360131E+0
329.000000000000060E+0	539.287239463136280E-3	1.947191312776154E+0
330.000000000000060E+0	584.837692546554160E-3	1.798594239373494E+0
331.000000000000060E+0	627.880100122184870E-3	1.734939629697826E+0
332.000000000000060E+0	699.862982524735000E-3	1.877864377526199E+0
333.000000000000060E+0	567.435341308794360E-3	1.933655363938284E+0
334.000000000000060E+0	541.899319913505480E-3	1.785554219680297E+0
335.000000000000060E+0	556.524280928319510E-3	1.735275816813121E+0
336.000000000000060E+0	568.615811440480230E-3	1.696743823406168E+0
337.000000000000060E+0	576.143659711898070E-3	1.667738648565406E+0
338.000000000000060E+0	630.406651406100080E-3	1.571795819404217E+0
339.000000000000060E+0	668.350487793511580E-3	1.569833053305623E+0
340.000000000000060E+0	697.281847215256210E-3	1.584342058042062E+0
341.000000000000060E+0	701.600164586984040E-3	1.555722562604872E+0
342.000000000000060E+0	719.985926127488460E-3	1.509367028984531E+0
343.000000000000060E+0	732.735621478546650E-3	1.475530483737603E+0
344.000000000000060E+0	714.303658715566000E-3	1.359916923884636E+0
345.000000000000060E+0	779.788476729265770E-3	1.186927887731179E+0
346.000000000000060E+0	823.434673670556340E-3	1.118661902517047E+0
347.000000000000060E+0	861.033048242906500E-3	945.260084225861390E-3
348.000000000000060E+0	873.884753546828710E-3	959.594714450527350E-3
349.000000000000060E+0	802.808000485457640E-3	808.242136793314250E-3
350.000000000000060E+0	750.735936131036950E-3	658.209188892165510E-3
351.000000000000060E+0	696.536577000335780E-3	508.133578697250510E-3
352.000000000000060E+0	610.522529379132090E-3	419.938858215531620E-3
353.000000000000060E+0	570.547582443391210E-3	421.615740652527710E-3
354.000000000000060E+0	503.806960825435520E-3	486.031992846409300E-3
355.000000000000060E+0	448.429015927970520E-3	437.803463621969920E-3
356.000000000000060E+0	458.737564672007940E-3	397.785298910249390E-3
357.000000000000060E+0	451.657689285160150E-3	487.831385876096310E-3
358.000000000000060E+0	403.713772084319690E-3	517.771876217483110E-3
359.000000000000060E+0	378.385024069341880E-3	406.847379804075700E-3
360.000000000000060E+0	416.860221725930240E-3	322.905821379281920E-3
361.000000000000060E+0	507.195488532074300E-3	480.436209211248080E-3
362.000000000000060E+0	451.530740452282360E-3	441.565387820388790E-3
363.000000000000060E+0	463.936563254703730E-3	355.619529505232730E-3
364.000000000000060E+0	481.083546379700130E-3	365.935895201735860E-3
365.000000000000060E+0	481.800697967971980E-3	292.236524805953300E-3
366.000000000000060E+0	497.012693863992110E-3	278.505343125053210E-3
367.000000000000060E+0	469.481294643963320E-3	210.844916951997280E-3
368.000000000000060E+0	447.950894542679220E-3	120.203665753307820E-3
369.000000000000060E+0	430.244943566171710E-3	65.816739369508159E-3
370.000000000000060E+0	366.796333370028930E-3	-42.873571313709426E-3
371.000000000000060E+0	366.847960043092000E-3	-247.820106722067360E-3
372.000000000000060E+0	361.111598307208350E-3	-252.247042990907330E-3
373.000000000000060E+0	305.704453148203880E-3	-273.705146544493900E-3
374.000000000000060E+0	319.609736313528740E-3	-423.493638424330850E-3
375.000000000000060E+0	306.680692576090100E-3	-313.607750067634250E-3
376.000000000000060E+0	290.113735657798300E-3	-206.711406876798790E-3
377.000000000000060E+0	243.933812178089990E-3	-29.277897309653335E-3
378.000000000000060E+0	198.548358338694330E-3	572.129095563813800E-6
379.000000000000060E+0	137.524422573602200E-3	-77.441450141597062E-3
380.000000000000060E+0	237.756746970777140E-3	-519.084241637767010E-3
381.000000000000060E+0	238.226864595639520E-3	-458.366830593326110E-3
382.000000000000060E+0	286.699910858352060E-3	-593.152510173334480E-3
383.000000000000060E+0	317.078169200969930E-3	-429.611084099519420E-3
384.000000000000060E+0	321.526860457815590E-3	-211.318219979153820E-3
385.000000000000060E+0	144.299748848147420E-3	195.475293030744900E-3
386.000000000000060E+0	109.124028509365260E-3	-131.556354545047190E-3
387.000000000000060E+0	95.975511698320415E-3	-294.476828094660580E-3
388.000000000000060E+0	150.904947855569790E-3	-427.936878054561540E-3
389.000000000000060E+0	227.733392949745340E-3	-603.013597062919130E-3
390.000000000000060E+0	270.525244148134890E-3	-418.168845057716010E-3
391.000000000000060E+0	270.843717891325440E-3	-505.425235439035170E-3
392.000000000000060E+0	309.703407755538840E-3	-411.567277737909350E-3
393.000000000000060E+0	101.315271465197380E-3	297.788615042828660E-3
394.000000000000060E+0	84.472627762792199E-3	-1.823867248308103E+0
395.000000000000060E+0	198.341985884405910E-3	-2.358625580220964E+0
396.000000000000060E+0	252.740659476750900E-3	-2.195651577972774E+0
397.000000000000060E+0	292.582846704578070E-3	-2.228891019390595E+0
398.000000000000060E+0	369.768855492460910E-3	-1.831798355619428E+0
399.000000000000060E+0	106.470024128696810E-3	-840.919775969679590E-3
400.000000000000060E+0	50.141970375308410E-3	1.466034208469178E+0
401.000000000000060E+0	138.266228464228920E-3	1.973264398774809E+0
402.000000000000060E+0	174.828561753396980E-3	2.168807985728043E+0
403.000000000000060E+0	250.142608347428570E-3	2.461692307482715E+0
404.000000000000060E+0	136.180575244953920E-3	2.719824052055291E+0
405.000000000000060E+0	100.442143701700860E-3	2.703372326241933E+0
406.000000000000060E+0	27.571884005131241E-3	1.947708415396379E+0
407.000000000000060E+0	34.167155747452140E-3	1.435167189414558E+0
408.000000000000060E+0	123.975717113547420E-3	644.846488719485800E-3
409.000000000000060E+0	124.756073379752610E-3	1.361222086586316E+0
410.000000000000060E+0	119.838484952325230E-3	1.419002663485081E+0
411.000000000000060E+0	209.795831176115190E-3	1.573222183970111E+0
412.000000000000060E+0	184.465383971333770E-3	2.675062703793119E+0
413.000000000000060E+0	83.009580321190352E-3	2.989372536581965E+0
414.000000000000060E+0	45.920663056458574E-3	3.129327151947034E+0
415.000000000000060E+0	8.711423995837237E-3	2.629255548378040E+0
416.000000000000060E+0	52.189440003869672E-3	836.461310233712400E-3
417.000000000000060E+0	140.236728594569070E-3	1.653022860282494E+0
418.000000000000060E+0	150.147937592553850E-3	2.175028390059428E+0
419.000000000000060E+0	161.660011882969050E-3	2.470085396690475E+0
420.000000000000060E+0	151.930095780286850E-3	2.570623003121190E+0
421.000000000000060E+0	209.882388397236160E-3	2.793469196624048E+0
422.000000000000060E+0	137.039951178582500E-3	2.841461564185328E+0
423.000000000000060E+0	159.058726902505640E-3	2.667922825790656E+0
424.000000000000060E+0	181.321060053516090E-3	2.570439394634148E+0
425.000000000000060E+0	208.074549926297430E-3	2.537424217459804E+0
426.000000000000060E+0	225.662415017861440E-3	2.348332088324423E+0
427.000000000000060E+0	361.722301058799990E-3	2.439668607181869E+0
428.000000000000060E+0	380.880727921935560E-3	2.460256180911481E+0
429.000000000000060E+0	462.025995253147470E-3	2.546951051536344E+0
430.000000000000060E+0	420.938620122496830E-3	2.675323662764509E+0
431.000000000000060E+0	318.171368953154790E-3	2.483875485686589E+0
432.000000000000060E+0	459.307496711120480E-3	2.125646549986723E+0
433.000000000000060E+0	632.329958746178920E-3	2.107597614014478E+0
434.000000000000060E+0	780.243411816163410E-3	2.210724433138161E+0
435.000000000000060E+0	799.557817548825270E-3	2.146252914517699E+0
436.000000000000060E+0	966.284129113812890E-3	2.100965543557548E+0
437.000000000000060E+0	1.051768256345250E+0	2.067255634706371E+0
438.000000000000060E+0	1.100202125226478E+0	1.905336070682989E+0
439.000000000000060E+0	1.241122495182445E+0	1.701245788692104E+0
440.000000000000060E+0	1.361933480976596E+0	1.321108920117244E+0
441.000000000000060E+0	1.530173664854062E+0	1.271718461898372E+0
442.000000000000060E+0	1.622192060773057E+0	1.037338943687020E+0
443.000000000000060E+0	1.677038046893212E+0	909.310181058369800E-3
444.000000000000060E+0	1.567820070391054E+0	781.451109714833220E-3
445.000000000000060E+0	1.422231600470633E+0	632.919069329968550E-3
446.000000000000060E+0	1.180835314878004E+0	376.355129050538750E-3
447.000000000000060E+0	1.127960089664713E+0	167.016594192539720E-3
448.000000000000060E+0	1.162162398221505E+0	139.796934950110750E-3
449.000000000000060E+0	1.070022358148319E+0	163.008279295063900E-3
450.000000000000060E+0	908.693384539804970E-3	149.262027574619010E-3
451.000000000000060E+0	780.615524769676550E-3	57.328642826428175E-3
452.000000000000060E+0	703.161818531958250E-3	-53.971496462733845E-3
453.000000000000060E+0	727.062129251250800E-3	-111.791915100981270E-3
454.000000000000060E+0	655.957865089142330E-3	-120.740840060054840E-3
455.000000000000060E+0	630.226556891281820E-3	-194.065401225633570E-3
456.000000000000060E+0	613.139441201660420E-3	-156.212241184741330E-3
457.000000000000060E+0	527.130163935310540E-3	-130.678667624279680E-3
458.000000000000060E+0	474.067495628703930E-3	-173.071659646652860E-3
459.000000000000060E+0	396.499360767914530E-3	-82.682331938448386E-3
460.000000000000060E+0	327.537670439889630E-3	-131.560218787024090E-3
461.000000000000060E+0	234.590850269193800E-3	-161.594791646022610E-3
462.000000000000060E+0	187.105920607408300E-3	-355.195974919896300E-3
463.000000000000060E+0	199.781587877992580E-3	-398.758557937858190E-3
464.000000000000060E+0	253.091453475715820E-3	412.375996447953030E-3
465.000000000000060E+0	398.448735685036910E-3	903.281087965560610E-3
466.000000000000060E+0	651.452515536296680E-3	1.221563552295262E+0
467.000000000000060E+0	658.012000631565950E-3	1.245029666503505E+0
468.000000000000060E+0	671.056115226491780E-3	1.018218805041820E+0
469.000000000000060E+0	826.232662387697990E-3	559.465517904221050E-3
470.000000000000060E+0	846.758282333452070E-3	353.449629529152540E-3
471.000000000000060E+0	825.632706201247180E-3	19.150631679495624E-3
472.000000000000060E+0	911.573916466794090E-3	129.974802393948430E-3
473.000000000000060E+0	628.365318916747960E-3	163.063820605287370E-3
474.000000000000060E+0	598.965903838294510E-3	36.327222177446383E-3
475.000000000000060E+0	622.726823177808360E-3	46.746581987882285E-3
476.000000000000060E+0	585.925767247873600E-3	45.386078024172001E-3
477.000000000000060E+0	610.881489916750060E-3	8.259912518595402E-3
478.000000000000060E+0	631.774548133272940E-3	118.212424351609750E-3
479.000000000000060E+0	643.376128575394950E-3	107.593225013031980E-3
480.000000000000060E+0	665.238561440262940E-3	58.487102474778084E-3
481.000000000000060E+0	716.596929396092100E-3	-45.387562829344766E-3
482.000000000000060E+0	789.772929289553230E-3	41.457592860548578E-3
483.000000000000060E+0	697.845329947648250E-3	-3.204496192694199E-3
484.000000000000060E+0	690.561918322985750E-3	-74.544856608241603E-3
485.000000000000060E+0	655.039268289241190E-3	-127.364698222748900E-3
486.000000000000060E+0	672.502230813601940E-3	-245.129324360472490E-3
487.000000000000060E+0	798.141151558173110E-3	-283.355859585402550E-3
488.000000000000060E+0	733.636889627331530E-3	-196.574309422172990E-3
489.000000000000060E+0	695.503795400031710E-3	-241.647151686841420E-3
490.000000000000060E+0	755.712394480466120E-3	-323.209257835397940E-3
491.000000000000060E+0	746.913335499640340E-3	-152.031329498686390E-3
492.000000000000060E+0	702.460184681519380E-3	-287.361804944052500E-3
493.000000000000060E+0	737.440033913435930E-3	-289.794939077226640E-3
494.000000000000060E+0	719.825216747990490E-3	-330.578147944452500E-3
495.000000000000060E+0	742.075447564829680E-3	-361.806759561460580E-3
496.000000000000060E+0	758.501309424238880E-3	-411.720977352843300E-3
497.000000000000060E+0	800.059653656314600E-3	-389.570838237540460E-3
498.000000000000060E+0	778.612344870945550E-3	-380.044934078715090E-3
499.000000000000060E+0	768.596493759028940E-3	-440.419035620403740E-3
500.000000000000060E+0	807.097156521470520E-3	-513.350202521271060E-3
501.000000000000060E+0	873.173575438019100E-3	-413.714290008203420E-3
502.000000000000060E+0	825.994733468158770E-3	-461.131257482237380E-3
503.000000000000060E+0	839.385379533892920E-3	-472.169103869019280E-3
504.000000000000060E+0	820.475095362763750E-3	-561.187825497773910E-3
505.000000000000060E+0	885.537574729784000E-3	-602.477895867802760E-3
506.000000000000060E+0	973.667041350329550E-3	-574.893313092741720E-3
507.000000000000060E+0	946.217417542471460E-3	-596.321856766283690E-3
508.000000000000060E+0	976.366702089362050E-3	-642.481308790890710E-3
509.000000000000060E+0	945.884964897841460E-3	-702.878598065445390E-3
510.000000000000060E+0	1.084619136758041E+0	-815.300882645201290E-3
511.000000000000060E+0	1.082777144817424E+0	-796.273855633390370E-3
512.000000000000110E+0	1.119925661493456E+0	-869.774277255332960E-3
513.000000000000110E+0	1.164014643534255E+0	-911.744784506321790E-3
514.000000000000110E+0	1.164016600008049E+0	-981.879298284698220E-3
515.000000000000110E+0	1.172052281138113E+0	-1.141168686499292E+0
516.000000000000110E+0	1.231052747702797E+0	-1.290936756368824E+0
517.000000000000110E+0	1.257936009052534E+0	-1.364644360854685E+0
518.000000000000110E+0	1.200365271172870E+0	-1.488626006491875E+0
519.000000000000110E+0	1.213048634122836E+0	-1.597467898254161E+0
520.000000000000110E+0	1.020877173929307E+0	-1.640340769679771E+0
521.000000000000110E+0	874.034577831790620E-3	-1.745493590089957E+0
522.000000000000110E+0	764.328533043800110E-3	-1.850580821232943E+0
523.000000000000110E+0	765.951706146834500E-3	-1.816453129286382E+0
524.000000000000110E+0	651.814564400205690E-3	-1.772506934892234E+0
525.000000000000110E+0	659.830022163018340E-3	-1.949757754908789E+0
526.000000000000110E+0	722.122551403580730E-3	-2.069525426804775E+0
527.000000000000110E+0	726.499173672784490E-3	-2.077117187901169E+0
528.000000000000110E+0	610.839721380906470E-3	-2.141427493554472E+0
529.000000000000110E+0	413.894211213354460E-3	-1.959077971641925E+0
530.000000000000110E+0	297.850461725503830E-3	-2.125212243960812E+0
531.000000000000110E+0	239.473521523280030E-3	-2.012523771203661E+0
532.000000000000110E+0	249.665406669253350E-3	-1.908121151249041E+0
533.000000000000110E+0	239.446891580421370E-3	-1.477150067586076E+0
534.000000000000110E+0	205.831136038029990E-3	-1.352540904571803E+0
535.000000000000110E+0	248.570562825630920E-3	-1.387693910928405E+0
536.000000000000110E+0	315.960575687165960E-3	-1.182649078873760E+0
537.000000000000110E+0	336.630735004188270E-3	-1.087186590859372E+0
538.000000000000110E+0	432.234370094986610E-3	-960.715491719187800E-3
539.000000000000110E+0	394.370452493845280E-3	-886.287618121028410E-3
540.000000000000110E+0	411.536933984544990E-3	-949.387396262041050E-3
541.000000000000110E+0	449.879501918720060E-3	-1.084406739344541E+0
542.000000000000110E+0	648.796563611578780E-3	-1.206377218221406E+0
543.000000000000110E+0	578.783749619746660E-3	-995.036591151748920E-3
544.000000000000110E+0	591.407901988151630E-3	-1.205759504742255E+0
545.000000000000110E+0	751.745436040471610E-3	-1.261614956384097E+0
546.000000000000110E+0	698.092960715031910E-3	-1.211017524021698E+0
547.000000000000110E+0	634.666400532992280E-3	-1.506466527982025E+0
548.000000000000110E+0	829.416751359887900E-3	-1.566137265053980E+0
549.000000000000110E+0	734.533188949113120E-3	-1.656670572229398E+0
550.000000000000110E+0	721.028700797946560E-3	-1.880984326488201E+0
551.000000000000110E+0	786.989640788068100E-3	-1.889442866355425E+0
552.000000000000110E+0	583.152246670438970E-3	-1.971869081411167E+0
553.000000000000110E+0	572.320591758791690E-3	-2.106684174818444E+0
554.000000000000110E+0	474.484730452929940E-3	-2.088338321938452E+0
555.000000000000110E+0	360.870190575875160E-3	-2.142079691845583E+0
556.000000000000110E+0	302.977924433908750E-3	-2.193109258445876E+0
557.000000000000110E+0	306.817780877874590E-3	-2.084388559865959E+0
558.000000000000110E+0	253.158500786199560E-3	-1.840271174696983E+0
559.000000000000110E+0	226.500650108123560E-3	-1.586239359153127E+0
560.000000000000110E+0	221.951021272608490E-3	-1.337714093003641E+0
561.000000000000110E+0	197.332489639435530E-3	-954.035993343792190E-3
562.000000000000110E+0	238.770867201169910E-3	-1.097427857830863E+0
563.000000000000110E+0	281.554418905532340E-3	-1.032432248039039E+0
564.000000000000110E+0	355.389300446407540E-3	-1.157585501818424E+0
565.000000000000110E+0	485.519347545363020E-3	-1.118427214210495E+0
566.000000000000110E+0	621.887192149226610E-3	-989.998308260298220E-3
567.000000000000110E+0	593.512739580199790E-3	-980.748717943042520E-3
568.000000000000110E+0	645.357246388579830E-3	-1.062879729377554E+0
569.000000000000110E+0	691.408562052277520E-3	-1.123635154984352E+0
570.000000000000110E+0	759.553845604563520E-3	-1.085211819865648E+0
571.000000000000110E+0	639.513374283525610E-3	-1.228297345632658E+0
572.000000000000110E+0	719.486754977554880E-3	-1.329585428066572E+0
573.000000000000110E+0	760.380069364099740E-3	-1.394668664346756E+0
574.000000000000110E+0	1.056091567626501E+0	-1.532169212433445E+0
575.000000000000110E+0	1.161114565137966E+0	-1.385514158096170E+0
576.000000000000110E+0	1.323403312986187E+0	-1.401114893351849E+0
577.000000000000110E+0	1.347671025577274E+0	-1.435519752567499E+0
578.000000000000110E+0	1.416280121376563E+0	-1.546947813679653E+0
579.000000000000110E+0	1.306510617273400E+0	-1.625180482413298E+0
580.000000000000110E+0	1.416279288123155E+0	-2.060656475197375E+0
581.000000000000110E+0	1.517645355093129E+0	-2.164485769453274E+0
582.000000000000110E+0	1.547122816480253E+0	-2.373747075733557E+0
583.000000000000110E+0	1.686555311655732E+0	-2.465225604230753E+0
584.000000000000110E+0	1.552377413045406E+0	-2.481662048805275E+0
585.000000000000110E+0	1.294608028710815E+0	-2.570035748963151E+0
586.000000000000110E+0	1.146442420939712E+0	-2.675565198689307E+0
587.000000000000110E+0	1.033248160920491E+0	-2.804761616609381E+0
588.000000000000110E+0	976.742914591416930E-3	-2.934055872972010E+0
589.000000000000110E+0	1.061114808478656E+0	-3.101424795592756E+0
590.000000000000110E+0	963.601427158225280E-3	-2.922590756259841E+0
591.000000000000110E+0	846.433178497421500E-3	-2.990582357028629E+0
592.000000000000110E+0	817.838008382608780E-3	-3.118541201817024E+0
593.000000000000110E+0	836.249595912840650E-3	-3.031245119510578E+0
594.000000000000110E+0	709.474616524244710E-3	-3.055586466034037E+0
595.000000000000110E+0	665.101558392734100E-3	-3.134464117920000E+0
596.000000000000110E+0	611.870886318759520E-3	-3.182912867985986E+0
597.000000000000110E+0	586.749241432793940E-3	-3.297857233032206E+0
598.000000000000110E+0	682.092434225764490E-3	-3.415797933226290E+0
599.000000000000110E+0	678.511855370975140E-3	-3.131435966032971E+0
600.000000000000110E+0	562.327858442399080E-3	-3.134252559248420E+0
601.000000000000110E+0	512.415934071404400E-3	-3.180193233168007E+0
602.000000000000110E+0	410.629223640178180E-3	-3.244989676504813E+0
603.000000000000110E+0	511.495520810415830E-3	-3.465251889292983E+0
604.000000000000110E+0	500.522070728089300E-3	-3.374630064273198E+0
605.000000000000110E+0	481.404256979204970E-3	-3.412221754255766E+0
606.000000000000110E+0	493.923744638428530E-3	-3.393281260109410E+0
607.000000000000110E+0	452.829832606530650E-3	-3.343797539455096E+0
608.000000000000110E+0	425.381538347248180E-3	-3.564551869129417E+0
609.000000000000110E+0	444.238010038107310E-3	-3.393872797900901E+0
610.000000000000110E+0	418.335709217342480E-3	-3.356764033538166E+0
611.000000000000110E+0	324.778085314051670E-3	-3.268090555456836E+0
612.000000000000110E+0	278.108063180493300E-3	-3.741492260232879E+0
613.000000000000110E+0	390.794895609987980E-3	-3.666184628188839E+0
614.000000000000110E+0	386.619307405916710E-3	-3.537595448591925E+0
615.000000000000110E+0	378.665921808138460E-3	-3.442610535273915E+0
616.000000000000110E+0	308.692050722903450E-3	-3.379476340878774E+0
617.000000000000110E+0	287.713453281740860E-3	-3.639431831343749E+0
618.000000000000110E+0	316.792568860089050E-3	-3.636726462382060E+0
619.000000000000110E+0	317.694449897333530E-3	-3.664770522791654E+0
620.000000000000110E+0	317.461678960858310E-3	-3.705069980308064E+0
621.000000000000110E+0	332.192946972606870E-3	-3.698570321647153E+0
622.000000000000110E+0	288.783988610874510E-3	-3.751883099189791E+0
623.000000000000110E+0	272.350434273606110E-3	-3.844406363110409E+0
624.000000000000110E+0	243.023047534596360E-3	-3.983036743947218E+0
625.000000000000110E+0	226.677455872904580E-3	-4.154626021644031E+0
626.000000000000110E+0	207.297071328970790E-3	-4.435241068831681E+0
627.000000000000110E+0	235.255758769000210E-3	-4.371845772051853E+0
628.000000000000110E+0	188.695041668749810E-3	-4.515109765525350E+0
629.000000000000110E+0	188.926216517803810E-3	-4.564034046484299E+0
630.000000000000110E+0	165.532967920731940E-3	-4.292360795695675E+0
631.000000000000110E+0	82.576996404053971E-3	-4.137507898876779E+0
632.000000000000110E+0	58.616285466520951E-3	-4.466697819862400E+0
633.000000000000110E+0	41.716510466676300E-3	-4.399897247371126E+0
634.000000000000110E+0	9.499369187190928E-3	-1.431171000651391E+0
635.000000000000110E+0	48.669440630885567E-3	331.364003330372910E-3
636.000000000000110E+0	41.626548757634871E-3	371.258783162612790E-3
637.000000000000110E+0	34.087376767213712E-3	176.848218158235400E-3
638.000000000000110E+0	48.325189730173974E-3	-341.783129431265540E-3
639.000000000000110E+0	86.909072430861295E-3	-370.990831234131790E-3
640.000000000000110E+0	131.411248779956250E-3	664.184694964379260E-3
641.000000000000110E+0	71.180438274590363E-3	-860.371704094261890E-3
642.000000000000110E+0	118.466626690324690E-3	-781.355577295538950E-3
643.000000000000110E+0	142.663613371443010E-3	-820.254698965448890E-3
644.000000000000110E+0	180.223432316633400E-3	-958.892132136736630E-3
645.000000000000110E+0	232.628229599578100E-3	-1.066896819001435E+0
646.000000000000110E+0	296.544785234126420E-3	-1.086312374718089E+0
647.000000000000110E+0	334.889308941091420E-3	-1.075866916381536E+0
648.000000000000110E+0	346.034482114545130E-3	-1.190527351854040E+0
649.000000000000110E+0	384.836898738294960E-3	-1.358789234286923E+0
650.000000000000110E+0	460.576575545503190E-3	-1.573182727195833E+0
651.000000000000110E+0	511.520753015940910E-3	-1.642948767981632E+0
652.000000000000110E+0	560.370476698341950E-3	-1.770898387802204E+0
653.000000000000110E+0	624.234100837958270E-3	-1.925931768834080E+0
654.000000000000110E+0	662.506155897052750E-3	-1.985554640824372E+0
655.000000000000110E+0	652.795440364420160E-3	-2.058475595009673E+0
656.000000000000110E+0	630.713169189875850E-3	-2.244255463112175E+0
657.000000000000110E+0	645.704508903679360E-3	-2.405501582797591E+0
658.000000000000110E+0	704.815740703225720E-3	-2.568381137750746E+0
659.000000000000110E+0	776.275718695813690E-3	-2.551222493010092E+0
660.000000000000110E+0	685.996535806292270E-3	-2.637568166073565E+0
661.000000000000110E+0	681.079667003242630E-3	-2.774572850698239E+0
662.000000000000110E+0	702.553327674943380E-3	-2.879922536189148E+0
663.000000000000110E+0	686.174148323429820E-3	-2.803544276618605E+0
664.000000000000110E+0	578.573807153039850E-3	-3.026418123670535E+0
665.000000000000110E+0	605.364001953935580E-3	-3.142153934455428E+0
666.000000000000110E+0	647.785070158713890E-3	-3.267162340542321E+0
667.000000000000110E+0	665.501075318916110E-3	-3.253296270317248E+0
668.000000000000110E+0	665.796745049697770E-3	-3.248053032186037E+0
669.000000000000110E+0	617.036461752186180E-3	-3.321001690884687E+0
670.000000000000110E+0	605.711890242618960E-3	-3.407654117147908E+0
671.000000000000110E+0	602.832796909902320E-3	-3.495447431351680E+0
672.000000000000110E+0	612.211222158217330E-3	-3.584932366314722E+0
673.000000000000110E+0	586.496431769256370E-3	-3.705441238916281E+0
674.000000000000110E+0	600.550883279859730E-3	-3.838026283464745E+0
675.000000000000110E+0	586.095167026923440E-3	-3.981834467387310E+0
676.000000000000110E+0	603.490990160215010E-3	-4.142925939515550E+0
677.000000000000110E+0	586.970052723504220E-3	-4.221621097505508E+0
678.000000000000110E+0	529.156031665152570E-3	-4.232276670881665E+0
679.000000000000110E+0	366.102586350861070E-3	-4.408666772312698E+0
680.000000000000110E+0	291.125849081791120E-3	-4.621188533702597E+0
681.000000000000110E+0	239.524863445805900E-3	-4.676674779511694E+0
682.000000000000110E+0	158.795356844524730E-3	-4.555045096505708E+0
683.000000000000110E+0	138.619918762793750E-3	-4.543144515490946E+0
684.000000000000110E+0	119.310851988387330E-3	-4.413583949271909E+0
685.000000000000110E+0	126.926833883144440E-3	-4.459898611110196E+0
686.000000000000110E+0	136.398431422164480E-3	-4.193138019754117E+0
687.000000000000110E+0	160.689565709853960E-3	-4.005217507630610E+0
688.000000000000110E+0	135.156216652577240E-3	-3.758949637487040E+0
689.000000000000110E+0	140.050423270121040E-3	-3.704386424150936E+0
690.000000000000110E+0	143.559699016078570E-3	-3.604858002003084E+0
691.000000000000110E+0	136.368259545474350E-3	-3.491011037009696E+0
692.000000000000110E+0	133.755521446075080E-3	-3.725858091793604E+0
693.000000000000110E+0	142.533442947993030E-3	-3.670632022232565E+0
694.000000000000110E+0	147.386373668499130E-3	-3.736591176456521E+0
695.000000000000110E+0	161.855094331000760E-3	-3.735253987557872E+0
696.000000000000110E+0	186.236834796891490E-3	-3.695743459166600E+0
697.000000000000110E+0	180.765086694092030E-3	-3.470643002976347E+0
698.000000000000110E+0	158.332783572166990E-3	-3.525680601070139E+0
699.000000000000110E+0	160.482710750386750E-3	-3.547571318468971E+0
700.000000000000110E+0	155.161657185923730E-3	-3.417696668975704E+0
701.000000000000110E+0	171.417891125362760E-3	-3.771297999429539E+0
702.000000000000110E+0	178.868761015458980E-3	-3.632814656138828E+0
703.000000000000110E+0	177.059647995176570E-3	-3.657769735768448E+0
704.000000000000110E+0	203.284776564232110E-3	-3.718101530948771E+0
705.000000000000110E+0	230.257710333495990E-3	-3.578124531231067E+0
706.000000000000110E+0	194.800179615575300E-3	-3.319386234297895E+0
707.000000000000110E+0	163.531346799871970E-3	-3.681940454035169E+0
708.000000000000110E+0	190.689152982394420E-3	-3.875657221875261E+0
709.000000000000110E+0	205.360718964654220E-3	-3.949373599324242E+0
710.000000000000110E+0	257.096722051625980E-3	-4.082600362980871E+0
711.000000000000110E+0	248.468085875918450E-3	-4.058228447877548E+0
712.000000000000110E+0	270.736387721107140E-3	-4.166075433131493E+0
713.000000000000110E+0	319.253646086262330E-3	-4.118647155464831E+0
714.000000000000110E+0	242.049495045517480E-3	-4.091142677359457E+0
715.000000000000110E+0	213.907262089739060E-3	-3.954022660836524E+0
716.000000000000110E+0	96.662037965402472E-3	-5.260832575957214E+0
717.000000000000110E+0	187.476429910856830E-3	-5.358707850616922E+0
718.000000000000110E+0	200.588952392880330E-3	-5.586937431446954E+0
719.000000000000110E+0	277.875244636404450E-3	-5.707157502701008E+0
720.000000000000110E+0	136.629050730563750E-3	-5.307208074182531E+0
721.000000000000110E+0	113.637455836296610E-3	-6.143546682123779E+0
722.000000000000110E+0	138.397538934340090E-3	-6.365242739822375E+0
723.000000000000110E+0	120.743479277737610E-3	-6.303450059739777E+0
724.000000000000110E+0	82.347202548639156E-3	-7.209588258644690E+0
725.000000000000110E+0	136.523051118268510E-3	-7.308190687607922E+0
726.000000000000110E+0	157.763068265663770E-3	-7.372236084772690E+0
727.000000000000110E+0	146.442858009266760E-3	-7.511668729687104E+0
728.000000000000110E+0	169.836423541787850E-3	-7.840215671387770E+0
729.000000000000110E+0	168.208900432099680E-3	-7.932909089442302E+0
730.000000000000110E+0	259.813840475099920E-3	-8.082936757531057E+0
731.000000000000110E+0	310.861277166972150E-3	-8.112135984485718E+0
732.000000000000110E+0	345.358586687489810E-3	-8.100022848172486E+0
733.000000000000110E+0	325.799242459351380E-3	-8.253413183798246E+0
734.000000000000110E+0	344.234009107452330E-3	-8.657773791837755E+0
735.000000000000110E+0	424.437973213750540E-3	-8.795504275181436E+0
736.000000000000110E+0	456.957059395681320E-3	-8.968521720945212E+0
737.000000000000110E+0	499.248667803858010E-3	-9.098831261968565E+0
738.000000000000110E+0	484.549518816807910E-3	-9.070501245826749E+0
739.000000000000110E+0	436.618812235777640E-3	-9.348284062623874E+0
740.000000000000110E+0	432.658768413561270E-3	-9.414949881793333E+0
741.000000000000110E+0	414.411541930264030E-3	-9.489294167614680E+0
742.000000000000110E+0	358.742746785907060E-3	-9.564523696479545E+0
743.000000000000110E+0	420.497181014317380E-3	-9.679399715428502E+0
744.000000000000110E+0	410.998192026221560E-3	-9.703647932757478E+0
745.000000000000110E+0	421.579865103246020E-3	-9.744623095191045E+0
746.000000000000110E+0	416.428850863472370E-3	-9.712193631236149E+0
747.000000000000110E+0	396.929611831948300E-3	-9.690649914374083E+0
748.000000000000110E+0	358.943066402871270E-3	-9.839438897420269E+0
749.000000000000110E+0	366.133455858508260E-3	-9.867109781387143E+0
750.000000000000110E+0	362.273552544759010E-3	-9.936395119331349E+0
751.000000000000110E+0	394.416031725240980E-3	-10.033792729582391E+0
752.000000000000110E+0	431.969082185679920E-3	-9.966426601993088E+0
753.000000000000110E+0	416.790844248248750E-3	-9.939481069195459E+0
754.000000000000110E+0	405.637006188897030E-3	-9.941652619254654E+0
755.000000000000110E+0	382.918699185313740E-3	-9.989360698582892E+0
756.000000000000110E+0	408.006849651901200E-3	-10.101870049772611E+0
757.000000000000110E+0	435.361292583682450E-3	-10.130235146941740E+0
758.000000000000110E+0	444.877483100804720E-3	-10.114064944860711E+0
759.000000000000110E+0	444.658579908031760E-3	-10.189235014009380E+0
760.000000000000110E+0	484.217539159737860E-3	-10.327969384142989E+0
761.000000000000110E+0	636.551678258727050E-3	-10.141409854282060E+0
762.000000000000110E+0	490.444495641321480E-3	-10.262066215972187E+0
763.000000000000110E+0	519.297771330666120E-3	-10.388876899926307E+0
764.000000000000110E+0	537.767015326915180E-3	-10.541161100485096E+0
765.000000000000110E+0	628.317380298875630E-3	-10.712782190487788E+0
766.000000000000110E+0	705.560130015719160E-3	-10.641301395704637E+0
767.000000000000110E+0	631.745510662275580E-3	-10.866705879484581E+0
768.000000000000110E+0	672.950265912698350E-3	-11.015796138086637E+0
769.000000000000110E+0	663.416386316003860E-3	-11.172321012677845E+0
770.000000000000110E+0	693.323719019786840E-3	-11.289475582940957E+0
771.000000000000110E+0	405.964623126269630E-3	-11.577766954909100E+0
772.000000000000110E+0	432.755063120408960E-3	-11.763024165135512E+0
773.000000000000110E+0	379.856643199251610E-3	-11.927804224332988E+0
774.000000000000110E+0	381.527451270583910E-3	-11.965622956250442E+0
775.000000000000110E+0	292.807417843002020E-3	-11.958485527767724E+0
776.000000000000110E+0	256.427244823234980E-3	-11.946657244161049E+0
777.000000000000110E+0	192.561220712569010E-3	-11.856155651800982E+0
778.000000000000110E+0	149.656149040731880E-3	-11.782109242302170E+0
779.000000000000110E+0	103.388580048144690E-3	-11.574141019391188E+0
780.000000000000110E+0	122.597154932394610E-3	-11.645146278058689E+0
781.000000000000110E+0	92.477639495079769E-3	-11.114010885123148E+0
782.000000000000110E+0	86.770205699530686E-3	-10.999944113678819E+0
783.000000000000110E+0	109.674067656336040E-3	-10.877171468489877E+0
784.000000000000110E+0	109.105126408964590E-3	-10.474238108779417E+0
785.000000000000110E+0	105.283185132269040E-3	-10.651384379080241E+0
786.000000000000110E+0	124.260411431069420E-3	-10.630416916631443E+0
787.000000000000110E+0	132.680071756286160E-3	-10.628976240664826E+0
788.000000000000110E+0	141.595674180232920E-3	-10.674797001342434E+0
789.000000000000110E+0	161.524907251710760E-3	-11.038721205632898E+0
790.000000000000110E+0	220.366672790985820E-3	-10.214996798391528E+0
791.000000000000110E+0	196.185088664700270E-3	-10.323190835281654E+0
792.000000000000110E+0	202.164849498093800E-3	-10.348435369050271E+0
793.000000000000110E+0	253.223079969923830E-3	-10.308967418085192E+0
794.000000000000110E+0	261.731578976421740E-3	-10.050962372010769E+0
795.000000000000110E+0	253.833724776535150E-3	-10.161841563808164E+0
796.000000000000110E+0	323.821600676557740E-3	-10.268531396677021E+0
797.000000000000110E+0	408.970988885639100E-3	-10.292615729053772E+0
798.000000000000110E+0	435.578224493666070E-3	-10.369790896438493E+0
799.000000000000110E+0	586.478079377037440E-3	-10.688327730847552E+0
800.000000000000110E+0	685.528104832691000E-3	-10.685782419123235E+0
801.000000000000110E+0	743.538113153806470E-3	-10.797383385420494E+0
802.000000000000110E+0	827.649330475114910E-3	-10.968038295485938E+0
803.000000000000110E+0	849.339439321201820E-3	-10.945573183927886E+0
804.000000000000110E+0	814.966315159372900E-3	-11.203900036660942E+0
805.000000000000110E+0	869.163518133842290E-3	-11.427935817372489E+0
806.000000000000110E+0	922.842707379890380E-3	-11.527733308937590E+0
807.000000000000110E+0	906.753099807272590E-3	-11.686152200232074E+0
808.000000000000110E+0	1.006262633599760E+0	-11.805492286115808E+0
809.000000000000110E+0	898.047552801419680E-3	-12.050090696281929E+0
810.000000000000110E+0	937.292110867409600E-3	-12.233519670497754E+0
811.000000000000110E+0	979.350741383432480E-3	-12.349749454605478E+0
812.000000000000110E+0	950.129315306435630E-3	-12.329029529425725E+0
813.000000000000110E+0	705.894900735621670E-3	-12.465999089840533E+0
814.000000000000110E+0	687.209636977571200E-3	-12.680944577268551E+0
815.000000000000110E+0	644.898641845811910E-3	-12.765490576651704E+0
816.000000000000110E+0	544.622608187780410E-3	-12.920044275700970E+0
817.000000000000110E+0	556.929293817197360E-3	-13.180969568317405E+0
818.000000000000110E+0	586.624339924179620E-3	-12.903954921457419E+0
819.000000000000110E+0	432.253489203550000E-3	-13.026500017528823E+0
820.000000000000110E+0	367.689995788386510E-3	-13.079778763351126E+0
821.000000000000110E+0	329.237750013665840E-3	-13.187898351736690E+0
822.000000000000110E+0	347.137443035771540E-3	-12.867795522885633E+0
823.000000000000110E+0	301.084346351203570E-3	-12.790099938484424E+0
824.000000000000110E+0	297.626491810552120E-3	-12.733595895302177E+0
825.000000000000110E+0	294.950405999502950E-3	-12.746079144038623E+0
826.000000000000110E+0	319.365135037274710E-3	-12.902631501573179E+0
827.000000000000110E+0	374.883926167915380E-3	-12.861285705920087E+0
828.000000000000110E+0	374.326218987597490E-3	-12.863359069440955E+0
829.000000000000110E+0	384.776938676192340E-3	-12.893782988708661E+0
830.000000000000110E+0	390.850530501697600E-3	-12.882280110241165E+0
831.000000000000110E+0	326.923189690300540E-3	-12.861580615643739E+0
832.000000000000110E+0	383.686292417656390E-3	-13.000806866121797E+0
833.000000000000110E+0	377.728964915614140E-3	-13.015944960888854E+0
834.000000000000110E+0	370.903187380512530E-3	-13.069121176726894E+0
835.000000000000110E+0	396.090707321967220E-3	-13.109124851832725E+0
836.000000000000110E+0	401.940652011034850E-3	-13.167079948090823E+0
837.000000000000110E+0	420.731366650324180E-3	-13.115157377178186E+0
838.000000000000110E+0	406.511995102502190E-3	-13.131232557236148E+0
839.000000000000110E+0	402.364264438689940E-3	-13.178063545737945E+0
840.000000000000110E+0	412.952660489314950E-3	-13.239020401604730E+0
841.000000000000110E+0	425.541783175243770E-3	-13.233218514238480E+0
842.000000000000110E+0	426.369199072079210E-3	-13.255028954564647E+0
843.000000000000110E+0	432.261302771230700E-3	-13.293437361908142E+0
844.000000000000110E+0	435.956295675790080E-3	-13.301815701986857E+0
845.000000000000110E+0	441.181014543661600E-3	-13.392639723648942E+0
846.000000000000110E+0	475.486283463291360E-3	-13.412257433567722E+0
847.000000000000110E+0	514.253964206286770E-3	-13.424337089160954E+0
848.000000000000110E+0	507.619897878371470E-3	-13.369584353269641E+0
849.000000000000110E+0	496.270902341146240E-3	-13.415256100173597E+0
850.000000000000110E+0	610.928298791698080E-3	-13.570295940913164E+0
851.000000000000110E+0	563.338397005520020E-3	-13.479368287190674E+0
852.000000000000110E+0	572.451202619171710E-3	-13.513862293913007E+0
853.000000000000110E+0	573.320970911739390E-3	-13.577750637182765E+0
854.000000000000110E+0	646.628294087229100E-3	-13.605792772159857E+0
855.000000000000110E+0	663.656179915999680E-3	-13.693659919214396E+0
856.000000000000110E+0	744.020625306135550E-3	-13.680145400059452E+0
857.000000000000110E+0	787.491289578738820E-3	-13.679461783390298E+0
858.000000000000110E+0	806.336492305290480E-3	-13.695641728839186E+0
859.000000000000110E+0	785.921574290082140E-3	-13.762422281411185E+0
860.000000000000110E+0	968.890978859077710E-3	-13.954214329330942E+0
861.000000000000110E+0	1.048920112359981E+0	-13.971345788428870E+0
862.000000000000110E+0	1.091387527959485E+0	-14.021529202080007E+0
863.000000000000110E+0	1.082716893402031E+0	-14.227419534987106E+0
864.000000000000110E+0	1.225413293530019E+0	-14.318444034932003E+0
865.000000000000110E+0	1.227797306070597E+0	-14.425384503062416E+0
866.000000000000110E+0	1.238019732924873E+0	-14.553336351451595E+0
867.000000000000110E+0	1.267681888779248E+0	-14.636527892624470E+0
868.000000000000110E+0	1.260818905801374E+0	-14.647121197948273E+0
869.000000000000110E+0	1.374172114335344E+0	-14.908186077750889E+0
870.000000000000110E+0	1.367618002907124E+0	-14.912224256150424E+0
871.000000000000110E+0	1.390911858802888E+0	-15.004862839882149E+0
872.000000000000110E+0	1.362005442288042E+0	-15.076781762008196E+0
873.000000000000110E+0	1.159739378576286E+0	-15.276940327400396E+0
874.000000000000110E+0	1.283742405462790E+0	-15.484667149297508E+0
875.000000000000110E+0	1.247668578172116E+0	-15.573424573270618E+0
876.000000000000110E+0	1.211943284116238E+0	-15.676731281441535E+0
877.000000000000110E+0	1.139784967405331E+0	-15.758944247177496E+0
878.000000000000110E+0	1.166246601548935E+0	-15.824358858158357E+0
879.000000000000110E+0	951.928033261493560E-3	-15.780626693357746E+0
880.000000000000110E+0	859.682096113738360E-3	-15.902026434198223E+0
881.000000000000110E+0	820.901383553616080E-3	-16.000934897935977E+0
882.000000000000110E+0	839.325924344033190E-3	-15.970539277204310E+0
883.000000000000110E+0	743.759627848971090E-3	-16.024042508967945E+0
884.000000000000110E+0	708.521697929058950E-3	-16.101303686234438E+0
885.000000000000110E+0	703.316912441349530E-3	-16.149802572256789E+0
886.000000000000110E+0	697.201095168126010E-3	-16.119818150022066E+0
887.000000000000110E+0	642.333636481547070E-3	-16.133559825894483E+0
888.000000000000110E+0	613.896786809111190E-3	-16.160898567423374E+0
889.000000000000110E+0	591.000751515687430E-3	-16.208102434579704E+0
890.000000000000110E+0	597.529860364733540E-3	-16.219022086630147E+0
891.000000000000110E+0	561.541728632776180E-3	-16.196320502693183E+0
892.000000000000110E+0	571.707993326237560E-3	-16.268789911021567E+0
893.000000000000110E+0	545.001373708580930E-3	-16.245414143935115E+0
894.000000000000110E+0	531.505196614933340E-3	-16.283567308595860E+0
895.000000000000110E+0	532.784903482311440E-3	-16.264480727779958E+0
896.000000000000110E+0	497.725388299936400E-3	-16.271682190786468E+0
897.000000000000110E+0	507.063381516671520E-3	-16.466197750188243E+0
898.000000000000110E+0	546.726214992924620E-3	-16.330343949126462E+0
899.000000000000110E+0	523.938752753541510E-3	-16.324803370259872E+0
900.000000000000110E+0	527.557028010357750E-3	-16.309865013588098E+0
901.000000000000110E+0	495.028080221190160E-3	-16.319337060322859E+0
902.000000000000110E+0	482.561740076323080E-3	-16.326441613817614E+0
903.000000000000110E+0	473.493437324556570E-3	-16.356075728180027E+0
904.000000000000110E+0	444.685730200983510E-3	-16.397721846976513E+0
905.000000000000110E+0	479.810004939392850E-3	-16.585892573609389E+0
906.000000000000110E+0	587.357691347211270E-3	-16.473555243659259E+0
907.000000000000110E+0	544.566768111006460E-3	-16.405687059042677E+0
908.000000000000110E+0	545.115060522592180E-3	-16.427062168094050E+0
909.000000000000110E+0	556.981559273671540E-3	-16.435523792648816E+0
910.000000000000110E+0	605.846554503352790E-3	-16.359257526741555E+0
911.000000000000110E+0	498.964764708174410E-3	-16.531906719098686E+0
912.000000000000110E+0	531.668320555518600E-3	-16.531942539737944E+0
913.000000000000110E+0	526.140479412198660E-3	-16.601988037762872E+0
914.000000000000110E+0	611.728572302716710E-3	-16.741077786911347E+0
915.000000000000110E+0	673.455595418028680E-3	-16.712627430053129E+0
916.000000000000110E+0	697.435422174633060E-3	-16.634124709882258E+0
917.000000000000110E+0	690.569500213539130E-3	-16.679056813232918E+0
918.000000000000110E+0	675.769561998345700E-3	-16.713676546801580E+0
919.000000000000110E+0	691.053303972007930E-3	-16.838731138433456E+0
920.000000000000110E+0	731.362788213646750E-3	-16.944808913510911E+0
921.000000000000110E+0	781.778340173088450E-3	-16.971088978784479E+0
922.000000000000110E+0	799.608537944772930E-3	-17.023836342336160E+0
923.000000000000110E+0	795.099685107056420E-3	-17.109596384066208E+0
924.000000000000110E+0	946.523593138880790E-3	-17.194018024133435E+0
925.000000000000110E+0	949.272878700403890E-3	-17.171876382971238E+0
926.000000000000110E+0	885.871965498528200E-3	-17.211870661391085E+0
927.000000000000110E+0	885.001384579475080E-3	-17.441451697608553E+0
928.000000000000110E+0	970.589351899244780E-3	-17.572062328339129E+0
929.000000000000110E+0	945.657052258040530E-3	-17.664780712672673E+0
930.000000000000110E+0	970.023032553544160E-3	-17.905228346104437E+0
931.000000000000110E+0	969.099772594078420E-3	-18.056246434549760E+0
932.000000000000110E+0	953.969189231484880E-3	-18.179976737649312E+0
933.000000000000110E+0	870.827094184096760E-3	-18.221625566345978E+0
934.000000000000110E+0	734.081544885768270E-3	-18.406504328585374E+0
935.000000000000110E+0	684.306559065779970E-3	-18.535267714668024E+0
936.000000000000110E+0	621.121685813766700E-3	-18.626626207732080E+0
937.000000000000110E+0	554.183690182044160E-3	-18.767240464515293E+0
938.000000000000110E+0	569.996213248593840E-3	-18.916303961929529E+0
939.000000000000110E+0	546.399624296341480E-3	-18.618468448347564E+0
940.000000000000110E+0	411.944465863887780E-3	-18.841409538866479E+0
941.000000000000110E+0	385.662876361998250E-3	-18.946106191018938E+0
942.000000000000110E+0	328.758361884601390E-3	-18.970406185037039E+0
943.000000000000110E+0	311.670882945656650E-3	-19.248739731047724E+0
944.000000000000110E+0	313.825634946062250E-3	-19.288612680379945E+0
945.000000000000110E+0	304.772787147741360E-3	-19.336572365535570E+0
946.000000000000110E+0	277.397482071900850E-3	-19.289552016483636E+0
947.000000000000110E+0	251.079818283769520E-3	-19.304248019490693E+0
948.000000000000110E+0	202.148319540165160E-3	-18.926472219158246E+0
949.000000000000110E+0	136.874371542088010E-3	-18.969828084022495E+0
950.000000000000110E+0	94.964073874471616E-3	-18.925967540207679E+0
951.000000000000110E+0	58.596051738767078E-3	-18.815345180333004E+0
952.000000000000110E+0	118.022108375058610E-3	-20.476049554114315E+0
953.000000000000110E+0	111.104320894120910E-3	-19.399571247727604E+0
954.000000000000110E+0	96.183811969024827E-3	-19.259191003268786E+0
955.000000000000110E+0	123.356656145168430E-3	-19.240964017089261E+0
956.000000000000110E+0	138.289028279454330E-3	-18.847653689433155E+0
957.000000000000110E+0	148.422145834274270E-3	-18.710695529953362E+0
958.000000000000110E+0	114.070802992182180E-3	-18.437286923686564E+0
959.000000000000110E+0	113.240562439405280E-3	-18.568823761506348E+0
960.000000000000110E+0	111.977939599320450E-3	-18.477617008123673E+0
961.000000000000110E+0	44.339265122741410E-3	-18.265600901185767E+0
962.000000000000110E+0	104.966094707361470E-3	-19.016376252521994E+0
963.000000000000110E+0	122.221366483751950E-3	-18.883138006180022E+0
964.000000000000110E+0	133.585106106180050E-3	-18.788343983632597E+0
965.000000000000110E+0	129.230543202935260E-3	-18.688268809804526E+0
966.000000000000110E+0	131.346374672854200E-3	-18.968139941165191E+0
967.000000000000110E+0	141.598313551906470E-3	-19.019610753722045E+0
968.000000000000110E+0	144.868480165485120E-3	-19.186128134156935E+0
969.000000000000110E+0	152.881512830985220E-3	-19.322842771846027E+0
970.000000000000110E+0	168.067237204195610E-3	-19.470430266929576E+0
971.000000000000110E+0	142.842931114128100E-3	-19.113333840532515E+0
972.000000000000110E+0	142.806234820241660E-3	-19.415530007334141E+0
973.000000000000110E+0	145.793824126221220E-3	-19.505072211176358E+0
974.000000000000110E+0	125.478324195702790E-3	-19.571282097485462E+0
975.000000000000110E+0	130.474792381710140E-3	-19.839629494801269E+0
976.000000000000110E+0	161.143120022035260E-3	-20.164644320126072E+0
977.000000000000110E+0	191.798819040219920E-3	-20.095558398938913E+0
978.000000000000110E+0	208.144589080224600E-3	-20.078841371986162E+0
979.000000000000110E+0	246.260459232901600E-3	-20.032369607645403E+0
980.000000000000110E+0	167.063659055152690E-3	-19.059084855698718E+0
981.000000000000110E+0	162.965146083429660E-3	-20.789420759958141E+0
982.000000000000110E+0	203.678118094708700E-3	-20.815091911003165E+0
983.000000000000110E+0	242.974370708335860E-3	-20.968925717959600E+0
984.000000000000110E+0	311.779433363000120E-3	-20.391600412848376E+0
985.000000000000110E+0	249.952584960806160E-3	-21.057222886056991E+0
986.000000000000110E+0	240.742051719439850E-3	-21.091014720053760E+0
987.000000000000110E+0	204.276432846325820E-3	-21.327817602978588E+0
988.000000000000110E+0	207.281779848689560E-3	-21.687207624593881E+0
989.000000000000110E+0	245.248001086727420E-3	-21.860291788892471E+0
990.000000000000110E+0	234.920340934609480E-3	-22.222016065638293E+0
991.000000000000110E+0	239.628463823941650E-3	-22.248435385079393E+0
992.000000000000110E+0	267.418878219205960E-3	-22.320923755090106E+0
993.000000000000110E+0	312.984964778516890E-3	-22.132623879555844E+0
994.000000000000110E+0	196.274632423866060E-3	-21.711984330019614E+0
995.000000000000110E+0	118.529681273307750E-3	-22.323758234565908E+0
996.000000000000110E+0	112.757234270060330E-3	-22.695584392874597E+0
997.000000000000110E+0	113.110722474188520E-3	-23.432490523421396E+0
998.000000000000110E+0	172.046369895420050E-3	-23.593090727798213E+0
999.000000000000110E+0	188.658132480405390E-3	-25.655887118290856E+0
1.000000000000000E+3	132.992183198033410E-3	-23.102780999275371E+0
