Freq (Hz)	Gxyaccelerometre /source
source
source_Real	Gxyaccelerometre /source
source
source_Imag
10.000000000000018E+0	34.026030149456779E-3	-21.733350826802410E-3
11.000000000000020E+0	21.096425149940031E-3	15.079708311089618E-3
12.000000000000021E+0	-3.255541471665741E-3	38.576434016214363E-3
13.000000000000023E+0	-28.820146249477992E-3	17.608162696860725E-3
14.000000000000025E+0	-88.551917016058912E-3	59.403568950959537E-3
15.000000000000027E+0	-99.839512727303292E-3	-47.384268630068831E-3
16.000000000000028E+0	-26.242060083472456E-3	-46.050115497872530E-3
17.000000000000028E+0	-155.986651869935160E-3	248.945062280098240E-3
18.000000000000028E+0	-202.149908496467880E-3	137.004917447090450E-3
19.000000000000028E+0	-288.723201451797970E-3	73.417648370322858E-3
20.000000000000028E+0	-376.173350843847070E-3	360.815684170955940E-3
21.000000000000028E+0	-374.353097232329510E-3	576.100919223195060E-3
22.000000000000028E+0	-470.310281952144470E-3	674.033575448561020E-3
23.000000000000028E+0	-840.810612785882980E-3	941.131743137900600E-3
24.000000000000028E+0	-959.973919030541740E-3	2.043505829309447E+0
25.000000000000028E+0	-1.386799727215416E+0	4.278528899492210E+0
26.000000000000028E+0	757.515681241489710E-3	8.754432243252920E+0
27.000000000000028E+0	2.756437131178742E+0	4.870811287292837E+0
28.000000000000028E+0	1.687562661910859E+0	4.336595338800334E+0
29.000000000000028E+0	352.821259390582730E-3	1.993272110756070E+0
30.000000000000028E+0	-554.705213113083300E-3	3.526921956003684E+0
31.000000000000028E+0	2.648756973262502E+0	7.800509531416924E+0
32.000000000000028E+0	6.886121250390140E+0	5.712004100253407E+0
33.000000000000028E+0	6.738297405495510E+0	4.566454933002759E+0
34.000000000000028E+0	4.010199281804854E+0	2.805257785630631E+0
35.000000000000028E+0	5.899561920825000E+0	884.909799020629270E-3
36.000000000000028E+0	10.558956496261766E+0	-7.264420104281254E+0
37.000000000000028E+0	3.300776984664190E+0	-4.954437575092906E+0
38.000000000000028E+0	4.634613180038333E+0	1.283297001253863E+0
39.000000000000028E+0	1.870354674537873E+0	1.420050788367816E+0
40.000000000000028E+0	1.987920206258337E+0	2.670399500738644E+0
41.000000000000028E+0	8.098077708140790E+0	8.495085031366035E+0
42.000000000000028E+0	12.222916330824399E+0	4.660174824506435E+0
43.000000000000028E+0	5.490985400576003E+0	123.855074024003270E-3
44.000000000000028E+0	3.672370863463786E+0	-42.746001467352544E-3
45.000000000000028E+0	10.445684034944721E+0	195.631305670714180E-3
46.000000000000028E+0	17.808040680829418E+0	-1.945684863931119E+0
47.000000000000028E+0	16.929167578716275E+0	-2.183346951175969E+0
48.000000000000028E+0	6.935071560924436E+0	-3.231518658959093E+0
49.000000000000028E+0	5.225141983602233E+0	-5.127885365783515E+0
50.000000000000028E+0	15.580028233939331E+0	-13.676763293937469E+0
51.000000000000028E+0	16.578001506219110E+0	-16.829361003432314E+0
52.000000000000028E+0	7.611450389571043E+0	-6.175838955524232E+0
53.000000000000028E+0	1.589215893610486E+0	-2.425475531297294E+0
54.000000000000028E+0	3.991564585020713E+0	-4.590793239047584E+0
55.000000000000028E+0	11.598801379989846E+0	-4.367483743223420E+0
56.000000000000028E+0	12.594299513400141E+0	-6.548110382088231E+0
57.000000000000028E+0	12.078511403487884E+0	-5.493782857833979E+0
58.000000000000028E+0	6.545977543450235E+0	-558.059390705097800E-3
59.000000000000028E+0	22.227879545920139E+0	-3.070039500325308E+0
60.000000000000028E+0	43.971191345848403E+0	-24.777817225722803E+0
61.000000000000028E+0	21.747287110460839E+0	-30.967320421295330E+0
62.000000000000028E+0	8.230536460093486E+0	-17.749390664516177E+0
63.000000000000028E+0	22.257285047620773E+0	-46.282606177436456E+0
64.000000000000028E+0	20.611693792898798E+0	-65.766520160452643E+0
65.000000000000028E+0	17.233805317681099E+0	-82.196326777998990E+0
66.000000000000028E+0	7.383276777663241E+0	-72.234791112240487E+0
67.000000000000028E+0	-3.370328916933315E+0	-15.051660302829408E+0
68.000000000000028E+0	-10.687466907910828E+0	-18.452137285211688E+0
69.000000000000028E+0	-14.883359939869100E+0	-48.279823771151889E+0
70.000000000000028E+0	5.077037965833765E+0	-40.757687447072946E+0
71.000000000000028E+0	12.178021459700256E+0	-16.534904698600137E+0
72.000000000000028E+0	12.812721620280630E+0	-6.227208202853470E+0
73.000000000000028E+0	26.427831071621700E+0	-35.390549477213412E+0
74.000000000000028E+0	19.873876501766194E+0	-61.030839773829655E+0
75.000000000000028E+0	8.698238510562081E+0	-60.849057662723190E+0
76.000000000000028E+0	-4.586784791002971E+0	-39.284519158796513E+0
77.000000000000028E+0	-7.763599808108353E+0	-26.966866129322391E+0
78.000000000000028E+0	-17.866166553544392E+0	-90.176096098260373E+0
79.000000000000028E+0	-28.304167058104820E+0	-71.128594240626057E+0
80.000000000000028E+0	-7.944621532266446E+0	-9.500275277198920E+0
81.000000000000028E+0	-6.943466747340542E+0	-3.405202141174065E+0
82.000000000000028E+0	-14.713948719962602E+0	-12.546209443703418E+0
83.000000000000028E+0	-16.859867482082951E+0	-21.253308898353691E+0
84.000000000000028E+0	-6.901387614730764E+0	-11.155167816275000E+0
85.000000000000028E+0	-2.505793474078170E+0	-2.918665325607814E+0
86.000000000000028E+0	455.808913524577420E-3	-3.386247246066325E+0
87.000000000000028E+0	153.616966943664950E-3	2.311546002522863E+0
88.000000000000028E+0	-8.804809738872887E+0	-2.447671547016395E+0
89.000000000000028E+0	-4.792686882479277E+0	-6.852056625819793E+0
90.000000000000028E+0	-98.469024241649411E-3	-612.950086035988000E-3
91.000000000000028E+0	-433.975051012790550E-3	-1.577890772521254E+0
92.000000000000028E+0	-557.825594666112590E-3	-4.629011540933264E+0
93.000000000000028E+0	-298.521729076548230E-3	-1.772809142764940E+0
94.000000000000028E+0	-16.337194831622777E-3	-1.239038863874445E+0
95.000000000000028E+0	47.482373870735187E-3	-894.057503531366590E-3
96.000000000000028E+0	-829.750527376791110E-3	741.448721567780080E-3
97.000000000000028E+0	-3.581649252283443E+0	922.067927409709550E-3
98.000000000000028E+0	-2.187754087169634E+0	289.058255964041220E-3
99.000000000000028E+0	616.787588419298930E-3	30.709673764270296E-3
100.000000000000030E+0	1.209533248806387E+0	2.159973106072260E+0
101.000000000000030E+0	2.883505155600905E+0	16.582417530132993E+0
102.000000000000030E+0	12.696957830876979E+0	14.467831157169263E+0
103.000000000000030E+0	8.150333317587361E+0	4.245360926528158E+0
104.000000000000030E+0	7.207429432899916E+0	14.091243301979489E+0
105.000000000000030E+0	6.602385627036128E+0	4.871845704264777E+0
106.000000000000030E+0	8.819209243543272E+0	16.864934016296456E+0
107.000000000000030E+0	33.148476193871389E+0	33.014190317559702E+0
108.000000000000030E+0	24.902737773201249E+0	14.854029583955619E+0
109.000000000000030E+0	1.603885031192794E+0	216.503536455170980E-3
110.000000000000030E+0	27.088246196706780E+0	2.316233508724245E+0
111.000000000000030E+0	51.674426145289509E+0	-2.390176698244805E+0
112.000000000000030E+0	30.154705400552057E+0	-3.746945635482516E+0
113.000000000000030E+0	15.291003901330559E+0	-5.145731366014276E+0
114.000000000000030E+0	12.082226258753034E+0	-5.864234904785663E+0
115.000000000000030E+0	36.015714557772199E+0	-10.211081729934087E+0
116.000000000000030E+0	44.495653041055611E+0	-17.241803685885344E+0
117.000000000000030E+0	62.046013382761451E+0	-35.567053564123810E+0
118.000000000000030E+0	29.178970975576743E+0	-26.315163747266542E+0
119.000000000000030E+0	8.044597906256463E+0	-6.685047187641528E+0
120.000000000000030E+0	120.111362038074530E+0	-120.310676395860620E+0
121.000000000000030E+0	99.440172381821028E+0	-154.033816779373350E+0
122.000000000000030E+0	19.129313133783498E+0	-44.610784398365944E+0
123.000000000000030E+0	66.012649249259937E+0	-95.222318673231442E+0
124.000000000000030E+0	32.590965573939869E+0	-67.250729712109987E+0
125.000000000000030E+0	103.770069681712580E+0	-215.161172187198640E+0
126.000000000000030E+0	75.968526313293367E+0	-246.486546884497700E+0
127.000000000000030E+0	33.566649022217462E+0	-162.922690362155610E+0
128.000000000000030E+0	-11.844513907142982E+0	-26.328676730714204E+0
129.000000000000030E+0	5.682896185669398E+0	-240.714903014982380E+0
130.000000000000030E+0	-28.007588522207669E+0	-369.514895451478760E+0
131.000000000000030E+0	-41.979482076991879E+0	-213.204302090958720E+0
132.000000000000030E+0	-20.860402696924716E+0	-55.769364331931854E+0
133.000000000000030E+0	-35.658955569660733E+0	-160.466761453699380E+0
134.000000000000030E+0	-54.231164816733880E+0	-145.432844655037290E+0
135.000000000000030E+0	-66.430104677918990E+0	-107.519336181887000E+0
136.000000000000030E+0	-100.589595145666510E+0	-137.845186673073700E+0
137.000000000000030E+0	-23.245105938607367E+0	-26.448401675532800E+0
138.000000000000030E+0	-63.851224818099169E+0	-48.451354155534304E+0
139.000000000000030E+0	-196.088886263130630E+0	-161.590584940254560E+0
140.000000000000030E+0	-101.403964974503810E+0	-67.159738949686456E+0
141.000000000000030E+0	-47.621766560076686E+0	-31.544436696491338E+0
142.000000000000030E+0	-36.260760689812521E+0	-29.629706469936661E+0
143.000000000000030E+0	-59.596369242163249E+0	-47.975372247658498E+0
144.000000000000030E+0	-67.395227156929494E+0	-42.766808405801839E+0
145.000000000000030E+0	-43.749244896480143E+0	-23.235277294621646E+0
146.000000000000030E+0	-41.232283137521279E+0	-21.386482709893148E+0
147.000000000000030E+0	-12.469201611380438E+0	3.183582618017371E+0
148.000000000000030E+0	-118.978840193957200E+0	-9.717053665047267E+0
149.000000000000030E+0	-177.131755861360770E+0	-20.462224035641835E+0
150.000000000000030E+0	-54.479422276548078E+0	2.265227990143463E+0
151.000000000000030E+0	-28.139786290728743E+0	8.133341989032035E+0
152.000000000000030E+0	-103.913665180261550E+0	10.765387198725614E+0
153.000000000000030E+0	-82.159981356000415E+0	10.075317463670341E+0
154.000000000000030E+0	-57.235741350086265E+0	11.245529629665526E+0
155.000000000000030E+0	-58.352681242726888E+0	308.121127504658700E-3
156.000000000000030E+0	-7.973472276723122E+0	5.913485963923568E+0
157.000000000000030E+0	-68.554972945787881E+0	23.088523662091060E+0
158.000000000000030E+0	-92.883528564446720E+0	17.537939892727067E+0
159.000000000000030E+0	-56.555824598811739E+0	12.649281774175664E+0
160.000000000000030E+0	-27.253578829224285E+0	7.995056267962743E+0
161.000000000000030E+0	-44.858583591050873E+0	1.525060055262958E+0
162.000000000000030E+0	-141.243070850815680E+0	36.207371610563975E+0
163.000000000000030E+0	-67.560761988079463E+0	24.093196290707688E+0
164.000000000000030E+0	-40.454040388352496E+0	7.193159588554626E+0
165.000000000000030E+0	-55.368455503786649E+0	14.423181031377212E+0
166.000000000000030E+0	-25.334514339369218E+0	3.030747818623524E+0
167.000000000000030E+0	-113.414087427998880E+0	46.061923752108548E+0
168.000000000000030E+0	-117.730292122031640E+0	56.904562619983537E+0
169.000000000000030E+0	-28.471661224023514E+0	17.126125344536184E+0
170.000000000000030E+0	-37.910565966174865E+0	21.422948613371503E+0
171.000000000000030E+0	-105.426880999649670E+0	56.011845786576558E+0
172.000000000000030E+0	-100.790798434888330E+0	67.323647965759775E+0
173.000000000000030E+0	-58.058362192401020E+0	48.898808048461802E+0
174.000000000000030E+0	-41.232263726377560E+0	25.229706230203686E+0
175.000000000000030E+0	-49.762959484186538E+0	38.693527856794979E+0
176.000000000000030E+0	-139.202854891517800E+0	115.026016686462340E+0
177.000000000000030E+0	-105.176083886376460E+0	113.657813835188340E+0
178.000000000000030E+0	-83.684284228551661E+0	144.004119139879040E+0
179.000000000000030E+0	-4.985455039665837E+0	32.045521158349224E+0
180.000000000000030E+0	-61.626125640482556E+0	124.772762765134500E+0
181.000000000000030E+0	-36.949246296726869E+0	206.609958625027100E+0
182.000000000000030E+0	13.420155819365686E+0	56.408840294766563E+0
183.000000000000030E+0	24.006705632960958E+0	74.845046811725197E+0
184.000000000000030E+0	30.392485411332110E+0	70.296628094649108E+0
185.000000000000030E+0	20.326144977402798E+0	135.920320220589080E+0
186.000000000000030E+0	27.541373461446501E+0	185.920464234122420E+0
187.000000000000030E+0	32.208013332098780E+0	122.136073625053840E+0
188.000000000000030E+0	8.125807065606145E+0	39.686840971561352E+0
189.000000000000030E+0	4.518752347537511E+0	47.649817566606799E+0
190.000000000000030E+0	46.876489998513811E+0	132.070263461410260E+0
191.000000000000030E+0	68.187179832807743E+0	156.435622935955420E+0
192.000000000000030E+0	30.750657591824591E+0	51.318964797137731E+0
193.000000000000030E+0	24.633716754203288E+0	60.111199942677764E+0
194.000000000000030E+0	32.289597766380247E+0	135.426695988443700E+0
195.000000000000030E+0	16.744020453676121E+0	132.367952294742310E+0
196.000000000000030E+0	30.989223849164450E+0	151.505070012400210E+0
197.000000000000030E+0	36.170975737569314E+0	110.979060632855150E+0
198.000000000000030E+0	5.962522958421570E+0	31.007195341102651E+0
199.000000000000030E+0	52.389510851793148E+0	206.669428564743900E+0
200.000000000000030E+0	73.303888243286252E+0	174.046059047303340E+0
201.000000000000030E+0	27.849120467248603E+0	49.046731178224974E+0
202.000000000000030E+0	32.561542523111711E+0	38.213668880369575E+0
203.000000000000030E+0	36.987393101567335E+0	35.181580484517497E+0
204.000000000000030E+0	96.288479667394199E+0	124.112577403500080E+0
205.000000000000030E+0	66.685376746046174E+0	79.695358530540488E+0
206.000000000000030E+0	51.316781224453052E+0	63.717428486914500E+0
207.000000000000030E+0	25.419102994632066E+0	24.520268447730253E+0
208.000000000000030E+0	31.647657912959954E+0	20.466196420084177E+0
209.000000000000030E+0	103.118849024085120E+0	62.032955837728181E+0
210.000000000000030E+0	80.473999322661456E+0	42.862452960050952E+0
211.000000000000030E+0	19.623168569725422E+0	10.822539592194444E+0
212.000000000000030E+0	46.811117262903920E+0	28.447002713918806E+0
213.000000000000030E+0	64.082061735162782E+0	24.807424678099828E+0
214.000000000000030E+0	48.482389410258598E+0	12.192965441048766E+0
215.000000000000030E+0	66.952282405819531E+0	15.794061039941093E+0
216.000000000000030E+0	35.718356043307381E+0	9.285824992220689E+0
217.000000000000030E+0	17.667981219789191E+0	2.120924897706494E+0
218.000000000000030E+0	73.153850933572954E+0	-15.565523800493029E+0
219.000000000000030E+0	67.183682000160815E+0	-30.308239180055903E+0
220.000000000000030E+0	42.427797371086676E+0	-23.356984645305513E+0
221.000000000000030E+0	31.362054057428686E+0	-20.213830099148971E+0
222.000000000000030E+0	62.812341218786400E+0	-13.823364685360787E+0
223.000000000000030E+0	60.193544518713566E+0	-23.149509698852881E+0
224.000000000000030E+0	14.205983164402369E+0	-14.213510028632140E+0
225.000000000000030E+0	23.028343661599990E+0	-33.212623781532692E+0
226.000000000000030E+0	7.431122716050387E+0	-13.537770859705418E+0
227.000000000000030E+0	19.577112297419674E+0	-26.913288924769226E+0
228.000000000000030E+0	40.341676390394575E+0	-49.251472964209697E+0
229.000000000000030E+0	18.885571807779755E+0	-27.371975356178790E+0
230.000000000000030E+0	10.678912944148340E+0	-16.637446600158086E+0
231.000000000000030E+0	30.773061025273989E+0	-28.233297096439504E+0
232.000000000000030E+0	30.123529135125686E+0	-30.128062523664006E+0
233.000000000000030E+0	10.899039591467091E+0	-14.915457817691614E+0
234.000000000000030E+0	-5.117515554655369E+0	-18.898782973387394E+0
235.000000000000030E+0	-12.315067549992371E+0	-12.733717486414141E+0
236.000000000000030E+0	-12.250637530983605E+0	-23.368080040523743E+0
237.000000000000030E+0	-13.797358950735500E+0	-27.432659151415709E+0
238.000000000000030E+0	-10.748060107779043E+0	-26.919936712661734E+0
239.000000000000030E+0	-6.762092093956926E+0	-6.536093872793844E+0
240.000000000000030E+0	-8.764471054835145E+0	-5.696473107237940E+0
241.000000000000030E+0	-28.662157405032662E+0	-16.395568523742309E+0
242.000000000000030E+0	-17.818876060652023E+0	-6.324771009875377E+0
243.000000000000030E+0	-8.845890707446717E+0	1.884495951300012E+0
244.000000000000030E+0	-24.074854152757183E+0	5.034636839778212E+0
245.000000000000030E+0	-9.472574066298804E+0	5.186430526133327E+0
246.000000000000030E+0	-35.050079833397504E+0	6.764440583406025E+0
247.000000000000030E+0	-38.289337240609527E+0	1.323615011012411E+0
248.000000000000030E+0	-15.655495774683576E+0	-1.476896574243421E+0
249.000000000000030E+0	-3.117012809123467E+0	3.109208951350652E+0
250.000000000000030E+0	-18.894723248488972E+0	18.992341470888963E+0
251.000000000000030E+0	-33.015321955674167E+0	27.504459665630662E+0
252.000000000000030E+0	-16.661134220460987E+0	12.440759595092628E+0
253.000000000000030E+0	-10.196465899294035E+0	11.336580893026646E+0
254.000000000000030E+0	-2.856946398925834E+0	23.353251608247962E+0
255.000000000000030E+0	-4.554172685406877E+0	38.492215226825245E+0
256.000000000000060E+0	-26.200260450194275E+0	47.366252659688953E+0
257.000000000000060E+0	-33.988779677612754E+0	58.376041338452502E+0
258.000000000000060E+0	-7.784648899174238E+0	22.304492552125595E+0
259.000000000000060E+0	-10.731291605105168E+0	15.123535968909659E+0
260.000000000000060E+0	-10.615945953098644E+0	43.426462175295718E+0
261.000000000000060E+0	-12.052043752612287E+0	-3.831905419158237E+0
262.000000000000060E+0	19.888864354535468E+0	-32.652750340783776E+0
263.000000000000060E+0	51.806195529350077E+0	-27.709523049320541E+0
264.000000000000060E+0	74.272327901336254E+0	-7.457927661644177E+0
265.000000000000060E+0	80.470864553716581E+0	12.721952452562046E+0
266.000000000000060E+0	47.513451516730193E+0	3.121728902407602E+0
267.000000000000060E+0	54.053039504402626E+0	-24.835663869097910E+0
268.000000000000060E+0	30.328736773525158E+0	3.629734304010039E+0
269.000000000000060E+0	23.122904782739941E+0	5.606720955908678E+0
270.000000000000060E+0	45.723080630147066E+0	-8.965027838577715E+0
271.000000000000060E+0	-672.645179305882860E-3	3.653001679097613E+0
272.000000000000060E+0	15.255485219807614E+0	-28.200356938585379E+0
273.000000000000060E+0	27.392120160511961E+0	-20.488584267308656E+0
274.000000000000060E+0	22.991024284534330E+0	-21.616776215360794E+0
275.000000000000060E+0	33.472880105821872E+0	-16.166578348086500E+0
276.000000000000060E+0	31.503024819737192E+0	-34.505672238706744E+0
277.000000000000060E+0	21.325360767608430E+0	-21.355409276395669E+0
278.000000000000060E+0	44.372179842560982E+0	-9.350830784161326E+0
279.000000000000060E+0	69.550999663308332E+0	-50.809228997095765E+0
280.000000000000060E+0	51.132944979071141E+0	-27.533651071969537E+0
281.000000000000060E+0	22.521288530323584E+0	-28.375187220520882E+0
282.000000000000060E+0	28.307026810184084E+0	-36.740515353309696E+0
283.000000000000060E+0	45.542749276845178E+0	-123.290256894733600E+0
284.000000000000060E+0	12.620487404953252E+0	-70.125413661382296E+0
285.000000000000060E+0	-12.813769761974536E+0	-117.868996747807700E+0
286.000000000000060E+0	-42.807753608235160E+0	-153.477298915909670E+0
287.000000000000060E+0	-17.889281681066826E+0	-54.688691332830800E+0
288.000000000000060E+0	-105.822174519529580E+0	-257.490371789490320E+0
289.000000000000060E+0	-144.240255242926420E+0	-177.426440540795970E+0
290.000000000000060E+0	-67.073901907730317E+0	-37.462344827893162E+0
291.000000000000060E+0	-90.427411036914691E+0	-62.647334007953326E+0
292.000000000000060E+0	-152.126520707931090E+0	-34.387103132134442E+0
293.000000000000060E+0	-134.678228740129330E+0	-1.031538406129983E+0
294.000000000000060E+0	-116.276101029073030E+0	17.374922589351620E+0
295.000000000000060E+0	-109.805534045782860E+0	14.709259007074545E+0
296.000000000000060E+0	-67.239056083551276E+0	15.842230345907433E+0
297.000000000000060E+0	-67.785160650257382E+0	26.209996454035952E+0
298.000000000000060E+0	-102.130823038552350E+0	43.538718280108199E+0
299.000000000000060E+0	-63.460212555660895E+0	33.027354153305190E+0
300.000000000000060E+0	-20.784919758685504E+0	5.618785233465398E+0
301.000000000000060E+0	-45.338403189624614E+0	22.726999531342237E+0
302.000000000000060E+0	-95.750971844692600E+0	29.091007255850855E+0
303.000000000000060E+0	-24.711190679544739E+0	5.066366560666177E+0
304.000000000000060E+0	-67.316293788191700E+0	16.481069435999263E+0
305.000000000000060E+0	-40.902444770481203E+0	7.880707880478158E+0
306.000000000000060E+0	-33.277832840125143E+0	9.155122648050629E+0
307.000000000000060E+0	-83.097518431927142E+0	11.571332668971483E+0
308.000000000000060E+0	-64.767023381981488E+0	4.177877479804872E+0
309.000000000000060E+0	-35.214439204916331E+0	3.845698973571666E+0
310.000000000000060E+0	-35.161358255774253E+0	7.675436739388506E+0
311.000000000000060E+0	-95.070278512261652E+0	23.986500790018805E+0
312.000000000000060E+0	-84.981071788064028E+0	27.721104061432449E+0
313.000000000000060E+0	-40.494168719783900E+0	14.991982041178057E+0
314.000000000000060E+0	-65.258005066853272E+0	12.314614831161659E+0
315.000000000000060E+0	-68.606881095403381E+0	20.282760353198704E+0
316.000000000000060E+0	-71.593020032199718E+0	14.996396865958053E+0
317.000000000000060E+0	-130.970773774553120E+0	37.912085521219410E+0
318.000000000000060E+0	-93.179283210204289E+0	32.510481700381717E+0
319.000000000000060E+0	-22.394466077807429E+0	7.975490077709937E+0
320.000000000000060E+0	-134.737533203762670E+0	94.239880621272192E+0
321.000000000000060E+0	-153.951018097105050E+0	125.550825435137400E+0
322.000000000000060E+0	-61.762970451230146E+0	51.122051475342445E+0
323.000000000000060E+0	-75.678869083842144E+0	80.332049597297924E+0
324.000000000000060E+0	-62.356489556549569E+0	66.295040183262245E+0
325.000000000000060E+0	-97.643249981302134E+0	125.518394529097780E+0
326.000000000000060E+0	-85.041559907655696E+0	120.320251398569810E+0
327.000000000000060E+0	-57.618843526017919E+0	104.108959104847940E+0
328.000000000000060E+0	-38.328385087359493E+0	84.405475342032602E+0
329.000000000000060E+0	-20.056752696774140E+0	50.745937291958718E+0
330.000000000000060E+0	-54.585529237804941E+0	235.463371767086610E+0
331.000000000000060E+0	-21.715918477985564E+0	131.108220954401620E+0
332.000000000000060E+0	-20.298391962032575E+0	64.013046520121748E+0
333.000000000000060E+0	-33.234888933518427E+0	87.536141697763483E+0
334.000000000000060E+0	-25.658690373385440E+0	117.634812172526680E+0
335.000000000000060E+0	-15.664765713322442E+0	94.378016476588442E+0
336.000000000000060E+0	-19.337667140868117E+0	152.724823408604580E+0
337.000000000000060E+0	-7.327836315791404E+0	75.352710497783306E+0
338.000000000000060E+0	-64.571232984897767E-3	64.603990945833530E+0
339.000000000000060E+0	198.308823302153210E-3	205.869635335978100E+0
340.000000000000060E+0	-2.515357645322346E+0	185.682393408064880E+0
341.000000000000060E+0	1.688424452370590E+0	112.002320641436740E+0
342.000000000000060E+0	4.608861878409367E+0	74.932700085571213E+0
343.000000000000060E+0	14.964836572821786E+0	156.609516603272310E+0
344.000000000000060E+0	47.909560993647652E+0	223.811641054715950E+0
345.000000000000060E+0	45.284722846131174E+0	112.117190595860880E+0
346.000000000000060E+0	82.410151320591893E+0	169.676350840913810E+0
347.000000000000060E+0	56.684066987396612E+0	78.477165176519492E+0
348.000000000000060E+0	102.041385114693270E+0	145.625919132762050E+0
349.000000000000060E+0	242.233072296795800E+0	253.560948253788470E+0
350.000000000000060E+0	102.365677713643210E+0	79.153175854667182E+0
351.000000000000060E+0	57.142219030335184E+0	31.823123318960267E+0
352.000000000000060E+0	93.398397413384870E+0	41.702310957096984E+0
353.000000000000060E+0	119.905587920887230E+0	53.779084298633393E+0
354.000000000000060E+0	97.214472900396601E+0	51.358597353652918E+0
355.000000000000060E+0	65.202885810496014E+0	30.521466332207410E+0
356.000000000000060E+0	48.347623689869032E+0	20.314949578719624E+0
357.000000000000060E+0	61.792305432139074E+0	32.787353774471612E+0
358.000000000000060E+0	85.293585822703292E+0	48.583826259245924E+0
359.000000000000060E+0	83.904897686245334E+0	36.153626758106029E+0
360.000000000000060E+0	60.079679396234681E+0	20.103709620319048E+0
361.000000000000060E+0	31.156493062650362E+0	16.237686407129910E+0
362.000000000000060E+0	142.292281547214570E+0	67.260746244177511E+0
363.000000000000060E+0	88.510768919284743E+0	32.873781183875053E+0
364.000000000000060E+0	69.258696286870347E+0	26.539585746167187E+0
365.000000000000060E+0	78.336978823175841E+0	23.567688311049597E+0
366.000000000000060E+0	49.113430512683138E+0	14.043335853989081E+0
367.000000000000060E+0	101.323496641691580E+0	21.685853063486103E+0
368.000000000000060E+0	134.900301643548940E+0	16.294063681411188E+0
369.000000000000060E+0	51.977969358542907E+0	3.425968811314021E+0
370.000000000000060E+0	41.108138997390270E+0	-1.763533403577005E+0
371.000000000000060E+0	62.569787391617559E+0	-15.831481944028866E+0
372.000000000000060E+0	112.808776169786900E+0	-29.074978446215216E+0
373.000000000000060E+0	60.039281853515945E+0	-16.856099901073144E+0
374.000000000000060E+0	32.456187096233705E+0	-14.630258438796318E+0
375.000000000000060E+0	46.721583500625051E+0	-15.152279786944344E+0
376.000000000000060E+0	54.217730563968871E+0	-11.369829339630114E+0
377.000000000000060E+0	58.798591534815650E+0	-1.721991180593957E+0
378.000000000000060E+0	56.698433184465145E+0	32.438826837132416E-3
379.000000000000060E+0	14.641962660828820E+0	-1.136166995283429E+0
380.000000000000060E+0	35.337599212830852E+0	-20.190013572843135E+0
381.000000000000060E+0	91.361494750441793E+0	-45.079255196528990E+0
382.000000000000060E+0	46.516793838849665E+0	-31.358418056943982E+0
383.000000000000060E+0	50.967593480955529E+0	-23.350822808403475E+0
384.000000000000060E+0	42.647483986898692E+0	-9.148778302935359E+0
385.000000000000060E+0	29.912594049895567E+0	5.922803901990877E+0
386.000000000000060E+0	37.304507099517792E+0	-4.936154671788425E+0
387.000000000000060E+0	18.864125784201558E+0	-5.721391856964180E+0
388.000000000000060E+0	27.894826602957771E+0	-12.723564475492616E+0
389.000000000000060E+0	17.427837646259892E+0	-12.000287081840085E+0
390.000000000000060E+0	71.636638838036191E+0	-31.833746412187956E+0
391.000000000000060E+0	97.058876769569281E+0	-53.709264599254652E+0
392.000000000000060E+0	49.131157925178122E+0	-21.445545041357100E+0
393.000000000000060E+0	10.786686029889474E+0	3.310594793866755E+0
394.000000000000060E+0	-5.437431545787441E+0	-21.025145621824613E+0
395.000000000000060E+0	-30.025385844443569E+0	-29.879750777228729E+0
396.000000000000060E+0	-50.561600434632105E+0	-70.101342453579292E+0
397.000000000000060E+0	-38.258663264929133E+0	-49.490127570509728E+0
398.000000000000060E+0	-8.354769670815593E+0	-31.280169703674325E+0
399.000000000000060E+0	17.076584156691503E+0	-19.086481576018521E+0
400.000000000000060E+0	1.795926748036999E+0	17.080141228357675E+0
401.000000000000060E+0	-11.406522975640414E+0	26.794398033819856E+0
402.000000000000060E+0	-13.393185101941578E+0	19.660535110091896E+0
403.000000000000060E+0	-17.873454802792018E+0	14.450626858125744E+0
404.000000000000060E+0	-42.951765997558191E+0	19.272265569967374E+0
405.000000000000060E+0	-16.853433753676267E+0	7.897657859211255E+0
406.000000000000060E+0	-1.885280614101098E+0	4.762774959474074E+0
407.000000000000060E+0	750.144733051906760E-3	5.496896857911297E+0
408.000000000000060E+0	8.071652634254082E+0	6.070724498522217E+0
409.000000000000060E+0	9.506865363809052E+0	44.696672982571457E+0
410.000000000000060E+0	5.146948987352036E+0	33.646709574128110E+0
411.000000000000060E+0	-49.331592363098656E-3	20.335696634787361E+0
412.000000000000060E+0	-17.955753766555286E+0	9.042663683512632E+0
413.000000000000060E+0	-17.577337727078987E+0	2.696483354584370E+0
414.000000000000060E+0	-11.083959809034848E+0	135.957145226701380E-3
415.000000000000060E+0	-1.331205979958369E+0	748.711618940756440E-3
416.000000000000060E+0	3.974235103547818E+0	4.402341623716850E+0
417.000000000000060E+0	-1.272360747974199E+0	15.438956717864681E+0
418.000000000000060E+0	-19.478334638563318E+0	28.214433522631520E+0
419.000000000000060E+0	-32.553836568581296E+0	25.870873180759379E+0
420.000000000000060E+0	-29.967597480596350E+0	19.249309406520851E+0
421.000000000000060E+0	-8.880480917510159E+0	3.222756394615532E+0
422.000000000000060E+0	-26.735784887343431E+0	8.274187729704831E+0
423.000000000000060E+0	-48.318174536836715E+0	24.767475484718993E+0
424.000000000000060E+0	-25.074562073682081E+0	16.112833869194464E+0
425.000000000000060E+0	-34.567057419596367E+0	23.860733713815300E+0
426.000000000000060E+0	-19.280061610689074E+0	19.585645717410838E+0
427.000000000000060E+0	-39.158477530553952E+0	33.111734448679513E+0
428.000000000000060E+0	-119.358043775132130E+0	96.784358802055436E+0
429.000000000000060E+0	-72.923388730188748E+0	49.318022594699542E+0
430.000000000000060E+0	-52.304684774189106E+0	26.323955899958047E+0
431.000000000000060E+0	-26.224495461795897E+0	20.257203442569700E+0
432.000000000000060E+0	-79.647067608385143E+0	128.504759275260680E+0
433.000000000000060E+0	-99.748154725649343E+0	167.618640525152560E+0
434.000000000000060E+0	-70.681945557135322E+0	94.947473916312461E+0
435.000000000000060E+0	-56.211102630633263E+0	86.652721521199083E+0
436.000000000000060E+0	-100.759749140976670E+0	171.902621267164110E+0
437.000000000000060E+0	-129.210052418799170E+0	238.520815389810650E+0
438.000000000000060E+0	-137.836057749036310E+0	396.530524099653920E+0
439.000000000000060E+0	-36.871343749017164E+0	281.043388324931020E+0
440.000000000000060E+0	17.873358901882472E+0	70.089137076470976E+0
441.000000000000060E+0	183.131198683126570E+0	593.952832823372090E+0
442.000000000000060E+0	291.008799734225020E+0	492.758566826933190E+0
443.000000000000060E+0	200.855504856621390E+0	258.006871921916170E+0
444.000000000000060E+0	212.104312648695670E+0	210.436512667054240E+0
445.000000000000060E+0	117.219346036464270E+0	85.991543572864160E+0
446.000000000000060E+0	312.916421391261960E+0	123.662225198230930E+0
447.000000000000060E+0	308.437295081239770E+0	51.998539891700076E+0
448.000000000000060E+0	217.616649681106370E+0	30.621884034493359E+0
449.000000000000060E+0	124.917178999343060E+0	20.544827900193990E+0
450.000000000000060E+0	101.866097242242770E+0	15.318671887669216E+0
451.000000000000060E+0	342.764659282486150E+0	19.671788373653484E+0
452.000000000000060E+0	180.217429919165570E+0	-9.736059679936698E+0
453.000000000000060E+0	67.172462970114822E+0	-7.540777935035462E+0
454.000000000000060E+0	99.278368627784275E+0	-12.045545323391750E+0
455.000000000000060E+0	122.951244099956280E+0	-24.164705640425417E+0
456.000000000000060E+0	162.250423742337430E+0	-25.553697282527846E+0
457.000000000000060E+0	136.796204849002090E+0	-17.978803313609045E+0
458.000000000000060E+0	67.702400467326797E+0	-11.835778989648649E+0
459.000000000000060E+0	34.358535956015125E+0	-2.847335311285448E+0
460.000000000000060E+0	131.559896042590110E+0	-17.408601342370069E+0
461.000000000000060E+0	58.583870382457306E+0	-9.550120440650327E+0
462.000000000000060E+0	34.665013503301779E+0	-12.858226009617644E+0
463.000000000000060E+0	17.075562471349386E+0	-7.194457506162216E+0
464.000000000000060E+0	52.455090279721922E+0	22.946949369097929E+0
465.000000000000060E+0	80.499652852761940E+0	102.128698462114100E+0
466.000000000000060E+0	45.989067161495605E+0	126.288328505524010E+0
467.000000000000060E+0	50.668691236302379E+0	149.995380078753360E+0
468.000000000000060E+0	36.088788151921783E+0	58.523253644721663E+0
469.000000000000060E+0	181.542316260034850E+0	113.682745314639800E+0
470.000000000000060E+0	442.130432607838260E+0	163.120803242505330E+0
471.000000000000060E+0	192.995148645057810E+0	3.696430903283997E+0
472.000000000000060E+0	102.811505714567690E+0	13.438665642745073E+0
473.000000000000060E+0	140.082035801825210E+0	23.046946282198757E+0
474.000000000000060E+0	214.829132955013160E+0	7.807580414165876E+0
475.000000000000060E+0	256.811176849540800E+0	12.013797030805716E+0
476.000000000000060E+0	172.296732685812150E+0	7.825246756031793E+0
477.000000000000060E+0	104.586264107640180E+0	863.893038965257490E-3
478.000000000000060E+0	104.700372846307940E+0	12.434861256223851E+0
479.000000000000060E+0	254.751924767884760E+0	27.515840423951563E+0
480.000000000000060E+0	178.488591950779490E+0	10.451200236802757E+0
481.000000000000060E+0	97.508560503395031E+0	-4.428717432172064E+0
482.000000000000060E+0	61.897199237073138E+0	2.567580047757900E+0
483.000000000000060E+0	245.276328224131160E+0	-785.989750343511260E-3
484.000000000000060E+0	195.275862783774130E+0	-14.583835014052237E+0
485.000000000000060E+0	107.549050239832550E+0	-13.772504439502701E+0
486.000000000000060E+0	123.053078567745300E+0	-30.782968420700790E+0
487.000000000000060E+0	47.066008967517021E+0	-13.705207448661515E+0
488.000000000000060E+0	233.841632925578270E+0	-46.568635096867283E+0
489.000000000000060E+0	223.365593057915650E+0	-55.051399221598025E+0
490.000000000000060E+0	111.265531190610230E+0	-37.268935379202006E+0
491.000000000000060E+0	62.502654290854494E+0	-9.576255912084331E+0
492.000000000000060E+0	145.481690374175850E+0	-42.995937113784585E+0
493.000000000000060E+0	217.996994604111250E+0	-65.004410156056934E+0
494.000000000000060E+0	150.075156011455820E+0	-51.501437418267322E+0
495.000000000000060E+0	84.625496848685088E+0	-32.027957686722402E+0
496.000000000000060E+0	96.642604809054148E+0	-42.201778200878167E+0
497.000000000000060E+0	133.155651802124170E+0	-54.667495994115008E+0
498.000000000000060E+0	254.105699286688290E+0	-101.506288652368480E+0
499.000000000000060E+0	182.761484256715930E+0	-86.134123508579179E+0
500.000000000000060E+0	60.450085271983426E+0	-34.079667185894543E+0
501.000000000000060E+0	108.967493407688110E+0	-47.842646611905238E+0
502.000000000000060E+0	306.785568866133870E+0	-152.429019569346740E+0
503.000000000000060E+0	168.912064241342420E+0	-86.263004020816609E+0
504.000000000000060E+0	107.113255102732440E+0	-67.331979996447657E+0
505.000000000000060E+0	120.373345569932370E+0	-82.790457982086053E+0
506.000000000000060E+0	113.947692937248280E+0	-73.826028118931518E+0
507.000000000000060E+0	309.122571958689660E+0	-209.817151107551860E+0
508.000000000000060E+0	175.560075357838490E+0	-131.390526211996470E+0
509.000000000000060E+0	124.772801064218020E+0	-105.710158854822300E+0
510.000000000000060E+0	47.996171391583559E+0	-50.955992414396334E+0
511.000000000000060E+0	255.471184328978150E+0	-261.089359332002230E+0
512.000000000000110E+0	303.333238798620530E+0	-359.383804834437800E+0
513.000000000000110E+0	111.708987088851560E+0	-144.217616585914190E+0
514.000000000000110E+0	88.393743220154917E+0	-132.328278889554160E+0
515.000000000000110E+0	86.840533849485666E+0	-189.537625854550730E+0
516.000000000000110E+0	75.331525392862829E+0	-262.111778065546050E+0
517.000000000000110E+0	90.688327371479701E+0	-433.660490654381760E+0
518.000000000000110E+0	24.989111832232442E+0	-303.428836192368750E+0
519.000000000000110E+0	-1.814036167335068E+0	-67.997718010493330E+0
520.000000000000110E+0	-20.165818638687639E+0	-289.502613429647790E+0
521.000000000000110E+0	-60.890051729491503E+0	-344.993100600581160E+0
522.000000000000110E+0	-52.934973653914525E+0	-184.236345016858880E+0
523.000000000000110E+0	-21.542182473740002E+0	-85.921055455242566E+0
524.000000000000110E+0	-16.547564358598976E+0	-80.920527082418886E+0
525.000000000000110E+0	-67.669126619956529E+0	-169.933709791546870E+0
526.000000000000110E+0	-107.515999243716780E+0	-197.402589742890110E+0
527.000000000000110E+0	-77.164142993195838E+0	-139.150240267010560E+0
528.000000000000110E+0	-59.664300510996703E+0	-92.955406790789397E+0
529.000000000000110E+0	-12.949126182769168E+0	-31.656768478046633E+0
530.000000000000110E+0	-71.344470539338744E+0	-115.220844907331110E+0
531.000000000000110E+0	-34.323094441157806E+0	-72.581169384690426E+0
532.000000000000110E+0	-7.169379501470921E+0	-20.441318549074829E+0
533.000000000000110E+0	3.119885956734276E+0	-33.218204050214041E+0
534.000000000000110E+0	8.508893968525403E+0	-38.364933123977657E+0
535.000000000000110E+0	14.117149350332237E+0	-76.236183743546633E+0
536.000000000000110E+0	32.366511854094689E+0	-79.156868544217858E+0
537.000000000000110E+0	25.189624713369557E+0	-47.961271765223181E+0
538.000000000000110E+0	17.645836558723566E+0	-25.242986064080259E+0
539.000000000000110E+0	81.017841990322381E+0	-99.268831954174672E+0
540.000000000000110E+0	80.157237982868878E+0	-111.945482768364060E+0
541.000000000000110E+0	48.355568616971503E+0	-91.450976770053501E+0
542.000000000000110E+0	13.238946645366672E+0	-34.706308151883526E+0
543.000000000000110E+0	78.355091023207365E+0	-120.708819452997020E+0
544.000000000000110E+0	76.945273138286637E+0	-201.340841207860140E+0
545.000000000000110E+0	47.521716426809789E+0	-148.772637328274160E+0
546.000000000000110E+0	56.473030288451355E+0	-150.134201201194320E+0
547.000000000000110E+0	4.329755640510091E+0	-67.212729238958374E+0
548.000000000000110E+0	588.631531565209640E-3	-126.340303086402370E+0
549.000000000000110E+0	-32.205764131487271E+0	-374.111692152015280E+0
550.000000000000110E+0	-56.647429631670874E+0	-176.727856831861600E+0
551.000000000000110E+0	-23.552908829771482E+0	-71.396686560818921E+0
552.000000000000110E+0	-36.015156274964859E+0	-84.929727085904190E+0
553.000000000000110E+0	-87.894366971585413E+0	-148.006787522330480E+0
554.000000000000110E+0	-89.575014401431176E+0	-157.341655518145610E+0
555.000000000000110E+0	-28.548280584368648E+0	-44.413720031193222E+0
556.000000000000110E+0	-28.315094253615126E+0	-39.468686964132466E+0
557.000000000000110E+0	-17.898104751377826E+0	-31.729479533283051E+0
558.000000000000110E+0	-21.357532718044688E+0	-77.328335437211962E+0
559.000000000000110E+0	-1.391894482944058E+0	-90.123739898008381E+0
560.000000000000110E+0	9.219812514490771E+0	-38.837117358318629E+0
561.000000000000110E+0	6.259715878793605E+0	-8.828569513395578E+0
562.000000000000110E+0	44.393234354739562E+0	-86.669850661920932E+0
563.000000000000110E+0	51.172598807703302E+0	-85.686382558605004E+0
564.000000000000110E+0	26.449365203859507E+0	-60.324162332693916E+0
565.000000000000110E+0	41.529564728071051E+0	-85.455235231061295E+0
566.000000000000110E+0	28.684655090088164E+0	-43.705980598566455E+0
567.000000000000110E+0	109.310540498135810E+0	-163.241524427403110E+0
568.000000000000110E+0	116.064282374128340E+0	-208.513706308137390E+0
569.000000000000110E+0	77.208627045900059E+0	-160.999357207772870E+0
570.000000000000110E+0	32.773348883333981E+0	-62.102526110262559E+0
571.000000000000110E+0	44.417428943098791E+0	-124.575229776890950E+0
572.000000000000110E+0	82.687322623495305E+0	-336.126646335991890E+0
573.000000000000110E+0	42.271516761065847E+0	-237.518108341763250E+0
574.000000000000110E+0	4.125958487969306E+0	-106.761954681039730E+0
575.000000000000110E+0	42.030187511461960E+0	-224.242436639186730E+0
576.000000000000110E+0	36.504459727539654E+0	-213.066578818676590E+0
577.000000000000110E+0	74.351225618431954E+0	-546.267049185868470E+0
578.000000000000110E+0	13.074133756858572E+0	-548.111949578173950E+0
579.000000000000110E+0	-8.809518963294828E+0	-161.827135721997900E+0
580.000000000000110E+0	-81.130171845125432E+0	-152.154680137131120E+0
581.000000000000110E+0	-404.275032065899380E+0	-599.003764117804620E+0
582.000000000000110E+0	-374.802480356934840E+0	-361.870634395528840E+0
583.000000000000110E+0	-214.844743143589910E+0	-172.449492670816650E+0
584.000000000000110E+0	-150.440231034818370E+0	-116.740675147674480E+0
585.000000000000110E+0	-195.997813406263530E+0	-126.059382897925960E+0
586.000000000000110E+0	-361.910173050421240E+0	-182.032984227108530E+0
587.000000000000110E+0	-260.224971986177140E+0	-91.124374245138412E+0
588.000000000000110E+0	-238.637297193017220E+0	-50.249537745146540E+0
589.000000000000110E+0	-56.188373350090821E+0	-2.258181225096295E+0
590.000000000000110E+0	-316.244267034662930E+0	-70.387005657842934E+0
591.000000000000110E+0	-434.696194085112610E+0	-66.147176409438614E+0
592.000000000000110E+0	-157.023747193794350E+0	-3.620266591330773E+0
593.000000000000110E+0	-91.962072690771052E+0	-10.189178002392469E+0
594.000000000000110E+0	-127.312547090141680E+0	-10.976745390005757E+0
595.000000000000110E+0	-166.250122808564360E+0	-1.185140005316033E+0
596.000000000000110E+0	-206.427695956026440E+0	8.534494358930024E+0
597.000000000000110E+0	-151.690730754425430E+0	23.898730314824821E+0
598.000000000000110E+0	-58.474653576671791E+0	16.448383326654721E+0
599.000000000000110E+0	-132.042519753311210E+0	-1.341160734955211E+0
600.000000000000110E+0	-234.811699573206450E+0	-1.723570981039151E+0
601.000000000000110E+0	-201.744527042053820E+0	7.791325759116167E+0
602.000000000000110E+0	-39.598373137522358E+0	4.109007398349080E+0
603.000000000000110E+0	-62.423563936643518E+0	20.940324297833776E+0
604.000000000000110E+0	-144.691925730441820E+0	34.342568299024343E+0
605.000000000000110E+0	-135.809175245897050E+0	37.678291949978060E+0
606.000000000000110E+0	-105.856253165535610E+0	27.220025310484988E+0
607.000000000000110E+0	-94.207287039492627E+0	19.313111210332579E+0
608.000000000000110E+0	-20.224324095108614E+0	9.103506576155636E+0
609.000000000000110E+0	-213.915615166386430E+0	55.141487809803586E+0
610.000000000000110E+0	-181.774199569775730E+0	39.727618835926314E+0
611.000000000000110E+0	-53.065213819451799E+0	6.748673462125327E+0
612.000000000000110E+0	-20.678887690087087E+0	14.144140742330459E+0
613.000000000000110E+0	-75.829951833913995E+0	43.880919729181535E+0
614.000000000000110E+0	-128.247413820811830E+0	53.618887022364106E+0
615.000000000000110E+0	-88.114141166639769E+0	27.355201039725578E+0
616.000000000000110E+0	-54.324390473520324E+0	13.172296240143870E+0
617.000000000000110E+0	-26.271134979522976E+0	14.278364008540777E+0
618.000000000000110E+0	-58.876712501560497E+0	31.793466220096313E+0
619.000000000000110E+0	-124.073455860092240E+0	71.564228971369374E+0
620.000000000000110E+0	-97.902329950422555E+0	61.855111392448521E+0
621.000000000000110E+0	-16.300254452651664E+0	10.150937462202830E+0
622.000000000000110E+0	-53.014933119393412E+0	37.076061057064535E+0
623.000000000000110E+0	-85.626351560795541E+0	72.534914221850954E+0
624.000000000000110E+0	-39.628329606017914E+0	44.339307307534284E+0
625.000000000000110E+0	-26.039402666695775E+0	41.740678658700233E+0
626.000000000000110E+0	-7.662953834733517E+0	26.937753472284726E+0
627.000000000000110E+0	-10.672929086234053E+0	30.119892879896231E+0
628.000000000000110E+0	-16.951975116439840E+0	84.811184642190341E+0
629.000000000000110E+0	-10.064432509603195E+0	67.341793247373673E+0
630.000000000000110E+0	-11.067585655528664E+0	24.781523149641444E+0
631.000000000000110E+0	-4.196636108588599E+0	6.477523342046359E+0
632.000000000000110E+0	-5.201633612739895E+0	20.743708935575164E+0
633.000000000000110E+0	-6.454162641817756E+0	19.977158248898622E+0
634.000000000000110E+0	174.781229002106020E-3	-1.243642215115402E+0
635.000000000000110E+0	8.793700849454986E+0	3.025469378721392E+0
636.000000000000110E+0	4.204007501265702E+0	1.636670659050579E+0
637.000000000000110E+0	10.109860380633178E+0	1.806786105927353E+0
638.000000000000110E+0	19.843649276848016E+0	-7.059267075052169E+0
639.000000000000110E+0	23.519688964736943E+0	-9.149241091047784E+0
640.000000000000110E+0	3.898452337952774E+0	3.051833629194156E+0
641.000000000000110E+0	16.433116703031434E+0	-19.102338754815936E+0
642.000000000000110E+0	37.196506311017416E+0	-36.896975399914076E+0
643.000000000000110E+0	27.536861834002945E+0	-29.526706055424945E+0
644.000000000000110E+0	17.896445750133363E+0	-25.502339724205822E+0
645.000000000000110E+0	13.874567270127432E+0	-25.163502752914411E+0
646.000000000000110E+0	40.838135770009202E+0	-77.591324055600722E+0
647.000000000000110E+0	56.530121856348536E+0	-104.736473295053800E+0
648.000000000000110E+0	42.496757782414235E+0	-106.315081858233200E+0
649.000000000000110E+0	10.868094593436934E+0	-50.492533119795929E+0
650.000000000000110E+0	-84.046204143846684E-3	-35.218752295600069E+0
651.000000000000110E+0	-21.101768112715334E+0	-291.953212210702930E+0
652.000000000000110E+0	-49.702959343316905E+0	-245.063938014177670E+0
653.000000000000110E+0	-21.909899548164315E+0	-59.078755177285210E+0
654.000000000000110E+0	-50.492754348992037E+0	-114.678030875034320E+0
655.000000000000110E+0	-51.653690464721670E+0	-97.384303955189253E+0
656.000000000000110E+0	-128.146480313933410E+0	-160.604689588257460E+0
657.000000000000110E+0	-160.754373205686590E+0	-145.634951678310410E+0
658.000000000000110E+0	-80.150325984360762E+0	-51.737744804740842E+0
659.000000000000110E+0	-33.106012832477710E+0	-22.184070508434282E+0
660.000000000000110E+0	-187.907873316901660E+0	-103.638635872195460E+0
661.000000000000110E+0	-248.972108577843360E+0	-95.714483513227918E+0
662.000000000000110E+0	-137.816679805317050E+0	-36.908773997766303E+0
663.000000000000110E+0	-49.118207975550064E+0	-17.267140620378214E+0
664.000000000000110E+0	-94.519225787317580E+0	-10.934599994832606E+0
665.000000000000110E+0	-223.759066338438460E+0	125.591695636677770E-3
666.000000000000110E+0	-124.888463838822370E+0	15.765152850663986E+0
667.000000000000110E+0	-209.223724090368790E+0	23.468739930542192E+0
668.000000000000110E+0	-45.999458937283940E+0	4.915705087149138E+0
669.000000000000110E+0	-126.161092719014770E+0	22.880457615213789E+0
670.000000000000110E+0	-299.967533561464510E+0	81.747908760270405E+0
671.000000000000110E+0	-140.553981219110310E+0	51.921073950006772E+0
672.000000000000110E+0	-41.080386565925508E+0	19.507714790392690E+0
673.000000000000110E+0	-70.050685789995143E+0	44.294720133714506E+0
674.000000000000110E+0	-102.881940490943860E+0	86.030915993808108E+0
675.000000000000110E+0	-144.102148438328100E+0	160.843255721019570E+0
676.000000000000110E+0	-65.579713577968505E+0	102.434491321662680E+0
677.000000000000110E+0	-39.329527228877772E+0	73.599129222885608E+0
678.000000000000110E+0	-22.604250598740013E+0	43.406806050595868E+0
679.000000000000110E+0	-38.406139151745315E+0	122.539144168885220E+0
680.000000000000110E+0	-12.151905012556956E+0	132.874295172150230E+0
681.000000000000110E+0	-1.275820485499846E+0	35.707868861419811E+0
682.000000000000110E+0	-1.531639186012085E+0	9.653877804583606E+0
683.000000000000110E+0	-7.061535975505928E+0	41.324743265619098E+0
684.000000000000110E+0	-10.383318062606756E+0	33.709070799087044E+0
685.000000000000110E+0	-5.427269070038905E+0	21.036223846316265E+0
686.000000000000110E+0	-13.921635812016991E+0	24.356933999034478E+0
687.000000000000110E+0	-3.596019046730806E+0	4.207728684067669E+0
688.000000000000110E+0	-32.154676852420941E+0	22.827455275246979E+0
689.000000000000110E+0	-50.075236923772323E+0	31.589877086564421E+0
690.000000000000110E+0	-27.790917273781115E+0	13.882181958363528E+0
691.000000000000110E+0	-10.895154032002925E+0	3.969862046198412E+0
692.000000000000110E+0	-15.908525472154235E+0	10.520020422077231E+0
693.000000000000110E+0	-56.829823956075799E+0	33.224267857740756E+0
694.000000000000110E+0	-28.764447696353834E+0	19.468336257141733E+0
695.000000000000110E+0	-19.896227021826888E+0	13.427395148341990E+0
696.000000000000110E+0	-21.019997359931175E+0	13.007823936126968E+0
697.000000000000110E+0	-20.559977318380962E+0	7.020495086496105E+0
698.000000000000110E+0	-50.129632045131132E+0	20.260422165630285E+0
699.000000000000110E+0	-59.806464067249024E+0	25.708319205501745E+0
700.000000000000110E+0	-10.905056647492286E+0	3.089848466484544E+0
701.000000000000110E+0	-14.328622713785830E+0	10.440744826835834E+0
702.000000000000110E+0	-52.389276142243503E+0	28.026106238108042E+0
703.000000000000110E+0	-49.357610379947992E+0	28.010281932979069E+0
704.000000000000110E+0	-29.288135599191225E+0	19.042857081418983E+0
705.000000000000110E+0	-27.017156128140108E+0	12.604871464015547E+0
706.000000000000110E+0	-20.644493049602925E+0	3.709628773482434E+0
707.000000000000110E+0	-48.606974743415982E+0	29.159445298169828E+0
708.000000000000110E+0	-40.483398207100990E+0	36.526716101189400E+0
709.000000000000110E+0	-32.097307112227043E+0	33.567309424581751E+0
710.000000000000110E+0	-5.112513767399507E+0	7.015061383182856E+0
711.000000000000110E+0	-43.499209752863237E+0	56.728957732289622E+0
712.000000000000110E+0	-71.835513788567610E+0	118.141879762056350E+0
713.000000000000110E+0	-25.018007906971903E+0	37.064342197533293E+0
714.000000000000110E+0	-15.927640127685407E+0	22.251765904822133E+0
715.000000000000110E+0	-14.680834168642789E+0	15.496789740763564E+0
716.000000000000110E+0	8.587682018560720E+0	14.055912831715133E+0
717.000000000000110E+0	41.337315487975246E+0	54.794078913759634E+0
718.000000000000110E+0	40.416646288835345E+0	33.784051927402302E+0
719.000000000000110E+0	17.156955345600892E+0	11.143543931205594E+0
720.000000000000110E+0	11.522805826916590E+0	17.031516978901259E+0
721.000000000000110E+0	44.876550162610457E+0	6.307550012351993E+0
722.000000000000110E+0	46.385934527000622E+0	-3.814876936519805E+0
723.000000000000110E+0	12.913820108773312E+0	-261.731197620347520E-3
724.000000000000110E+0	4.998859272051762E+0	-6.652770651765581E+0
725.000000000000110E+0	19.310298264277726E+0	-31.795456511143321E+0
726.000000000000110E+0	16.904312338884349E+0	-32.332236485620655E+0
727.000000000000110E+0	14.701455618009509E+0	-41.256666958842473E+0
728.000000000000110E+0	353.505946287448140E-3	-25.678089256967400E+0
729.000000000000110E+0	-357.026228511262200E-3	-4.514076226272775E+0
730.000000000000110E+0	-22.926283433148104E+0	-98.378555822739642E+0
731.000000000000110E+0	-35.857948928300310E+0	-135.801774171174460E+0
732.000000000000110E+0	-8.848797040798150E+0	-35.236025497977465E+0
733.000000000000110E+0	-14.804368066081732E+0	-35.071192423585913E+0
734.000000000000110E+0	-27.921196671383505E+0	-26.912472694397632E+0
735.000000000000110E+0	-123.256260160164320E+0	-89.730913442710104E+0
736.000000000000110E+0	-108.512833466878280E+0	-53.257517144751929E+0
737.000000000000110E+0	-91.194223009659481E+0	-30.823854745994360E+0
738.000000000000110E+0	-31.684255809918039E+0	-11.719457188109041E+0
739.000000000000110E+0	-84.927357558240146E+0	-6.509125244553472E+0
740.000000000000110E+0	-208.903506329140700E+0	-2.053186265532845E+0
741.000000000000110E+0	-123.902330792649880E+0	8.004817745346575E+0
742.000000000000110E+0	-17.470221229447226E+0	2.457406575875530E+0
743.000000000000110E+0	-74.063590882965002E+0	19.276594777821735E+0
744.000000000000110E+0	-116.517739251848780E+0	33.362670563242936E+0
745.000000000000110E+0	-74.937931309465100E+0	24.820757357784309E+0
746.000000000000110E+0	-90.625941119686232E+0	26.789072110051279E+0
747.000000000000110E+0	-36.067937088959773E+0	9.821982681702057E+0
748.000000000000110E+0	-30.749682536330177E+0	13.535515211806885E+0
749.000000000000110E+0	-138.432611225168840E+0	65.566155372277848E+0
750.000000000000110E+0	-104.255988594889230E+0	58.538046398722997E+0
751.000000000000110E+0	-39.794989889013856E+0	27.755149670206766E+0
752.000000000000110E+0	-19.987430506293816E+0	12.025894601729469E+0
753.000000000000110E+0	-98.311210865229086E+0	55.599873374411061E+0
754.000000000000110E+0	-146.047558718258410E+0	83.016253516007154E+0
755.000000000000110E+0	-57.987118820431668E+0	36.726259425831678E+0
756.000000000000110E+0	-55.171206158083450E+0	44.350099798340693E+0
757.000000000000110E+0	-30.757948296864345E+0	26.195324620523969E+0
758.000000000000110E+0	-81.831697109436703E+0	67.440619555761685E+0
759.000000000000110E+0	-169.139410570029470E+0	162.199785524010560E+0
760.000000000000110E+0	-54.441294400249468E+0	69.056114127761020E+0
761.000000000000110E+0	-14.865487997968241E+0	12.949719235660215E+0
762.000000000000110E+0	-77.016462100479117E+0	85.454679440246792E+0
763.000000000000110E+0	-111.907222795255360E+0	161.246285484064120E+0
764.000000000000110E+0	-41.722410638701774E+0	85.407537891423487E+0
765.000000000000110E+0	-27.556637043711969E+0	94.833307637653704E+0
766.000000000000110E+0	-11.309619855103881E+0	30.576595260492400E+0
767.000000000000110E+0	-16.495694495225532E+0	127.294799779189020E+0
768.000000000000110E+0	3.854383562810347E+0	190.578906806232790E+0
769.000000000000110E+0	37.280329402525616E+0	208.724169449612360E+0
770.000000000000110E+0	22.574159412736030E+0	74.584276400039329E+0
771.000000000000110E+0	17.473235908129226E+0	26.542693022786146E+0
772.000000000000110E+0	137.663148993084120E+0	142.695649240778580E+0
773.000000000000110E+0	111.379576241936850E+0	82.679049956394508E+0
774.000000000000110E+0	32.491809105158822E+0	22.264523663121398E+0
775.000000000000110E+0	37.082369923706153E+0	25.801003794568555E+0
776.000000000000110E+0	24.179427079585331E+0	17.251450100515335E+0
777.000000000000110E+0	50.537216401927012E+0	43.457079178922520E+0
778.000000000000110E+0	46.125340336625506E+0	46.020589596297597E+0
779.000000000000110E+0	7.005498694046641E+0	10.726173694394490E+0
780.000000000000110E+0	3.511403605431489E+0	4.623131457490858E+0
781.000000000000110E+0	3.282016853911300E+0	27.581479758242796E+0
782.000000000000110E+0	140.429590244154250E-3	32.135991847253898E+0
783.000000000000110E+0	-2.445766065986557E+0	20.559697298036649E+0
784.000000000000110E+0	-3.853403585267611E+0	6.709302856111298E+0
785.000000000000110E+0	-4.227536789206029E+0	11.793670895095630E+0
786.000000000000110E+0	-10.685373743783760E+0	27.950055268869601E+0
787.000000000000110E+0	-11.707103769916403E+0	30.490856819676388E+0
788.000000000000110E+0	-11.839016174520028E+0	35.632611357570624E+0
789.000000000000110E+0	513.667600573183720E-3	11.897693425969859E+0
790.000000000000110E+0	-27.014383999440163E+0	27.276102777045377E+0
791.000000000000110E+0	-73.268811433830805E+0	92.029945188205403E+0
792.000000000000110E+0	-28.581496853896418E+0	37.821238531310897E+0
793.000000000000110E+0	-18.087705657254958E+0	22.067662635886563E+0
794.000000000000110E+0	-25.292686811913438E+0	18.293869708378100E+0
795.000000000000110E+0	-46.397121037586444E+0	42.115564541360143E+0
796.000000000000110E+0	-71.392016110322984E+0	80.251259293219618E+0
797.000000000000110E+0	-79.293476638310622E+0	93.577244090495299E+0
798.000000000000110E+0	-28.574049067552785E+0	39.539209150243423E+0
799.000000000000110E+0	-16.216116297459081E+0	51.107509444388953E+0
800.000000000000110E+0	-75.911767937515947E+0	237.151623037704380E+0
801.000000000000110E+0	-76.663702344990639E+0	381.739469779284950E+0
802.000000000000110E+0	-3.081346173998690E+0	111.874209408499070E+0
803.000000000000110E+0	-3.070059451044009E+0	61.348656441596482E+0
804.000000000000110E+0	40.191425934549969E+0	190.126789528815180E+0
805.000000000000110E+0	88.487775006775507E+0	191.746817567770900E+0
806.000000000000110E+0	102.780234130272530E+0	174.552625274425570E+0
807.000000000000110E+0	121.910186551948040E+0	147.535985733309390E+0
808.000000000000110E+0	13.924008700620641E+0	13.257391644528667E+0
809.000000000000110E+0	218.781731123045890E+0	124.187660609607060E+0
810.000000000000110E+0	392.505863795279140E+0	135.694542897142240E+0
811.000000000000110E+0	186.617505384493770E+0	41.069714123254506E+0
812.000000000000110E+0	62.554622303361768E+0	15.131986971405851E+0
813.000000000000110E+0	69.763899842760750E+0	7.025918918346969E+0
814.000000000000110E+0	271.802746384477700E+0	-31.278504030383296E+0
815.000000000000110E+0	181.375739950347740E+0	-36.600535892297138E+0
816.000000000000110E+0	96.446732523878921E+0	-35.607869881583106E+0
817.000000000000110E+0	65.019249897581758E+0	-45.889706935515058E+0
818.000000000000110E+0	54.969601008930525E+0	-19.295496701226636E+0
819.000000000000110E+0	177.346681042691440E+0	-87.894779219288935E+0
820.000000000000110E+0	137.939667196333970E+0	-77.776147135048433E+0
821.000000000000110E+0	24.763932073295489E+0	-17.736371424489512E+0
822.000000000000110E+0	35.485524367885169E+0	-11.032385496342936E+0
823.000000000000110E+0	107.962630600998590E+0	-24.565657117749151E+0
824.000000000000110E+0	70.488255081074740E+0	-11.898536979693660E+0
825.000000000000110E+0	68.061780441018698E+0	-12.364676336378428E+0
826.000000000000110E+0	26.060558908569778E+0	-9.109088622840790E+0
827.000000000000110E+0	29.572930451375168E+0	-8.983471813716848E+0
828.000000000000110E+0	101.020699880334930E+0	-30.916334013001013E+0
829.000000000000110E+0	118.228470486924150E+0	-40.154669273959101E+0
830.000000000000110E+0	65.745278640148925E+0	-21.489226074890706E+0
831.000000000000110E+0	5.641744004755034E+0	-1.715629675816950E+0
832.000000000000110E+0	73.930757694095575E+0	-34.303971254545260E+0
833.000000000000110E+0	148.104360841690490E+0	-71.464826431158514E+0
834.000000000000110E+0	38.239698813500361E+0	-21.027220016464728E+0
835.000000000000110E+0	43.167802144948126E+0	-26.037942061221333E+0
836.000000000000110E+0	25.019543882973235E+0	-17.142857217357754E+0
837.000000000000110E+0	48.708695333582362E+0	-29.782306469783538E+0
838.000000000000110E+0	143.785578465072430E+0	-91.123147456430956E+0
839.000000000000110E+0	80.783178757470580E+0	-56.664694856280413E+0
840.000000000000110E+0	17.342479949080502E+0	-13.814607271625970E+0
841.000000000000110E+0	40.296039923863390E+0	-31.718478589448779E+0
842.000000000000110E+0	125.292090892338020E+0	-103.125793506343670E+0
843.000000000000110E+0	102.404216178538310E+0	-91.103799952249531E+0
844.000000000000110E+0	43.204726606029780E+0	-39.090408739344369E+0
845.000000000000110E+0	27.935503121231143E+0	-30.317692923000560E+0
846.000000000000110E+0	66.217460520045918E+0	-74.755117562323662E+0
847.000000000000110E+0	86.061776978154029E+0	-99.555396677239017E+0
848.000000000000110E+0	134.482892167186460E+0	-139.362114791631680E+0
849.000000000000110E+0	64.327724502538771E+0	-73.061966102744094E+0
850.000000000000110E+0	8.574014738833990E+0	-13.469235120698803E+0
851.000000000000110E+0	165.442641052908070E+0	-214.142050862044780E+0
852.000000000000110E+0	136.396946773003120E+0	-189.727499644104910E+0
853.000000000000110E+0	42.290026336836362E+0	-67.541203009403375E+0
854.000000000000110E+0	41.378771212016559E+0	-70.400265405142889E+0
855.000000000000110E+0	30.268456685499721E+0	-63.713418691232654E+0
856.000000000000110E+0	97.681364878757890E+0	-198.642457943865880E+0
857.000000000000110E+0	110.976596956865450E+0	-225.290258966150760E+0
858.000000000000110E+0	52.405538873824412E+0	-110.877139608870720E+0
859.000000000000110E+0	16.426515414077503E+0	-41.762500489692499E+0
860.000000000000110E+0	26.302324961856847E+0	-142.158163016997860E+0
861.000000000000110E+0	87.021551744318472E+0	-519.972777166909960E+0
862.000000000000110E+0	30.538513716130598E+0	-262.909593691679390E+0
863.000000000000110E+0	-3.821293127929818E+0	-42.224958204836106E+0
864.000000000000110E+0	-24.493082289687909E+0	-133.630785752500000E+0
865.000000000000110E+0	-80.986624202104551E+0	-273.167267450266880E+0
866.000000000000110E+0	-86.820328002940911E+0	-196.432366782792430E+0
867.000000000000110E+0	-164.045316857861140E+0	-300.739567563841940E+0
868.000000000000110E+0	-55.609581739945646E+0	-99.427346324654820E+0
869.000000000000110E+0	-65.488567327279213E+0	-67.399500111482155E+0
870.000000000000110E+0	-422.461484290607590E+0	-431.290316939817610E+0
871.000000000000110E+0	-298.979179729712770E+0	-253.415440519075450E+0
872.000000000000110E+0	-139.476540195157720E+0	-101.947014919245930E+0
873.000000000000110E+0	-46.289557709395758E+0	-21.286702305906108E+0
874.000000000000110E+0	-258.122572917892230E+0	-58.615230189369285E+0
875.000000000000110E+0	-416.626416039880610E+0	-56.393035871829298E+0
876.000000000000110E+0	-226.001042290623840E+0	-7.060757427428824E+0
877.000000000000110E+0	-206.039346028213630E+0	10.513197343103467E+0
878.000000000000110E+0	-60.002900425494978E+0	7.015784790746364E+0
879.000000000000110E+0	-207.597096957320810E+0	15.111321327729133E+0
880.000000000000110E+0	-469.452925514601700E+0	92.264684710699953E+0
881.000000000000110E+0	-189.781356403981280E+0	57.247911049195338E+0
882.000000000000110E+0	-39.181379832525181E+0	10.531239690574184E+0
883.000000000000110E+0	-165.559095016363760E+0	54.145058466142316E+0
884.000000000000110E+0	-207.941105214614480E+0	86.288308730994430E+0
885.000000000000110E+0	-169.952013136652740E+0	80.392304649397872E+0
886.000000000000110E+0	-123.675004461961930E+0	54.025974210060909E+0
887.000000000000110E+0	-46.502837659891256E+0	21.079833894281293E+0
888.000000000000110E+0	-106.709350826195800E+0	51.933354366686842E+0
889.000000000000110E+0	-224.132355813699490E+0	122.484567924299510E+0
890.000000000000110E+0	-149.886710582701250E+0	84.048919618466670E+0
891.000000000000110E+0	-51.793679381130609E+0	27.516938488733775E+0
892.000000000000110E+0	-40.776477310674544E+0	25.611774741973061E+0
893.000000000000110E+0	-222.228518635806440E+0	132.441494151938880E+0
894.000000000000110E+0	-112.226401441650100E+0	72.824109842236254E+0
895.000000000000110E+0	-54.536927350487346E+0	33.927895752902288E+0
896.000000000000110E+0	-56.282741716254371E+0	35.578705761458572E+0
897.000000000000110E+0	-23.602816513305800E+0	22.354149023117458E+0
898.000000000000110E+0	-150.150884479251570E+0	107.734635874493580E+0
899.000000000000110E+0	-164.061375468039330E+0	116.344015760477960E+0
900.000000000000110E+0	-47.698627829803236E+0	32.765727811493889E+0
901.000000000000110E+0	-14.838852173825069E+0	10.401526427313126E+0
902.000000000000110E+0	-91.837710557108863E+0	65.353028851823367E+0
903.000000000000110E+0	-118.199863868208500E+0	89.504517660715351E+0
904.000000000000110E+0	-53.551067229352704E+0	44.175898708915454E+0
905.000000000000110E+0	-19.605332728343079E+0	23.616116088981663E+0
906.000000000000110E+0	-36.287274056434043E+0	34.877585159940892E+0
907.000000000000110E+0	-62.355388747636503E+0	52.279054417735963E+0
908.000000000000110E+0	-110.798876759126560E+0	97.001634357936467E+0
909.000000000000110E+0	-96.847824519719367E+0	86.246270362135860E+0
910.000000000000110E+0	-17.803301900131252E+0	13.570542597450270E+0
911.000000000000110E+0	-45.427113699527950E+0	49.071390739161565E+0
912.000000000000110E+0	-172.870089223636940E+0	186.751580051389680E+0
913.000000000000110E+0	-64.617403512137628E+0	80.436371771598317E+0
914.000000000000110E+0	-26.502554226430327E+0	44.446280651676645E+0
915.000000000000110E+0	-36.248958161166982E+0	57.037805436265259E+0
916.000000000000110E+0	-46.589515150018158E+0	61.972846952256795E+0
917.000000000000110E+0	-129.957815342562300E+0	190.080016790735500E+0
918.000000000000110E+0	-89.102699433302888E+0	140.528731345338030E+0
919.000000000000110E+0	-39.844638773650814E+0	84.629024459665828E+0
920.000000000000110E+0	-7.496057003736825E+0	21.605890574513296E+0
921.000000000000110E+0	-81.505008277317060E+0	256.497822848202870E+0
922.000000000000110E+0	-87.780647954444277E+0	336.849845377203450E+0
923.000000000000110E+0	-22.666816198979678E+0	132.713193661807250E+0
924.000000000000110E+0	-5.530924747414993E+0	65.111832695445386E+0
925.000000000000110E+0	-19.757285224988337E+0	184.144840487454560E+0
926.000000000000110E+0	-13.721125068173649E+0	204.826940901447330E+0
927.000000000000110E+0	47.746343414937215E+0	290.882813705228040E+0
928.000000000000110E+0	78.007232429700608E+0	258.290812480416040E+0
929.000000000000110E+0	12.884846294825897E+0	31.703956243980770E+0
930.000000000000110E+0	166.703651842839380E+0	230.342711671281820E+0
931.000000000000110E+0	345.103912375663300E+0	350.608029507357060E+0
932.000000000000110E+0	176.593119827358010E+0	139.785719549355430E+0
933.000000000000110E+0	68.976836197400047E+0	50.073707734132576E+0
934.000000000000110E+0	90.466040773940492E+0	42.927387753416411E+0
935.000000000000110E+0	228.814481762227300E+0	74.378951746794058E+0
936.000000000000110E+0	214.861338500699820E+0	48.708563316819088E+0
937.000000000000110E+0	121.735916598966670E+0	10.043442098311100E+0
938.000000000000110E+0	86.588951806455839E+0	-5.788241526094501E+0
939.000000000000110E+0	44.051624157628481E+0	10.364939546426019E+0
940.000000000000110E+0	242.386814362545640E+0	1.974619425624363E+0
941.000000000000110E+0	169.740958636710500E+0	-16.439650296998188E+0
942.000000000000110E+0	25.411515376115808E+0	-3.086026563262859E+0
943.000000000000110E+0	41.315320750679824E+0	-17.428102176528093E+0
944.000000000000110E+0	99.486419723032796E+0	-46.721682204249987E+0
945.000000000000110E+0	74.049102986475049E+0	-39.213579084428474E+0
946.000000000000110E+0	70.363819191181506E+0	-33.125580226640317E+0
947.000000000000110E+0	32.914875108745072E+0	-16.090608409205739E+0
948.000000000000110E+0	18.806846936935010E+0	-1.449412462080688E+0
949.000000000000110E+0	52.896338554982741E+0	-6.392811637105320E+0
950.000000000000110E+0	40.215499139800968E+0	-3.078926063599607E+0
951.000000000000110E+0	13.298312433320799E+0	455.122693697475380E-3
952.000000000000110E+0	-220.950435280295870E-3	-3.962883090782741E+0
953.000000000000110E+0	26.636453941789675E+0	-16.331510470664444E+0
954.000000000000110E+0	36.235117936418440E+0	-15.733194739014120E+0
955.000000000000110E+0	17.620596490648744E+0	-7.272053396026261E+0
956.000000000000110E+0	23.278480470818391E+0	44.281126331521883E-3
957.000000000000110E+0	13.950665940564917E+0	1.949742857054288E+0
958.000000000000110E+0	20.650650870279140E+0	9.031179986108816E+0
959.000000000000110E+0	58.968833943126697E+0	17.003497760771275E+0
960.000000000000110E+0	21.252088437904945E+0	8.290342844259992E+0
961.000000000000110E+0	826.706515911166170E-3	546.317311038150730E-3
962.000000000000110E+0	17.746094278628977E+0	-2.988180263709474E+0
963.000000000000110E+0	38.988052114607207E+0	-1.309792478754042E+0
964.000000000000110E+0	37.251700529467200E+0	2.283101010333400E+0
965.000000000000110E+0	12.086374951117145E+0	1.966457655295707E+0
966.000000000000110E+0	10.744087437235667E+0	-1.280082956093765E+0
967.000000000000110E+0	16.890121581782356E+0	-2.900258017191070E+0
968.000000000000110E+0	32.142570405717777E+0	-11.246197719103767E+0
969.000000000000110E+0	35.282129083285902E+0	-18.068252853113286E+0
970.000000000000110E+0	12.176144462319813E+0	-8.708741380847524E+0
971.000000000000110E+0	6.185395348203743E+0	-1.670495309322275E+0
972.000000000000110E+0	54.137621079270374E+0	-34.393804824814396E+0
973.000000000000110E+0	31.263967574906410E+0	-24.040282666330281E+0
974.000000000000110E+0	6.556569926719341E+0	-5.770611382011806E+0
975.000000000000110E+0	4.745117632916436E+0	-7.231185113821280E+0
976.000000000000110E+0	1.655745519762095E+0	-6.333395325030518E+0
977.000000000000110E+0	11.714018631726775E+0	-34.788787957116554E+0
978.000000000000110E+0	17.887669200425954E+0	-50.325748162376790E+0
979.000000000000110E+0	8.296023642807974E+0	-20.298632800549498E+0
980.000000000000110E+0	2.212299715245158E+0	-470.445595431835510E-3
981.000000000000110E+0	-7.652605814140803E+0	-19.784812562709739E+0
982.000000000000110E+0	-24.619310194175586E+0	-59.094909339108447E+0
983.000000000000110E+0	-19.322034218897016E+0	-31.616164021246078E+0
984.000000000000110E+0	44.025679870033002E-3	-1.530808274242043E+0
985.000000000000110E+0	-10.336721534384120E+0	-13.974377804129332E+0
986.000000000000110E+0	-14.539528843717202E+0	-18.327144338015504E+0
987.000000000000110E+0	-24.009504043900705E+0	-18.762373693355052E+0
988.000000000000110E+0	-39.705409802390491E+0	-12.453982889408403E+0
989.000000000000110E+0	-8.305171663521934E+0	-1.093034062442221E+0
990.000000000000110E+0	-12.316155232437147E+0	2.895018175799558E+0
991.000000000000110E+0	-67.013184157022877E+0	17.632404096236726E+0
992.000000000000110E+0	-31.560829213188487E+0	10.802441480703163E+0
993.000000000000110E+0	-7.501606377249542E+0	1.068429876957891E+0
994.000000000000110E+0	-2.343744493547056E+0	-671.833612767080650E-3
995.000000000000110E+0	-9.496349802411444E+0	3.280450566907169E+0
996.000000000000110E+0	-13.783194779873085E+0	11.714332769075563E+0
997.000000000000110E+0	-893.121249103738020E-3	6.860537058416992E+0
998.000000000000110E+0	338.139543013420810E-3	10.853146051552786E+0
999.000000000000110E+0	540.783967440387260E-3	-311.895303179384080E-3
1.000000000000000E+3	-9.400648988836606E+0	19.013955135186098E+0
