Freq (Hz)	accelerometre (V^2 )	source
source
source(V^2 )
10.000000000000020E+0	10.137202848198168E-3	160.935425203465150E-3
11.000000000000021E+0	1.929173270922628E-3	350.137554264641490E-3
12.000000000000023E+0	1.617242361405042E-3	933.529018667233810E-3
13.000000000000025E+0	1.202045732003402E-3	955.176370149044880E-3
14.000000000000027E+0	6.068101901087038E-3	1.878021319564510E+0
15.000000000000028E+0	4.996208837990191E-3	2.450782672441741E+0
16.000000000000032E+0	920.677375695955850E-6	3.076572768601472E+0
17.000000000000036E+0	19.371279648578106E-3	4.458506109744572E+0
18.000000000000039E+0	12.835250859172401E-3	4.650316977815271E+0
19.000000000000043E+0	18.100705628426243E-3	4.910263984023756E+0
20.000000000000046E+0	43.751579770036735E-3	6.211551274919602E+0
21.000000000000050E+0	57.808411756106057E-3	8.167902502749815E+0
22.000000000000053E+0	73.062098060403563E-3	9.249119403850498E+0
23.000000000000057E+0	148.865420213461330E-3	10.701231350009447E+0
24.000000000000060E+0	304.682963532929400E-3	16.732357129602150E+0
25.000000000000064E+0	850.368825268499110E-3	23.789808601018485E+0
26.000000000000067E+0	1.914716428134887E+0	40.328446308530701E+0
27.000000000000071E+0	986.821763942558940E-3	31.746505636244727E+0
28.000000000000075E+0	716.923741354628440E-3	30.208945488027155E+0
29.000000000000078E+0	229.642560819298760E-3	17.854162179122767E+0
30.000000000000082E+0	866.601739985269680E-3	14.710987298873226E+0
31.000000000000085E+0	3.007245358200322E+0	22.568170684533506E+0
32.000000000000085E+0	2.820306946824614E+0	28.383902504169686E+0
33.000000000000085E+0	2.342421407492524E+0	28.289086884798685E+0
34.000000000000085E+0	1.347971530943739E+0	17.771628534898021E+0
35.000000000000085E+0	2.503172622639059E+0	14.218758760126551E+0
36.000000000000085E+0	4.707901041187515E+0	34.895348005512922E+0
37.000000000000085E+0	648.760560656203240E-3	54.693598815023733E+0
38.000000000000085E+0	605.681799850972810E-3	38.198588186392101E+0
39.000000000000085E+0	343.737146211821610E-3	16.046747063459932E+0
40.000000000000085E+0	349.029633931381870E-3	31.763360519626712E+0
41.000000000000085E+0	1.909687731741289E+0	72.133391241467308E+0
42.000000000000085E+0	2.761564320984298E+0	61.966152723859508E+0
43.000000000000085E+0	1.061364306167304E+0	28.426998971577017E+0
44.000000000000085E+0	759.984153556347740E-3	17.754886708446939E+0
45.000000000000085E+0	2.403724003674715E+0	45.413049375149647E+0
46.000000000000085E+0	4.208289935283039E+0	76.259776441637939E+0
47.000000000000085E+0	4.244623122130172E+0	68.644625156231015E+0
48.000000000000085E+0	2.108277404513598E+0	27.767503365540232E+0
49.000000000000085E+0	1.882487244470039E+0	28.473756360450558E+0
50.000000000000085E+0	4.652347012148780E+0	92.385539105558209E+0
51.000000000000085E+0	4.562385962556175E+0	122.321651204579960E+0
52.000000000000085E+0	1.417483107841649E+0	67.794404282002986E+0
53.000000000000085E+0	251.667538276897080E-3	33.460740497923688E+0
54.000000000000085E+0	490.474654483046110E-3	75.552080792680115E+0
55.000000000000085E+0	1.521349971876442E+0	101.011371706449240E+0
56.000000000000085E+0	1.970339464362066E+0	102.284892374050240E+0
57.000000000000085E+0	2.639748451550201E+0	66.709024738577241E+0
58.000000000000085E+0	2.112170289919404E+0	20.441266175464268E+0
59.000000000000085E+0	4.686600439614161E+0	107.458355532730560E+0
60.000000000000085E+0	12.159542244439299E+0	209.510087255797170E+0
61.000000000000085E+0	11.558860979004534E+0	123.885784066226700E+0
62.000000000000085E+0	8.342209677700950E+0	45.890981478508777E+0
63.000000000000085E+0	16.631221630933858E+0	158.594831225405040E+0
64.000000000000085E+0	20.801189550372598E+0	228.378095153261310E+0
65.000000000000085E+0	23.248288745655781E+0	303.405278890830740E+0
66.000000000000085E+0	16.447887672007958E+0	320.573742960872890E+0
67.000000000000085E+0	2.389925836958493E+0	99.615682820825754E+0
68.000000000000085E+0	3.998500692442633E+0	113.743656470617990E+0
69.000000000000085E+0	7.383287339202018E+0	345.747736395440140E+0
70.000000000000085E+0	4.816120880595084E+0	350.439334091148450E+0
71.000000000000085E+0	3.272188274422500E+0	128.954844234590750E+0
72.000000000000085E+0	1.740721020666575E+0	116.786492925442330E+0
73.000000000000085E+0	7.087281764727402E+0	275.437681191819590E+0
74.000000000000085E+0	13.513322565047565E+0	304.925720000091760E+0
75.000000000000085E+0	12.344566467547882E+0	306.116284349152010E+0
76.000000000000085E+0	6.494533176380202E+0	240.898686918122000E+0
77.000000000000085E+0	6.469409281822189E+0	121.740284693773590E+0
78.000000000000085E+0	18.428264233129692E+0	458.630591279253280E+0
79.000000000000085E+0	12.290562092037497E+0	476.869532070166600E+0
80.000000000000085E+0	1.190568628756836E+0	128.948721618260290E+0
81.000000000000085E+0	826.826320693069940E-3	72.495605341600154E+0
82.000000000000085E+0	2.321693530011010E+0	161.139200948319600E+0
83.000000000000085E+0	3.240100041138910E+0	227.209588733104450E+0
84.000000000000085E+0	1.249371062300882E+0	137.808468299667450E+0
85.000000000000085E+0	273.780971128857580E-3	54.203104055371170E+0
86.000000000000085E+0	298.536629034119980E-3	39.194750475321385E+0
87.000000000000085E+0	108.079390147170800E-3	49.923601132608383E+0
88.000000000000085E+0	368.007412495355850E-3	227.189997323306760E+0
89.000000000000085E+0	404.994218281759350E-3	172.688676451798360E+0
90.000000000000085E+0	116.630412489531360E-3	3.313590081709257E+0
91.000000000000085E+0	39.056956466287429E-3	68.851434426282964E+0
92.000000000000085E+0	209.938491430016360E-3	103.575198366219570E+0
93.000000000000085E+0	53.304778910875948E-3	60.782844824474260E+0
94.000000000000085E+0	30.372958210969192E-3	50.665132823121880E+0
95.000000000000085E+0	31.497424266412492E-3	25.554175605230419E+0
96.000000000000085E+0	46.913597163116993E-3	26.415045679327374E+0
97.000000000000085E+0	132.073322461450040E-3	103.859786549195590E+0
98.000000000000085E+0	50.520744400161965E-3	97.557844942364639E+0
99.000000000000085E+0	10.732511262010472E-3	36.978523059505775E+0
100.000000000000090E+0	827.340395953044320E-3	7.416458746544594E+0
101.000000000000090E+0	2.590660913764937E+0	109.377433805394640E+0
102.000000000000090E+0	2.442182341367398E+0	151.772757987159020E+0
103.000000000000090E+0	3.114869655035686E+0	27.121952046999155E+0
104.000000000000090E+0	4.385738580390258E+0	57.137980424046098E+0
105.000000000000090E+0	2.602119643109560E+0	25.886386642244286E+0
106.000000000000090E+0	5.292800860075710E+0	68.446603789214890E+0
107.000000000000090E+0	12.495718952597505E+0	175.193690888937770E+0
108.000000000000090E+0	8.913878434073053E+0	94.346983771630761E+0
109.000000000000090E+0	389.097474732668650E-3	6.784990508587794E+0
110.000000000000090E+0	9.473144541075850E+0	78.057574358516689E+0
111.000000000000090E+0	17.469661403367596E+0	153.225886686493230E+0
112.000000000000090E+0	10.196795572820838E+0	90.593413790282852E+0
113.000000000000090E+0	5.283762025752748E+0	49.292570292715368E+0
114.000000000000090E+0	6.835198585112761E+0	26.402455847487545E+0
115.000000000000090E+0	16.856294775882656E+0	83.149578550843245E+0
116.000000000000090E+0	19.326058446996551E+0	117.840914154859480E+0
117.000000000000090E+0	28.215559462899478E+0	181.302608157895430E+0
118.000000000000090E+0	15.485441519662107E+0	99.738209103330106E+0
119.000000000000090E+0	7.403065520294566E+0	14.789329448844118E+0
120.000000000000090E+0	89.790396315672098E+0	321.904494087254420E+0
121.000000000000090E+0	95.449623136201239E+0	352.205618832922600E+0
122.000000000000090E+0	37.143523723913688E+0	63.446448349337423E+0
123.000000000000090E+0	74.519274117103862E+0	180.183008536228900E+0
124.000000000000090E+0	50.200953516931591E+0	111.263316900663280E+0
125.000000000000090E+0	152.528336798695510E+0	374.141383480317640E+0
126.000000000000090E+0	163.123421037100710E+0	407.870460733474200E+0
127.000000000000090E+0	100.904937246784970E+0	274.269492539554560E+0
128.000000000000090E+0	20.428727898140988E+0	40.894144244390318E+0
129.000000000000090E+0	205.360024415606490E+0	282.345181631254490E+0
130.000000000000090E+0	297.671407121608350E+0	461.372556980505120E+0
131.000000000000090E+0	176.957522747992020E+0	266.859179013051630E+0
132.000000000000090E+0	58.023671953708707E+0	61.128496051464481E+0
133.000000000000090E+0	148.974913749847330E+0	181.412859600846500E+0
134.000000000000090E+0	123.660380985272720E+0	194.879093553443200E+0
135.000000000000090E+0	99.850928954226248E+0	160.022455154351320E+0
136.000000000000090E+0	129.964969312363590E+0	224.102057891299490E+0
137.000000000000090E+0	19.620256011314090E+0	63.354988931498404E+0
138.000000000000090E+0	79.734932680135884E+0	80.614134067930180E+0
139.000000000000090E+0	212.773933127032250E+0	303.464605460519460E+0
140.000000000000090E+0	94.259063852002427E+0	156.990667458479090E+0
141.000000000000090E+0	48.950803705678183E+0	66.682605667618063E+0
142.000000000000090E+0	39.736295233536644E+0	55.217583538338523E+0
143.000000000000090E+0	57.234375658734336E+0	102.333846518332990E+0
144.000000000000090E+0	53.847586161225671E+0	118.359299376916710E+0
145.000000000000090E+0	32.017996300038291E+0	76.712322660929516E+0
146.000000000000090E+0	27.638487349620881E+0	78.159128781742197E+0
147.000000000000090E+0	5.818027129018864E+0	28.721169480990181E+0
148.000000000000090E+0	105.568313599306250E+0	135.025569334059900E+0
149.000000000000090E+0	138.159800978826840E+0	230.201070442453730E+0
150.000000000000090E+0	36.251326946170742E+0	82.153782524143381E+0
151.000000000000090E+0	25.267097901721069E+0	34.027686679205843E+0
152.000000000000090E+0	82.625584240813623E+0	132.139424493249860E+0
153.000000000000090E+0	53.747270981853532E+0	127.563226880808930E+0
154.000000000000090E+0	35.514700986151823E+0	95.905932353026856E+0
155.000000000000090E+0	30.404794977768745E+0	112.125332644027740E+0
156.000000000000090E+0	3.052025338916622E+0	32.920232598376877E+0
157.000000000000090E+0	37.679465057559859E+0	138.996915499294970E+0
158.000000000000090E+0	48.115512327135796E+0	185.762435044351830E+0
159.000000000000090E+0	27.897448097876957E+0	120.510278421474960E+0
160.000000000000090E+0	17.698990421300586E+0	45.638549843080881E+0
161.000000000000090E+0	27.700465196334726E+0	72.765330381910601E+0
162.000000000000090E+0	90.116528458449693E+0	235.979930632813790E+0
163.000000000000090E+0	50.165621931640992E+0	102.629797519345290E+0
164.000000000000090E+0	29.088740117467598E+0	58.115953096448649E+0
165.000000000000090E+0	38.559836916301990E+0	84.977323844985292E+0
166.000000000000090E+0	15.209326626434342E+0	42.884474863839458E+0
167.000000000000090E+0	66.422501343887660E+0	225.783995917068810E+0
168.000000000000090E+0	80.531653742907423E+0	212.477160169667660E+0
169.000000000000090E+0	21.927762792000667E+0	50.482058079108192E+0
170.000000000000090E+0	32.670976259677367E+0	58.136873116540165E+0
171.000000000000090E+0	83.696171800138231E+0	170.353970128465510E+0
172.000000000000090E+0	87.465786990943911E+0	168.062850338089620E+0
173.000000000000090E+0	64.908969895550882E+0	88.910348345497681E+0
174.000000000000090E+0	45.085539697021183E+0	51.985735429339471E+0
175.000000000000090E+0	59.539625093854411E+0	66.891667761064170E+0
176.000000000000090E+0	171.495632245143640E+0	190.221917850905190E+0
177.000000000000090E+0	146.379403127048050E+0	163.879599104146170E+0
178.000000000000090E+0	152.962124261386690E+0	181.444058369420250E+0
179.000000000000090E+0	39.710491641362971E+0	26.558009334772937E+0
180.000000000000090E+0	110.402518929889240E+0	175.567095958459330E+0
181.000000000000090E+0	141.582382101887220E+0	311.339077958157130E+0
182.000000000000090E+0	35.360172993256739E+0	95.463428221510682E+0
183.000000000000090E+0	61.767270032011460E+0	100.208204951902870E+0
184.000000000000090E+0	64.128984056871928E+0	91.605875720634600E+0
185.000000000000090E+0	113.007452546637820E+0	167.229633338205450E+0
186.000000000000090E+0	122.271037097271760E+0	289.018461309124520E+0
187.000000000000090E+0	73.398247606890976E+0	217.516014279124480E+0
188.000000000000090E+0	24.786612380203945E+0	66.332385660846128E+0
189.000000000000090E+0	19.874853565898633E+0	115.519749529246920E+0
190.000000000000090E+0	54.564206578555215E+0	360.217025724655230E+0
191.000000000000090E+0	65.805661140453267E+0	442.761642425513680E+0
192.000000000000090E+0	22.985479436143454E+0	155.811353667731230E+0
193.000000000000090E+0	29.837666770522361E+0	141.486330016507390E+0
194.000000000000090E+0	61.368753602036392E+0	315.987539766324460E+0
195.000000000000090E+0	57.091217317862586E+0	312.054089710535950E+0
196.000000000000090E+0	63.270875482843770E+0	378.270087265736260E+0
197.000000000000090E+0	49.793073547932124E+0	273.875586566212920E+0
198.000000000000090E+0	17.884383650994810E+0	55.852749462423027E+0
199.000000000000090E+0	91.054969582605580E+0	499.486163130053800E+0
200.000000000000090E+0	78.528271587128415E+0	454.569057729979820E+0
201.000000000000090E+0	23.329448498394150E+0	136.782610090017100E+0
202.000000000000090E+0	19.716233025862213E+0	128.287664444836910E+0
203.000000000000090E+0	28.795483015182413E+0	90.614954188614888E+0
204.000000000000090E+0	81.176602369813636E+0	304.115983891046600E+0
205.000000000000090E+0	54.355516169103978E+0	198.854478601055830E+0
206.000000000000090E+0	36.133946504561877E+0	185.391429108742270E+0
207.000000000000090E+0	14.159541192272741E+0	88.327180775161580E+0
208.000000000000090E+0	15.359492590464018E+0	92.887557938536474E+0
209.000000000000090E+0	51.410720595631801E+0	282.206080125123490E+0
210.000000000000080E+0	39.944354699901176E+0	208.663394805391140E+0
211.000000000000080E+0	10.629220611766097E+0	47.635961611562649E+0
212.000000000000080E+0	21.923043213722870E+0	137.401319399515780E+0
213.000000000000080E+0	25.000883205737090E+0	189.368416464849560E+0
214.000000000000080E+0	20.687613786827281E+0	121.165322921864910E+0
215.000000000000080E+0	27.653762921559416E+0	171.414312112526570E+0
216.000000000000080E+0	14.203037112264017E+0	96.223187633973140E+0
217.000000000000080E+0	5.070046942928062E+0	63.330941413813079E+0
218.000000000000080E+0	24.258872781172066E+0	231.350052107919570E+0
219.000000000000080E+0	28.222865368211881E+0	192.921055021651740E+0
220.000000000000080E+0	21.303634160485593E+0	110.422984091943140E+0
221.000000000000080E+0	20.934277997844429E+0	66.743125537728389E+0
222.000000000000080E+0	29.881296879145157E+0	138.542593010411740E+0
223.000000000000080E+0	19.518502200433449E+0	213.277430734507420E+0
224.000000000000080E+0	4.318882917131587E+0	94.115686667058568E+0
225.000000000000080E+0	9.519547366823501E+0	171.995628419057850E+0
226.000000000000080E+0	3.194213608514111E+0	74.986108036532912E+0
227.000000000000080E+0	8.378625182447355E+0	132.353568572777450E+0
228.000000000000080E+0	14.897426531787826E+0	272.247378804377320E+0
229.000000000000080E+0	7.819200283901853E+0	141.593205703412140E+0
230.000000000000080E+0	6.940496520980179E+0	56.429297237953300E+0
231.000000000000080E+0	12.531718305447770E+0	139.402541369787260E+0
232.000000000000080E+0	10.397161827506968E+0	174.965798361837070E+0
233.000000000000080E+0	2.701986209829429E+0	127.325608833856070E+0
234.000000000000080E+0	2.349884259499851E+0	165.115354607865410E+0
235.000000000000080E+0	3.685022818479312E+0	85.845752962457411E+0
236.000000000000080E+0	5.366314632316547E+0	130.079710810909690E+0
237.000000000000080E+0	5.496338774151917E+0	171.821086840667390E+0
238.000000000000080E+0	3.646805027727700E+0	230.824079154543740E+0
239.000000000000080E+0	850.953417520747600E-3	105.092515087798460E+0
240.000000000000080E+0	1.634793970372224E+0	67.232872873607889E+0
241.000000000000080E+0	4.399112298065748E+0	248.333281067672570E+0
242.000000000000080E+0	2.183335068095952E+0	164.065088292297730E+0
243.000000000000080E+0	966.900567937052150E-3	85.822797102353974E+0
244.000000000000080E+0	3.378721114077512E+0	179.903818963982250E+0
245.000000000000080E+0	1.710063064089448E+0	68.525805362894829E+0
246.000000000000080E+0	7.332325381719838E+0	174.007097238649920E+0
247.000000000000080E+0	7.035336289207223E+0	209.031686935117760E+0
248.000000000000080E+0	2.100986045978045E+0	117.998782897674570E+0
249.000000000000080E+0	312.419188653557720E-3	63.096487918956427E+0
250.000000000000080E+0	4.878228474430321E+0	147.356083679120330E+0
251.000000000000080E+0	8.070519474676814E+0	229.069752305642480E+0
252.000000000000080E+0	3.931611409179126E+0	110.120519476661340E+0
253.000000000000080E+0	2.181504848600789E+0	106.725174881606790E+0
254.000000000000080E+0	4.507570415218622E+0	123.029306725886130E+0
255.000000000000080E+0	12.515230018147767E+0	120.258373728950260E+0
256.000000000000110E+0	20.866556911749122E+0	140.537474834894170E+0
257.000000000000110E+0	19.694023985107343E+0	231.797722152542230E+0
258.000000000000110E+0	7.598122014808384E+0	73.610690128545414E+0
259.000000000000110E+0	3.356618976650852E+0	103.158160929810990E+0
260.000000000000110E+0	7.040944450066030E+0	285.062434016975490E+0
261.000000000000110E+0	1.480939125110027E+0	110.221818935385020E+0
262.000000000000110E+0	12.895092849018095E+0	113.597783704382100E+0
263.000000000000110E+0	30.796324699049400E+0	112.254743730543780E+0
264.000000000000110E+0	45.427860192538873E+0	122.830373642420030E+0
265.000000000000110E+0	40.909617977496438E+0	162.381518236511680E+0
266.000000000000110E+0	13.743553284132100E+0	165.150643970039060E+0
267.000000000000110E+0	21.641168203403417E+0	163.638866125332010E+0
268.000000000000110E+0	17.041985990564328E+0	54.826052227561398E+0
269.000000000000110E+0	3.266741825360508E+0	174.384271971619910E+0
270.000000000000110E+0	7.093579571128018E+0	306.810270444098310E+0
271.000000000000110E+0	198.941024743463120E-3	77.778496711791234E+0
272.000000000000110E+0	8.081786387961760E+0	127.595938411295750E+0
273.000000000000110E+0	7.171234506238743E+0	163.651039952938990E+0
274.000000000000110E+0	6.985991452019431E+0	142.963960864489620E+0
275.000000000000110E+0	8.261850778654903E+0	167.498957859639740E+0
276.000000000000110E+0	9.613654846667227E+0	227.434311858720600E+0
277.000000000000110E+0	14.673572333120575E+0	62.206914229099460E+0
278.000000000000110E+0	11.776233209588842E+0	175.114109761275020E+0
279.000000000000110E+0	27.401139832684311E+0	271.150508868519810E+0
280.000000000000110E+0	19.083358366601441E+0	177.125815289129150E+0
281.000000000000110E+0	11.529331331789910E+0	114.547501337617150E+0
282.000000000000110E+0	17.644389634113494E+0	122.568284703272840E+0
283.000000000000110E+0	52.566822460605564E+0	329.389123999622710E+0
284.000000000000110E+0	34.828775168588187E+0	146.294698941102690E+0
285.000000000000110E+0	67.355930150087673E+0	209.128130050139300E+0
286.000000000000110E+0	110.315815057826090E+0	230.439816542517660E+0
287.000000000000110E+0	53.033717801400186E+0	62.624583785922255E+0
288.000000000000110E+0	212.484445602840650E+0	365.050737698780380E+0
289.000000000000110E+0	165.924804699044610E+0	315.439169419041770E+0
290.000000000000110E+0	63.506441999417383E+0	93.275785294411904E+0
291.000000000000110E+0	84.877758922754964E+0	142.946477559306060E+0
292.000000000000110E+0	105.705511793697990E+0	230.619340777408810E+0
293.000000000000110E+0	96.846045091478714E+0	187.927442269748720E+0
294.000000000000110E+0	86.592753033131316E+0	160.341486253109250E+0
295.000000000000110E+0	74.175134083228826E+0	166.261728018499950E+0
296.000000000000110E+0	39.183081119453377E+0	122.742866508359910E+0
297.000000000000110E+0	35.363814090273266E+0	150.208820995866920E+0
298.000000000000110E+0	45.427119761321933E+0	272.013665147448700E+0
299.000000000000110E+0	26.070299936552328E+0	196.895091897289520E+0
300.000000000000110E+0	7.174311019777184E+0	65.024079813678057E+0
301.000000000000110E+0	13.890260426337935E+0	185.439049661673460E+0
302.000000000000110E+0	29.789650837832511E+0	336.623047928192420E+0
303.000000000000110E+0	7.671772549285995E+0	83.511788595533801E+0
304.000000000000110E+0	23.008637678105561E+0	209.350482270465360E+0
305.000000000000110E+0	13.648832191011587E+0	127.599440685139510E+0
306.000000000000110E+0	10.409219244091593E+0	114.855062156403820E+0
307.000000000000110E+0	27.448153858110793E+0	256.884082579070310E+0
308.000000000000110E+0	22.082674170215583E+0	191.218478846311540E+0
309.000000000000110E+0	12.296782534989154E+0	102.588845408763900E+0
310.000000000000110E+0	12.663170981770643E+0	102.869880970171860E+0
311.000000000000110E+0	37.046899813246220E+0	260.087655617547740E+0
312.000000000000110E+0	33.477516494959936E+0	239.394091611374360E+0
313.000000000000110E+0	19.214854005948670E+0	97.545090009857517E+0
314.000000000000110E+0	28.010680360332223E+0	157.935029613256320E+0
315.000000000000110E+0	31.470398486294790E+0	163.135046717069290E+0
316.000000000000110E+0	35.969796125767793E+0	149.105379917535800E+0
317.000000000000110E+0	64.596932284221495E+0	288.258666669374350E+0
318.000000000000110E+0	52.113245384810966E+0	187.366002957133450E+0
319.000000000000110E+0	10.922187923701014E+0	52.460885667944524E+0
320.000000000000110E+0	90.574150179783174E+0	299.161003149426390E+0
321.000000000000110E+0	122.948175434666500E+0	321.668456435924550E+0
322.000000000000110E+0	52.212505060772727E+0	123.818794742901470E+0
323.000000000000110E+0	73.671496546708411E+0	165.981033841943800E+0
324.000000000000110E+0	63.482406125168744E+0	130.944680147180350E+0
325.000000000000110E+0	102.958543307271990E+0	246.109922233184220E+0
326.000000000000110E+0	96.632995653807100E+0	225.184585807756180E+0
327.000000000000110E+0	71.832261614122970E+0	197.630751297838460E+0
328.000000000000110E+0	59.888365920468153E+0	143.937653704573820E+0
329.000000000000110E+0	29.552582156864055E+0	101.616235544818720E+0
330.000000000000110E+0	141.489195913965970E+0	413.668958464244780E+0
331.000000000000110E+0	83.552002261716240E+0	211.935730737721540E+0
332.000000000000110E+0	47.106638903568964E+0	96.174150495684827E+0
333.000000000000110E+0	53.226195757461610E+0	165.308075003928910E+0
334.000000000000110E+0	65.338949700211430E+0	222.502982615434350E+0
335.000000000000110E+0	53.318678997136701E+0	172.151987895315590E+0
336.000000000000110E+0	87.592174557516927E+0	270.911617340238650E+0
337.000000000000110E+0	43.677945879053709E+0	131.583499011027670E+0
338.000000000000110E+0	40.796583957196354E+0	102.655802165630580E+0
339.000000000000110E+0	137.683732604576020E+0	308.229556058852840E+0
340.000000000000110E+0	129.598988210714850E+0	266.554016095955490E+0
341.000000000000110E+0	78.713845438554145E+0	159.908977982115940E+0
342.000000000000110E+0	54.199449014652281E+0	104.556267120319290E+0
343.000000000000110E+0	115.445019202968570E+0	215.021319747282800E+0
344.000000000000110E+0	163.639995883336010E+0	320.718542868305180E+0
345.000000000000110E+0	94.406796563660848E+0	155.256682918003040E+0
346.000000000000110E+0	155.465171967608850E+0	229.284746866815250E+0
347.000000000000110E+0	83.542618026065696E+0	112.686177243311680E+0
348.000000000000110E+0	155.554172083298970E+0	203.691922793040500E+0
349.000000000000110E+0	281.636029470714790E+0	436.983361685514240E+0
350.000000000000110E+0	97.222524523003898E+0	172.501456780554150E+0
351.000000000000110E+0	45.626969162430939E+0	94.044796571536750E+0
352.000000000000110E+0	62.487556588948983E+0	167.644894041205250E+0
353.000000000000110E+0	75.005966936619416E+0	230.415736694694940E+0
354.000000000000110E+0	55.421246887455950E+0	218.347430471972360E+0
355.000000000000110E+0	32.321394555850681E+0	160.732341158745750E+0
356.000000000000110E+0	24.096381409880330E+0	114.504978513594470E+0
357.000000000000110E+0	31.622919864577000E+0	155.018490783370680E+0
358.000000000000110E+0	39.652299076029301E+0	243.288398375507370E+0
359.000000000000110E+0	34.600317441747222E+0	241.664319472933040E+0
360.000000000000110E+0	26.452168569682271E+0	152.223425742156280E+0
361.000000000000110E+0	17.857430852284740E+0	69.417689696260638E+0
362.000000000000110E+0	71.091802857597685E+0	348.694374718256880E+0
363.000000000000110E+0	43.833355726231687E+0	203.651545752158540E+0
364.000000000000110E+0	35.720362460802107E+0	154.338885055886550E+0
365.000000000000110E+0	39.454455812515370E+0	169.965849095575610E+0
366.000000000000110E+0	25.429506773604167E+0	102.944730376425060E+0
367.000000000000110E+0	48.693011319202426E+0	220.917661969115980E+0
368.000000000000110E+0	60.918349722666711E+0	303.590104401565270E+0
369.000000000000110E+0	22.439541245523220E+0	121.222459199971330E+0
370.000000000000110E+0	15.105870883960700E+0	112.278384232623280E+0
371.000000000000110E+0	23.694147070216310E+0	176.063403215991540E+0
372.000000000000110E+0	42.087167843658335E+0	322.750496254114750E+0
373.000000000000110E+0	19.082499460666529E+0	204.188905653950170E+0
374.000000000000110E+0	11.396338746469514E+0	111.564600628996690E+0
375.000000000000110E+0	15.073671554827863E+0	160.267839905712290E+0
376.000000000000110E+0	16.078007436895732E+0	191.027422076808190E+0
377.000000000000110E+0	14.356187028878590E+0	241.265490671224090E+0
378.000000000000110E+0	11.264823744080035E+0	285.753783655355110E+0
379.000000000000110E+0	2.024981032089155E+0	107.069134098476720E+0
380.000000000000110E+0	9.681778978506575E+0	171.273273727388780E+0
381.000000000000110E+0	24.274994546014447E+0	427.737857442591010E+0
382.000000000000110E+0	16.088824895364393E+0	195.735343587446830E+0
383.000000000000110E+0	17.780984984290857E+0	176.857370908619320E+0
384.000000000000110E+0	14.027947941494762E+0	135.693690890899630E+0
385.000000000000110E+0	4.402800068611256E+0	211.445266952899910E+0
386.000000000000110E+0	4.110573535230240E+0	345.193104119937400E+0
387.000000000000110E+0	1.896157164519189E+0	205.852252093190660E+0
388.000000000000110E+0	4.630115773907664E+0	203.322354491668700E+0
389.000000000000110E+0	4.825029241038011E+0	93.035189077759099E+0
390.000000000000110E+0	21.217372409234184E+0	289.918621710141390E+0
391.000000000000110E+0	30.055412359450617E+0	409.718163288714830E+0
392.000000000000110E+0	16.611765332155624E+0	173.190455800120820E+0
393.000000000000110E+0	1.152839978428044E+0	112.318238237368930E+0
394.000000000000110E+0	1.839889674743309E+0	257.847870284209020E+0
395.000000000000110E+0	8.406051664766403E+0	213.679500181473940E+0
396.000000000000110E+0	21.850641904986812E+0	342.069220890514200E+0
397.000000000000110E+0	18.309451737738229E+0	213.883698609248770E+0
398.000000000000110E+0	11.975256684605254E+0	87.583885338663123E+0
399.000000000000110E+0	2.733062205280744E+0	241.099955109942530E+0
400.000000000000110E+0	870.599007075182900E-3	346.312071508079380E+0
401.000000000000110E+0	4.033454892937877E+0	210.982420886935640E+0
402.000000000000110E+0	4.163355823866739E+0	136.213213628395860E+0
403.000000000000110E+0	5.754108445839221E+0	91.960852694573106E+0
404.000000000000110E+0	6.415080745863325E+0	345.917053441244830E+0
405.000000000000110E+0	1.873518235089425E+0	185.706901196638850E+0
406.000000000000110E+0	147.151222375069110E-3	193.907414044739600E+0
407.000000000000110E+0	195.344165161674970E-3	167.489733330142230E+0
408.000000000000110E+0	1.257477364103284E+0	81.815361083642429E+0
409.000000000000110E+0	5.704704331331976E+0	366.530346476423800E+0
410.000000000000110E+0	4.081124527296777E+0	284.175960530135110E+0
411.000000000000110E+0	4.270450573794063E+0	97.024271660785530E+0
412.000000000000110E+0	3.712677096909039E+0	109.108343398252940E+0
413.000000000000110E+0	1.479987847333531E+0	214.785341541119580E+0
414.000000000000110E+0	512.398066358527140E-3	243.002251203102620E+0
415.000000000000110E+0	15.936303700280763E-3	218.542430377693050E+0
416.000000000000110E+0	311.949920243005660E-3	114.537100259752290E+0
417.000000000000110E+0	2.176167044262603E+0	110.654723442413410E+0
418.000000000000110E+0	5.151086067537912E+0	228.486338944072570E+0
419.000000000000110E+0	6.725061640692651E+0	257.330426122951910E+0
420.000000000000110E+0	5.415628727601840E+0	234.618110394561970E+0
421.000000000000110E+0	1.987493418097721E+0	45.118654692706187E+0
422.000000000000110E+0	3.838527580391140E+0	204.395146554580920E+0
423.000000000000110E+0	8.639525331967238E+0	341.487600998716690E+0
424.000000000000110E+0	5.410929998015733E+0	164.579623294917840E+0
425.000000000000110E+0	8.754986086125980E+0	202.217560487435920E+0
426.000000000000110E+0	6.221646570007371E+0	122.177512726415530E+0
427.000000000000110E+0	18.576695462921457E+0	141.977269210339730E+0
428.000000000000110E+0	58.566701823064704E+0	403.713202816792890E+0
429.000000000000110E+0	40.707201248867804E+0	190.694736773727190E+0
430.000000000000110E+0	24.676911870927984E+0	139.268806133203160E+0
431.000000000000110E+0	10.607790937560956E+0	104.789795595985380E+0
432.000000000000110E+0	69.564120838618123E+0	329.746051543917360E+0
433.000000000000110E+0	123.485865976019600E+0	308.837735775295190E+0
434.000000000000110E+0	92.474726657236871E+0	151.902022441950150E+0
435.000000000000110E+0	82.707332836752727E+0	129.373470073225290E+0
436.000000000000110E+0	192.733340252400150E+0	206.418017092568050E+0
437.000000000000110E+0	285.619488819190000E+0	258.195233065489790E+0
438.000000000000110E+0	462.271344111222790E+0	381.902360837876700E+0
439.000000000000110E+0	352.177763230997360E+0	228.629960663750580E+0
440.000000000000110E+0	98.998874257548181E+0	53.373918524467193E+0
441.000000000000110E+0	951.915713411720620E+0	406.553208168710000E+0
442.000000000000110E+0	929.268343788235480E+0	353.131969087563730E+0
443.000000000000110E+0	548.925957770957100E+0	195.176904801111250E+0
444.000000000000110E+0	468.669535399742580E+0	190.666497936512540E+0
445.000000000000110E+0	206.965015981572830E+0	102.319100201282920E+0
446.000000000000110E+0	397.634949369953010E+0	285.171534667648300E+0
447.000000000000110E+0	353.125359231821900E+0	277.550348972741460E+0
448.000000000000110E+0	255.644982890597190E+0	189.279701523288030E+0
449.000000000000110E+0	135.621345122737320E+0	118.452153211861330E+0
450.000000000000110E+0	93.724411769441161E+0	113.505965592094550E+0
451.000000000000110E+0	268.105369203667410E+0	439.978242603057710E+0
452.000000000000110E+0	126.999679237874290E+0	256.857526091436630E+0
453.000000000000110E+0	49.207769065569302E+0	93.087491872653956E+0
454.000000000000110E+0	65.642748813166918E+0	152.558024329134840E+0
455.000000000000110E+0	79.027101682670406E+0	198.967840211121430E+0
456.000000000000110E+0	100.766756157776170E+0	268.039572465404600E+0
457.000000000000110E+0	72.778951973936358E+0	261.920964279867970E+0
458.000000000000110E+0	32.626339045245416E+0	145.173979344921970E+0
459.000000000000110E+0	13.724122663152997E+0	87.298434790215538E+0
460.000000000000110E+0	43.498810948735162E+0	405.466627438703030E+0
461.000000000000110E+0	13.944893479347920E+0	253.392630649024940E+0
462.000000000000110E+0	6.943355333691221E+0	198.335398487849010E+0
463.000000000000110E+0	3.714405157524173E+0	93.064356200457269E+0
464.000000000000110E+0	14.509637805519196E+0	226.517810810991760E+0
465.000000000000110E+0	51.861062866519354E+0	326.660678374923010E+0
466.000000000000110E+0	87.602390666242925E+0	206.419417710719390E+0
467.000000000000110E+0	104.240911674017000E+0	240.752458805558090E+0
468.000000000000110E+0	46.228366223759949E+0	102.657928268929030E+0
469.000000000000110E+0	177.110757748493430E+0	259.442108248904670E+0
470.000000000000110E+0	399.237861071436210E+0	556.817550182893460E+0
471.000000000000110E+0	159.484958245535320E+0	233.962454461676260E+0
472.000000000000110E+0	94.580690597180251E+0	113.820082200498210E+0
473.000000000000110E+0	89.287476471928841E+0	226.134328668273010E+0
474.000000000000110E+0	128.887474090396520E+0	359.258402709916710E+0
475.000000000000110E+0	160.188795909421120E+0	413.082817629173750E+0
476.000000000000110E+0	101.092446291804580E+0	294.464920013733090E+0
477.000000000000110E+0	63.915803266367689E+0	171.275159153256420E+0
478.000000000000110E+0	66.647014138089787E+0	166.976966275381470E+0
479.000000000000110E+0	164.921062751525940E+0	398.424750356892560E+0
480.000000000000110E+0	119.011933804523930E+0	268.927884536741150E+0
481.000000000000110E+0	70.030784372477228E+0	136.376561865845870E+0
482.000000000000110E+0	48.995960696477262E+0	78.551893644736651E+0
483.000000000000110E+0	171.233162472991890E+0	351.616779519409930E+0
484.000000000000110E+0	135.314825466692100E+0	283.752907654241600E+0
485.000000000000110E+0	71.102203961733238E+0	165.710075709129140E+0
486.000000000000110E+0	85.360742214742999E+0	188.743028509238510E+0
487.000000000000110E+0	39.203907258739477E+0	61.542011747915659E+0
488.000000000000110E+0	175.003127947127890E+0	325.149865737317500E+0
489.000000000000110E+0	160.091783573076610E+0	330.955936889625830E+0
490.000000000000110E+0	88.793357849420673E+0	155.477713835411210E+0
491.000000000000110E+0	47.351728256019285E+0	84.878627546121635E+0
492.000000000000110E+0	106.662705237076740E+0	216.157114291845400E+0
493.000000000000110E+0	167.816929096548900E+0	308.590397557089890E+0
494.000000000000110E+0	114.251546999225380E+0	220.499712836274280E+0
495.000000000000110E+0	67.187526185028631E+0	122.009232417199800E+0
496.000000000000110E+0	80.053543158519716E+0	139.145184735973090E+0
497.000000000000110E+0	115.251000587133220E+0	180.052944749554460E+0
498.000000000000110E+0	213.150339273773990E+0	351.595697077278320E+0
499.000000000000110E+0	155.386781355083800E+0	263.037365942398480E+0
500.000000000000110E+0	56.085705473396970E+0	86.099649054802910E+0
501.000000000000110E+0	104.052410988378510E+0	136.474573345833560E+0
502.000000000000110E+0	283.131859089817340E+0	414.986861705386220E+0
503.000000000000110E+0	159.330893068698230E+0	226.140046109698540E+0
504.000000000000110E+0	103.961045518005290E+0	154.433250944358580E+0
505.000000000000110E+0	129.519869222269480E+0	165.166880605262750E+0
506.000000000000110E+0	132.338784654092540E+0	139.593982203982650E+0
507.000000000000110E+0	353.640020514668440E+0	394.984077732228000E+0
508.000000000000110E+0	214.189678972545610E+0	224.684284160943580E+0
509.000000000000110E+0	154.805976804556880E+0	173.025994512708420E+0
510.000000000000110E+0	76.100216538774120E+0	64.689485057920450E+0
511.000000000000110E+0	395.736436152209140E+0	337.542144580714310E+0
512.000000000000110E+0	526.898958715750500E+0	420.096458783724020E+0
513.000000000000110E+0	212.592587744386090E+0	156.903213589269170E+0
514.000000000000110E+0	185.445499025264780E+0	136.866922024786360E+0
515.000000000000110E+0	244.516764771178400E+0	177.997893598524710E+0
516.000000000000110E+0	335.906966509609280E+0	221.649012430708810E+0
517.000000000000110E+0	557.604974867286050E+0	352.378706192670220E+0
518.000000000000110E+0	365.707124029725380E+0	253.808859475871860E+0
519.000000000000110E+0	82.680141305904868E+0	56.188384672986082E+0
520.000000000000110E+0	296.476940508350140E+0	284.475035620657250E+0
521.000000000000110E+0	306.355224897331310E+0	401.021982884085900E+0
522.000000000000110E+0	146.593710337868260E+0	250.931579168439920E+0
523.000000000000110E+0	67.913247073527742E+0	115.758293873734440E+0
524.000000000000110E+0	53.878716758882248E+0	126.814638325651420E+0
525.000000000000110E+0	120.720216138529810E+0	277.278302620288850E+0
526.000000000000110E+0	162.375043377466710E+0	311.384874118871890E+0
527.000000000000110E+0	115.660272246391740E+0	219.136184682241260E+0
528.000000000000110E+0	67.527220625957170E+0	180.977521522585110E+0
529.000000000000110E+0	14.184194384101023E+0	82.799488027475107E+0
530.000000000000110E+0	40.386008637595829E+0	455.233796974217340E+0
531.000000000000110E+0	19.242225621742705E+0	335.537127571406360E+0
532.000000000000110E+0	5.421900430534086E+0	86.983634260959150E+0
533.000000000000110E+0	7.998363232699489E+0	139.502924597588930E+0
534.000000000000110E+0	8.092840279432005E+0	191.020046870443650E+0
535.000000000000110E+0	19.277368945214292E+0	311.995549344030910E+0
536.000000000000110E+0	27.029370267937026E+0	270.751070251681260E+0
537.000000000000110E+0	18.250050428380291E+0	161.048533899728940E+0
538.000000000000110E+0	13.332699147622538E+0	71.364214680230603E+0
539.000000000000110E+0	50.557801260503027E+0	325.071992745767260E+0
540.000000000000110E+0	56.697059416260366E+0	334.767326511046180E+0
541.000000000000110E+0	46.589297825256075E+0	230.194135882348890E+0
542.000000000000110E+0	24.158503925779474E+0	57.392549496815228E+0
543.000000000000110E+0	83.354691687835299E+0	248.827072853145180E+0
544.000000000000110E+0	127.551698345946450E+0	364.680181371716460E+0
545.000000000000110E+0	117.471825036332890E+0	207.870208387863470E+0
546.000000000000110E+0	112.046240260722850E+0	229.916922041045980E+0
547.000000000000110E+0	42.839188287755476E+0	106.353620643481210E+0
548.000000000000110E+0	104.928628360711100E+0	152.527851258080260E+0
549.000000000000110E+0	275.956790458010910E+0	511.467867419756320E+0
550.000000000000110E+0	133.920198216870690E+0	257.597274387504630E+0
551.000000000000110E+0	59.239384305260252E+0	95.647397239737586E+0
552.000000000000110E+0	53.829008614492899E+0	158.289693394448870E+0
553.000000000000110E+0	98.548793420204959E+0	300.865652165826470E+0
554.000000000000110E+0	85.936172603664190E+0	381.708276405274030E+0
555.000000000000110E+0	19.067164887126005E+0	146.414585413321080E+0
556.000000000000110E+0	14.737663030709086E+0	160.548959730968900E+0
557.000000000000110E+0	11.191516932305804E+0	118.885426616879200E+0
558.000000000000110E+0	20.325624487493410E+0	317.145934995368070E+0
559.000000000000110E+0	20.440340958040426E+0	398.428018944198130E+0
560.000000000000110E+0	8.883790800283677E+0	180.338017265559360E+0
561.000000000000110E+0	2.158271763662926E+0	55.431637186175656E+0
562.000000000000110E+0	23.279013284415640E+0	408.321761858827530E+0
563.000000000000110E+0	28.130904660232101E+0	354.862021338934370E+0
564.000000000000110E+0	23.434201252000342E+0	185.541888414961360E+0
565.000000000000110E+0	46.162063771878209E+0	195.826896794207500E+0
566.000000000000110E+0	32.568708354486411E+0	84.212908739993239E+0
567.000000000000110E+0	116.713800299815740E+0	331.331343588317110E+0
568.000000000000110E+0	154.155649298232390E+0	370.134411235091310E+0
569.000000000000110E+0	123.612181618204470E+0	258.578535964150210E+0
570.000000000000110E+0	53.477037535823072E+0	92.694348586104340E+0
571.000000000000110E+0	84.677529360480420E+0	207.047262045469100E+0
572.000000000000110E+0	249.112452683182310E+0	481.226859378890710E+0
573.000000000000110E+0	183.524678266729720E+0	317.419139489728990E+0
574.000000000000110E+0	112.991994335725350E+0	101.308379717366320E+0
575.000000000000110E+0	265.091886190217000E+0	196.628517624260950E+0
576.000000000000110E+0	286.355874588219590E+0	163.501620501414890E+0
577.000000000000110E+0	743.275804146645330E+0	409.243964829998560E+0
578.000000000000110E+0	776.780859433617140E+0	387.257870566815540E+0
579.000000000000110E+0	211.968494541911550E+0	124.178361721420440E+0
580.000000000000110E+0	244.417701492306090E+0	121.852698625021690E+0
581.000000000000110E+0	1.097051643995882E+3	476.306503850583000E+0
582.000000000000110E+0	806.233860500855140E+0	336.830553891066420E+0
583.000000000000110E+0	464.911383038936040E+0	163.444064783609780E+0
584.000000000000110E+0	296.014279899556980E+0	122.834073715687250E+0
585.000000000000110E+0	302.108512772184270E+0	180.254950854408580E+0
586.000000000000110E+0	464.705600954622070E+0	353.568493116614040E+0
587.000000000000110E+0	285.061462120151360E+0	267.011146712233990E+0
588.000000000000110E+0	238.342072334880950E+0	249.827550313235800E+0
589.000000000000110E+0	59.821719751003457E+0	53.129647479297738E+0
590.000000000000110E+0	312.310643012585390E+0	336.350424467276180E+0
591.000000000000110E+0	372.253090669625070E+0	519.580655453095460E+0
592.000000000000110E+0	128.540368006655030E+0	192.178657134587580E+0
593.000000000000110E+0	77.445027211303937E+0	110.744473420423560E+0
594.000000000000110E+0	90.707888752347983E+0	180.206916434545430E+0
595.000000000000110E+0	110.611247468495140E+0	250.048010542175150E+0
596.000000000000110E+0	126.468430013462610E+0	337.802318587396940E+0
597.000000000000110E+0	90.170377662055529E+0	261.914211038123310E+0
598.000000000000110E+0	41.475721729312497E+0	89.147249541294485E+0
599.000000000000110E+0	89.621087519721499E+0	194.668355575921110E+0
600.000000000000110E+0	132.088707964792260E+0	417.721223353755420E+0
601.000000000000110E+0	103.504098373272000E+0	394.196165594438470E+0
602.000000000000110E+0	16.382484656486348E+0	97.158778126274527E+0
603.000000000000110E+0	33.727484012105421E+0	128.914335021573150E+0
604.000000000000110E+0	74.480121054382536E+0	297.299431742676630E+0
605.000000000000110E+0	67.898890615248263E+0	292.983433564049330E+0
606.000000000000110E+0	54.024983675229237E+0	221.449683177647020E+0
607.000000000000110E+0	43.570095214035639E+0	212.480250142992730E+0
608.000000000000110E+0	9.466285735472180E+0	52.315127126504947E+0
609.000000000000110E+0	98.168445848868899E+0	497.439803692756530E+0
610.000000000000110E+0	77.858358419682077E+0	444.892821598080620E+0
611.000000000000110E+0	17.388421922967229E+0	164.849284771088890E+0
612.000000000000110E+0	6.987760016754076E+0	90.347153230724928E+0
613.000000000000110E+0	34.258056042481357E+0	224.318503775785020E+0
614.000000000000110E+0	53.757855117841458E+0	359.645717486916450E+0
615.000000000000110E+0	34.953382431079191E+0	243.768094441963570E+0
616.000000000000110E+0	17.271770560802622E+0	181.253481550805590E+0
617.000000000000110E+0	8.618039698467289E+0	104.109297119628920E+0
618.000000000000110E+0	21.215047391533510E+0	211.394817431888360E+0
619.000000000000110E+0	45.524479037834880E+0	451.051170816313340E+0
620.000000000000110E+0	36.774256504049795E+0	364.889459747763680E+0
621.000000000000110E+0	6.386315290362928E+0	57.872216625797101E+0
622.000000000000110E+0	18.690603051440796E+0	224.118226619766400E+0
623.000000000000110E+0	30.570129442900139E+0	412.136574512483430E+0
624.000000000000110E+0	14.457858551724954E+0	244.798706368995000E+0
625.000000000000110E+0	11.157853994028631E+0	217.152154011088900E+0
626.000000000000110E+0	5.811509597536022E+0	135.239347537055210E+0
627.000000000000110E+0	7.522622523154718E+0	135.921744001045850E+0
628.000000000000110E+0	16.324982020048115E+0	458.492013766897060E+0
629.000000000000110E+0	12.866975693471797E+0	360.489027353013850E+0
630.000000000000110E+0	4.495891181892750E+0	164.076736845843380E+0
631.000000000000110E+0	638.506953834536480E-3	93.637307243998862E+0
632.000000000000110E+0	1.254605177266988E+0	365.149564963979170E+0
633.000000000000110E+0	877.399263807501110E-3	504.176713698513940E+0
634.000000000000110E+0	13.134162669192215E-3	147.048579945426440E+0
635.000000000000110E+0	454.030487695167020E-3	191.679913753293870E+0
636.000000000000110E+0	189.844966616400880E-3	109.574668413677020E+0
637.000000000000110E+0	352.555825367811990E-3	303.432766655407420E+0
638.000000000000110E+0	1.020557193191223E+0	437.011990017976420E+0
639.000000000000110E+0	2.196333336497290E+0	290.782898904807040E+0
640.000000000000110E+0	653.644977347653030E-3	37.851780660619013E+0
641.000000000000110E+0	1.797386939626642E+0	354.749822346486380E+0
642.000000000000110E+0	6.211863889825534E+0	442.619130896801380E+0
643.000000000000110E+0	5.767445389086556E+0	283.372551870446390E+0
644.000000000000110E+0	5.623793742317974E+0	173.144203769854870E+0
645.000000000000110E+0	6.693750339318901E+0	123.693105728604190E+0
646.000000000000110E+0	26.011920317932379E+0	295.795729357535150E+0
647.000000000000110E+0	39.880890795028321E+0	355.600552501557790E+0
648.000000000000110E+0	39.653038191919890E+0	331.160122978356130E+0
649.000000000000110E+0	19.916251619172908E+0	134.479453923203410E+0
650.000000000000110E+0	16.264884669463388E+0	76.674416066394912E+0
651.000000000000110E+0	149.816046884441560E+0	572.574445662796050E+0
652.000000000000110E+0	140.239289708019700E+0	446.600816055544670E+0
653.000000000000110E+0	39.416292236976908E+0	101.153920206456120E+0
654.000000000000110E+0	83.108472670518722E+0	189.350316797983140E+0
655.000000000000110E+0	72.061354824050156E+0	169.102116026402030E+0
656.000000000000110E+0	129.680633719769530E+0	325.995454334895950E+0
657.000000000000110E+0	140.180069327428610E+0	336.216436224884720E+0
658.000000000000110E+0	67.330481615921499E+0	135.538085593938260E+0
659.000000000000110E+0	31.003686365145985E+0	51.449768603904680E+0
660.000000000000110E+0	147.326705468484250E+0	313.067441047585760E+0
661.000000000000110E+0	181.780845071186040E+0	391.879416887188200E+0
662.000000000000110E+0	100.323250679816510E+0	203.255982420884290E+0
663.000000000000110E+0	35.795472331922994E+0	76.025809971619239E+0
664.000000000000110E+0	55.109457775617031E+0	164.630042070038970E+0
665.000000000000110E+0	135.517377714519910E+0	369.795732812647710E+0
666.000000000000110E+0	81.570535157275515E+0	194.388913632972560E+0
667.000000000000110E+0	140.165845461709120E+0	316.478886866851720E+0
668.000000000000110E+0	30.890064316688903E+0	69.684972924774541E+0
669.000000000000110E+0	79.201526173990686E+0	208.023502107724570E+0
670.000000000000110E+0	188.384081378781300E+0	513.466428439913900E+0
671.000000000000110E+0	90.376468969940390E+0	248.691966551198990E+0
672.000000000000110E+0	27.909778310107178E+0	74.465726090333348E+0
673.000000000000110E+0	48.709661298534414E+0	141.607490583663860E+0
674.000000000000110E+0	80.629781724784777E+0	223.561178942243030E+0
675.000000000000110E+0	126.634510267134910E+0	368.651418859311260E+0
676.000000000000110E+0	73.456874097503913E+0	201.693130443734530E+0
677.000000000000110E+0	49.046953263336988E+0	142.357684819917750E+0
678.000000000000110E+0	25.936055787538521E+0	92.626963802502814E+0
679.000000000000110E+0	47.035967760356513E+0	350.933305646996870E+0
680.000000000000110E+0	38.858894070982622E+0	458.489040543580470E+0
681.000000000000110E+0	8.565317663057531E+0	149.294069813499110E+0
682.000000000000110E+0	1.557581417496848E+0	61.770404718188352E+0
683.000000000000110E+0	5.820116346324582E+0	302.887498820590340E+0
684.000000000000110E+0	4.214114441419585E+0	296.037856484188070E+0
685.000000000000110E+0	2.763720990290094E+0	171.549524639651280E+0
686.000000000000110E+0	3.829354530222894E+0	205.829227507454330E+0
687.000000000000110E+0	891.314782780716740E-3	34.518962175540594E+0
688.000000000000110E+0	5.334789482435618E+0	292.042211404513070E+0
689.000000000000110E+0	8.298219837878134E+0	423.073996979299070E+0
690.000000000000110E+0	4.466218272063948E+0	216.708421224228170E+0
691.000000000000110E+0	1.588194106237472E+0	85.405377994423091E+0
692.000000000000110E+0	2.555985622079453E+0	142.868541854967700E+0
693.000000000000110E+0	9.389084008620276E+0	462.157350122749280E+0
694.000000000000110E+0	5.125265894857616E+0	235.940414339923560E+0
695.000000000000110E+0	3.895911963978477E+0	148.716715953629030E+0
696.000000000000110E+0	4.614955269420033E+0	133.057375787107560E+0
697.000000000000110E+0	3.933666946574824E+0	120.384243573252660E+0
698.000000000000110E+0	8.566548785559206E+0	341.715270739057190E+0
699.000000000000110E+0	10.453015057887475E+0	405.868375426422570E+0
700.000000000000110E+0	1.764831058633784E+0	73.306025501407973E+0
701.000000000000110E+0	3.048769310365333E+0	103.756828658835960E+0
702.000000000000110E+0	10.635778412717034E+0	332.430261807823000E+0
703.000000000000110E+0	10.056500691741144E+0	320.780511257230390E+0
704.000000000000110E+0	7.111961623825501E+0	172.099894143891160E+0
705.000000000000110E+0	6.876630474554085E+0	129.702589371929780E+0
706.000000000000110E+0	4.095348701790569E+0	107.923115188747190E+0
707.000000000000110E+0	9.279304735369619E+0	346.987563105426940E+0
708.000000000000110E+0	10.409371000464798E+0	286.268174811363000E+0
709.000000000000110E+0	9.548887559897612E+0	226.422002630878130E+0
710.000000000000110E+0	2.242504766011739E+0	33.927392585401336E+0
711.000000000000110E+0	17.774245160530477E+0	287.905616972739610E+0
712.000000000000110E+0	37.450066545547749E+0	510.927658903742550E+0
713.000000000000110E+0	14.291538734859824E+0	140.219287507423670E+0
714.000000000000110E+0	6.639029006503316E+0	113.317908893214880E+0
715.000000000000110E+0	4.580564547223505E+0	100.108799079331260E+0
716.000000000000110E+0	1.608593277096777E+0	172.179111368530240E+0
717.000000000000110E+0	12.879563074584457E+0	366.444436088442900E+0
718.000000000000110E+0	10.571979921901322E+0	262.749821229784910E+0
719.000000000000110E+0	5.688907796757741E+0	73.676570368944382E+0
720.000000000000110E+0	2.813047702045013E+0	150.692511940669050E+0
721.000000000000110E+0	5.153453072030280E+0	399.075937213862120E+0
722.000000000000110E+0	6.444010316668004E+0	336.433756822060790E+0
723.000000000000110E+0	1.561045517076139E+0	107.075121989752760E+0
724.000000000000110E+0	687.538754901256820E-3	101.392143874455510E+0
725.000000000000110E+0	5.084394073487627E+0	272.789586250991310E+0
726.000000000000110E+0	5.762163421706202E+0	231.513005212292740E+0
727.000000000000110E+0	6.419825955530531E+0	299.355496321100530E+0
728.000000000000110E+0	4.368999532455332E+0	151.468252454766910E+0
729.000000000000110E+0	773.120402988653370E-3	27.330475986084036E+0
730.000000000000110E+0	26.263241371714173E+0	389.066617989810650E+0
731.000000000000110E+0	43.686524619786937E+0	452.079043979596180E+0
732.000000000000110E+0	12.571444335233341E+0	105.401385235060890E+0
733.000000000000110E+0	12.450212781977925E+0	117.295964621438400E+0
734.000000000000110E+0	13.416673224427210E+0	113.226568100947670E+0
735.000000000000110E+0	64.753303806734578E+0	359.446010469620320E+0
736.000000000000110E+0	55.304086703832844E+0	264.854346776048490E+0
737.000000000000110E+0	48.134479889495466E+0	193.118342591776330E+0
738.000000000000110E+0	16.404297714848802E+0	69.868804315702917E+0
739.000000000000110E+0	37.206467167243971E+0	195.170257922190810E+0
740.000000000000110E+0	90.416763296163452E+0	483.012066053648770E+0
741.000000000000110E+0	51.499830083868247E+0	299.876519438929730E+0
742.000000000000110E+0	6.385923589014057E+0	49.624092226130173E+0
743.000000000000110E+0	32.222043423328564E+0	182.233243245347610E+0
744.000000000000110E+0	49.852243727458898E+0	295.124426614822710E+0
745.000000000000110E+0	33.315502412229534E+0	187.450729900840540E+0
746.000000000000110E+0	39.401482254565778E+0	227.212166712830510E+0
747.000000000000110E+0	14.889026613533270E+0	94.502759182672619E+0
748.000000000000110E+0	12.082158192233896E+0	93.776696487921328E+0
749.000000000000110E+0	56.099633142215033E+0	418.486287938448300E+0
750.000000000000110E+0	43.357473369929352E+0	330.362780336004850E+0
751.000000000000110E+0	19.172947469000498E+0	123.248420142452640E+0
752.000000000000110E+0	10.099212285568676E+0	54.123319525351768E+0
753.000000000000110E+0	47.106845674651268E+0	271.173903667931200E+0
754.000000000000110E+0	68.179475518786390E+0	414.360773931004760E+0
755.000000000000110E+0	26.304581032331857E+0	179.398384071145070E+0
756.000000000000110E+0	28.929414083738447E+0	173.782452424162610E+0
757.000000000000110E+0	17.651776081902575E+0	93.131007915152637E+0
758.000000000000110E+0	47.218106958279250E+0	238.576729559429850E+0
759.000000000000110E+0	104.243536675247650E+0	527.224823471140550E+0
760.000000000000110E+0	42.620083091166997E+0	181.774788839537220E+0
761.000000000000110E+0	12.606002424468716E+0	31.111348464739905E+0
762.000000000000110E+0	56.477179101482740E+0	234.797629096000350E+0
763.000000000000110E+0	101.983188008053890E+0	378.177606646430320E+0
764.000000000000110E+0	51.215249223786166E+0	177.097561679016680E+0
765.000000000000110E+0	62.156176990270453E+0	157.444472801352730E+0
766.000000000000110E+0	23.057430500232630E+0	46.317526633112280E+0
767.000000000000110E+0	81.122437109230077E+0	203.262250028316940E+0
768.000000000000110E+0	128.325072747770430E+0	283.364632373616810E+0
769.000000000000110E+0	140.730075502329070E+0	319.753003390754370E+0
770.000000000000110E+0	54.122086452342636E+0	112.591016544948420E+0
771.000000000000110E+0	12.973156093435344E+0	78.719618099265702E+0
772.000000000000110E+0	85.839032967755784E+0	458.353519341727120E+0
773.000000000000110E+0	52.707239140589444E+0	365.284174484473060E+0
774.000000000000110E+0	15.051275465372484E+0	103.400536910874210E+0
775.000000000000110E+0	13.247087169534970E+0	154.510210944202470E+0
776.000000000000110E+0	7.630685020426521E+0	116.047737491841960E+0
777.000000000000110E+0	12.843194727465308E+0	346.366275110223450E+0
778.000000000000110E+0	9.756680864261913E+0	435.625313240453920E+0
779.000000000000110E+0	1.328220509939337E+0	124.259156714892130E+0
780.000000000000110E+0	714.015029623535580E-3	47.506281506316895E+0
781.000000000000110E+0	2.572045327474462E+0	300.750181852485920E+0
782.000000000000110E+0	2.791453531065450E+0	370.757243575199140E+0
783.000000000000110E+0	2.272594725306170E+0	188.935851084525100E+0
784.000000000000110E+0	847.428540084276700E-3	71.190045982666689E+0
785.000000000000110E+0	1.323073704176353E+0	119.363095530363920E+0
786.000000000000110E+0	3.722142655918692E+0	241.061535458091440E+0
787.000000000000110E+0	4.337642947862605E+0	246.401192723939630E+0
788.000000000000110E+0	5.322493203139924E+0	265.470137038819470E+0
789.000000000000110E+0	1.933300840878678E+0	74.102279357658602E+0
790.000000000000110E+0	8.473257443662110E+0	174.485632883656760E+0
791.000000000000110E+0	23.091390462058730E+0	599.954394686541720E+0
792.000000000000110E+0	9.602756445272691E+0	234.955874138459340E+0
793.000000000000110E+0	7.255177470225472E+0	113.148526580661790E+0
794.000000000000110E+0	8.200334903354829E+0	119.708593989989940E+0
795.000000000000110E+0	15.936000981058356E+0	247.333133350614470E+0
796.000000000000110E+0	34.817602710519765E+0	332.037925229133800E+0
797.000000000000110E+0	50.215489727022472E+0	300.229380245264960E+0
798.000000000000110E+0	21.312406598042461E+0	112.332141472349530E+0
799.000000000000110E+0	31.513906650350332E+0	91.622196197402715E+0
800.000000000000110E+0	170.799739260908300E+0	363.443430466612080E+0
801.000000000000110E+0	289.601660190354440E+0	523.835136415109560E+0
802.000000000000110E+0	92.756491569808844E+0	135.410523342631960E+0
803.000000000000110E+0	52.295812857644435E+0	72.494793941713354E+0
804.000000000000110E+0	158.516005655107160E+0	238.667985077877430E+0
805.000000000000110E+0	183.700201334857300E+0	243.168292649117660E+0
806.000000000000110E+0	187.129309718612320E+0	219.728764889548700E+0
807.000000000000110E+0	173.788019874047850E+0	211.369645556513520E+0
808.000000000000110E+0	19.563713099932098E+0	19.323394749859414E+0
809.000000000000110E+0	226.125907883629620E+0	280.383212263775590E+0
810.000000000000110E+0	389.493772560169080E+0	443.354127091901770E+0
811.000000000000110E+0	187.392920705614190E+0	195.378817203207800E+0
812.000000000000110E+0	61.344213507763150E+0	67.953617873783756E+0
813.000000000000110E+0	49.591747482045399E+0	99.524723330505637E+0
814.000000000000110E+0	188.112442117992710E+0	398.326452476764420E+0
815.000000000000110E+0	119.428980092544210E+0	287.162098045780400E+0
816.000000000000110E+0	56.045357433666325E+0	188.950783410692850E+0
817.000000000000110E+0	44.355598345845657E+0	143.004126942829690E+0
818.000000000000110E+0	34.203720850555882E+0	99.392472284075737E+0
819.000000000000110E+0	85.587957175908471E+0	458.074063071240290E+0
820.000000000000110E+0	58.258074001332019E+0	430.916009523916900E+0
821.000000000000110E+0	10.066446886903163E+0	92.867362803236375E+0
822.000000000000110E+0	12.923959649132820E+0	107.249228490617990E+0
823.000000000000110E+0	33.354980820923913E+0	367.946327179697620E+0
824.000000000000110E+0	21.303631101678615E+0	240.497849370917810E+0
825.000000000000110E+0	20.445931353325239E+0	235.023227580773610E+0
826.000000000000110E+0	8.858749012869435E+0	86.857497816766610E+0
827.000000000000110E+0	11.628939960306576E+0	82.747003345361378E+0
828.000000000000110E+0	39.601648769007809E+0	282.626990887573190E+0
829.000000000000110E+0	48.113968202394162E+0	324.978053837730560E+0
830.000000000000110E+0	27.106972254697403E+0	177.444576439317590E+0
831.000000000000110E+0	2.001042162821777E+0	18.749595403551197E+0
832.000000000000110E+0	31.335622830242897E+0	212.856841889705580E+0
833.000000000000110E+0	62.173519655767713E+0	435.757884673773790E+0
834.000000000000110E+0	16.254310738310455E+0	118.155826831399850E+0
835.000000000000110E+0	20.042846661142100E+0	127.754498853596980E+0
836.000000000000110E+0	12.261139911872352E+0	75.896467794568025E+0
837.000000000000110E+0	24.071819440555306E+0	135.988166419138570E+0
838.000000000000110E+0	69.276312510446701E+0	419.216687672353770E+0
839.000000000000110E+0	39.799867326856543E+0	245.835944745962790E+0
840.000000000000110E+0	9.247840530099401E+0	54.235474025963484E+0
841.000000000000110E+0	21.888865483986898E+0	120.876768183771940E+0
842.000000000000110E+0	69.236522233974185E+0	380.858632364969710E+0
843.000000000000110E+0	59.290351966300065E+0	317.315685216673390E+0
844.000000000000110E+0	25.478722288504503E+0	134.058959565993350E+0
845.000000000000110E+0	18.303521646567493E+0	94.041284959212731E+0
846.000000000000110E+0	47.587294095656688E+0	210.483015086529580E+0
847.000000000000110E+0	67.741569817561469E+0	256.153554188513680E+0
848.000000000000110E+0	98.380096281765773E+0	381.794958792130780E+0
849.000000000000110E+0	48.396712818969867E+0	196.507735651302770E+0
850.000000000000110E+0	9.862016184363750E+0	26.426400375759272E+0
851.000000000000110E+0	152.570144345925830E+0	480.763126424838450E+0
852.000000000000110E+0	133.932571896936790E+0	408.705007631787910E+0
853.000000000000110E+0	45.887570933554500E+0	139.607186660808340E+0
854.000000000000110E+0	52.962062161351199E+0	126.665802288707030E+0
855.000000000000110E+0	47.021166246559588E+0	106.761756888806760E+0
856.000000000000110E+0	164.912515420201710E+0	297.909540234149630E+0
857.000000000000110E+0	198.008134789849980E+0	319.295016531063820E+0
858.000000000000110E+0	99.171267503179436E+0	152.530540805157610E+0
859.000000000000110E+0	35.599393875913897E+0	57.639754983674969E+0
860.000000000000110E+0	140.534080960308440E+0	149.705077126188850E+0
861.000000000000110E+0	553.397304422732990E+0	502.981999885479300E+0
862.000000000000110E+0	289.274826898300940E+0	242.858630445295660E+0
863.000000000000110E+0	46.372861123725464E+0	39.562094586686790E+0
864.000000000000110E+0	166.984853524614150E+0	111.202841741100610E+0
865.000000000000110E+0	350.325235214089160E+0	232.390817231796460E+0
866.000000000000110E+0	266.677867347187940E+0	173.994585448874370E+0
867.000000000000110E+0	435.216313084013680E+0	270.823689133620860E+0
868.000000000000110E+0	144.402160133676370E+0	90.840738011165285E+0
869.000000000000110E+0	129.940762989209670E+0	68.814489995927417E+0
870.000000000000110E+0	826.497295337570330E+0	441.888051194030710E+0
871.000000000000110E+0	545.857333544692100E+0	282.150410094437180E+0
872.000000000000110E+0	235.798171702765420E+0	127.111448178583740E+0
873.000000000000110E+0	59.459493015856353E+0	44.209698511337670E+0
874.000000000000110E+0	340.255370355515880E+0	206.466690638571610E+0
875.000000000000110E+0	525.001734393319790E+0	337.258249870025340E+0
876.000000000000110E+0	274.569269248905410E+0	186.934298034551550E+0
877.000000000000110E+0	235.739502397984950E+0	181.463498274635920E+0
878.000000000000110E+0	70.802596328961641E+0	52.056981036598835E+0
879.000000000000110E+0	198.443450528496640E+0	218.992657154627810E+0
880.000000000000110E+0	411.577182534136570E+0	556.898081224900920E+0
881.000000000000110E+0	162.986306606064370E+0	241.863458384493100E+0
882.000000000000110E+0	34.289917624238697E+0	48.677264581510919E+0
883.000000000000110E+0	129.759859989925080E+0	234.572049589842210E+0
884.000000000000110E+0	159.696636880130800E+0	318.119317512781720E+0
885.000000000000110E+0	132.375568048979120E+0	267.612412102737150E+0
886.000000000000110E+0	94.236459474516181E+0	193.866972222911410E+0
887.000000000000110E+0	32.906986786073034E+0	79.757542230042759E+0
888.000000000000110E+0	72.945100611761063E+0	193.555749060028970E+0
889.000000000000110E+0	151.056054119027380E+0	432.476265035346840E+0
890.000000000000110E+0	102.783843052551420E+0	287.876394667403020E+0
891.000000000000110E+0	32.993024641450305E+0	104.630776832991540E+0
892.000000000000110E+0	27.578158188346372E+0	84.375837783245430E+0
893.000000000000110E+0	141.071283198452390E+0	474.945260949685800E+0
894.000000000000110E+0	71.205265727746394E+0	252.056507326468050E+0
895.000000000000110E+0	34.328808632100454E+0	120.937023955257170E+0
896.000000000000110E+0	33.226305735828902E+0	134.123641416378720E+0
897.000000000000110E+0	16.532223934864113E+0	64.299933198005618E+0
898.000000000000110E+0	101.100131869629960E+0	338.229978209704200E+0
899.000000000000110E+0	105.450477747491960E+0	384.138390167213230E+0
900.000000000000110E+0	30.612461189628267E+0	109.992399558346050E+0
901.000000000000110E+0	9.057155045397568E+0	36.963457603413651E+0
902.000000000000110E+0	54.468595382602587E+0	233.905935332166560E+0
903.000000000000110E+0	70.295531236423287E+0	313.545489992892610E+0
904.000000000000110E+0	30.976346708184330E+0	156.649469300460050E+0
905.000000000000110E+0	14.846118138196976E+0	64.491533933823405E+0
906.000000000000110E+0	29.669981082638355E+0	86.003813689535519E+0
907.000000000000110E+0	44.415049024562094E+0	149.771858312060350E+0
908.000000000000110E+0	80.380941241584097E+0	270.506369696383270E+0
909.000000000000110E+0	72.330129593188374E+0	233.151609998880670E+0
910.000000000000110E+0	13.644441852466636E+0	37.174611147863565E+0
911.000000000000110E+0	33.442864539136124E+0	134.327838223206040E+0
912.000000000000110E+0	135.395029917224600E+0	478.984404813597960E+0
913.000000000000110E+0	54.385413990636344E+0	196.462868332316590E+0
914.000000000000110E+0	31.787279052161200E+0	84.946075968402098E+0
915.000000000000110E+0	45.632442599297875E+0	100.614079744080230E+0
916.000000000000110E+0	54.208767370252929E+0	111.445938078955120E+0
917.000000000000110E+0	159.137545680214260E+0	333.701491449155410E+0
918.000000000000110E+0	112.552237889067360E+0	246.466146178074640E+0
919.000000000000110E+0	64.774968966078106E+0	135.639439580618130E+0
920.000000000000110E+0	16.910780870409443E+0	31.619215335568452E+0
921.000000000000110E+0	210.613586983220950E+0	344.603389767075550E+0
922.000000000000110E+0	278.508920661216850E+0	435.596537038439980E+0
923.000000000000110E+0	107.150653589637880E+0	169.493114137500840E+0
924.000000000000110E+0	61.954247119184288E+0	69.152739097992310E+0
925.000000000000110E+0	175.971001949484420E+0	195.280707103265850E+0
926.000000000000110E+0	182.252118382002520E+0	232.237697792846290E+0
927.000000000000110E+0	261.272649831820220E+0	333.585412148180470E+0
928.000000000000110E+0	262.112460108103730E+0	278.238337518915950E+0
929.000000000000110E+0	32.583252858250660E+0	36.437394862121280E+0
930.000000000000110E+0	276.259559584435350E+0	293.598853614839470E+0
931.000000000000110E+0	477.302204505145430E+0	508.226172051787050E+0
932.000000000000110E+0	215.329396430702810E+0	236.611985954369460E+0
933.000000000000110E+0	74.556659172851980E+0	98.317584614779292E+0
934.000000000000110E+0	73.780619535501358E+0	136.917738457492420E+0
935.000000000000110E+0	164.874411749893800E+0	352.089199973781550E+0
936.000000000000110E+0	137.039897776435420E+0	355.217665396129580E+0
937.000000000000110E+0	67.843099811674165E+0	220.902347067659860E+0
938.000000000000110E+0	49.573290971025905E+0	152.582902256248840E+0
939.000000000000110E+0	24.813945422710976E+0	83.115189063387305E+0
940.000000000000110E+0	99.897197276887184E+0	588.675609798581490E+0
941.000000000000110E+0	65.800982013827635E+0	442.401718347815060E+0
942.000000000000110E+0	8.458402007233834E+0	78.261096140705376E+0
943.000000000000110E+0	14.029471664651229E+0	144.429303167947890E+0
944.000000000000110E+0	34.541226610019876E+0	350.721003165191350E+0
945.000000000000110E+0	25.566533887158229E+0	275.245387378563520E+0
946.000000000000110E+0	21.594188667933359E+0	280.628813047468610E+0
947.000000000000110E+0	9.213121593990275E+0	146.145090038573780E+0
948.000000000000110E+0	3.821664787172592E+0	93.522162149301465E+0
949.000000000000110E+0	7.296681966843738E+0	389.476503056804290E+0
950.000000000000110E+0	3.833524996375834E+0	425.089082822812540E+0
951.000000000000110E+0	782.725367635913940E-3	227.970843611856540E+0
952.000000000000110E+0	471.085745142126310E-3	33.821054212430752E+0
953.000000000000110E+0	3.473848759175597E+0	281.416284348801810E+0
954.000000000000110E+0	3.802075670843033E+0	410.976484121593670E+0
955.000000000000110E+0	2.354139271234778E+0	154.706137323851610E+0
956.000000000000110E+0	3.222136210976966E+0	168.487938206812570E+0
957.000000000000110E+0	2.093516288028010E+0	95.034154020489637E+0
958.000000000000110E+0	2.573585006387177E+0	197.783446689185840E+0
959.000000000000110E+0	6.952414671937710E+0	542.165273517495390E+0
960.000000000000110E+0	2.557703178317739E+0	203.979213968598230E+0
961.000000000000110E+0	47.510999493254095E-3	24.327730499486179E+0
962.000000000000110E+0	1.891940094972230E+0	171.715849290044590E+0
963.000000000000110E+0	4.770079746066765E+0	319.323928569804250E+0
964.000000000000110E+0	4.987234698407091E+0	279.475520171341540E+0
965.000000000000110E+0	1.585192891259362E+0	94.918980533645808E+0
966.000000000000110E+0	1.426900273648940E+0	82.711230632381699E+0
967.000000000000110E+0	2.434772689747980E+0	121.435920040162160E+0
968.000000000000110E+0	4.943746004539932E+0	235.564755103301250E+0
969.000000000000110E+0	6.073671853950908E+0	259.862459198458280E+0
970.000000000000110E+0	2.530003730972809E+0	89.571234777565394E+0
971.000000000000110E+0	927.786119579075090E-3	45.479174810397943E+0
972.000000000000110E+0	9.168228642718953E+0	449.563968549060690E+0
973.000000000000110E+0	5.756866163093921E+0	270.837331173972300E+0
974.000000000000110E+0	1.105257621566082E+0	70.203262021046584E+0
975.000000000000110E+0	1.140150507129075E+0	66.981578232780492E+0
976.000000000000110E+0	1.066818634997222E+0	41.088724334270360E+0
977.000000000000110E+0	7.049917071799824E+0	191.642981641460270E+0
978.000000000000110E+0	11.124208711675115E+0	256.766911886909270E+0
979.000000000000110E+0	5.412493897834180E+0	89.250432704098401E+0
980.000000000000110E+0	398.333753008365600E-3	14.313971654491425E+0
981.000000000000110E+0	3.479397493260079E+0	131.018549649035610E+0
982.000000000000110E+0	13.057908495613205E+0	314.764523835881050E+0
983.000000000000110E+0	9.023905602141657E+0	152.853705230251820E+0
984.000000000000110E+0	495.461814425051220E-3	5.104253333317402E+0
985.000000000000110E+0	4.359446547853753E+0	69.778419098344628E+0
986.000000000000110E+0	5.650148141596787E+0	97.490087921435318E+0
987.000000000000110E+0	6.246608526621323E+0	149.697046664254860E+0
988.000000000000110E+0	8.644012135548628E+0	201.184767737057910E+0
989.000000000000110E+0	2.069183190271599E+0	34.404124105337289E+0
990.000000000000110E+0	2.987533332695249E+0	54.135620037996702E+0
991.000000000000110E+0	16.621499348734062E+0	289.463512114388610E+0
992.000000000000110E+0	8.930894875487461E+0	124.885329752145170E+0
993.000000000000110E+0	2.380384105705663E+0	24.299988625659736E+0
994.000000000000110E+0	489.011501780207690E-3	12.699849465635618E+0
995.000000000000110E+0	1.200150208965714E+0	85.429480634635894E+0
996.000000000000110E+0	2.050095935945267E+0	161.248906990969540E+0
997.000000000000110E+0	789.725713665825780E-3	61.731277118341474E+0
998.000000000000110E+0	1.872864620604972E+0	63.272955935395615E+0
999.000000000000110E+0	121.145265763861130E-3	3.406520788550625E+0
1.000000000000000E+3	2.822847474801214E+0	159.600920589860980E+0
