Freq (Hz)	accelerometre /source
source
source_Mod	accelerometre /source
source
source_Phase(rad)
10.000000000000018E+0	244.007531057621100E-3	5.086105952448050E+0
11.000000000000020E+0	144.917722536799240E-3	6.485421346744569E+0
12.000000000000021E+0	98.693796393474711E-3	8.073684170128374E+0
13.000000000000023E+0	83.024947844469801E-3	9.335033382419546E+0
14.000000000000025E+0	37.207293054204574E-3	9.710411095325531E+0
15.000000000000027E+0	19.437046418828412E-3	9.195708797809422E+0
16.000000000000028E+0	22.046316044066521E-3	9.335674580130673E+0
17.000000000000028E+0	61.634892707497273E-3	8.656247117309064E+0
18.000000000000028E+0	53.335520828697698E-3	9.137264389686134E+0
19.000000000000028E+0	65.938094403900041E-3	9.256933950730073E+0
20.000000000000028E+0	100.525699151514630E-3	8.755759260889052E+0
21.000000000000028E+0	91.056971941098810E-3	8.756104360761823E+0
22.000000000000028E+0	129.314456340349660E-3	8.763485264711877E+0
23.000000000000028E+0	179.607658093331760E-3	8.618209084348628E+0
24.000000000000028E+0	210.341548933768270E-3	8.343821546449066E+0
25.000000000000028E+0	294.027777681255040E-3	8.118871894077321E+0
26.000000000000028E+0	348.253849844864630E-3	7.718058605397906E+0
27.000000000000028E+0	335.240632352254260E-3	7.317561503109236E+0
28.000000000000028E+0	378.417765115236950E-3	7.166917910031236E+0
29.000000000000028E+0	355.184294058890790E-3	6.600855957153637E+0
30.000000000000028E+0	305.227107652565550E-3	6.154588047503448E+0
31.000000000000028E+0	296.637462944680630E-3	5.721891873054233E+0
32.000000000000028E+0	155.452767303333430E-3	5.542254706666440E+0
33.000000000000028E+0	117.267321068008830E-3	5.692126367667212E+0
34.000000000000028E+0	65.498562399027391E-3	6.119808242313070E+0
35.000000000000028E+0	12.724380147016713E-3	3.043147617851428E+0
36.000000000000028E+0	68.524472176935192E-3	1.704296390265887E+0
37.000000000000028E+0	126.091515971307520E-3	830.455390883494850E-3
38.000000000000028E+0	108.783094906797630E-3	133.143455009537610E-3
39.000000000000028E+0	85.569557285873024E-3	230.047948051506880E-3
40.000000000000028E+0	133.771552495425050E-3	695.245092480867080E-3
41.000000000000028E+0	186.479164392047540E-3	538.709543128034430E-3
42.000000000000028E+0	229.286925542965920E-3	518.980294477870200E-3
43.000000000000028E+0	332.817167588481010E-3	119.722598619001840E-3
44.000000000000028E+0	431.906745699257470E-3	-265.434248903519520E-3
45.000000000000028E+0	343.656353639234860E-3	-606.251281773681820E-3
46.000000000000028E+0	192.759891019197940E-3	-772.589081925428520E-3
47.000000000000028E+0	177.742599278968790E-3	-184.423867008979110E-3
48.000000000000028E+0	212.512614544250520E-3	-312.096232072902820E-3
49.000000000000028E+0	120.925047927460940E-3	243.764105532180840E-3
50.000000000000028E+0	145.425210534530470E-3	-173.037552706048400E-3
51.000000000000028E+0	153.826789836731090E-3	-246.701564640551760E-3
52.000000000000028E+0	153.777831862928370E-3	-341.332669659710760E-3
53.000000000000028E+0	175.350357336752420E-3	-296.377704192134720E-3
54.000000000000028E+0	188.932402878275620E-3	-227.203793577297000E-3
55.000000000000028E+0	231.387406660463170E-3	-197.169637449525120E-3
56.000000000000028E+0	260.298982485295150E-3	-231.374772826694910E-3
57.000000000000028E+0	316.971443907426210E-3	-372.198588392311620E-3
58.000000000000028E+0	409.787701927969650E-3	-550.945954413854970E-3
59.000000000000028E+0	362.739975171537940E-3	-588.384042311649650E-3
60.000000000000028E+0	356.502161691089000E-3	-781.685926782473840E-3
61.000000000000028E+0	372.553165293072360E-3	-1.018288555199545E+0
62.000000000000028E+0	456.389797170373420E-3	-1.228478471033660E+0
63.000000000000028E+0	436.945511542164320E-3	-1.305486004219131E+0
64.000000000000028E+0	420.489235788490510E-3	-1.524674077716406E+0
65.000000000000028E+0	415.863376328516390E-3	-1.668814758791059E+0
66.000000000000028E+0	355.446416351751170E-3	-1.821130265969499E+0
67.000000000000028E+0	254.816366288783900E-3	-2.166111795839979E+0
68.000000000000028E+0	378.604479026102840E-3	-2.411396952386370E+0
69.000000000000028E+0	301.695445504973350E-3	-2.420503891807125E+0
70.000000000000028E+0	220.980690204069710E-3	-2.370509413601872E+0
71.000000000000028E+0	159.658374738224810E-3	-2.079644141851743E+0
72.000000000000028E+0	112.866451713315700E-3	-2.749180437308678E+0
73.000000000000028E+0	145.834691503770320E-3	-2.640919278501186E+0
74.000000000000028E+0	131.014478725168030E-3	-2.609357997202126E+0
75.000000000000028E+0	126.651837550101430E-3	-2.752977454910462E+0
76.000000000000028E+0	127.939492462370630E-3	-2.734194350431533E+0
77.000000000000028E+0	72.748409643770370E-3	-2.634935866163911E+0
78.000000000000028E+0	91.382823174052247E-3	-3.127358792582498E+0
79.000000000000028E+0	88.161444941187383E-3	-3.013647199687401E+0
80.000000000000028E+0	83.319830378343701E-3	-2.718541504637637E+0
81.000000000000028E+0	35.027425228295529E-3	-2.468835380366097E+0
82.000000000000028E+0	47.173089086211345E-3	-3.132617927020761E+0
83.000000000000028E+0	61.264141983534720E-3	-3.529314024774586E+0
84.000000000000028E+0	66.542863427331164E-3	-3.721803501021931E+0
85.000000000000028E+0	63.477538080928500E-3	-4.129708522173051E+0
86.000000000000028E+0	60.416082712068074E-3	-4.019576188966205E+0
87.000000000000028E+0	65.473604924101036E-3	-5.617032196321029E+0
88.000000000000028E+0	81.886262909119059E-3	-5.279739944853853E+0
89.000000000000028E+0	81.335879310386189E-3	-5.231215179281694E+0
90.000000000000028E+0	102.089735489458660E-3	-3.704264533394918E+0
91.000000000000028E+0	134.205293095349370E-3	-5.778405807086202E+0
92.000000000000028E+0	142.566423486814590E-3	-5.831853088611981E+0
93.000000000000028E+0	161.526318273004120E-3	-5.881900568767613E+0
94.000000000000028E+0	192.208157252589860E-3	-5.928699405328250E+0
95.000000000000028E+0	203.333480640131380E-3	-5.955843478144618E+0
96.000000000000028E+0	192.159927992185760E-3	-6.283334147456198E+0
97.000000000000028E+0	214.089352887589710E-3	-6.495212592415958E+0
98.000000000000028E+0	193.789605470979400E-3	-6.535744089966098E+0
99.000000000000028E+0	150.950713521801310E-3	-6.253298143493544E+0
100.000000000000030E+0	372.691328911158910E-3	-8.467135868587134E+0
101.000000000000030E+0	251.975471489417960E-3	-7.277453513757802E+0
102.000000000000030E+0	206.064866342272170E-3	-7.061192197871010E+0
103.000000000000030E+0	98.246029894778375E-3	-7.699017478891588E+0
104.000000000000030E+0	279.922080236152560E-3	-7.718392413080309E+0
105.000000000000030E+0	209.064772172299600E-3	-7.916014605506414E+0
106.000000000000030E+0	268.687028336186960E-3	-7.605315329805130E+0
107.000000000000030E+0	213.523724071881470E-3	-7.534982926079544E+0
108.000000000000030E+0	194.169585329673600E-3	-7.238650989233223E+0
109.000000000000030E+0	329.969545583960630E-3	-6.020834014496550E+0
110.000000000000030E+0	122.949611977156310E-3	-7.662265101915332E+0
111.000000000000030E+0	174.702763930045720E-3	-7.294003735015911E+0
112.000000000000030E+0	200.802457247589770E-3	-7.087602958535633E+0
113.000000000000030E+0	237.750138394491410E-3	-7.117582850838913E+0
114.000000000000030E+0	271.663635241711890E-3	-7.183648512041994E+0
115.000000000000030E+0	311.958131161918120E-3	-7.288388815782792E+0
116.000000000000030E+0	373.935391812953820E-3	-7.275860170982172E+0
117.000000000000030E+0	398.263010327792430E-3	-7.328087212898875E+0
118.000000000000030E+0	425.749716437447020E-3	-7.524190561640749E+0
119.000000000000030E+0	743.448644193178020E-3	-7.219823994110511E+0
120.000000000000030E+0	563.090933546260940E-3	-7.389049739355447E+0
121.000000000000030E+0	577.390518658825510E-3	-7.575654522273917E+0
122.000000000000030E+0	692.263833716450730E-3	-7.664637910415411E+0
123.000000000000030E+0	616.870648917146050E-3	-7.712648185679237E+0
124.000000000000030E+0	657.597084249796460E-3	-7.926035943285211E+0
125.000000000000030E+0	640.471285690084050E-3	-7.968367032888660E+0
126.000000000000030E+0	614.452430601233560E-3	-8.104885953691619E+0
127.000000000000030E+0	601.468610784114730E-3	-8.111333232014871E+0
128.000000000000030E+0	557.449194891761260E-3	-7.991197266069139E+0
129.000000000000030E+0	552.518406921259640E-3	-8.154966181795508E+0
130.000000000000030E+0	597.811909348089920E-3	-8.177494835427147E+0
131.000000000000030E+0	650.173967112986580E-3	-8.238067710388588E+0
132.000000000000030E+0	729.674512258490450E-3	-8.417839894382977E+0
133.000000000000030E+0	800.417278735172430E-3	-8.419454900725409E+0
134.000000000000030E+0	831.898030216315920E-3	-8.551624242934142E+0
135.000000000000030E+0	912.583197400478660E-3	-8.567467448496412E+0
136.000000000000030E+0	854.143945635412630E-3	-8.641450853051753E+0
137.000000000000030E+0	802.817982974555980E-3	-8.728724916141896E+0
138.000000000000030E+0	761.716781272344880E-3	-8.698342913248569E+0
139.000000000000030E+0	734.895050816759430E-3	-8.793810931015161E+0
140.000000000000030E+0	720.528910000997390E-3	-8.890345056997376E+0
141.000000000000030E+0	718.521966647543750E-3	-8.884727350604509E+0
142.000000000000030E+0	597.841551487496290E-3	-8.950578526373349E+0
143.000000000000030E+0	630.553218833161070E-3	-9.168648969983508E+0
144.000000000000030E+0	640.913381294678120E-3	-9.246932199226073E+0
145.000000000000030E+0	681.175782450462060E-3	-9.327219999425539E+0
146.000000000000030E+0	718.207923000131480E-3	-9.288037653800096E+0
147.000000000000030E+0	736.333156931158420E-3	-9.408295189197425E+0
148.000000000000030E+0	830.039926679675080E-3	-9.305206956745860E+0
149.000000000000030E+0	775.796031976196950E-3	-9.316514123602190E+0
150.000000000000030E+0	708.254629630830750E-3	-9.301468216550655E+0
151.000000000000030E+0	597.106963975062910E-3	-9.481185918529524E+0
152.000000000000030E+0	655.924031024363920E-3	-9.575930862809408E+0
153.000000000000030E+0	593.144793416906510E-3	-9.638955701811414E+0
154.000000000000030E+0	608.237869134816700E-3	-9.854722706480057E+0
155.000000000000030E+0	558.562385654327700E-3	-9.717895780934839E+0
156.000000000000030E+0	441.977222051360970E-3	-10.106831700430327E+0
157.000000000000030E+0	600.673285205463370E-3	-9.972981290637376E+0
158.000000000000030E+0	606.361209941161830E-3	-9.887404184737234E+0
159.000000000000030E+0	618.102672513775040E-3	-9.827210401674025E+0
160.000000000000030E+0	686.234625033517180E-3	-9.710431806858846E+0
161.000000000000030E+0	537.193528096032380E-3	-9.629243443404224E+0
162.000000000000030E+0	591.451728361345960E-3	-9.753790790984079E+0
163.000000000000030E+0	657.637284811861790E-3	-9.715619796391953E+0
164.000000000000030E+0	584.769277851308500E-3	-9.646989468179228E+0
165.000000000000030E+0	620.355913956488810E-3	-9.772667320678192E+0
166.000000000000030E+0	460.304697997849730E-3	-9.583041995070083E+0
167.000000000000030E+0	497.488072126241910E-3	-10.050444465098771E+0
168.000000000000030E+0	578.238089072941610E-3	-10.088436092544768E+0
169.000000000000030E+0	723.050935222637520E-3	-10.274920828711341E+0
170.000000000000030E+0	769.806645524354630E-3	-9.900477594214944E+0
171.000000000000030E+0	619.303462468251630E-3	-10.008962008172260E+0
172.000000000000030E+0	615.634191860791270E-3	-10.120853998784561E+0
173.000000000000030E+0	614.239599260091420E-3	-10.194373757779417E+0
174.000000000000030E+0	609.035396579897800E-3	-10.149133590513514E+0
175.000000000000030E+0	566.111402700251620E-3	-10.023094675709897E+0
176.000000000000030E+0	496.546919361384290E-3	-10.217381952717531E+0
177.000000000000030E+0	559.579495529008100E-3	-10.257566477330556E+0
178.000000000000030E+0	584.457553150441790E-3	-10.230431554457903E+0
179.000000000000030E+0	989.929563035620410E-3	-10.343059101545958E+0
180.000000000000030E+0	512.008678613486980E-3	-9.964752105913513E+0
181.000000000000030E+0	587.268143818155170E-3	-10.328362455113167E+0
182.000000000000030E+0	784.908574676743910E-3	-10.506250013037031E+0
183.000000000000030E+0	857.368622173098730E-3	-10.402366143095980E+0
184.000000000000030E+0	1.016749111289527E+0	-10.460785648652172E+0
185.000000000000030E+0	931.757091692511860E-3	-10.284815346367987E+0
186.000000000000030E+0	842.205898591778300E-3	-10.436469155712956E+0
187.000000000000030E+0	834.242425791872240E-3	-10.641173990068607E+0
188.000000000000030E+0	902.207999138411990E-3	-10.718300345810968E+0
189.000000000000030E+0	899.985108682147980E-3	-10.909772187111397E+0
190.000000000000030E+0	908.970352608520550E-3	-10.966823825371172E+0
191.000000000000030E+0	863.873816632384050E-3	-11.154725500205277E+0
192.000000000000030E+0	919.244055346708390E-3	-11.387537384938641E+0
193.000000000000030E+0	957.254480312558890E-3	-11.378408211907978E+0
194.000000000000030E+0	740.519483822517090E-3	-11.443120914955712E+0
195.000000000000030E+0	683.963058466702130E-3	-11.582437548909178E+0
196.000000000000030E+0	659.922656249225080E-3	-11.629767431460596E+0
197.000000000000030E+0	641.532172502612410E-3	-11.672175606241641E+0
198.000000000000030E+0	763.040309927645490E-3	-11.496645884845972E+0
199.000000000000030E+0	571.605073867155980E-3	-11.503945136199640E+0
200.000000000000030E+0	579.606767691291940E-3	-11.574468901144476E+0
201.000000000000030E+0	570.091460509311140E-3	-11.583238770558706E+0
202.000000000000030E+0	572.050773659500630E-3	-11.770479997975102E+0
203.000000000000030E+0	670.868471150097070E-3	-11.765398609604643E+0
204.000000000000030E+0	592.202773365982810E-3	-11.808414587994383E+0
205.000000000000030E+0	639.160436277215300E-3	-11.970933100973062E+0
206.000000000000030E+0	607.587968422654280E-3	-11.984526162852834E+0
207.000000000000030E+0	586.266536877982250E-3	-12.448516249102402E+0
208.000000000000030E+0	854.721270438942300E-3	-12.303053823497034E+0
209.000000000000030E+0	645.141880203364830E-3	-12.389326861741676E+0
210.000000000000030E+0	539.399665585321370E-3	-12.684587582120461E+0
211.000000000000030E+0	582.453315122415940E-3	-12.881805628412900E+0
212.000000000000030E+0	409.278156421370390E-3	-12.818315821177809E+0
213.000000000000030E+0	336.631865411919640E-3	-13.022868408855558E+0
214.000000000000030E+0	317.099221194757470E-3	-12.985024571049562E+0
215.000000000000030E+0	211.974687536592740E-3	-13.023649378771124E+0
216.000000000000030E+0	64.458040261731658E-3	-13.397166232375655E+0
217.000000000000030E+0	371.076975912797760E-3	-14.083911276082784E+0
218.000000000000030E+0	240.703187946130630E-3	-13.576495298963907E+0
219.000000000000030E+0	137.380115312674470E-3	-13.564682478614074E+0
220.000000000000030E+0	86.461739725406384E-3	-13.725128450132294E+0
221.000000000000030E+0	59.351386524873685E-3	-13.031597288632913E+0
222.000000000000030E+0	10.140369370498987E-3	-11.188447177099492E+0
223.000000000000030E+0	9.003603868226118E-3	-8.798092335758867E+0
224.000000000000030E+0	51.917420379051962E-3	-8.808684558756152E+0
225.000000000000030E+0	53.080041378936224E-3	-8.597106494882368E+0
226.000000000000030E+0	96.745338774057665E-3	-8.602438116472268E+0
227.000000000000030E+0	19.294143593494399E-3	-6.265360926101553E+0
228.000000000000030E+0	48.973709071271743E-3	-4.081763393788509E+0
229.000000000000030E+0	82.847507147202418E-3	-4.013658587276601E+0
230.000000000000030E+0	80.654755604192316E-3	-4.022451836141784E+0
231.000000000000030E+0	133.396241204994240E-3	-4.401589004873868E+0
232.000000000000030E+0	165.711788027897020E-3	-4.310447795289668E+0
233.000000000000030E+0	118.411116560166810E-3	-4.445190711513378E+0
234.000000000000030E+0	138.623199157018650E-3	-5.003324031193240E+0
235.000000000000030E+0	165.716991904697820E-3	-5.228772732000570E+0
236.000000000000030E+0	164.615571840784680E-3	-5.226113335981848E+0
237.000000000000030E+0	162.236284102538620E-3	-5.395079406653386E+0
238.000000000000030E+0	178.152405731258960E-3	-5.274985446020946E+0
239.000000000000030E+0	249.849985404567430E-3	-5.161040495316577E+0
240.000000000000030E+0	318.912081533648920E-3	-4.478375631100932E+0
241.000000000000030E+0	216.796136547813320E-3	-4.639939314563424E+0
242.000000000000030E+0	184.605205893547760E-3	-4.688831486215899E+0
243.000000000000030E+0	163.967793818655560E-3	-5.230807285681344E+0
244.000000000000030E+0	208.345609647902470E-3	-5.166374565718714E+0
245.000000000000030E+0	178.401637788245280E-3	-5.719943161442560E+0
246.000000000000030E+0	323.107751711735890E-3	-5.487543755760623E+0
247.000000000000030E+0	321.867077237704410E-3	-5.417255559965083E+0
248.000000000000030E+0	352.327414753816290E-3	-5.329638747239718E+0
249.000000000000030E+0	439.044768169898180E-3	-5.112684514182664E+0
250.000000000000030E+0	285.922738760953030E-3	-4.628551494730645E+0
251.000000000000030E+0	197.589642772418830E-3	-4.672602371242847E+0
252.000000000000030E+0	83.994248510418243E-3	-4.564806184239703E+0
253.000000000000030E+0	176.896808554694390E-3	-6.202148449058281E+0
254.000000000000030E+0	255.572642736947240E-3	-6.042060899753597E+0
255.000000000000030E+0	221.949089584275170E-3	-6.267431689633541E+0
256.000000000000060E+0	354.999835386221260E-3	-6.438251212818889E+0
257.000000000000060E+0	310.466992710535410E-3	-6.326925543876238E+0
258.000000000000060E+0	418.720195653339400E-3	-6.531453307621466E+0
259.000000000000060E+0	423.127870605333190E-3	-5.363113067959064E+0
260.000000000000060E+0	235.180936252616550E-3	-5.418682811895764E+0
261.000000000000060E+0	239.670972578515220E-3	-5.992459121541211E+0
262.000000000000060E+0	400.814082979184360E-3	-5.581389346100882E+0
263.000000000000060E+0	308.144572804643750E-3	-4.891200047927759E+0
264.000000000000060E+0	40.168943459988574E-3	-4.324363093680254E+0
265.000000000000060E+0	141.619318365718560E-3	-6.855770469896235E+0
266.000000000000060E+0	301.575837505624110E-3	-6.489514843804694E+0
267.000000000000060E+0	329.470226062167860E-3	-5.794181046103874E+0
268.000000000000060E+0	191.983087676989770E-3	-4.461552250610463E+0
269.000000000000060E+0	71.514681977129138E-3	-6.886223437120815E+0
270.000000000000060E+0	39.284678042394272E-3	-6.911939356704667E+0
271.000000000000060E+0	180.342665710377630E-3	-7.420009507717737E+0
272.000000000000060E+0	175.744577133979310E-3	-5.714787245653499E+0
273.000000000000060E+0	73.756684089712574E-3	-5.747736556237485E+0
274.000000000000060E+0	134.750523052061670E-3	-5.904087958347171E+0
275.000000000000060E+0	168.547004338849730E-3	-5.901577058769880E+0
276.000000000000060E+0	307.055783095013580E-3	-5.718329232015227E+0
277.000000000000060E+0	504.725042888322430E-3	-5.219795451529601E+0
278.000000000000060E+0	252.696888193024720E-3	-5.192755496754708E+0
279.000000000000060E+0	341.087080510349690E-3	-5.440373197249215E+0
280.000000000000060E+0	369.392207878110610E-3	-5.615525724519343E+0
281.000000000000060E+0	490.755452914913680E-3	-5.837834966937399E+0
282.000000000000060E+0	547.333473411237950E-3	-5.827269379154199E+0
283.000000000000060E+0	575.617966541033370E-3	-6.024463784878619E+0
284.000000000000060E+0	670.285668349337450E-3	-6.207487438937119E+0
285.000000000000060E+0	699.482416550072930E-3	-6.346918609355581E+0
286.000000000000060E+0	746.935613406209950E-3	-6.481863874772592E+0
287.000000000000060E+0	721.637060685730520E-3	-6.542922823746490E+0
288.000000000000060E+0	716.176185475517650E-3	-6.743881445273107E+0
289.000000000000060E+0	726.562967240442450E-3	-6.966768306907177E+0
290.000000000000060E+0	844.027765829620690E-3	-7.151663519133190E+0
291.000000000000060E+0	780.171423730646520E-3	-7.194515428775337E+0
292.000000000000060E+0	831.113569586426900E-3	-7.482850230122986E+0
293.000000000000060E+0	904.054636477183540E-3	-7.618061973199358E+0
294.000000000000060E+0	834.450971093618210E-3	-7.795876494759175E+0
295.000000000000060E+0	771.450277918299010E-3	-8.120340121727473E+0
296.000000000000060E+0	915.244379167736270E-3	-8.300245812077559E+0
297.000000000000060E+0	772.456027060142820E-3	-8.321264221815841E+0
298.000000000000060E+0	614.585219099907150E-3	-8.522758190603245E+0
299.000000000000060E+0	551.538380740081320E-3	-8.731567736664747E+0
300.000000000000060E+0	544.898826761366360E-3	-8.929157828143792E+0
301.000000000000060E+0	570.631845728546750E-3	-8.782801517381008E+0
302.000000000000060E+0	454.280763895515300E-3	-8.837913464893399E+0
303.000000000000060E+0	418.366048179005360E-3	-9.106423873946412E+0
304.000000000000060E+0	491.136448135716830E-3	-8.949360926054389E+0
305.000000000000060E+0	431.438274440016030E-3	-8.894870559367506E+0
306.000000000000060E+0	394.640602988777960E-3	-9.142981801428705E+0
307.000000000000060E+0	421.616532828708030E-3	-9.159123482522883E+0
308.000000000000060E+0	386.095521989988920E-3	-9.199367021152559E+0
309.000000000000060E+0	367.051273043554560E-3	-9.331366747003267E+0
310.000000000000060E+0	401.006618989242060E-3	-9.457757821973672E+0
311.000000000000060E+0	392.264033180903530E-3	-9.459200913427708E+0
312.000000000000060E+0	388.441267878092740E-3	-9.462430697761484E+0
313.000000000000060E+0	387.943681567657180E-3	-9.421338969140876E+0
314.000000000000060E+0	388.596704904201780E-3	-9.218319207132035E+0
315.000000000000060E+0	343.516251885113250E-3	-9.237837608843096E+0
316.000000000000060E+0	395.892410508549450E-3	-9.279158408715894E+0
317.000000000000060E+0	381.407403984894810E-3	-9.337633710788635E+0
318.000000000000060E+0	391.652925897036040E-3	-9.463736130965726E+0
319.000000000000060E+0	520.837672914031930E-3	-9.631345584684002E+0
320.000000000000060E+0	534.805758358995130E-3	-9.561275644413074E+0
321.000000000000060E+0	576.226852960814990E-3	-9.644061259405110E+0
322.000000000000060E+0	654.966684800907810E-3	-9.631957903349083E+0
323.000000000000060E+0	712.280618945513310E-3	-9.678021386339688E+0
324.000000000000060E+0	823.747715171528450E-3	-9.605343048807434E+0
325.000000000000060E+0	737.694208209014320E-3	-9.638083937912100E+0
326.000000000000060E+0	833.506785120570080E-3	-9.773604224031022E+0
327.000000000000060E+0	887.815351804124300E-3	-9.829947248925246E+0
328.000000000000060E+0	932.330485753472990E-3	-10.022197258249538E+0
329.000000000000060E+0	1.172802446215642E+0	-10.227529211917870E+0
330.000000000000060E+0	1.221852999607286E+0	-10.331865308445273E+0
331.000000000000060E+0	1.374875401181765E+0	-10.562730757900816E+0
332.000000000000060E+0	1.733890347986457E+0	-10.626783277330947E+0
333.000000000000060E+0	1.675056188606721E+0	-10.663191381435984E+0
334.000000000000060E+0	1.522049680616675E+0	-10.826466903378925E+0
335.000000000000060E+0	1.388208443099212E+0	-11.084188908912541E+0
336.000000000000060E+0	1.402934266959337E+0	-11.311537632740558E+0
337.000000000000060E+0	1.297510275183671E+0	-11.511652178078108E+0
338.000000000000060E+0	1.457739100762224E+0	-11.672188002722338E+0
339.000000000000060E+0	1.289341174055308E+0	-11.705495498896717E+0
340.000000000000060E+0	1.260128918050975E+0	-11.848374062018776E+0
341.000000000000060E+0	1.244899904299962E+0	-11.859890032195588E+0
342.000000000000060E+0	1.020869933865748E+0	-11.865040330929466E+0
343.000000000000060E+0	955.817609454508330E-3	-12.047564265420018E+0
344.000000000000060E+0	901.599753886443980E-3	-12.116031176029768E+0
345.000000000000060E+0	865.529832873091380E-3	-12.216544752801813E+0
346.000000000000060E+0	793.172112317552250E-3	-12.297562107030693E+0
347.000000000000060E+0	809.283307458809280E-3	-12.497937870559328E+0
348.000000000000060E+0	862.979246838959660E-3	-12.289154442770041E+0
349.000000000000060E+0	730.038521577051070E-3	-12.296826959381228E+0
350.000000000000060E+0	582.442528039500700E-3	-12.345951868328395E+0
351.000000000000060E+0	581.363630851399300E-3	-12.618191066702929E+0
352.000000000000060E+0	514.790299548963050E-3	-12.583430616068791E+0
353.000000000000060E+0	508.300991548646720E-3	-12.731591355452244E+0
354.000000000000060E+0	516.693275656620490E-3	-12.652216899149270E+0
355.000000000000060E+0	500.822336868286810E-3	-12.559507303029219E+0
356.000000000000060E+0	480.953113302256320E-3	-12.458755624876282E+0
357.000000000000060E+0	464.325155441654980E-3	-12.399332864133108E+0
358.000000000000060E+0	474.663485055724420E-3	-12.391077175815655E+0
359.000000000000060E+0	476.149151260396970E-3	-12.375332976472054E+0
360.000000000000060E+0	477.625015498960910E-3	-12.420653888228774E+0
361.000000000000060E+0	487.395925042580670E-3	-12.415325293302283E+0
362.000000000000060E+0	481.197414895801370E-3	-12.481044406749985E+0
363.000000000000060E+0	484.403691482986560E-3	-12.553645533580676E+0
364.000000000000060E+0	524.183523608241830E-3	-12.594565354402643E+0
365.000000000000060E+0	531.971257568033650E-3	-12.585747708668007E+0
366.000000000000060E+0	518.688247803717250E-3	-12.594296445349475E+0
367.000000000000060E+0	518.083921818079380E-3	-12.675954586024606E+0
368.000000000000060E+0	529.816033349003730E-3	-12.716442308059278E+0
369.000000000000060E+0	554.615316500737810E-3	-12.748077684517710E+0
370.000000000000060E+0	539.126825334870880E-3	-12.724370162143543E+0
371.000000000000060E+0	505.727586150777730E-3	-12.840101369938967E+0
372.000000000000060E+0	517.716084528612840E-3	-12.920008289730575E+0
373.000000000000060E+0	500.717341421436310E-3	-12.984869882366489E+0
374.000000000000060E+0	518.301843117535020E-3	-13.061359884339730E+0
375.000000000000060E+0	503.775947705309530E-3	-13.140248385491558E+0
376.000000000000060E+0	544.581383958144930E-3	-13.154337969428461E+0
377.000000000000060E+0	503.359112346981610E-3	-13.109435714787462E+0
378.000000000000060E+0	459.815460890106160E-3	-13.150662254315618E+0
379.000000000000060E+0	429.966990864392270E-3	-13.101825961901396E+0
380.000000000000060E+0	374.866882632848060E-3	-13.295181369596373E+0
381.000000000000060E+0	378.313396233415420E-3	-13.254530826811679E+0
382.000000000000060E+0	359.094720063038050E-3	-13.319676369452770E+0
383.000000000000060E+0	402.302717638886140E-3	-13.369655170914029E+0
384.000000000000060E+0	426.122680811455380E-3	-13.331876852485717E+0
385.000000000000060E+0	415.344752376118730E-3	-13.269300825209088E+0
386.000000000000060E+0	420.921000369737450E-3	-13.243945764024902E+0
387.000000000000060E+0	412.641088535388060E-3	-13.170777270494934E+0
388.000000000000060E+0	423.830302221286370E-3	-13.224360713404351E+0
389.000000000000060E+0	404.854593746226950E-3	-13.235870250985419E+0
390.000000000000060E+0	434.703029060117210E-3	-13.383491399197617E+0
391.000000000000060E+0	463.775220856902980E-3	-13.442622966011999E+0
392.000000000000060E+0	511.106758438508830E-3	-13.506546087041198E+0
393.000000000000060E+0	508.509760146370170E-3	-13.420151757269032E+0
394.000000000000060E+0	492.926632427323150E-3	-13.594368807644766E+0
395.000000000000060E+0	544.004829798211960E-3	-13.657905513082172E+0
396.000000000000060E+0	529.513053414535690E-3	-13.690148797558743E+0
397.000000000000060E+0	537.136812619391390E-3	-13.785272814039752E+0
398.000000000000060E+0	584.462908696539050E-3	-13.819096153733232E+0
399.000000000000060E+0	477.801694747580220E-3	-13.836185674610086E+0
400.000000000000060E+0	455.860973711991020E-3	-14.055372987234685E+0
401.000000000000060E+0	463.859709494902020E-3	-14.206472204512471E+0
402.000000000000060E+0	470.299348891772660E-3	-14.377432370217496E+0
403.000000000000060E+0	567.109570190442390E-3	-14.480286840688576E+0
404.000000000000060E+0	519.778272931213150E-3	-14.394282267154907E+0
405.000000000000060E+0	494.911077119117690E-3	-14.457550195970557E+0
406.000000000000060E+0	425.394008469226200E-3	-14.445323353251302E+0
407.000000000000060E+0	402.333110563879380E-3	-14.547670888517340E+0
408.000000000000060E+0	303.631345528217800E-3	-14.507169591315504E+0
409.000000000000060E+0	270.940351632799230E-3	-14.860190089592496E+0
410.000000000000060E+0	249.827424029788970E-3	-15.132623079991891E+0
411.000000000000060E+0	326.291812880975810E-3	-15.505803685683244E+0
412.000000000000060E+0	454.295308452074390E-3	-15.165512200754552E+0
413.000000000000060E+0	378.366392243873690E-3	-15.008131814965717E+0
414.000000000000060E+0	335.595548059363810E-3	-14.953694959110988E+0
415.000000000000060E+0	275.265648648208630E-3	-14.905571239520265E+0
416.000000000000060E+0	211.129346239763260E-3	-14.881093225095253E+0
417.000000000000060E+0	130.368661189862460E-3	-15.328935384374148E+0
418.000000000000060E+0	189.838909788292740E-3	-15.741650721319335E+0
419.000000000000060E+0	244.785990699142420E-3	-15.811679300015019E+0
420.000000000000060E+0	256.624908386506200E-3	-15.793456724921752E+0
421.000000000000060E+0	385.806028347996990E-3	-15.821094380357380E+0
422.000000000000060E+0	257.326736342654130E-3	-15.380846724244865E+0
423.000000000000060E+0	208.160343731036480E-3	-15.475074797281817E+0
424.000000000000060E+0	156.415748248150380E-3	-15.512716004514136E+0
425.000000000000060E+0	136.138944379371350E-3	-15.963114098812417E+0
426.000000000000060E+0	119.983707259518190E-3	-16.733778107428982E+0
427.000000000000060E+0	329.270899363561240E-3	-16.384627534379788E+0
428.000000000000060E+0	274.281801062446480E-3	-16.287137609379869E+0
429.000000000000060E+0	281.153749775788280E-3	-16.327973951134631E+0
430.000000000000060E+0	279.794675805674520E-3	-16.337191721729106E+0
431.000000000000060E+0	243.331365898886930E-3	-16.257665253332931E+0
432.000000000000060E+0	224.424593077355290E-3	-16.612988514695321E+0
433.000000000000060E+0	237.244214567044530E-3	-16.875898952700087E+0
434.000000000000060E+0	307.834219533743510E-3	-17.216863912303118E+0
435.000000000000060E+0	438.278511417216800E-3	-17.267417971907648E+0
436.000000000000060E+0	474.036999617151950E-3	-17.112386277695137E+0
437.000000000000060E+0	457.235337671809960E-3	-17.206656612897991E+0
438.000000000000060E+0	444.621413306229560E-3	-17.361721980997469E+0
439.000000000000060E+0	463.596753200353430E-3	-17.578877402909235E+0
440.000000000000060E+0	453.827592303469360E-3	-17.978890636383014E+0
441.000000000000060E+0	522.887448165642140E-3	-18.014333969242937E+0
442.000000000000060E+0	555.677401910053550E-3	-18.220512230995070E+0
443.000000000000060E+0	617.467980088916900E-3	-18.273455930113368E+0
444.000000000000060E+0	581.030350059501100E-3	-18.316376752003457E+0
445.000000000000060E+0	619.026534976556800E-3	-18.376683278444549E+0
446.000000000000060E+0	503.234883093616860E-3	-18.547651842971405E+0
447.000000000000060E+0	550.920806249505790E-3	-18.802670047022183E+0
448.000000000000060E+0	610.701670377226110E-3	-18.818260490055206E+0
449.000000000000060E+0	557.158157340646440E-3	-18.970263784282302E+0
450.000000000000060E+0	727.991324770213110E-3	-19.115160870224802E+0
451.000000000000060E+0	678.131520504019040E-3	-19.137461376754946E+0
452.000000000000060E+0	728.690530558150360E-3	-19.293527246390045E+0
453.000000000000060E+0	683.658003589335710E-3	-19.200173498651218E+0
454.000000000000060E+0	632.218231485836560E-3	-19.594606374038872E+0
455.000000000000060E+0	745.976171525856600E-3	-19.748196531324179E+0
456.000000000000060E+0	760.175803452432070E-3	-19.898143864802570E+0
457.000000000000060E+0	802.659066345017710E-3	-20.121716500182266E+0
458.000000000000060E+0	843.306119509952820E-3	-20.381524477933031E+0
459.000000000000060E+0	811.705217112129170E-3	-20.341622268962123E+0
460.000000000000060E+0	631.200255608465600E-3	-20.724529280942953E+0
461.000000000000060E+0	548.082932080414360E-3	-21.038998186606847E+0
462.000000000000060E+0	486.075409428381010E-3	-21.353026833581538E+0
463.000000000000060E+0	528.138793203822730E-3	-21.461808390713180E+0
464.000000000000060E+0	359.365367957240440E-3	-21.316394612005908E+0
465.000000000000060E+0	233.478697317066470E-3	-21.547055263778329E+0
466.000000000000060E+0	187.096643718981380E-3	-21.754693811618100E+0
467.000000000000060E+0	141.733485695609760E-3	-21.792156604094600E+0
468.000000000000060E+0	97.610794039996576E-3	-21.876205483562192E+0
469.000000000000060E+0	84.204732151226161E-3	-21.859814074685637E+0
470.000000000000060E+0	51.076497023245869E-3	-21.112474513733098E+0
471.000000000000060E+0	31.561406277573249E-3	-20.067453808521456E+0
472.000000000000060E+0	112.285872735529800E-3	-20.699759885233462E+0
473.000000000000060E+0	152.734801740715910E-3	-20.438856516174738E+0
474.000000000000060E+0	221.960419066644930E-3	-20.664187100678614E+0
475.000000000000060E+0	305.879174833470380E-3	-20.736976190556454E+0
476.000000000000060E+0	319.958114695127800E-3	-20.826346434484542E+0
477.000000000000060E+0	297.976936424565910E-3	-21.367574828973712E+0
478.000000000000060E+0	476.333193196199880E-3	-21.797992151794347E+0
479.000000000000060E+0	460.278456171871410E-3	-22.016082479402513E+0
480.000000000000060E+0	447.869673012778190E-3	-22.376186314071671E+0
481.000000000000060E+0	442.088370879371200E-3	-22.636954632758016E+0
482.000000000000060E+0	412.087368604029950E-3	-22.926258010890589E+0
483.000000000000060E+0	446.562602941086960E-3	-23.146094202171643E+0
484.000000000000060E+0	468.191191956796760E-3	-23.358040631910345E+0
485.000000000000060E+0	502.641093086444330E-3	-23.389873577471089E+0
486.000000000000060E+0	462.846985631776290E-3	-23.603554251270239E+0
487.000000000000060E+0	460.153692454667080E-3	-23.812500315384781E+0
488.000000000000060E+0	475.468972594715490E-3	-23.972992463374293E+0
489.000000000000060E+0	499.315807546139130E-3	-24.099692125098912E+0
490.000000000000060E+0	489.691957304589030E-3	-24.197316541303206E+0
491.000000000000060E+0	564.873787543219150E-3	-24.353028609159061E+0
492.000000000000060E+0	581.325681903783750E-3	-24.343269234606431E+0
493.000000000000060E+0	604.051621805249850E-3	-24.405810053674472E+0
494.000000000000060E+0	622.015836435658390E-3	-24.516185561243233E+0
495.000000000000060E+0	611.341843216638430E-3	-24.584697858519355E+0
496.000000000000060E+0	632.304694523910140E-3	-24.866820688563990E+0
497.000000000000060E+0	793.493510099915090E-3	-24.919904205016984E+0
498.000000000000060E+0	811.487868576047490E-3	-24.912350275029507E+0
499.000000000000060E+0	818.794317933999370E-3	-24.985743929197302E+0
500.000000000000060E+0	775.503500972088200E-3	-25.072645305881167E+0
501.000000000000060E+0	889.249639484109950E-3	-25.230701817943942E+0
502.000000000000060E+0	897.819392184311620E-3	-25.319313309104405E+0
503.000000000000060E+0	950.031708173566080E-3	-25.405301946987500E+0
504.000000000000060E+0	985.577075026485730E-3	-25.496799083502982E+0
505.000000000000060E+0	1.010467691978988E+0	-25.623877521840988E+0
506.000000000000060E+0	1.158231022731872E+0	-25.665350494372401E+0
507.000000000000060E+0	1.130722971230075E+0	-25.801716374942607E+0
508.000000000000060E+0	1.236745399323234E+0	-25.981936963526245E+0
509.000000000000060E+0	1.327972484207036E+0	-26.096877617581804E+0
510.000000000000060E+0	1.367548867616605E+0	-26.302523898388760E+0
511.000000000000060E+0	1.435492776776733E+0	-26.456989428537966E+0
512.000000000000110E+0	1.396959990049138E+0	-26.712725744041464E+0
513.000000000000110E+0	1.456164475509026E+0	-26.991002308247243E+0
514.000000000000110E+0	1.348555808888110E+0	-27.102749130011016E+0
515.000000000000110E+0	969.059146254824920E-3	-27.358636672256921E+0
516.000000000000110E+0	737.048026070993290E-3	-27.609561262293973E+0
517.000000000000110E+0	549.637353147762740E-3	-27.667115368531917E+0
518.000000000000110E+0	440.832474798988070E-3	-27.639479885665843E+0
519.000000000000110E+0	437.789860251853070E-3	-27.330343799835639E+0
520.000000000000110E+0	368.585291803512400E-3	-27.253068006275498E+0
521.000000000000110E+0	426.009784392476000E-3	-27.140361316389345E+0
522.000000000000110E+0	462.005391706198590E-3	-27.087031602526952E+0
523.000000000000110E+0	467.047012584504480E-3	-27.169354869247954E+0
524.000000000000110E+0	471.944323091634750E-3	-27.428792436165324E+0
525.000000000000110E+0	458.229264539599890E-3	-27.666266229589592E+0
526.000000000000110E+0	432.173262123419670E-3	-27.874557487485440E+0
527.000000000000110E+0	365.839588954118390E-3	-27.913734472977847E+0
528.000000000000110E+0	303.882800613245630E-3	-28.045990169110439E+0
529.000000000000110E+0	249.583903036514430E-3	-27.781735077466056E+0
530.000000000000110E+0	176.411911559711390E-3	-27.974163323610849E+0
531.000000000000110E+0	153.347175962115580E-3	-28.044044839853726E+0
532.000000000000110E+0	168.704937804436100E-3	-27.738784102209330E+0
533.000000000000110E+0	79.135480869359565E-3	-27.307906572204402E+0
534.000000000000110E+0	89.715472418145911E-3	-27.916485047476513E+0
535.000000000000110E+0	119.133557469170790E-3	-27.531017887899363E+0
536.000000000000110E+0	139.489800611577810E-3	-27.285125733552423E+0
537.000000000000110E+0	157.151515422944280E-3	-27.072696566773669E+0
538.000000000000110E+0	138.005529902704540E-3	-26.443329405749953E+0
539.000000000000110E+0	74.979001017760172E-3	-26.827850858296031E+0
540.000000000000110E+0	66.400534907778308E-3	-27.020201670749284E+0
541.000000000000110E+0	82.842935668948570E-3	-26.928988414439011E+0
542.000000000000110E+0	88.985131467459663E-3	-25.875321054392298E+0
543.000000000000110E+0	45.384519570400107E-3	-27.308457959512623E+0
544.000000000000110E+0	84.424842267044331E-3	-27.009165886390040E+0
545.000000000000110E+0	116.321760409962230E-3	-26.669023269486551E+0
546.000000000000110E+0	126.690530197479970E-3	-26.714218641121846E+0
547.000000000000110E+0	202.041242602701930E-3	-26.572685962176671E+0
548.000000000000110E+0	173.971548665238260E-3	-26.118516193113496E+0
549.000000000000110E+0	163.924524953038190E-3	-26.282907698726866E+0
550.000000000000110E+0	171.330785572173990E-3	-26.205712412230188E+0
551.000000000000110E+0	129.458913439737730E-3	-26.291670554781145E+0
552.000000000000110E+0	167.599080822270040E-3	-26.468875866904202E+0
553.000000000000110E+0	175.667892060841100E-3	-26.367488024080881E+0
554.000000000000110E+0	174.304015185684200E-3	-26.344800414979293E+0
555.000000000000110E+0	168.832621942980490E-3	-26.209750572322040E+0
556.000000000000110E+0	153.732585803354140E-3	-26.256668695484457E+0
557.000000000000110E+0	135.823502215402180E-3	-26.097817496198548E+0
558.000000000000110E+0	127.153443980636830E-3	-26.083754519087101E+0
559.000000000000110E+0	109.429954565234810E-3	-26.006064664610680E+0
560.000000000000110E+0	96.325818742736588E-3	-26.358893057202657E+0
561.000000000000110E+0	302.778469051875220E-3	-26.250921073273176E+0
562.000000000000110E+0	250.428973081286530E-3	-25.720376903023272E+0
563.000000000000110E+0	254.106150400328470E-3	-25.713529158834703E+0
564.000000000000110E+0	333.321098151819710E-3	-25.780827156109087E+0
565.000000000000110E+0	382.592660127626160E-3	-25.691778753564382E+0
566.000000000000110E+0	412.196133082428920E-3	-25.706300743439115E+0
567.000000000000110E+0	452.317672820102930E-3	-25.812284810391503E+0
568.000000000000110E+0	522.035192749875860E-3	-25.869203162162872E+0
569.000000000000110E+0	565.064575022704130E-3	-25.898501776097440E+0
570.000000000000110E+0	598.669283197619030E-3	-26.042523470434382E+0
571.000000000000110E+0	759.292501889776930E-3	-26.067204222454553E+0
572.000000000000110E+0	824.151148387408660E-3	-26.120874937692072E+0
573.000000000000110E+0	931.659084733568400E-3	-26.187565456047817E+0
574.000000000000110E+0	1.022086516482616E+0	-26.207242036925972E+0
575.000000000000110E+0	1.041294268713939E+0	-26.387587994659476E+0
576.000000000000110E+0	1.121929064693761E+0	-26.505908947001970E+0
577.000000000000110E+0	1.133829732990903E+0	-26.694129876643892E+0
578.000000000000110E+0	1.191936179292985E+0	-26.874546419205878E+0
579.000000000000110E+0	1.165745375011693E+0	-27.088399221451148E+0
580.000000000000110E+0	1.468204651642250E+0	-27.264994488087165E+0
581.000000000000110E+0	1.359516211247566E+0	-27.339544087422894E+0
582.000000000000110E+0	1.353130173309615E+0	-27.529801976894213E+0
583.000000000000110E+0	1.412790354066137E+0	-27.560803841203040E+0
584.000000000000110E+0	1.244385961502005E+0	-27.562377893796334E+0
585.000000000000110E+0	937.246953719154450E-3	-27.698584293599097E+0
586.000000000000110E+0	901.773136667339940E-3	-27.883932827777475E+0
587.000000000000110E+0	837.775655394045190E-3	-27.981324195138114E+0
588.000000000000110E+0	802.778119083797040E-3	-28.128350769836963E+0
589.000000000000110E+0	887.947824230412850E-3	-28.339469571061798E+0
590.000000000000110E+0	849.764315736311950E-3	-28.095192282054047E+0
591.000000000000110E+0	765.512293608692770E-3	-28.152036675343524E+0
592.000000000000110E+0	732.679163907152820E-3	-28.186542268241041E+0
593.000000000000110E+0	668.293523016805000E-3	-28.172623474778032E+0
594.000000000000110E+0	601.339459843385330E-3	-28.239471273002724E+0
595.000000000000110E+0	568.690652845028950E-3	-28.305604504746924E+0
596.000000000000110E+0	541.623541259328210E-3	-28.365343194582827E+0
597.000000000000110E+0	516.039031297485180E-3	-28.416074314578591E+0
598.000000000000110E+0	539.647402560901050E-3	-28.577316781343903E+0
599.000000000000110E+0	585.334386736101390E-3	-28.357167231847644E+0
600.000000000000110E+0	502.230944667385270E-3	-28.330874690563128E+0
601.000000000000110E+0	448.893412595293970E-3	-28.359392685408654E+0
602.000000000000110E+0	376.256337762140960E-3	-28.456694291443569E+0
603.000000000000110E+0	462.293034191777250E-3	-28.645258402907839E+0
604.000000000000110E+0	457.918170039023910E-3	-28.518573064257058E+0
605.000000000000110E+0	419.688828796818070E-3	-28.538764361222523E+0
606.000000000000110E+0	424.946001158596650E-3	-28.573017862189207E+0
607.000000000000110E+0	420.309235265918680E-3	-28.544779657961680E+0
608.000000000000110E+0	425.308543340099880E-3	-28.464070180497622E+0
609.000000000000110E+0	374.193997531606310E-3	-28.455102958728560E+0
610.000000000000110E+0	360.601534330828480E-3	-28.442755143681389E+0
611.000000000000110E+0	317.979368729528090E-3	-28.496111920931011E+0
612.000000000000110E+0	344.655302064000250E-3	-28.687238969099166E+0
613.000000000000110E+0	397.491860710093010E-3	-28.635213685244043E+0
614.000000000000110E+0	410.628880698819750E-3	-28.580303608576052E+0
615.000000000000110E+0	418.140746785324650E-3	-28.503229088798719E+0
616.000000000000110E+0	344.769392811138330E-3	-28.418763397397960E+0
617.000000000000110E+0	296.509027707270170E-3	-28.706334181636780E+0
618.000000000000110E+0	332.491122181455880E-3	-28.811902321713493E+0
619.000000000000110E+0	351.965181262754610E-3	-28.871679665652024E+0
620.000000000000110E+0	356.792763400239910E-3	-28.960506933512374E+0
621.000000000000110E+0	449.171487704453920E-3	-29.074956479222831E+0
622.000000000000110E+0	410.736087712870620E-3	-28.884133576887482E+0
623.000000000000110E+0	396.590826183385090E-3	-28.966414978813141E+0
624.000000000000110E+0	397.893237777038500E-3	-28.942480107358623E+0
625.000000000000110E+0	328.368472739766600E-3	-28.885336827248068E+0
626.000000000000110E+0	263.192048601788410E-3	-28.772932447555767E+0
627.000000000000110E+0	89.375932284582252E-3	-29.510021782779923E+0
628.000000000000110E+0	141.913312013867700E-3	-29.622002463958438E+0
629.000000000000110E+0	141.907213424237400E-3	-29.573936966806457E+0
630.000000000000110E+0	153.645979717740660E-3	-29.383286010519033E+0
631.000000000000110E+0	162.421377665566020E-3	-29.152065299192394E+0
632.000000000000110E+0	141.888605967969760E-3	-28.845890413512336E+0
633.000000000000110E+0	127.526730212823710E-3	-28.800068814283502E+0
634.000000000000110E+0	139.260478804318660E-3	-28.729807685678558E+0
635.000000000000110E+0	118.719987591986150E-3	-28.519274976078371E+0
636.000000000000110E+0	112.890383482675130E-3	-28.621925908685181E+0
637.000000000000110E+0	129.661831153123490E-3	-28.506211522737804E+0
638.000000000000110E+0	130.148471118296000E-3	-28.422371696220765E+0
639.000000000000110E+0	128.736134779988160E-3	-28.321961337049000E+0
640.000000000000110E+0	114.099429158068460E-3	-28.424608018857381E+0
641.000000000000110E+0	142.775580974499440E-3	-28.322164619215499E+0
642.000000000000110E+0	151.768702947109010E-3	-28.272132790706802E+0
643.000000000000110E+0	163.448987794723220E-3	-28.192800268097002E+0
644.000000000000110E+0	166.500812658246210E-3	-28.188994831388097E+0
645.000000000000110E+0	196.441438839104480E-3	-28.290801100867569E+0
646.000000000000110E+0	235.518284417360780E-3	-28.199782580405152E+0
647.000000000000110E+0	255.137494452178370E-3	-28.172420603755878E+0
648.000000000000110E+0	278.885557050155890E-3	-28.203564604451405E+0
649.000000000000110E+0	303.404801029742150E-3	-28.149908853591047E+0
650.000000000000110E+0	200.802387415428610E-3	-28.543976335586713E+0
651.000000000000110E+0	299.960214770952360E-3	-28.668969304056294E+0
652.000000000000110E+0	321.352295460970330E-3	-28.758733578455175E+0
653.000000000000110E+0	350.786202463841850E-3	-28.843035632494011E+0
654.000000000000110E+0	301.700405989804630E-3	-28.867177222876499E+0
655.000000000000110E+0	280.158184605064420E-3	-28.941423071526316E+0
656.000000000000110E+0	257.983145618443150E-3	-28.913911731239555E+0
657.000000000000110E+0	241.527509106589630E-3	-28.871757857237359E+0
658.000000000000110E+0	233.267705017013740E-3	-28.746240578024018E+0
659.000000000000110E+0	149.525486663542710E-3	-28.781888380169054E+0
660.000000000000110E+0	198.385100744754660E-3	-29.041899934663569E+0
661.000000000000110E+0	211.398950192708990E-3	-29.061550219830430E+0
662.000000000000110E+0	222.381772959128530E-3	-29.093314326245704E+0
663.000000000000110E+0	256.295633244214500E-3	-28.997836808590335E+0
664.000000000000110E+0	223.691814530562690E-3	-28.891302443571210E+0
665.000000000000110E+0	215.559600909049710E-3	-28.944007909370175E+0
666.000000000000110E+0	217.416968682895670E-3	-28.930531588436924E+0
667.000000000000110E+0	205.345694343340020E-3	-28.936204628120521E+0
668.000000000000110E+0	179.124475669022540E-3	-28.916570806047833E+0
669.000000000000110E+0	199.469932708748880E-3	-29.153933129139574E+0
670.000000000000110E+0	194.979646816281160E-3	-29.184478795287994E+0
671.000000000000110E+0	204.073162020315000E-3	-29.319531010668012E+0
672.000000000000110E+0	257.053412748774300E-3	-29.298665281823023E+0
673.000000000000110E+0	210.329921558993220E-3	-29.089216515389531E+0
674.000000000000110E+0	183.721390042417360E-3	-29.197850635449264E+0
675.000000000000110E+0	170.417147102116940E-3	-29.284555497729155E+0
676.000000000000110E+0	153.972217479141050E-3	-29.319178437101165E+0
677.000000000000110E+0	132.134542057883660E-3	-29.354755220036775E+0
678.000000000000110E+0	119.429836004038730E-3	-29.519645110749661E+0
679.000000000000110E+0	119.307748783904250E-3	-29.371541091716001E+0
680.000000000000110E+0	101.577862394755390E-3	-29.284361894627736E+0
681.000000000000110E+0	102.098390969099890E-3	-29.225839575195721E+0
682.000000000000110E+0	125.133857802042480E-3	-28.700472052356460E+0
683.000000000000110E+0	103.013207364075950E-3	-28.641931458448255E+0
684.000000000000110E+0	103.195368044843180E-3	-28.654538285618276E+0
685.000000000000110E+0	104.629064853426450E-3	-28.843501134969124E+0
686.000000000000110E+0	118.797460924485560E-3	-28.895677626581403E+0
687.000000000000110E+0	144.893296089284310E-3	-29.164901129132016E+0
688.000000000000110E+0	145.383529142137790E-3	-28.887315012732365E+0
689.000000000000110E+0	138.812632935781530E-3	-28.967473285023591E+0
690.000000000000110E+0	155.125847932425870E-3	-29.000419671402518E+0
691.000000000000110E+0	176.514748828629580E-3	-28.886077320816540E+0
692.000000000000110E+0	137.260647452386250E-3	-28.637015819011228E+0
693.000000000000110E+0	128.735467116438240E-3	-28.766846486977247E+0
694.000000000000110E+0	126.726331990759580E-3	-28.825791174066989E+0
695.000000000000110E+0	127.461570141380900E-3	-28.909969557280871E+0
696.000000000000110E+0	142.913266160788980E-3	-28.942984702782937E+0
697.000000000000110E+0	143.673203380425330E-3	-28.911372636483811E+0
698.000000000000110E+0	148.818935054368660E-3	-28.894075385292790E+0
699.000000000000110E+0	146.938562698306070E-3	-28.898987108263981E+0
700.000000000000110E+0	163.212656629605210E-3	-28.895875645111374E+0
701.000000000000110E+0	143.339629130535880E-3	-28.825950540249202E+0
702.000000000000110E+0	147.023656995860510E-3	-28.819533624512584E+0
703.000000000000110E+0	141.266643296248910E-3	-28.796993974518937E+0
704.000000000000110E+0	136.155964484003770E-3	-28.850800871761660E+0
705.000000000000110E+0	140.066840845895630E-3	-28.905462830662113E+0
706.000000000000110E+0	166.477833590436390E-3	-28.912482170176762E+0
707.000000000000110E+0	163.729608816125170E-3	-28.816766556619985E+0
708.000000000000110E+0	163.782050180684040E-3	-28.799437156504993E+0
709.000000000000110E+0	156.664586439051840E-3	-28.845966324614768E+0
710.000000000000110E+0	181.442013252411970E-3	-29.048488837191037E+0
711.000000000000110E+0	176.663177386734930E-3	-28.740096832860775E+0
712.000000000000110E+0	159.987361816634620E-3	-28.729773419424816E+0
713.000000000000110E+0	125.883302996895900E-3	-28.663140167704029E+0
714.000000000000110E+0	121.882499394172210E-3	-29.269240264373348E+0
715.000000000000110E+0	180.951803589202010E-3	-29.234493650169764E+0
716.000000000000110E+0	158.750564196416920E-3	-29.002332484851429E+0
717.000000000000110E+0	161.877034554501730E-3	-29.147857531645226E+0
718.000000000000110E+0	178.766516720590020E-3	-29.140649179391712E+0
719.000000000000110E+0	232.186534988339630E-3	-29.170923472892035E+0
720.000000000000110E+0	195.762112057714900E-3	-28.475970313519877E+0
721.000000000000110E+0	163.586971695419080E-3	-28.493096205495149E+0
722.000000000000110E+0	146.189450898977810E-3	-28.471733442910427E+0
723.000000000000110E+0	173.818847742630070E-3	-28.212719156082468E+0
724.000000000000110E+0	81.956559719797220E-3	-28.884505040877006E+0
725.000000000000110E+0	172.848494987224900E-3	-28.767370713196271E+0
726.000000000000110E+0	199.411789774869840E-3	-28.656728074181871E+0
727.000000000000110E+0	221.613421819038480E-3	-28.772722011351568E+0
728.000000000000110E+0	274.211425815644950E-3	-28.795606921740163E+0
729.000000000000110E+0	327.303161864140880E-3	-28.744613452972345E+0
730.000000000000110E+0	280.027583248652680E-3	-28.736829749933928E+0
731.000000000000110E+0	266.693528647060640E-3	-28.850973791253811E+0
732.000000000000110E+0	259.463570107759780E-3	-28.986669121492561E+0
733.000000000000110E+0	238.352084327849130E-3	-29.052566733609954E+0
734.000000000000110E+0	251.104595814559290E-3	-29.080885059316280E+0
735.000000000000110E+0	228.308043594082380E-3	-29.111888872882471E+0
736.000000000000110E+0	231.429439023162870E-3	-29.167690652652684E+0
737.000000000000110E+0	252.052560573864830E-3	-29.161139977418092E+0
738.000000000000110E+0	269.996635571291780E-3	-29.080474194165667E+0
739.000000000000110E+0	249.530567109929740E-3	-28.948552558156319E+0
740.000000000000110E+0	233.820119166094710E-3	-28.954053330577914E+0
741.000000000000110E+0	231.845490146354830E-3	-28.981245505027839E+0
742.000000000000110E+0	215.642559944780270E-3	-28.988878717741496E+0
743.000000000000110E+0	262.508829292506070E-3	-29.005790882606394E+0
744.000000000000110E+0	253.785342058398640E-3	-28.916891082027369E+0
745.000000000000110E+0	245.215118337505760E-3	-29.005415786800714E+0
746.000000000000110E+0	267.235304842288520E-3	-28.998165734428358E+0
747.000000000000110E+0	273.811074373588810E-3	-29.029259094211099E+0
748.000000000000110E+0	314.589102224253010E-3	-28.926010932962505E+0
749.000000000000110E+0	296.580978250503720E-3	-28.950895072261840E+0
750.000000000000110E+0	313.432495777968830E-3	-28.998265979426623E+0
751.000000000000110E+0	338.975666318558360E-3	-29.001312664792458E+0
752.000000000000110E+0	335.401681089915800E-3	-28.922178474902797E+0
753.000000000000110E+0	351.019116102844310E-3	-28.997508121559431E+0
754.000000000000110E+0	359.211180996518550E-3	-29.007078829320331E+0
755.000000000000110E+0	369.945238199870740E-3	-29.054274907881510E+0
756.000000000000110E+0	423.951019349346810E-3	-29.104440062059677E+0
757.000000000000110E+0	445.740303152953820E-3	-29.030879248009185E+0
758.000000000000110E+0	460.681552577830720E-3	-29.073320911486256E+0
759.000000000000110E+0	482.502576304751460E-3	-29.095729574527034E+0
760.000000000000110E+0	527.196233685346520E-3	-29.115468009916345E+0
761.000000000000110E+0	491.908764077614640E-3	-29.095656481828232E+0
762.000000000000110E+0	564.398917785168150E-3	-29.259602089650155E+0
763.000000000000110E+0	619.880493077839430E-3	-29.286932820563898E+0
764.000000000000110E+0	623.714956635969990E-3	-29.360700384650954E+0
765.000000000000110E+0	732.353337983454260E-3	-29.533567077661104E+0
766.000000000000110E+0	900.712716385594690E-3	-29.507851650441417E+0
767.000000000000110E+0	805.917719364346200E-3	-29.482626555338665E+0
768.000000000000110E+0	804.518493060488060E-3	-29.613561238201449E+0
769.000000000000110E+0	832.759140213345850E-3	-29.735959848408608E+0
770.000000000000110E+0	855.387015425066010E-3	-29.789997343381966E+0
771.000000000000110E+0	794.523528313976550E-3	-29.987977257546330E+0
772.000000000000110E+0	840.817902049366680E-3	-30.050789616010892E+0
773.000000000000110E+0	832.265330228364460E-3	-30.112866936514344E+0
774.000000000000110E+0	809.862022889148320E-3	-30.307321878144286E+0
775.000000000000110E+0	856.856338378140240E-3	-30.381156286903476E+0
776.000000000000110E+0	791.869241218716710E-3	-30.380852812629243E+0
777.000000000000110E+0	663.058699935872410E-3	-30.608043262713480E+0
778.000000000000110E+0	624.990122825760940E-3	-30.757137912921060E+0
779.000000000000110E+0	602.762086795383460E-3	-30.899186099796005E+0
780.000000000000110E+0	601.314419748249730E-3	-30.726327449233807E+0
781.000000000000110E+0	464.065427355619010E-3	-30.754884097239209E+0
782.000000000000110E+0	412.337475656649800E-3	-30.750000939152443E+0
783.000000000000110E+0	380.725916794896260E-3	-30.743488023375654E+0
784.000000000000110E+0	377.024945629419020E-3	-30.627476134946537E+0
785.000000000000110E+0	336.018577076076740E-3	-30.482788663228522E+0
786.000000000000110E+0	312.499335561964740E-3	-30.492783582116861E+0
787.000000000000110E+0	327.444906661158160E-3	-30.476440471052150E+0
788.000000000000110E+0	362.695271339123600E-3	-30.447884429873060E+0
789.000000000000110E+0	388.560799734326060E-3	-30.400539602396048E+0
790.000000000000110E+0	438.829895589708640E-3	-30.262773508439707E+0
791.000000000000110E+0	447.744430183111160E-3	-30.302249073843207E+0
792.000000000000110E+0	467.707315339094760E-3	-30.306077510013633E+0
793.000000000000110E+0	452.588799806936780E-3	-30.354425591647637E+0
794.000000000000110E+0	484.502157316920530E-3	-30.416575070854762E+0
795.000000000000110E+0	507.159019076215740E-3	-30.276419563287526E+0
796.000000000000110E+0	499.050062807688430E-3	-30.256900153639730E+0
797.000000000000110E+0	547.540584899674170E-3	-30.250375866680887E+0
798.000000000000110E+0	623.340643541274720E-3	-30.293502919647945E+0
799.000000000000110E+0	851.251069395948740E-3	-30.246591781344929E+0
800.000000000000110E+0	875.716435223585660E-3	-30.183262288942760E+0
801.000000000000110E+0	964.600582924069360E-3	-30.259524996202099E+0
802.000000000000110E+0	1.041115507769080E+0	-30.265967212936914E+0
803.000000000000110E+0	1.034681542082213E+0	-30.595587586183079E+0
804.000000000000110E+0	1.178330275452822E+0	-30.731580526313049E+0
805.000000000000110E+0	1.312148770616448E+0	-30.934959553172657E+0
806.000000000000110E+0	1.411588987875618E+0	-31.086873920963143E+0
807.000000000000110E+0	1.440682074402250E+0	-31.245859750481493E+0
808.000000000000110E+0	1.726993378956320E+0	-31.333707727327994E+0
809.000000000000110E+0	1.270472253185305E+0	-31.390078514308101E+0
810.000000000000110E+0	1.229921191235779E+0	-31.560115276621271E+0
811.000000000000110E+0	1.208291418786153E+0	-31.652981798747476E+0
812.000000000000110E+0	1.152478986047412E+0	-31.717584199601298E+0
813.000000000000110E+0	1.097676569347294E+0	-31.865494596429130E+0
814.000000000000110E+0	1.100996404123814E+0	-31.923309170004114E+0
815.000000000000110E+0	1.078658895934752E+0	-31.962751816055171E+0
816.000000000000110E+0	917.683762253942880E-3	-32.024565473012643E+0
817.000000000000110E+0	950.589674341848930E-3	-32.246375521779214E+0
818.000000000000110E+0	928.850955997347900E-3	-32.107886411246781E+0
819.000000000000110E+0	818.716042091696020E-3	-32.287221222165577E+0
820.000000000000110E+0	770.884705585255900E-3	-32.390438985684533E+0
821.000000000000110E+0	756.314252746540850E-3	-32.597382046335653E+0
822.000000000000110E+0	712.121339508374310E-3	-32.447492170189925E+0
823.000000000000110E+0	646.435598080195910E-3	-32.634593604416935E+0
824.000000000000110E+0	601.319135141433200E-3	-32.705752851821245E+0
825.000000000000110E+0	537.760645735911760E-3	-32.779897098313008E+0
826.000000000000110E+0	523.793759628057740E-3	-32.812674050461965E+0
827.000000000000110E+0	414.281425433721260E-3	-32.701491984030689E+0
828.000000000000110E+0	349.324205073289870E-3	-32.710536985266849E+0
829.000000000000110E+0	300.767234553730560E-3	-32.673367274188102E+0
830.000000000000110E+0	265.456317084645570E-3	-32.640528055595482E+0
831.000000000000110E+0	297.655913416785990E-3	-32.849640317583308E+0
832.000000000000110E+0	301.854418898930670E-3	-32.445083892632212E+0
833.000000000000110E+0	280.345999054533110E-3	-32.361801612512949E+0
834.000000000000110E+0	280.723154414954160E-3	-32.355330621140780E+0
835.000000000000110E+0	298.765209700647680E-3	-32.237887688507982E+0
836.000000000000110E+0	289.822107745020870E-3	-32.169816581906304E+0
837.000000000000110E+0	309.088602597359150E-3	-32.221812030753185E+0
838.000000000000110E+0	312.854052795562890E-3	-32.154342933181155E+0
839.000000000000110E+0	315.691202164907420E-3	-32.162424159134666E+0
840.000000000000110E+0	323.700711299343250E-3	-32.166329650711646E+0
841.000000000000110E+0	363.789459453070510E-3	-32.200036102136664E+0
842.000000000000110E+0	374.929958357550720E-3	-32.159413975032244E+0
843.000000000000110E+0	383.220952317019190E-3	-32.154411876964645E+0
844.000000000000110E+0	395.201048310393270E-3	-32.188790481021819E+0
845.000000000000110E+0	429.875357332143270E-3	-32.191773360395501E+0
846.000000000000110E+0	452.246516717729970E-3	-32.160213150238675E+0
847.000000000000110E+0	449.620275003553950E-3	-32.139581105511638E+0
848.000000000000110E+0	459.586298921965450E-3	-32.203084272310022E+0
849.000000000000110E+0	468.540812280049790E-3	-32.233398773761927E+0
850.000000000000110E+0	638.561119162806450E-3	-32.280825477229456E+0
851.000000000000110E+0	563.456978940284570E-3	-32.248227062194296E+0
852.000000000000110E+0	577.010108163123700E-3	-32.265017757894498E+0
853.000000000000110E+0	579.764327888328550E-3	-32.369717741228882E+0
854.000000000000110E+0	689.509223293591210E-3	-32.386545228108304E+0
855.000000000000110E+0	726.790615146952980E-3	-32.360507263339834E+0
856.000000000000110E+0	711.736899825924030E-3	-32.480395506263406E+0
857.000000000000110E+0	825.466873324407490E-3	-32.545583235866417E+0
858.000000000000110E+0	852.019906197438390E-3	-32.535239102641022E+0
859.000000000000110E+0	852.998485770245280E-3	-32.625945568709461E+0
860.000000000000110E+0	963.886736667913360E-3	-32.874027106949626E+0
861.000000000000110E+0	1.061134362172399E+0	-32.920880721557033E+0
862.000000000000110E+0	1.135709335222646E+0	-32.990331413281666E+0
863.000000000000110E+0	1.086759611533350E+0	-33.010008815723367E+0
864.000000000000110E+0	1.048074972772223E+0	-33.262795964255950E+0
865.000000000000110E+0	1.073360769796581E+0	-33.399203324000240E+0
866.000000000000110E+0	1.026994694453156E+0	-33.506416632847944E+0
867.000000000000110E+0	944.137306172957770E-3	-33.661455208167546E+0
868.000000000000110E+0	864.244260705799180E-3	-33.874862980426158E+0
869.000000000000110E+0	999.578676913704830E-3	-33.705916424192175E+0
870.000000000000110E+0	802.127307099241400E-3	-33.810978721465510E+0
871.000000000000110E+0	728.816962544035050E-3	-33.862199577949958E+0
872.000000000000110E+0	656.893331929569780E-3	-33.924669042875330E+0
873.000000000000110E+0	777.825318825751570E-3	-33.996044099157288E+0
874.000000000000110E+0	717.610623770020940E-3	-33.916650173680473E+0
875.000000000000110E+0	698.634652373486990E-3	-33.912995818748136E+0
876.000000000000110E+0	673.794160116440890E-3	-33.998369824100116E+0
877.000000000000110E+0	724.537396304621440E-3	-34.054963123258020E+0
878.000000000000110E+0	766.337923749271450E-3	-34.103962221011649E+0
879.000000000000110E+0	725.143664920207990E-3	-34.106086445025113E+0
880.000000000000110E+0	720.267632674560180E-3	-34.194929280403819E+0
881.000000000000110E+0	709.485919740265760E-3	-34.251209584298827E+0
882.000000000000110E+0	693.356368799539320E-3	-34.362202498040546E+0
883.000000000000110E+0	706.930709709142180E-3	-34.429924808108254E+0
884.000000000000110E+0	697.807431033242160E-3	-34.439863175080056E+0
885.000000000000110E+0	662.554643186645250E-3	-34.507025363346528E+0
886.000000000000110E+0	654.536299169983020E-3	-34.540281698574766E+0
887.000000000000110E+0	604.345893934240210E-3	-34.589478271884296E+0
888.000000000000110E+0	608.167059505374640E-3	-34.652969633680762E+0
889.000000000000110E+0	588.560935861242700E-3	-34.704941711063391E+0
890.000000000000110E+0	574.407009437743370E-3	-34.745407954469741E+0
891.000000000000110E+0	561.583992328385410E-3	-34.831826450618472E+0
892.000000000000110E+0	603.636256858993140E-3	-34.745052773419886E+0
893.000000000000110E+0	546.210651734608140E-3	-34.798471971230505E+0
894.000000000000110E+0	540.679260701294240E-3	-34.828733887316837E+0
895.000000000000110E+0	501.829660668448030E-3	-34.899713047973783E+0
896.000000000000110E+0	513.479459721153390E-3	-34.925155789123686E+0
897.000000000000110E+0	548.269380227982220E-3	-35.024558353351551E+0
898.000000000000110E+0	527.912007202102520E-3	-34.944724583859113E+0
899.000000000000110E+0	523.308770703060370E-3	-34.982507630958445E+0
900.000000000000110E+0	526.438948179317690E-3	-34.975714776847639E+0
901.000000000000110E+0	498.091926803821640E-3	-34.996185959916517E+0
902.000000000000110E+0	506.393132302552340E-3	-35.032907513635479E+0
903.000000000000110E+0	501.211754478201430E-3	-35.046583456992188E+0
904.000000000000110E+0	480.503112921444430E-3	-35.059975007838240E+0
905.000000000000110E+0	474.584095019649270E-3	-35.257421874951611E+0
906.000000000000110E+0	571.549304687543170E-3	-35.265999926253663E+0
907.000000000000110E+0	592.532265459920100E-3	-35.212851053641302E+0
908.000000000000110E+0	591.147418140888000E-3	-35.223312787480296E+0
909.000000000000110E+0	622.608660834120030E-3	-35.264923955032380E+0
910.000000000000110E+0	668.428743624779110E-3	-35.136961184109701E+0
911.000000000000110E+0	564.954055012156340E-3	-35.417070268441520E+0
912.000000000000110E+0	601.252301188750170E-3	-35.452452251387484E+0
913.000000000000110E+0	596.377126109281170E-3	-35.521530895642741E+0
914.000000000000110E+0	632.215095835382270E-3	-35.769506654747644E+0
915.000000000000110E+0	755.318570560515430E-3	-35.861724244027911E+0
916.000000000000110E+0	739.261235997618280E-3	-35.702239688825571E+0
917.000000000000110E+0	702.531063671180570E-3	-35.906137005523753E+0
918.000000000000110E+0	685.589659912379300E-3	-35.981065391766748E+0
919.000000000000110E+0	646.666372281784580E-3	-36.047466791180383E+0
920.000000000000110E+0	484.014301883905930E-3	-35.964895976671137E+0
921.000000000000110E+0	473.477649814695870E-3	-36.182755076814459E+0
922.000000000000110E+0	448.479093368923890E-3	-36.150401034941780E+0
923.000000000000110E+0	407.398113564328920E-3	-36.163763117128141E+0
924.000000000000110E+0	512.777336365605070E-3	-36.385044912292642E+0
925.000000000000110E+0	609.952406006149970E-3	-36.229514493640060E+0
926.000000000000110E+0	607.241043509355040E-3	-36.097163785958244E+0
927.000000000000110E+0	585.439702999512310E-3	-36.227409490032343E+0
928.000000000000110E+0	656.385611058874270E-3	-36.322958394035815E+0
929.000000000000110E+0	614.110267183751720E-3	-36.292501498431413E+0
930.000000000000110E+0	639.975743282479530E-3	-36.711386112784154E+0
931.000000000000110E+0	689.037426101677290E-3	-36.875446941201872E+0
932.000000000000110E+0	725.578405519035300E-3	-37.016996664679077E+0
933.000000000000110E+0	728.751726974296800E-3	-37.083095185454560E+0
934.000000000000110E+0	626.314346982122630E-3	-37.118907048495693E+0
935.000000000000110E+0	557.425879948126760E-3	-37.304278523707417E+0
936.000000000000110E+0	509.679322415982460E-3	-37.379956740292087E+0
937.000000000000110E+0	427.155732494874930E-3	-37.472885927402920E+0
938.000000000000110E+0	399.811706880866310E-3	-37.643810042000538E+0
939.000000000000110E+0	376.755909223480400E-3	-37.717806067935278E+0
940.000000000000110E+0	351.420826718924660E-3	-37.775928222034473E+0
941.000000000000110E+0	326.910608366827060E-3	-37.847021726493644E+0
942.000000000000110E+0	344.527710213765710E-3	-37.913986104756027E+0
943.000000000000110E+0	308.156661396016110E-3	-37.746020853470888E+0
944.000000000000110E+0	267.833562677187830E-3	-37.757670574893829E+0
945.000000000000110E+0	241.426944047275600E-3	-37.754841204097282E+0
946.000000000000110E+0	222.358536684535370E-3	-37.825586950725928E+0
947.000000000000110E+0	209.680943044600720E-3	-37.861506930014521E+0
948.000000000000110E+0	244.009470291115690E-3	-38.067344955750848E+0
949.000000000000110E+0	238.499592689581150E-3	-38.002472760265960E+0
950.000000000000110E+0	237.627831282708230E-3	-38.042850313693002E+0
951.000000000000110E+0	243.547513929889440E-3	-38.104763797768975E+0
952.000000000000110E+0	247.371357608594860E-3	-37.828128382153068E+0
953.000000000000110E+0	195.770425307150000E-3	-38.200745147269856E+0
954.000000000000110E+0	212.054594904314750E-3	-38.281334687354324E+0
955.000000000000110E+0	209.202796946920840E-3	-38.276598514844878E+0
956.000000000000110E+0	186.436038238943250E-3	-38.463526766499577E+0
957.000000000000110E+0	196.119700573130220E-3	-38.676390441323846E+0
958.000000000000110E+0	203.086767619641760E-3	-38.697097895864260E+0
959.000000000000110E+0	186.722880385464720E-3	-38.832704860422737E+0
960.000000000000110E+0	177.926127870001620E-3	-38.995935004770580E+0
961.000000000000110E+0	167.092055551266130E-3	-38.901547686487504E+0
962.000000000000110E+0	130.101057648837840E-3	-39.218555296571239E+0
963.000000000000110E+0	117.258905675095820E-3	-39.341264637998762E+0
964.000000000000110E+0	111.998648524544210E-3	-39.412750083980100E+0
965.000000000000110E+0	99.464294971002398E-3	-39.274440958758639E+0
966.000000000000110E+0	80.750141920450796E-3	-39.239534816481552E+0
967.000000000000110E+0	55.185490425364282E-3	-39.063247206146784E+0
968.000000000000110E+0	37.152617439522723E-3	-39.049673855174177E+0
969.000000000000110E+0	31.867204953725622E-3	-39.306307049806506E+0
970.000000000000110E+0	36.274471825648961E-3	-39.220895720174411E+0
971.000000000000110E+0	47.865059125512061E-3	-38.933404041558937E+0
972.000000000000110E+0	46.387864232227086E-3	-38.872375306546260E+0
973.000000000000110E+0	51.776549859005101E-3	-38.815324921981464E+0
974.000000000000110E+0	71.296151477450401E-3	-38.667291068884282E+0
975.000000000000110E+0	71.019097098697373E-3	-38.400267986136754E+0
976.000000000000110E+0	56.936954351391914E-3	-38.046766260464274E+0
977.000000000000110E+0	52.703080654674744E-3	-38.437460087925757E+0
978.000000000000110E+0	58.218310788919918E-3	-38.454691324068158E+0
979.000000000000110E+0	61.231912865766298E-3	-38.507716812753806E+0
980.000000000000110E+0	42.536392735528464E-3	-39.122474123447049E+0
981.000000000000110E+0	97.148385847039637E-3	-38.760629178741489E+0
982.000000000000110E+0	101.653233875508220E-3	-38.683261436587941E+0
983.000000000000110E+0	113.382766318287100E-3	-38.654290750628313E+0
984.000000000000110E+0	82.982914796384144E-3	-38.274461460977491E+0
985.000000000000110E+0	111.709319052499800E-3	-38.823811133746631E+0
986.000000000000110E+0	130.782209615864230E-3	-38.728038375080388E+0
987.000000000000110E+0	133.156955914839920E-3	-38.843574203290501E+0
988.000000000000110E+0	157.688195903577270E-3	-38.860614727876722E+0
989.000000000000110E+0	187.275919447729230E-3	-38.766246198074519E+0
990.000000000000110E+0	186.554524535755020E-3	-39.095557357206268E+0
991.000000000000110E+0	194.837179923150330E-3	-39.058333699722503E+0
992.000000000000110E+0	217.879370796098620E-3	-38.986862194733881E+0
993.000000000000110E+0	168.274367244915650E-3	-38.873979445624300E+0
994.000000000000110E+0	140.602586674053310E-3	-39.621339890344167E+0
995.000000000000110E+0	250.915536640628050E-3	-39.704610335018451E+0
996.000000000000110E+0	292.286314283727260E-3	-39.676659366621358E+0
997.000000000000110E+0	312.682971614774210E-3	-39.738476980790161E+0
998.000000000000110E+0	361.423840707083330E-3	-39.893184050141834E+0
999.000000000000110E+0	633.803960953990160E-3	-40.704843743558214E+0
1.000000000000000E+3	280.139828623112930E-3	-40.139047150995886E+0
