Freq (Hz)	Gxyaccelerometre /source
source
source_Real	Gxyaccelerometre /source
source
source_Imag
10.000000000000018E+0	13.381681391021425E-3	-34.124276262558532E-3
11.000000000000020E+0	41.435732606659850E-3	8.495941862054815E-3
12.000000000000021E+0	-16.090385909726602E-3	72.054966692646730E-3
13.000000000000023E+0	-68.906096986454557E-3	6.200604305284850E-3
14.000000000000025E+0	-53.171724958182551E-3	-15.614579434618031E-3
15.000000000000027E+0	-32.043878615192520E-3	7.471405455840273E-3
16.000000000000028E+0	-51.649551094187708E-3	4.614367869374261E-3
17.000000000000028E+0	-165.593940960990530E-3	160.099838731599780E-3
18.000000000000028E+0	-207.109869131433310E-3	61.243826223319718E-3
19.000000000000028E+0	-260.298503531823770E-3	44.104489429198167E-3
20.000000000000028E+0	-401.062600538105330E-3	317.103428011418550E-3
21.000000000000028E+0	-474.058338456639310E-3	374.552309360513370E-3
22.000000000000028E+0	-817.427141805937670E-3	636.104089160249300E-3
23.000000000000028E+0	-1.203599547130798E+0	1.255671856074090E+0
24.000000000000028E+0	-1.247028827296813E+0	2.338840367213755E+0
25.000000000000028E+0	-1.647890214919321E+0	6.074841278871340E+0
26.000000000000028E+0	1.624700485379456E+0	11.879389917917992E+0
27.000000000000028E+0	4.101426032228519E+0	6.898093544575377E+0
28.000000000000028E+0	5.519320888628376E+0	6.727502110754443E+0
29.000000000000028E+0	4.774225272595114E+0	1.569795050215483E+0
30.000000000000028E+0	3.474748128008454E+0	-449.322676917552340E-3
31.000000000000028E+0	5.298916869473429E+0	-3.331709015390883E+0
32.000000000000028E+0	3.569724477853117E+0	-3.265574876061733E+0
33.000000000000028E+0	2.910337481615758E+0	-1.953099549209954E+0
34.000000000000028E+0	1.232397045088392E+0	-203.156189422696670E-3
35.000000000000028E+0	-162.248133333872610E-3	16.024322936269660E-3
36.000000000000028E+0	-255.299670845757890E-3	1.900981813677590E+0
37.000000000000028E+0	4.068604809270758E+0	4.452816464201065E+0
38.000000000000028E+0	3.591562313109349E+0	481.038867685970760E-3
39.000000000000028E+0	1.234023436641148E+0	289.000810225615020E-3
40.000000000000028E+0	2.691784003632879E+0	2.245465942112732E+0
41.000000000000028E+0	9.308499383635535E+0	5.563474492329552E+0
42.000000000000028E+0	11.271505205955842E+0	6.438381015937530E+0
43.000000000000028E+0	8.497732014896467E+0	1.022259418070731E+0
44.000000000000028E+0	6.797327217928507E+0	-1.847845519898851E+0
45.000000000000028E+0	11.730880382738633E+0	-8.133646939023974E+0
46.000000000000028E+0	9.665755441123824E+0	-9.421254997276218E+0
47.000000000000028E+0	10.269897430873554E+0	-1.915783588685441E+0
48.000000000000028E+0	5.889507012468267E+0	-1.900192823866667E+0
49.000000000000028E+0	2.802459615804791E+0	696.999517049052050E-3
50.000000000000028E+0	11.497527298176553E+0	-2.009601294176457E+0
51.000000000000028E+0	17.152603427152073E+0	-4.319563679978856E+0
52.000000000000028E+0	8.435241576812249E+0	-2.996510016886659E+0
53.000000000000028E+0	5.036952351312882E+0	-1.538143030445118E+0
54.000000000000028E+0	12.208703227868229E+0	-2.822600681706199E+0
55.000000000000028E+0	18.245184385100661E+0	-3.644750194953438E+0
56.000000000000028E+0	20.452706564993157E+0	-4.818534385204985E+0
57.000000000000028E+0	16.393524654362793E+0	-6.399944544965047E+0
58.000000000000028E+0	5.674927920180177E+0	-3.486718308778074E+0
59.000000000000028E+0	28.781144894564164E+0	-19.203291427981885E+0
60.000000000000028E+0	49.159131892562428E+0	-48.795499453103247E+0
61.000000000000028E+0	22.902604963044155E+0	-37.145726069380103E+0
62.000000000000028E+0	7.897418028710705E+0	-22.162162149918664E+0
63.000000000000028E+0	18.581573817868396E+0	-68.386073104551229E+0
64.000000000000028E+0	4.528076679132892E+0	-98.105914444592059E+0
65.000000000000028E+0	-12.433543054405737E+0	-126.442531107061840E+0
66.000000000000028E+0	-24.575896936953214E+0	-96.113107211608451E+0
67.000000000000028E+0	-10.841259689082344E+0	-16.007018555775325E+0
68.000000000000028E+0	-28.164003716244430E+0	-25.214388307098922E+0
69.000000000000028E+0	-62.403370873295479E+0	-54.852315353643277E+0
70.000000000000028E+0	-43.154996242638752E+0	-41.936830057571250E+0
71.000000000000028E+0	-7.846851516895924E+0	-14.066314652573407E+0
72.000000000000028E+0	-8.980491515663555E+0	-3.716823543877225E+0
73.000000000000028E+0	-30.858169209748645E+0	-16.884885181215555E+0
74.000000000000028E+0	-32.015868072673058E+0	-18.854873524407918E+0
75.000000000000028E+0	-34.386389986468103E+0	-14.079062048557759E+0
76.000000000000028E+0	-28.153761450539683E+0	-12.149517090433214E+0
77.000000000000028E+0	-7.748615683754826E+0	-4.300308507209268E+0
78.000000000000028E+0	-41.658457848185037E+0	-593.000747200705170E-3
79.000000000000028E+0	-42.807938199863607E+0	-5.507164764688939E+0
80.000000000000028E+0	-10.311026505529984E+0	-4.642407512150498E+0
81.000000000000028E+0	-2.052351035323204E+0	-1.635214654694393E+0
82.000000000000028E+0	-7.677129425536887E+0	-68.901987359188871E-3
83.000000000000028E+0	-12.302358325385084E+0	5.024206412173592E+0
84.000000000000028E+0	-7.191967450011925E+0	4.714117776656161E+0
85.000000000000028E+0	-1.708617682932189E+0	2.592718554765063E+0
86.000000000000028E+0	-1.440810352084088E+0	1.735757298395193E+0
87.000000000000028E+0	1.937774785219605E+0	1.523113683952565E+0
88.000000000000028E+0	8.099488326342888E+0	12.710313166691858E+0
89.000000000000028E+0	5.908930248866777E+0	10.348311814899414E+0
90.000000000000028E+0	-382.335513146004060E-3	241.130556074593770E-3
91.000000000000028E+0	6.529867691401449E+0	3.607913242764335E+0
92.000000000000028E+0	11.529327083228491E+0	5.588255683246990E+0
93.000000000000028E+0	7.897159811795978E+0	3.350831507121226E+0
94.000000000000028E+0	7.857530395939105E+0	2.908233051321611E+0
95.000000000000028E+0	4.074104620629214E+0	1.383392885485017E+0
96.000000000000028E+0	4.371667849433206E+0	-650.680256772295750E-6
97.000000000000028E+0	19.782080303104429E+0	-4.258344960699980E+0
98.000000000000028E+0	17.010865443673318E+0	-4.389982533756069E+0
99.000000000000028E+0	5.184334083831006E+0	154.991192357716130E-3
100.000000000000030E+0	-1.240039305567802E+0	-1.762360001904032E+0
101.000000000000030E+0	13.429101439788791E+0	-20.653244489889808E+0
102.000000000000030E+0	20.777466813747079E+0	-20.472570982991549E+0
103.000000000000030E+0	406.118886403792960E-3	-2.599716292982334E+0
104.000000000000030E+0	2.097555437566844E+0	-15.375009286522314E+0
105.000000000000030E+0	-317.732077613780690E-3	-5.115415421113518E+0
106.000000000000030E+0	4.337089510906814E+0	-17.080417406784619E+0
107.000000000000030E+0	9.909797912659972E+0	-30.004366911152363E+0
108.000000000000030E+0	8.653782911790470E+0	-12.242167876342171E+0
109.000000000000030E+0	1.434793431441547E+0	385.300590050763450E-3
110.000000000000030E+0	1.464958819371659E+0	-7.547426249195555E+0
111.000000000000030E+0	11.748023754368226E+0	-18.739308411834731E+0
112.000000000000030E+0	10.405019647705195E+0	-10.808539335037873E+0
113.000000000000030E+0	6.457768675232863E+0	-7.123789730825289E+0
114.000000000000030E+0	3.902604716129358E+0	-4.922580475105011E+0
115.000000000000030E+0	12.572143787385965E+0	-19.805881705652521E+0
116.000000000000030E+0	22.390989262044744E+0	-34.316383676027826E+0
117.000000000000030E+0	34.392791145176872E+0	-59.255497266213126E+0
118.000000000000030E+0	13.158158755367022E+0	-38.441389545028599E+0
119.000000000000030E+0	9.396500992166176E+0	-12.775629352480600E+0
120.000000000000030E+0	87.390778616945781E+0	-174.221821047700300E+0
121.000000000000030E+0	57.905260069445966E+0	-202.647349331704560E+0
122.000000000000030E+0	9.232369935259317E+0	-48.175746864174826E+0
123.000000000000030E+0	15.653546020819093E+0	-110.017691284223520E+0
124.000000000000030E+0	-4.485052909330759E+0	-62.137690258894885E+0
125.000000000000030E+0	-21.888615043954175E+0	-190.523162820046990E+0
126.000000000000030E+0	-43.911814390586230E+0	-171.326121606948220E+0
127.000000000000030E+0	-30.058787628730137E+0	-114.210453613539900E+0
128.000000000000030E+0	-3.158186552245856E+0	-22.871597535391462E+0
129.000000000000030E+0	-37.573568101545895E+0	-121.042885627771470E+0
130.000000000000030E+0	-80.566417947388970E+0	-240.286620706008590E+0
131.000000000000030E+0	-63.327029183476760E+0	-156.688628840511650E+0
132.000000000000030E+0	-21.949024179193696E+0	-34.710937555618678E+0
133.000000000000030E+0	-62.102194039174400E+0	-97.860300205010688E+0
134.000000000000030E+0	-76.923164019537921E+0	-91.764567024359650E+0
135.000000000000030E+0	-72.595651170633047E+0	-83.866659018877499E+0
136.000000000000030E+0	-110.753497981864560E+0	-110.295692146577680E+0
137.000000000000030E+0	-28.047560050111294E+0	-23.435519692192294E+0
138.000000000000030E+0	-46.635125767093726E+0	-41.436142935387650E+0
139.000000000000030E+0	-175.685160541521950E+0	-128.355031124060080E+0
140.000000000000030E+0	-91.909237680142766E+0	-54.399908000641901E+0
141.000000000000030E+0	-37.438311276839599E+0	-22.444208474785150E+0
142.000000000000030E+0	-26.106173443541245E+0	-13.399260683143728E+0
143.000000000000030E+0	-58.323516291565703E+0	-15.273811106985672E+0
144.000000000000030E+0	-68.867328350431507E+0	-12.378545960755762E+0
145.000000000000030E+0	-47.397314095044607E+0	-4.638711079580359E+0
146.000000000000030E+0	-51.513858605637246E+0	-7.088254525613484E+0
147.000000000000030E+0	-18.822005774899566E+0	-310.266920176775260E-3
148.000000000000030E+0	-100.929596907603890E+0	-12.126098247024668E+0
149.000000000000030E+0	-159.068483150548560E+0	-17.288965524841043E+0
150.000000000000030E+0	-50.291233010190830E+0	-6.233022795391813E+0
151.000000000000030E+0	-18.056768942619605E+0	1.019627125407509E+0
152.000000000000030E+0	-78.461071599134726E+0	11.950771487169771E+0
153.000000000000030E+0	-65.561118444961707E+0	14.260454362228018E+0
154.000000000000030E+0	-47.334750277226099E+0	21.705546135142946E+0
155.000000000000030E+0	-54.698332592589793E+0	16.508581557814104E+0
156.000000000000030E+0	-10.922627447055536E+0	8.869870119295596E+0
157.000000000000030E+0	-70.153912768446702E+0	42.838497371198635E+0
158.000000000000030E+0	-98.917827314399375E+0	49.332686591134362E+0
159.000000000000030E+0	-66.389610330359801E+0	28.259628976025368E+0
160.000000000000030E+0	-27.481276915568664E+0	8.070858263122243E+0
161.000000000000030E+0	-35.964042278426163E+0	7.457620830440033E+0
162.000000000000030E+0	-122.812080316967840E+0	41.930777060680583E+0
163.000000000000030E+0	-58.739285049921705E+0	17.582419527143372E+0
164.000000000000030E+0	-29.861694468800415E+0	6.747030964126681E+0
165.000000000000030E+0	-45.215589400268598E+0	16.396911646925730E+0
166.000000000000030E+0	-16.670904554803659E+0	2.660656058030604E+0
167.000000000000030E+0	-80.407487718565250E+0	58.094279220352561E+0
168.000000000000030E+0	-87.342623536485206E+0	68.300463783873937E+0
169.000000000000030E+0	-21.298922001502646E+0	24.252246777268656E+0
170.000000000000030E+0	-36.866939952699653E+0	18.992265919967416E+0
171.000000000000030E+0	-81.061083886720993E+0	53.594747754625494E+0
172.000000000000030E+0	-71.595719967791780E+0	59.825571728642082E+0
173.000000000000030E+0	-34.423288483705008E+0	33.352186438743672E+0
174.000000000000030E+0	-21.471454911117497E+0	18.998022547577957E+0
175.000000000000030E+0	-27.928621832305822E+0	19.038062124431782E+0
176.000000000000030E+0	-56.120765410294382E+0	56.935443166372394E+0
177.000000000000030E+0	-52.231846381989349E+0	57.432786131972612E+0
178.000000000000030E+0	-63.719793696787782E+0	66.354872414214512E+0
179.000000000000030E+0	-14.904915671023909E+0	19.504437504236588E+0
180.000000000000030E+0	-69.351595990516344E+0	41.568963732071978E+0
181.000000000000030E+0	-105.751100144825840E+0	134.248591217867270E+0
182.000000000000030E+0	-35.443463221908175E+0	66.557933502804715E+0
183.000000000000030E+0	-46.082823939309335E+0	68.350639816858603E+0
184.000000000000030E+0	-44.409704082578685E+0	74.969822901351691E+0
185.000000000000030E+0	-90.137541322547946E+0	104.707705943584120E+0
186.000000000000030E+0	-121.728041730372100E+0	194.545847495067050E+0
187.000000000000030E+0	-62.249628515314200E+0	168.231705040405330E+0
188.000000000000030E+0	-17.999612706691366E+0	63.244154243088971E+0
189.000000000000030E+0	-9.283526235002537E+0	107.931311963608850E+0
190.000000000000030E+0	-8.973774969493693E+0	312.040280657781240E+0
191.000000000000030E+0	52.747642294771914E+0	328.627959128712520E+0
192.000000000000030E+0	41.518605788186896E+0	100.443809169679920E+0
193.000000000000030E+0	36.424338252150946E+0	90.449749996245515E+0
194.000000000000030E+0	75.164741723190360E+0	156.582514294479180E+0
195.000000000000030E+0	87.785021649087625E+0	132.003144925297790E+0
196.000000000000030E+0	111.309318421334450E+0	151.326629221690180E+0
197.000000000000030E+0	87.288509258288542E+0	108.695478470615480E+0
198.000000000000030E+0	13.139036880954521E+0	23.989708996378262E+0
199.000000000000030E+0	104.277934195678170E+0	187.139014374447780E+0
200.000000000000030E+0	122.224775619129630E+0	187.005351185108480E+0
201.000000000000030E+0	41.908572712699410E+0	62.908935426657493E+0
202.000000000000030E+0	51.759757217626692E+0	52.857489039538692E+0
203.000000000000030E+0	43.945532674231018E+0	45.336103133304448E+0
204.000000000000030E+0	122.208623057930670E+0	115.678843393925520E+0
205.000000000000030E+0	101.416085895956680E+0	68.705308738236027E+0
206.000000000000030E+0	90.005132886916158E+0	59.206079858264161E+0
207.000000000000030E+0	48.760306094014211E+0	5.773369739659185E+0
208.000000000000030E+0	79.243883792120727E+0	21.362265295913076E+0
209.000000000000030E+0	174.416360746293610E+0	31.206056358364226E+0
210.000000000000030E+0	106.822111006649630E+0	-12.687344133259117E+0
211.000000000000030E+0	25.156729274734381E+0	-8.209413450181028E+0
212.000000000000030E+0	50.088430469500494E+0	-12.893512669985384E+0
213.000000000000030E+0	52.565048812785584E+0	-25.814401988276803E+0
214.000000000000030E+0	32.450348919970494E+0	-14.439075923333309E+0
215.000000000000030E+0	29.302967398883386E+0	-14.418938520610505E+0
216.000000000000030E+0	3.603837382495530E+0	-3.946855287894591E+0
217.000000000000030E+0	1.100165375821855E+0	-20.638651189757475E+0
218.000000000000030E+0	26.469470037260812E+0	-42.156519049726675E+0
219.000000000000030E+0	12.643528713938897E+0	-19.618206689720026E+0
220.000000000000030E+0	3.246817973534463E+0	-7.428821663082620E+0
221.000000000000030E+0	2.975998560877096E+0	-1.493878046777298E+0
222.000000000000030E+0	219.306375003247960E-3	1.122916818142124E+0
223.000000000000030E+0	-1.257523694838600E+0	-910.510816200165380E-3
224.000000000000030E+0	-3.259522272594602E+0	-2.307832126067933E+0
225.000000000000030E+0	-5.004144321748816E+0	-5.446177267814197E+0
226.000000000000030E+0	-4.302393824712309E+0	-4.632618427670502E+0
227.000000000000030E+0	2.208666467497162E+0	39.372282516331528E-3
228.000000000000030E+0	-7.324993167321412E+0	10.033229491427505E+0
229.000000000000030E+0	-7.267282581796655E+0	8.650287332181204E+0
230.000000000000030E+0	-2.865860425519807E+0	3.472800190502895E+0
231.000000000000030E+0	-5.479801383106571E+0	17.059882723067219E+0
232.000000000000030E+0	-10.865756996331928E+0	25.561478142311127E+0
233.000000000000030E+0	-3.689743546937560E+0	13.478804011733860E+0
234.000000000000030E+0	5.936521957514995E+0	19.825984143591796E+0
235.000000000000030E+0	6.093798694698024E+0	10.732865287784772E+0
236.000000000000030E+0	9.422642254074729E+0	16.699156180174651E+0
237.000000000000030E+0	16.519841807954016E+0	20.316588031443114E+0
238.000000000000030E+0	20.991185065597215E+0	33.289091201695506E+0
239.000000000000030E+0	10.917795672460437E+0	22.679589416356812E+0
240.000000000000030E+0	-4.400888353527619E+0	18.461593597439638E+0
241.000000000000030E+0	-3.544112707206974E+0	48.832655533984862E+0
242.000000000000030E+0	-662.295200490775950E-3	28.108791046210001E+0
243.000000000000030E+0	6.565729279378490E+0	11.509464048025523E+0
244.000000000000030E+0	15.225961618961040E+0	31.202009285262989E+0
245.000000000000030E+0	9.307613725646902E+0	5.877527911745647E+0
246.000000000000030E+0	36.514688464648501E+0	37.270525477395289E+0
247.000000000000030E+0	41.093460926171247E+0	48.308768723058272E+0
248.000000000000030E+0	22.873946455261738E+0	32.227483823370363E+0
249.000000000000030E+0	10.166785052423634E+0	24.026908431499535E+0
250.000000000000030E+0	-3.182628027854848E+0	37.872890653239935E+0
251.000000000000030E+0	-1.631777226821476E+0	40.991583617376406E+0
252.000000000000030E+0	-1.238534791522092E+0	8.331117824083691E+0
253.000000000000030E+0	17.402400543616814E+0	1.413330987634151E+0
254.000000000000030E+0	28.260591831072844E+0	6.949527524048245E+0
255.000000000000030E+0	25.064636681859710E+0	394.891368338499360E-3
256.000000000000060E+0	46.989080419225971E+0	-7.345373135095218E+0
257.000000000000060E+0	67.525903791518743E+0	-2.955484074336963E+0
258.000000000000060E+0	28.667565800136799E+0	-7.267165144968044E+0
259.000000000000060E+0	24.519258297369369E+0	32.205078376589356E+0
260.000000000000060E+0	40.263988612843775E+0	47.196998710186797E+0
261.000000000000060E+0	23.259800691894316E+0	6.959421003931884E+0
262.000000000000060E+0	32.244989225481270E+0	27.258725346283228E+0
263.000000000000060E+0	5.756079234914073E+0	31.847027208116497E+0
264.000000000000060E+0	-1.533378021979554E+0	3.751391693133100E+0
265.000000000000060E+0	17.454100551182655E+0	-11.251294869395611E+0
266.000000000000060E+0	43.595588631597465E+0	-9.124914854551198E+0
267.000000000000060E+0	43.448979614770934E+0	23.119627662528512E+0
268.000000000000060E+0	-2.485136490720993E+0	9.698722060567832E+0
269.000000000000060E+0	9.382907726796095E+0	-6.461128600421840E+0
270.000000000000060E+0	8.848175193096671E+0	-6.434465132447589E+0
271.000000000000060E+0	5.392143253450821E+0	-11.635105472429675E+0
272.000000000000060E+0	16.995472506665060E+0	10.855191638204740E+0
273.000000000000060E+0	9.503495716015919E+0	5.638042230315807E+0
274.000000000000060E+0	16.488975186371356E+0	6.568654456421792E+0
275.000000000000060E+0	23.284864974873212E+0	9.343721157639372E+0
276.000000000000060E+0	51.632694582718294E+0	32.721449776077023E+0
277.000000000000060E+0	13.596041535732605E+0	24.455131173801654E+0
278.000000000000060E+0	18.933366395261896E+0	36.335079230867748E+0
279.000000000000060E+0	54.128094321763243E+0	60.729794464895193E+0
280.000000000000060E+0	43.507739412675924E+0	34.303755404104855E+0
281.000000000000060E+0	41.019989108383015E+0	19.580204889635709E+0
282.000000000000060E+0	47.987552905302749E+0	23.531772717019241E+0
283.000000000000060E+0	140.228552541750360E+0	37.111914700454108E+0
284.000000000000060E+0	71.013688479484358E+0	5.385876089555054E+0
285.000000000000060E+0	109.017443183611520E+0	-6.957464454183141E+0
286.000000000000060E+0	127.492922185921130E+0	-25.668745576776615E+0
287.000000000000060E+0	34.817863557864896E+0	-9.252516562181597E+0
288.000000000000060E+0	185.412132189640460E+0	-92.023023958429135E+0
289.000000000000060E+0	155.418173107908730E+0	-126.604368549278230E+0
290.000000000000060E+0	51.589994956162606E+0	-60.962429545870506E+0
291.000000000000060E+0	66.668930506084166E+0	-85.996691492420012E+0
292.000000000000060E+0	73.839042504045636E+0	-189.736942788831360E+0
293.000000000000060E+0	44.313825446870204E+0	-184.336555713289100E+0
294.000000000000060E+0	8.512716856760116E+0	-146.340488682846400E+0
295.000000000000060E+0	-34.919987840163472E+0	-127.986288746295290E+0
296.000000000000060E+0	-50.446255652911063E+0	-105.435561521851990E+0
297.000000000000060E+0	-51.947256566988678E+0	-102.957187431617510E+0
298.000000000000060E+0	-95.536698198848299E+0	-120.892016149438600E+0
299.000000000000060E+0	-75.525299620938043E+0	-62.742448165701418E+0
300.000000000000060E+0	-27.278505486250616E+0	-14.747551295956177E+0
301.000000000000060E+0	-74.583889899490117E+0	-55.760439800257600E+0
302.000000000000060E+0	-113.056209205496470E+0	-75.185090099241151E+0
303.000000000000060E+0	-29.444563677469159E+0	-9.703860344262150E+0
304.000000000000060E+0	-83.072556862767684E+0	-42.765715441243074E+0
305.000000000000060E+0	-42.499313034458773E+0	-24.895784430689734E+0
306.000000000000060E+0	-38.717010798830003E+0	-11.208575091527706E+0
307.000000000000060E+0	-93.717456240475599E+0	-25.499147720037616E+0
308.000000000000060E+0	-64.628513928656929E+0	-14.819827333123266E+0
309.000000000000060E+0	-33.277035913773275E+0	-3.117521065214417E+0
310.000000000000060E+0	-35.763667036062280E+0	1.179908590243500E+0
311.000000000000060E+0	-88.360033767940379E+0	3.042815205048893E+0
312.000000000000060E+0	-80.415589044008826E+0	3.029298734150648E+0
313.000000000000060E+0	-32.344375665029290E+0	-111.232475644531360E-3
314.000000000000060E+0	-50.550771626633768E+0	-10.587510166267705E+0
315.000000000000060E+0	-45.938652080258635E+0	-8.689244521663392E+0
316.000000000000060E+0	-48.223658621194119E+0	-7.072368363385057E+0
317.000000000000060E+0	-89.408475890983851E+0	-7.811217700292237E+0
318.000000000000060E+0	-58.486886203265115E+0	2.279695511288985E+0
319.000000000000060E+0	-21.527607850134437E+0	4.511255442448774E+0
320.000000000000060E+0	-129.017099720815340E+0	17.720727478752266E+0
321.000000000000060E+0	-147.769448065064180E+0	32.932933803602651E+0
322.000000000000060E+0	-64.544250553955265E+0	13.566945599735424E+0
323.000000000000060E+0	-94.620819847138321E+0	24.487839061311305E+0
324.000000000000060E+0	-88.306860672326479E+0	16.120716677711908E+0
325.000000000000060E+0	-146.846366445681300E+0	31.807078742973715E+0
326.000000000000060E+0	-154.595044176998900E+0	56.226052403434323E+0
327.000000000000060E+0	-145.927903961473530E+0	62.588469144186625E+0
328.000000000000060E+0	-105.510131658843420E+0	71.784334483192708E+0
329.000000000000060E+0	-87.149555941563676E+0	90.227911703607134E+0
330.000000000000060E+0	-344.206708294803830E+0	440.125369915373650E+0
331.000000000000060E+0	-146.029505561540650E+0	316.035249489831980E+0
332.000000000000060E+0	-78.116383019944038E+0	202.126394529523710E+0
333.000000000000060E+0	-118.882488125772850E+0	344.397728976942350E+0
334.000000000000060E+0	-72.991358754673598E+0	427.504946237667920E+0
335.000000000000060E+0	25.101416507265160E+0	282.523113220492750E+0
336.000000000000060E+0	126.975350238857050E+0	388.404297923559340E+0
337.000000000000060E+0	82.220717575263706E+0	144.916644752265140E+0
338.000000000000060E+0	89.284526410614688E+0	111.178183502763740E+0
339.000000000000060E+0	233.865614348988320E+0	272.129251945449030E+0
340.000000000000060E+0	211.287477312491630E+0	184.565847936817760E+0
341.000000000000060E+0	122.407934415917990E+0	104.466305921422150E+0
342.000000000000060E+0	67.064294087933931E+0	56.640154552700245E+0
343.000000000000060E+0	138.171777230150100E+0	78.893038085709946E+0
344.000000000000060E+0	195.892960396608200E+0	94.709109627465338E+0
345.000000000000060E+0	94.648156797675099E+0	34.530597377050228E+0
346.000000000000060E+0	132.240881872361680E+0	36.429163122317298E+0
347.000000000000060E+0	68.255885402822813E+0	4.678242599309298E+0
348.000000000000060E+0	124.613336172241730E+0	35.457816696708228E+0
349.000000000000060E+0	238.013437318987140E+0	65.755234268375361E+0
350.000000000000060E+0	80.517953562185426E+0	18.040784107400540E+0
351.000000000000060E+0	46.541761400395629E+0	-2.413976313476447E+0
352.000000000000060E+0	74.983225000201344E+0	-1.279338063514504E+0
353.000000000000060E+0	100.032902638580810E+0	-16.679559510441397E+0
354.000000000000060E+0	97.298316907294264E+0	-8.373278330058607E+0
355.000000000000060E+0	69.993882647794379E+0	480.397350873526920E-3
356.000000000000060E+0	47.737749401952435E+0	5.157221356902939E+0
357.000000000000060E+0	61.579283605410445E+0	10.382810807840187E+0
358.000000000000060E+0	100.117499629467400E+0	17.731934970460635E+0
359.000000000000060E+0	99.384091582102869E+0	19.220492695660958E+0
360.000000000000060E+0	63.937085478873406E+0	9.383209342693126E+0
361.000000000000060E+0	29.568196696859587E+0	4.500415122808213E+0
362.000000000000060E+0	148.717807494289360E+0	12.720412093235472E+0
363.000000000000060E+0	89.440323395231488E+0	1.138196775910414E+0
364.000000000000060E+0	72.643327640050032E+0	-2.048702634998999E+0
365.000000000000060E+0	81.837378846976847E+0	-1.585969108424614E+0
366.000000000000060E+0	49.328499264550210E+0	-1.377897537490823E+0
367.000000000000060E+0	104.448114396305300E+0	-11.491876707361504E+0
368.000000000000060E+0	146.368252714884250E+0	-22.132131283956216E+0
369.000000000000060E+0	62.148205973212853E+0	-11.418718276690102E+0
370.000000000000060E+0	55.938336459508186E+0	-8.912519204536062E+0
371.000000000000060E+0	79.780164599796564E+0	-22.400580396067177E+0
372.000000000000060E+0	148.751179876098770E+0	-54.912446281780660E+0
373.000000000000060E+0	89.675989475544085E+0	-39.885524504752020E+0
374.000000000000060E+0	49.937396315690833E+0	-26.956907276225273E+0
375.000000000000060E+0	67.388718757298463E+0	-43.563648070071039E+0
376.000000000000060E+0	86.221663004589772E+0	-57.476718842725177E+0
377.000000000000060E+0	102.894899382544920E+0	-62.107746615222368E+0
378.000000000000060E+0	107.938111945604310E+0	-71.381587928249104E+0
379.000000000000060E+0	39.125780352281168E+0	-23.212102645117980E+0
380.000000000000060E+0	43.754869988902541E+0	-39.063390620306663E+0
381.000000000000060E+0	113.749431586583910E+0	-93.530217345973142E+0
382.000000000000060E+0	45.956318807218118E+0	-43.097389286593135E+0
383.000000000000060E+0	43.103587846875598E+0	-44.673775732180573E+0
384.000000000000060E+0	35.939109533086352E+0	-34.537018721100260E+0
385.000000000000060E+0	58.182667028512625E+0	-49.298746075838309E+0
386.000000000000060E+0	96.296137624664666E+0	-77.485522566611152E+0
387.000000000000060E+0	58.857089783320063E+0	-40.648211406100216E+0
388.000000000000060E+0	57.828559479530853E+0	-44.695079600690043E+0
389.000000000000060E+0	24.541638498016113E+0	-19.423236154410144E+0
390.000000000000060E+0	73.462315309143761E+0	-78.277515857572439E+0
391.000000000000060E+0	103.381256621408430E+0	-124.106531869532860E+0
392.000000000000060E+0	45.016602625381637E+0	-61.660998592038581E+0
393.000000000000060E+0	33.278542402309569E+0	-38.172186446491700E+0
394.000000000000060E+0	57.095758083929880E+0	-94.648562281056741E+0
395.000000000000060E+0	45.192036740188904E+0	-86.962540400474012E+0
396.000000000000060E+0	64.777696793010193E+0	-135.127315725902120E+0
397.000000000000060E+0	33.021338364738071E+0	-89.933149019426693E+0
398.000000000000060E+0	13.164054904975060E+0	-39.981980696835322E+0
399.000000000000060E+0	29.490821196304871E+0	-95.005495810752919E+0
400.000000000000060E+0	11.506674003430449E+0	-140.364918865787440E+0
401.000000000000060E+0	-6.296075980032995E+0	-90.700070494845079E+0
402.000000000000060E+0	-14.021092837180882E+0	-57.229406879671238E+0
403.000000000000060E+0	-16.210155359698781E+0	-45.374687973399766E+0
404.000000000000060E+0	-41.508885556149110E+0	-157.867426865197730E+0
405.000000000000060E+0	-26.660152630172540E+0	-80.346483674296010E+0
406.000000000000060E+0	-22.691622666660486E+0	-71.290957525620996E+0
407.000000000000060E+0	-24.140989775877888E+0	-55.467139423273451E+0
408.000000000000060E+0	-7.798752259200008E+0	-20.106810152518516E+0
409.000000000000060E+0	-58.345433864369717E+0	-66.118988031191478E+0
410.000000000000060E+0	-53.155200864686265E+0	-34.472670945930943E+0
411.000000000000060E+0	-27.963475071697314E+0	-5.731375565901774E+0
412.000000000000060E+0	-37.416151013232778E+0	-22.553195160340749E+0
413.000000000000060E+0	-54.600240803107397E+0	-45.973419065747336E+0
414.000000000000060E+0	-51.376160586229084E+0	-48.273091437496575E+0
415.000000000000060E+0	-36.572621908184480E+0	-37.837255055046434E+0
416.000000000000060E+0	-14.330281548870351E+0	-15.571057711761606E+0
417.000000000000060E+0	-11.805042437097720E+0	-4.701782659031146E+0
418.000000000000060E+0	-38.096450958274900E+0	1.283858111759188E+0
419.000000000000060E+0	-54.992494101136700E+0	5.724142913438078E+0
420.000000000000060E+0	-53.202950725561401E+0	4.559618545604871E+0
421.000000000000060E+0	-15.337854880916828E+0	1.742629369402469E+0
422.000000000000060E+0	-42.886515225710312E+0	-14.551664140706219E+0
423.000000000000060E+0	-60.526582671576683E+0	-14.356436841515878E+0
424.000000000000060E+0	-21.834418185929628E+0	-4.318121438895548E+0
425.000000000000060E+0	-22.935642452205624E+0	5.982437977884016E+0
426.000000000000060E+0	-6.529046633089624E+0	10.770069988031654E+0
427.000000000000060E+0	-31.460587125754870E+0	25.267857357325575E+0
428.000000000000060E+0	-79.950245340920432E+0	52.286582402989246E+0
429.000000000000060E+0	-37.593720220912381E+0	26.839101777294253E+0
430.000000000000060E+0	-27.282485969460993E+0	19.859840597139662E+0
431.000000000000060E+0	-18.435316345009973E+0	11.295230765446806E+0
432.000000000000060E+0	-38.386893710174313E+0	48.875979718631093E+0
433.000000000000060E+0	-23.690497006109364E+0	55.589402480323407E+0
434.000000000000060E+0	-2.371973895090147E+0	38.273171203393836E+0
435.000000000000060E+0	-530.999888020274420E-3	46.816679373091098E+0
436.000000000000060E+0	-12.997915739236044E+0	77.402832918460916E+0
437.000000000000060E+0	-6.738766668931940E+0	93.298287034047803E+0
438.000000000000060E+0	11.048496897398923E+0	132.869095439975550E+0
439.000000000000060E+0	24.148039063392755E+0	78.031483012412380E+0
440.000000000000060E+0	11.742350396810204E+0	13.937302522452546E+0
441.000000000000060E+0	110.600624292062970E+0	122.209725801623040E+0
442.000000000000060E+0	125.280252864735080E+0	91.160308526458294E+0
443.000000000000060E+0	82.857386208770421E+0	53.824867052978220E+0
444.000000000000060E+0	82.428727503404190E+0	48.649069917074428E+0
445.000000000000060E+0	49.034111216598632E+0	25.085118607590935E+0
446.000000000000060E+0	126.293289906390140E+0	39.330731136832377E+0
447.000000000000060E+0	146.945249236831610E+0	6.894709436393386E+0
448.000000000000060E+0	112.568570094453070E+0	3.524032531608550E+0
449.000000000000060E+0	63.815001310135344E+0	-7.740603520211439E+0
450.000000000000060E+0	78.244665669939550E+0	-21.285065676709273E+0
451.000000000000060E+0	285.383429533384630E+0	-84.511492148765299E+0
452.000000000000060E+0	174.560348009990950E+0	-83.028084153131274E+0
453.000000000000060E+0	61.154010066443206E+0	-22.365765556872510E+0
454.000000000000060E+0	74.482840945147132E+0	-68.702503063097083E+0
455.000000000000060E+0	100.055145428400750E+0	-125.733911449380270E+0
456.000000000000060E+0	110.510046649314320E+0	-192.025108803349950E+0
457.000000000000060E+0	66.830355432337015E+0	-217.092980428036130E+0
458.000000000000060E+0	5.087749417582615E+0	-130.967921970093580E+0
459.000000000000060E+0	5.802634721718516E+0	-73.550644559174827E+0
460.000000000000060E+0	-76.091144977368302E+0	-242.391072022184060E+0
461.000000000000060E+0	-77.868923748973302E+0	-109.386930126175260E+0
462.000000000000060E+0	-72.956776842952621E+0	-54.106820103231143E+0
463.000000000000060E+0	-39.734584145629107E+0	-23.245964512233989E+0
464.000000000000060E+0	-58.519954104333046E+0	-46.817212947648088E+0
465.000000000000060E+0	-62.325195646219925E+0	-29.653750942345077E+0
466.000000000000060E+0	-33.371142276531010E+0	-8.041190422937543E+0
467.000000000000060E+0	-29.658750323639630E+0	-5.981007296682670E+0
468.000000000000060E+0	-8.991461642280445E+0	-1.038082114628497E+0
469.000000000000060E+0	-19.421840873816087E+0	-2.565525462136562E+0
470.000000000000060E+0	-16.375521652167883E+0	-19.755481426507849E+0
471.000000000000060E+0	2.318952618647766E+0	-6.296084521848861E+0
472.000000000000060E+0	-3.271932253786477E+0	-11.403914143319273E+0
473.000000000000060E+0	-575.211848951366010E-3	-31.081813126907143E+0
474.000000000000060E+0	-17.216139313059102E+0	-69.200860164560794E+0
475.000000000000060E+0	-34.887454569953647E+0	-106.478861556768080E+0
476.000000000000060E+0	-32.270290048897579E+0	-75.068671972255373E+0
477.000000000000060E+0	-36.988279545248133E+0	-26.606335010915267E+0
478.000000000000060E+0	-69.581633694347403E+0	-13.609820081593934E+0
479.000000000000060E+0	-166.639340566521750E+0	4.155830627714066E+0
480.000000000000060E+0	-105.153080985066640E+0	42.614964370751736E+0
481.000000000000060E+0	-46.217844435195857E+0	34.830124629847944E+0
482.000000000000060E+0	-18.794537703153228E+0	25.471644575623852E+0
483.000000000000060E+0	-60.705941623447146E+0	137.466627230909670E+0
484.000000000000060E+0	-26.235975056506948E+0	126.879928794613560E+0
485.000000000000060E+0	-13.905031064656887E+0	80.010562825035024E+0
486.000000000000060E+0	3.574615203208448E+0	85.859357704107921E+0
487.000000000000060E+0	6.856635778981337E+0	26.790679064482664E+0
488.000000000000060E+0	59.866342885601931E+0	137.346802659616970E+0
489.000000000000060E+0	81.836381294060871E+0	137.223827102858480E+0
490.000000000000060E+0	44.755227696206958E+0	60.695390788957283E+0
491.000000000000060E+0	34.068564900898401E+0	33.683354243775412E+0
492.000000000000060E+0	85.795683581741571E+0	86.497581058050187E+0
493.000000000000060E+0	134.907255448063840E+0	119.987331997520500E+0
494.000000000000060E+0	108.779969560891710E+0	77.094752024691118E+0
495.000000000000060E+0	62.175907204687043E+0	37.953188001032281E+0
496.000000000000060E+0	81.247018197519623E+0	22.129342823631625E+0
497.000000000000060E+0	134.523163635336970E+0	29.071821842812120E+0
498.000000000000060E+0	267.215344575579650E+0	59.864243226922213E+0
499.000000000000060E+0	205.561168655767400E+0	30.436479039002297E+0
500.000000000000060E+0	65.516650994176061E+0	3.942030319374642E+0
501.000000000000060E+0	112.863857424336060E+0	-11.091712409586659E+0
502.000000000000060E+0	337.883800152473440E+0	-63.781465976462357E+0
503.000000000000060E+0	193.822169571831410E+0	-54.176582404388128E+0
504.000000000000060E+0	132.547160527659770E+0	-50.506132170674938E+0
505.000000000000060E+0	138.444271272361990E+0	-74.046725257252504E+0
506.000000000000060E+0	130.671567512337620E+0	-77.021403676243523E+0
507.000000000000060E+0	324.299442526335160E+0	-256.387055399900990E+0
508.000000000000060E+0	170.242482539693300E+0	-193.478533152177530E+0
509.000000000000060E+0	119.527308157213230E+0	-172.239780333669240E+0
510.000000000000060E+0	31.786226682000155E+0	-74.969534289488337E+0
511.000000000000060E+0	106.436367430476390E+0	-422.923367629347470E+0
512.000000000000110E+0	-4.856327156279034E+0	-528.525343053252070E+0
513.000000000000110E+0	-58.431945804183535E+0	-197.636339042284990E+0
514.000000000000110E+0	-64.395816913560026E+0	-152.645855541481520E+0
515.000000000000110E+0	-91.885567633526335E+0	-119.598792915573500E+0
516.000000000000110E+0	-111.433482410925960E+0	-87.339419228326847E+0
517.000000000000110E+0	-136.351548160518580E+0	-94.735239055588764E+0
518.000000000000110E+0	-77.952935811998330E+0	-57.418231581986333E+0
519.000000000000110E+0	-13.139867182195507E+0	-18.143111503299824E+0
520.000000000000110E+0	-48.270470900404810E+0	-78.814163114536328E+0
521.000000000000110E+0	-65.127698511364116E+0	-139.487785248425870E+0
522.000000000000110E+0	-40.133607962780424E+0	-99.471144009489961E+0
523.000000000000110E+0	-22.832692939444208E+0	-45.418754715685253E+0
524.000000000000110E+0	-35.893799321831231E+0	-40.493531572526436E+0
525.000000000000110E+0	-91.158694387276881E+0	-63.450686810105161E+0
526.000000000000110E+0	-106.322737215655710E+0	-44.924510870265067E+0
527.000000000000110E+0	-65.383825435664931E+0	-24.655412764596754E+0
528.000000000000110E+0	-47.881369440279698E+0	-11.127484144381929E+0
529.000000000000110E+0	-16.461749110260651E+0	-8.835530407698892E+0
530.000000000000110E+0	-68.672643627305490E+0	-21.255772201490846E+0
531.000000000000110E+0	-45.895289250406719E+0	-10.760071241969568E+0
532.000000000000110E+0	-11.825267224467227E+0	-7.017071270958198E+0
533.000000000000110E+0	-5.779246230760514E+0	-8.368806017390023E+0
534.000000000000110E+0	-14.617114777299935E+0	-5.466053911890868E+0
535.000000000000110E+0	-24.673667775118666E+0	-22.679755848844117E+0
536.000000000000110E+0	-18.823747433591727E+0	-28.631855466523763E+0
537.000000000000110E+0	-8.529917785311707E+0	-22.047057633855779E+0
538.000000000000110E+0	2.343972092057328E+0	-8.803835093449710E+0
539.000000000000110E+0	-2.708045610360131E+0	-21.671706039307946E+0
540.000000000000110E+0	-6.272691264530406E+0	-19.142077284827941E+0
541.000000000000110E+0	-3.905723571257249E+0	-17.029541504621019E+0
542.000000000000110E+0	3.518954788352600E+0	-3.229807284455130E+0
543.000000000000110E+0	-5.706914967309084E+0	-8.254327212879843E+0
544.000000000000110E+0	-8.379711191937622E+0	-26.558922839638171E+0
545.000000000000110E+0	760.206640289722960E-3	-22.017107753667076E+0
546.000000000000110E+0	-281.776909309537580E-3	-26.379920917346709E+0
547.000000000000110E+0	2.575167183549012E+0	-19.567609815280264E+0
548.000000000000110E+0	12.921359776817223E+0	-19.507797901962981E+0
549.000000000000110E+0	30.614737490000657E+0	-68.439091693510193E+0
550.000000000000110E+0	19.253202875632837E+0	-35.425655968613690E+0
551.000000000000110E+0	4.576625291937193E+0	-10.476358150907950E+0
552.000000000000110E+0	5.649392433493908E+0	-23.631096732821703E+0
553.000000000000110E+0	15.617738577879786E+0	-44.711755023245857E+0
554.000000000000110E+0	21.121700638192173E+0	-56.330279878769716E+0
555.000000000000110E+0	10.768306066389199E+0	-20.005681123482177E+0
556.000000000000110E+0	9.906687900697042E+0	-20.673426819352890E+0
557.000000000000110E+0	8.399634834354615E+0	-12.128259925014181E+0
558.000000000000110E+0	21.229950349854754E+0	-29.751261640777308E+0
559.000000000000110E+0	25.602085799178162E+0	-30.552232393452122E+0
560.000000000000110E+0	5.465684305331658E+0	-15.225969745742464E+0
561.000000000000110E+0	6.855151386148462E+0	-14.096948961303957E+0
562.000000000000110E+0	76.125445654305253E+0	-50.709959804176570E+0
563.000000000000110E+0	68.377707533933091E+0	-44.875959625730736E+0
564.000000000000110E+0	45.532820506371351E+0	-34.476930248722184E+0
565.000000000000110E+0	58.894530108610766E+0	-36.844980600803041E+0
566.000000000000110E+0	27.205490029280917E+0	-17.574800019672043E+0
567.000000000000110E+0	104.666132122241490E+0	-84.560476540114166E+0
568.000000000000110E+0	129.583157094369280E+0	-117.483009832526550E+0
569.000000000000110E+0	96.842305695962807E+0	-93.111584558870092E+0
570.000000000000110E+0	31.616459147885923E+0	-40.652172839833881E+0
571.000000000000110E+0	84.449302515539088E+0	-114.296750724627670E+0
572.000000000000110E+0	198.324043061078160E+0	-300.955794602308170E+0
573.000000000000110E+0	135.485001448647780E+0	-238.855518990481930E+0
574.000000000000110E+0	46.639020467090845E+0	-86.128972392667805E+0
575.000000000000110E+0	57.613049550658253E+0	-176.240509914171130E+0
576.000000000000110E+0	32.258988122478840E+0	-161.099702344950570E+0
577.000000000000110E+0	3.788783446713592E+0	-402.721194459666430E+0
578.000000000000110E+0	-68.694108145965941E+0	-397.775686183865500E+0
579.000000000000110E+0	-48.771263214634203E+0	-120.404741899220000E+0
580.000000000000110E+0	-84.670371912539366E+0	-134.615151490242540E+0
581.000000000000110E+0	-338.221356352051430E+0	-458.074197313502910E+0
582.000000000000110E+0	-301.513287311744820E+0	-277.824722247418950E+0
583.000000000000110E+0	-159.546458350977960E+0	-138.117034796087670E+0
584.000000000000110E+0	-106.074798592561450E+0	-91.535704002111117E+0
585.000000000000110E+0	-126.520431572457450E+0	-82.125727983727472E+0
586.000000000000110E+0	-265.188259657145750E+0	-109.131283417729490E+0
587.000000000000110E+0	-196.696968706210380E+0	-59.342185778876704E+0
588.000000000000110E+0	-184.408475466094840E+0	-27.113402611802677E+0
589.000000000000110E+0	-45.267387352256762E+0	2.952699399361112E+0
590.000000000000110E+0	-249.815595712705370E+0	-45.237318413808296E+0
591.000000000000110E+0	-355.876971178763260E+0	-43.741049912065080E+0
592.000000000000110E+0	-129.797361288253570E+0	-11.424485845075543E+0
593.000000000000110E+0	-66.734722644869663E+0	-6.811119075661495E+0
594.000000000000110E+0	-97.206699337354280E+0	-3.390252798313915E+0
595.000000000000110E+0	-128.063208113372670E+0	4.005922047073389E+0
596.000000000000110E+0	-165.610454098334290E+0	15.113844379773340E+0
597.000000000000110E+0	-123.319158344067970E+0	17.597314352842886E+0
598.000000000000110E+0	-43.255382031048192E+0	13.521961478031708E+0
599.000000000000110E+0	-101.923584698923310E+0	8.462034475322035E+0
600.000000000000110E+0	-187.571160857941720E+0	10.616740874153876E+0
601.000000000000110E+0	-159.309329740485370E+0	13.583435440390147E+0
602.000000000000110E+0	-33.392550808052384E+0	6.157891930645411E+0
603.000000000000110E+0	-50.710890576237624E+0	19.722841991886749E+0
604.000000000000110E+0	-119.420050207250180E+0	29.761201693194259E+0
605.000000000000110E+0	-109.168793661240930E+0	29.559763450139833E+0
606.000000000000110E+0	-82.790190739367901E+0	25.490676413228726E+0
607.000000000000110E+0	-79.850969686409456E+0	22.137732316133231E+0
608.000000000000110E+0	-20.747370397691053E+0	3.984457713188577E+0
609.000000000000110E+0	-165.106581467330390E+0	30.175569500482119E+0
610.000000000000110E+0	-144.974461436385440E+0	24.650298106393500E+0
611.000000000000110E+0	-47.873914299407815E+0	10.794950899661270E+0
612.000000000000110E+0	-26.835387775622685E+0	11.756300297586503E+0
613.000000000000110E+0	-75.708665558400654E+0	28.573028589743991E+0
614.000000000000110E+0	-128.602941433291760E+0	40.624304944443679E+0
615.000000000000110E+0	-92.358546839597082E+0	21.517537374042302E+0
616.000000000000110E+0	-58.456521578639560E+0	8.502046679207442E+0
617.000000000000110E+0	-26.564308843466875E+0	12.247322605527303E+0
618.000000000000110E+0	-55.122227768401125E+0	32.859967795590556E+0
619.000000000000110E+0	-119.441716766368670E+0	81.249912171793682E+0
620.000000000000110E+0	-93.489232373609241E+0	76.560439894284912E+0
621.000000000000110E+0	-17.681634471741837E+0	18.228386441056795E+0
622.000000000000110E+0	-67.800758900099481E+0	47.367017160684959E+0
623.000000000000110E+0	-115.176372866028400E+0	95.462880162889263E+0
624.000000000000110E+0	-70.646245408117068E+0	55.756932340806813E+0
625.000000000000110E+0	-53.766746995601423E+0	37.658916791940747E+0
626.000000000000110E+0	-29.345859075564455E+0	15.978356391697378E+0
627.000000000000110E+0	-3.535556408948300E+0	10.152564729636159E+0
628.000000000000110E+0	-12.879029643001086E+0	56.759347049252483E+0
629.000000000000110E+0	-12.438257020135627E+0	44.734980163421845E+0
630.000000000000110E+0	-10.342887444915959E+0	20.779374944721340E+0
631.000000000000110E+0	-8.797045891407249E+0	10.592445833387034E+0
632.000000000000110E+0	-38.926136940816875E+0	25.035997537663611E+0
633.000000000000110E+0	-50.282664743405505E+0	29.174102604115564E+0
634.000000000000110E+0	-17.105372430542587E+0	8.378623728432895E+0
635.000000000000110E+0	-19.969674296108217E+0	4.991621443209729E+0
636.000000000000110E+0	-10.660553678507387E+0	3.862340558891103E+0
637.000000000000110E+0	-34.492100808025597E+0	8.144440898972634E+0
638.000000000000110E+0	-51.087248300750716E+0	7.618580261237978E+0
639.000000000000110E+0	-34.536597841549351E+0	1.646135122484680E+0
640.000000000000110E+0	-4.106782540028587E+0	621.831057437913340E-3
641.000000000000110E+0	-45.392000376252497E+0	2.172790035222906E+0
642.000000000000110E+0	-60.927383477662104E+0	-134.106968638038640E-3
643.000000000000110E+0	-42.220587314255354E+0	-3.450045458632429E+0
644.000000000000110E+0	-26.497538255911486E+0	-2.266780240695984E+0
645.000000000000110E+0	-22.423365141103009E+0	369.283834697935300E-3
646.000000000000110E+0	-63.600410597593779E+0	-4.750297227808135E+0
647.000000000000110E+0	-83.140790964682651E+0	-8.502607916764173E+0
648.000000000000110E+0	-85.205561486147772E+0	-6.040022820747935E+0
649.000000000000110E+0	-38.043906591448795E+0	-4.758194351894015E+0
650.000000000000110E+0	-13.654330325650278E+0	3.773691524548037E+0
651.000000000000110E+0	-141.839628122986510E+0	59.073928540784927E+0
652.000000000000110E+0	-114.855941499927280E+0	60.439021424905967E+0
653.000000000000110E+0	-26.909289954383922E+0	17.198761869968305E+0
654.000000000000110E+0	-41.899067830364395E+0	28.226628341307855E+0
655.000000000000110E+0	-32.904377864670877E+0	25.913093636086131E+0
656.000000000000110E+0	-59.434593918800772E+0	44.212672864916335E+0
657.000000000000110E+0	-59.522640280279596E+0	40.496926930989709E+0
658.000000000000110E+0	-25.532912042698307E+0	13.031153287078496E+0
659.000000000000110E+0	-5.876986147155356E+0	3.268500179701920E+0
660.000000000000110E+0	-39.391975386444280E+0	38.011560617585729E+0
661.000000000000110E+0	-52.270522005054680E+0	52.460942253253982E+0
662.000000000000110E+0	-28.265185414147311E+0	30.230337268931226E+0
663.000000000000110E+0	-13.222022458430080E+0	11.678808428044018E+0
664.000000000000110E+0	-26.234661433345543E+0	18.609358107108314E+0
665.000000000000110E+0	-55.454887944282618E+0	43.904951085341793E+0
666.000000000000110E+0	-30.180544907882727E+0	23.239932439336233E+0
667.000000000000110E+0	-46.314042699533154E+0	36.083587617391927E+0
668.000000000000110E+0	-9.113431391107548E+0	6.817088923553699E+0
669.000000000000110E+0	-23.840806439635458E+0	28.815844638866498E+0
670.000000000000110E+0	-55.589145690518521E+0	71.529564447608465E+0
671.000000000000110E+0	-23.241985465531876E+0	40.070966402968693E+0
672.000000000000110E+0	-9.204646222528856E+0	15.132953211744709E+0
673.000000000000110E+0	-18.160868576383450E+0	19.264660321669432E+0
674.000000000000110E+0	-22.092291087406316E+0	29.225674494228208E+0
675.000000000000110E+0	-29.712637967703888E+0	47.331927368012920E+0
676.000000000000110E+0	-14.022633958983173E+0	24.156469108026464E+0
677.000000000000110E+0	-8.005964793620835E+0	14.996096483699594E+0
678.000000000000110E+0	-3.125599246019189E+0	9.261363605186856E+0
679.000000000000110E+0	-16.566504148904905E+0	32.325556082800958E+0
680.000000000000110E+0	-21.779916453181830E+0	34.680271077824401E+0
681.000000000000110E+0	-7.793442513342700E+0	10.932968623515533E+0
682.000000000000110E+0	-6.130564312517024E+0	2.783001321173467E+0
683.000000000000110E+0	-25.626082843186101E+0	9.868652937012664E+0
684.000000000000110E+0	-25.253849988623326E+0	10.092694902296838E+0
685.000000000000110E+0	-13.445020727557553E+0	8.602047683843917E+0
686.000000000000110E+0	-17.689265521128572E+0	12.664444990734818E+0
687.000000000000110E+0	-2.742562118882199E+0	3.389895438914743E+0
688.000000000000110E+0	-30.178444151728780E+0	21.226476941520669E+0
689.000000000000110E+0	-39.958196741213882E+0	33.190386400551766E+0
690.000000000000110E+0	-22.338850922906460E+0	19.834511269584972E+0
691.000000000000110E+0	-11.108070939403719E+0	7.792501906402504E+0
692.000000000000110E+0	-16.272511420571384E+0	6.174895153697657E+0
693.000000000000110E+0	-46.627029563069655E+0	25.020993465137746E+0
694.000000000000110E+0	-22.522879211423934E+0	13.854095363607197E+0
695.000000000000110E+0	-13.419186690372811E+0	9.900435496762896E+0
696.000000000000110E+0	-12.934334333665410E+0	10.218906697931862E+0
697.000000000000110E+0	-12.155603419981256E+0	8.994552553508896E+0
698.000000000000110E+0	-36.453084619189973E+0	26.009962450722327E+0
699.000000000000110E+0	-43.107342771417457E+0	31.078552985808891E+0
700.000000000000110E+0	-8.795822455107411E+0	6.299912136705583E+0
701.000000000000110E+0	-10.834444333582562E+0	6.666777901817508E+0
702.000000000000110E+0	-36.315746844109093E+0	22.026222368966394E+0
703.000000000000110E+0	-34.288649745475602E+0	19.753669478682433E+0
704.000000000000110E+0	-17.338461535891216E+0	11.272263517044809E+0
705.000000000000110E+0	-13.085534943576693E+0	9.563501202339880E+0
706.000000000000110E+0	-12.995399599093224E+0	9.638292577825487E+0
707.000000000000110E+0	-43.610201548608430E+0	26.285666589339002E+0
708.000000000000110E+0	-36.345665208112322E+0	21.057152369139107E+0
709.000000000000110E+0	-26.444211174336555E+0	17.010875671575338E+0
710.000000000000110E+0	-3.666010325321097E+0	3.584488025429432E+0
711.000000000000110E+0	-39.373278967274643E+0	19.790859786145198E+0
712.000000000000110E+0	-63.848607139578767E+0	31.271874065556290E+0
713.000000000000110E+0	-14.086259949174101E+0	5.770579883517671E+0
714.000000000000110E+0	-6.658236144882783E+0	10.254326962495167E+0
715.000000000000110E+0	-9.004163779761525E+0	12.865539348764425E+0
716.000000000000110E+0	-17.450753222859554E+0	15.554200075914292E+0
717.000000000000110E+0	-32.951379012014954E+0	39.338502901297765E+0
718.000000000000110E+0	-26.400919047481238E+0	31.060725193551956E+0
719.000000000000110E+0	-9.022351789851189E+0	11.290298714884395E+0
720.000000000000110E+0	-25.525436267004345E+0	5.217763593398836E+0
721.000000000000110E+0	-56.655251485467353E+0	12.595607566161982E+0
722.000000000000110E+0	-43.476389131179786E+0	8.695458722180053E+0
723.000000000000110E+0	-16.804554597101848E+0	-1.036720289154667E+0
724.000000000000110E+0	-5.754334750430264E+0	4.023279289264988E+0
725.000000000000110E+0	-36.141440902946719E+0	19.418626535857133E+0
726.000000000000110E+0	-37.124067294793363E+0	14.930985150475404E+0
727.000000000000110E+0	-51.171453503007093E+0	27.848088418615845E+0
728.000000000000110E+0	-31.239439097456096E+0	17.939355376707915E+0
729.000000000000110E+0	-7.132631259018147E+0	3.625642397059921E+0
730.000000000000110E+0	-84.654699000573416E+0	42.205544191249515E+0
731.000000000000110E+0	-87.445567940100432E+0	56.872549761367608E+0
732.000000000000110E+0	-17.624329682234297E+0	15.220324033528948E+0
733.000000000000110E+0	-16.618088964523032E+0	16.381631620740020E+0
734.000000000000110E+0	-16.810196376343004E+0	17.536848262432333E+0
735.000000000000110E+0	-48.192128046219764E+0	53.500930083424762E+0
736.000000000000110E+0	-34.341640531139241E+0	42.690369202572619E+0
737.000000000000110E+0	-27.757905830475188E+0	34.046984812815275E+0
738.000000000000110E+0	-11.674974822081641E+0	12.169634184307167E+0
739.000000000000110E+0	-33.162318333241032E+0	26.501462442031272E+0
740.000000000000110E+0	-77.448038977823941E+0	62.593308891260200E+0
741.000000000000110E+0	-46.511188097516211E+0	39.728593045462183E+0
742.000000000000110E+0	-7.096309139466039E+0	6.155780107422186E+0
743.000000000000110E+0	-32.357057196404774E+0	29.041909585821326E+0
744.000000000000110E+0	-54.255676708883108E+0	40.611794701200772E+0
745.000000000000110E+0	-30.730294896527170E+0	27.561011842508076E+0
746.000000000000110E+0	-40.117253291300827E+0	35.458448368631956E+0
747.000000000000110E+0	-16.166019953941468E+0	15.209615673769813E+0
748.000000000000110E+0	-20.270427727153368E+0	15.463377194395306E+0
749.000000000000110E+0	-84.944564829773967E+0	68.209598989795324E+0
750.000000000000110E+0	-68.352890702225196E+0	60.427295553169571E+0
751.000000000000110E+0	-28.063198793695612E+0	24.961972340196446E+0
752.000000000000110E+0	-13.043539296538190E+0	9.871466849827028E+0
753.000000000000110E+0	-61.990647467605470E+0	54.719120614924918E+0
754.000000000000110E+0	-96.916758688368617E+0	87.212777092753967E+0
755.000000000000110E+0	-40.898007233523437E+0	40.454053419226248E+0
756.000000000000110E+0	-43.153378740730844E+0	47.195386225246992E+0
757.000000000000110E+0	-26.816957437931801E+0	25.312460378591052E+0
758.000000000000110E+0	-69.623556362719711E+0	71.541953614110156E+0
759.000000000000110E+0	-157.276034558776160E+0	169.027221684385350E+0
760.000000000000110E+0	-58.803688726291924E+0	65.753183803423894E+0
761.000000000000110E+0	-9.017275575602579E+0	9.689598737407294E+0
762.000000000000110E+0	-63.405057057004001E+0	95.619394441364164E+0
763.000000000000110E+0	-108.221281690489220E+0	173.308999798995330E+0
764.000000000000110E+0	-45.298599865182744E+0	86.077386176376208E+0
765.000000000000110E+0	-31.708380759348689E+0	98.457364692910886E+0
766.000000000000110E+0	-13.017672407155242E+0	37.121457069968010E+0
767.000000000000110E+0	-52.945070122123184E+0	139.599542445817630E+0
768.000000000000110E+0	-46.912075150032912E+0	198.949458516875270E+0
769.000000000000110E+0	-25.532944090149687E+0	232.951764005719670E+0
770.000000000000110E+0	-4.574503303079385E+0	82.888262144878922E+0
771.000000000000110E+0	7.814885269298662E+0	54.335444319847831E+0
772.000000000000110E+0	70.615653805332613E+0	338.507508967062900E+0
773.000000000000110E+0	73.220179039787311E+0	266.912257892368070E+0
774.000000000000110E+0	34.861138429584258E+0	69.976796792868797E+0
775.000000000000110E+0	60.937403583670381E+0	102.581207254698870E+0
776.000000000000110E+0	40.665387452646073E+0	68.502904006341666E+0
777.000000000000110E+0	137.416218011660590E+0	143.739091625115260E+0
778.000000000000110E+0	188.527143940749990E+0	145.951248095736790E+0
779.000000000000110E+0	57.282845855486570E+0	32.550504025710737E+0
780.000000000000110E+0	20.851258736903397E+0	17.195247422074289E+0
781.000000000000110E+0	100.053229084855490E+0	77.819060923493353E+0
782.000000000000110E+0	109.467410024186460E+0	86.002381707383051E+0
783.000000000000110E+0	51.119644102720123E+0	40.703042838999536E+0
784.000000000000110E+0	16.666897445555882E+0	16.768951917548613E+0
785.000000000000110E+0	21.022663743234670E+0	28.374090417409349E+0
786.000000000000110E+0	40.711194081155888E+0	53.814609154999786E+0
787.000000000000110E+0	43.183579596632398E+0	59.064688947461789E+0
788.000000000000110E+0	49.458642748002575E+0	71.867948173976430E+0
789.000000000000110E+0	13.898223232867128E+0	22.395797315743483E+0
790.000000000000110E+0	27.481136655105701E+0	61.929486391515887E+0
791.000000000000110E+0	104.488031894497720E+0	212.432118480481960E+0
792.000000000000110E+0	42.635450660520149E+0	85.849672711654321E+0
793.000000000000110E+0	21.480656637919971E+0	38.465882499997875E+0
794.000000000000110E+0	27.510794905793137E+0	42.784469036280470E+0
795.000000000000110E+0	47.144206407579510E+0	102.446761503418880E+0
796.000000000000110E+0	59.782475731742394E+0	136.884347112564650E+0
797.000000000000110E+0	58.332775546032600E+0	135.976891231165410E+0
798.000000000000110E+0	27.036450800504713E+0	56.203037701349977E+0
799.000000000000110E+0	26.251199957933188E+0	61.837788750860554E+0
800.000000000000110E+0	93.913503629830444E+0	267.075443105776570E+0
801.000000000000110E+0	182.134547835568720E+0	414.068050645610130E+0
802.000000000000110E+0	52.612325110349957E+0	117.549255440892610E+0
803.000000000000110E+0	47.220219230512761E+0	50.640957902139640E+0
804.000000000000110E+0	195.805517115645590E+0	159.752783461721860E+0
805.000000000000110E+0	249.793490985434630E+0	130.352368511850070E+0
806.000000000000110E+0	254.095581899001220E+0	86.765173535806184E+0
807.000000000000110E+0	255.706786108096820E+0	43.911395202681774E+0
808.000000000000110E+0	28.891209074075579E+0	2.380767817300350E+0
809.000000000000110E+0	312.104732594206550E+0	8.069086986488754E+0
810.000000000000110E+0	469.230642572077780E+0	-68.130585055827012E+0
811.000000000000110E+0	201.305572627179260E+0	-48.634994498952217E+0
812.000000000000110E+0	66.904476549488237E+0	-20.817559825732268E+0
813.000000000000110E+0	85.304917911269157E+0	-41.161537777858335E+0
814.000000000000110E+0	325.141156369934890E+0	-180.754890158724150E+0
815.000000000000110E+0	221.115923795676650E+0	-134.603344302503900E+0
816.000000000000110E+0	121.010790338614360E+0	-84.331797937845877E+0
817.000000000000110E+0	77.073783099264673E+0	-84.351027493704279E+0
818.000000000000110E+0	62.994982874205789E+0	-52.199932705570703E+0
819.000000000000110E+0	209.412508288207330E+0	-248.874905353388470E+0
820.000000000000110E+0	161.986840042121090E+0	-238.673918322702180E+0
821.000000000000110E+0	22.892659552393418E+0	-55.797029089255282E+0
822.000000000000110E+0	34.521608523899928E+0	-57.691360398330040E+0
823.000000000000110E+0	72.705133223300507E+0	-197.867599289166920E+0
824.000000000000110E+0	35.884757019083807E+0	-124.338723153839440E+0
825.000000000000110E+0	23.246522327014514E+0	-110.789397433472890E+0
826.000000000000110E+0	7.081287039119516E+0	-40.273976452945561E+0
827.000000000000110E+0	8.521268875098468E+0	-29.060382412525275E+0
828.000000000000110E+0	23.695711185762260E+0	-83.603596803829617E+0
829.000000000000110E+0	26.738385462969838E+0	-82.517882751883803E+0
830.000000000000110E+0	14.326417374690795E+0	-39.715925224937997E+0
831.000000000000110E+0	703.570546508730630E-3	-5.100269601872235E+0
832.000000000000110E+0	29.722259405136221E+0	-49.400449616850338E+0
833.000000000000110E+0	64.667905669479296E+0	-89.646617267551818E+0
834.000000000000110E+0	18.228268370863596E+0	-24.927571508072390E+0
835.000000000000110E+0	24.077467745090331E+0	-25.905821011341239E+0
836.000000000000110E+0	14.937843581191526E+0	-14.024977508304193E+0
837.000000000000110E+0	26.766744565258115E+0	-27.886602485552704E+0
838.000000000000110E+0	89.101828432603938E+0	-81.099577181824870E+0
839.000000000000110E+0	52.751422335005181E+0	-48.799059881872026E+0
840.000000000000110E+0	12.301160273438793E+0	-11.468983210152889E+0
841.000000000000110E+0	28.650421867789895E+0	-28.576679147204494E+0
842.000000000000110E+0	95.558836943530764E+0	-87.866830166476362E+0
843.000000000000110E+0	81.595247187641263E+0	-74.277449888133049E+0
844.000000000000110E+0	34.990048317014349E+0	-34.123715940771902E+0
845.000000000000110E+0	27.137043896306800E+0	-26.623542698942447E+0
846.000000000000110E+0	64.872447825231987E+0	-59.746290132836364E+0
847.000000000000110E+0	79.556655702774861E+0	-70.292645990849408E+0
848.000000000000110E+0	112.055742624012590E+0	-112.450778648144780E+0
849.000000000000110E+0	56.386564901213624E+0	-60.124842457990418E+0
850.000000000000110E+0	10.211034989719888E+0	-11.978876237273990E+0
851.000000000000110E+0	163.443981657833210E+0	-179.542672726194920E+0
852.000000000000110E+0	138.731245672194290E+0	-157.633169101666600E+0
853.000000000000110E+0	42.303088039539389E+0	-59.632428393919426E+0
854.000000000000110E+0	44.697808511529310E+0	-65.309708148747660E+0
855.000000000000110E+0	40.693111604560251E+0	-56.257672559863046E+0
856.000000000000110E+0	92.118972824718213E+0	-166.115768207790100E+0
857.000000000000110E+0	100.120671226921330E+0	-212.042130591764900E+0
858.000000000000110E+0	50.169735219290331E+0	-103.466995580751740E+0
859.000000000000110E+0	15.433003272976006E+0	-40.904825249430125E+0
860.000000000000110E+0	14.330200009201942E+0	-126.619519801926500E+0
861.000000000000110E+0	31.111753599383753E+0	-471.837361841705670E+0
862.000000000000110E+0	-889.166971125415650E-3	-246.404502240572300E+0
863.000000000000110E+0	-906.581599524460600E-3	-38.925515830809218E+0
864.000000000000110E+0	-27.402787625984491E+0	-96.724541535337494E+0
865.000000000000110E+0	-87.854960537299519E+0	-200.773054058271950E+0
866.000000000000110E+0	-78.741407890027872E+0	-137.622443540138900E+0
867.000000000000110E+0	-142.464958371717100E+0	-178.084336383000670E+0
868.000000000000110E+0	-55.388143921754761E+0	-45.034107771504203E+0
869.000000000000110E+0	-38.919878813146525E+0	-44.447243916841955E+0
870.000000000000110E+0	-230.018923959381940E+0	-212.803210687455870E+0
871.000000000000110E+0	-142.321931426381330E+0	-118.741870344410590E+0
872.000000000000110E+0	-62.335420654150901E+0	-45.722354065479678E+0
873.000000000000110E+0	-27.394403235473213E+0	-17.231253218700662E+0
874.000000000000110E+0	-109.677750672759590E+0	-81.808134963024216E+0
875.000000000000110E+0	-175.793247257702940E+0	-132.125942780819540E+0
876.000000000000110E+0	-101.920165854886930E+0	-63.778090572342691E+0
877.000000000000110E+0	-108.912432958343020E+0	-59.861110657978408E+0
878.000000000000110E+0	-35.126212204737797E+0	-17.122257884731315E+0
879.000000000000110E+0	-133.119289999209290E+0	-64.539340772953622E+0
880.000000000000110E+0	-346.643936488349940E+0	-131.503741084726640E+0
881.000000000000110E+0	-153.430873716664880E+0	-48.524543089550320E+0
882.000000000000110E+0	-32.086283709267128E+0	-6.347914184953228E+0
883.000000000000110E+0	-150.823568258241860E+0	-19.349358656955392E+0
884.000000000000110E+0	-202.080935388858620E+0	-23.886358421055938E+0
885.000000000000110E+0	-163.899388519827540E+0	-8.282947899822194E+0
886.000000000000110E+0	-118.177413437040970E+0	-2.037283874363497E+0
887.000000000000110E+0	-46.434465738375252E+0	1.484508368169493E+0
888.000000000000110E+0	-108.469120545437660E+0	10.384983368121153E+0
889.000000000000110E+0	-229.290250668864930E+0	34.049576085147756E+0
890.000000000000110E+0	-147.666080878571450E+0	28.075958657762747E+0
891.000000000000110E+0	-51.147202074858235E+0	14.392867424574424E+0
892.000000000000110E+0	-46.767348834977263E+0	8.874731301202152E+0
893.000000000000110E+0	-228.014495139218070E+0	56.029267413324007E+0
894.000000000000110E+0	-118.611846763865200E+0	32.981959024904171E+0
895.000000000000110E+0	-53.400465250144940E+0	19.021628848329023E+0
896.000000000000110E+0	-58.665263970188178E+0	22.594732911941101E+0
897.000000000000110E+0	-28.898720163468248E+0	14.572083156934221E+0
898.000000000000110E+0	-149.387575573430580E+0	60.919036659976314E+0
899.000000000000110E+0	-162.907326612766070E+0	73.726842783217350E+0
900.000000000000110E+0	-46.756770457759522E+0	20.779177536906889E+0
901.000000000000110E+0	-15.440798429285172E+0	7.244094264677439E+0
902.000000000000110E+0	-94.199890695379707E+0	48.490640731720795E+0
903.000000000000110E+0	-122.901456189061080E+0	65.406532042251314E+0
904.000000000000110E+0	-57.790827756108058E+0	31.755801447717211E+0
905.000000000000110E+0	-20.440337772075058E+0	17.213258938634286E+0
906.000000000000110E+0	-33.426888239581572E+0	28.643180614751468E+0
907.000000000000110E+0	-62.209452996643037E+0	47.817415814534272E+0
908.000000000000110E+0	-110.616373776418160E+0	86.881446671692842E+0
909.000000000000110E+0	-96.565576805794890E+0	82.566091651698926E+0
910.000000000000110E+0	-18.443661612202508E+0	12.069001227850100E+0
911.000000000000110E+0	-43.540387955754241E+0	50.528698443005581E+0
912.000000000000110E+0	-158.695483736556350E+0	197.913593299092270E+0
913.000000000000110E+0	-59.169407221122903E+0	85.240883299950695E+0
914.000000000000110E+0	-16.529772335102738E+0	44.074272928136509E+0
915.000000000000110E+0	-17.471261131742544E+0	63.975789915601048E+0
916.000000000000110E+0	-30.148022100167879E+0	66.422895367383091E+0
917.000000000000110E+0	-45.978020365658089E+0	203.525429291070110E+0
918.000000000000110E+0	-22.201195088087665E+0	149.680707322590310E+0
919.000000000000110E+0	-6.407814054509162E+0	79.084071701087197E+0
920.000000000000110E+0	-2.152277719237806E+0	13.052808668301987E+0
921.000000000000110E+0	7.750495078985725E+0	142.228130876355610E+0
922.000000000000110E+0	3.791841295595231E+0	171.661115068604630E+0
923.000000000000110E+0	2.159231122694401E+0	60.887806625893162E+0
924.000000000000110E+0	8.035383227531266E+0	30.608358138845610E+0
925.000000000000110E+0	10.760172010990967E+0	105.963663973390680E+0
926.000000000000110E+0	-3.955362345126897E+0	126.929796622691540E+0
927.000000000000110E+0	17.334502835968330E+0	174.356982755462380E+0
928.000000000000110E+0	31.920717976813897E+0	161.920035234150020E+0
929.000000000000110E+0	3.302943274460026E+0	19.935993128397122E+0
930.000000000000110E+0	91.992927187698157E+0	139.474949744222210E+0
931.000000000000110E+0	215.402111163415750E+0	232.552235019130560E+0
932.000000000000110E+0	123.948341135859460E+0	100.666595986083170E+0
933.000000000000110E+0	55.671251616085463E+0	39.410375500476988E+0
934.000000000000110E+0	65.161041920115693E+0	42.710534066792242E+0
935.000000000000110E+0	162.830699492792040E+0	67.854189284015177E+0
936.000000000000110E+0	156.191226931009340E+0	51.613700907132078E+0
937.000000000000110E+0	83.856206954970759E+0	19.300836569238008E+0
938.000000000000110E+0	56.317481965924415E+0	3.117637044921421E+0
939.000000000000110E+0	29.117555658493682E+0	-544.393551404302120E-3
940.000000000000110E+0	185.885681212538600E+0	-14.307217140006031E+0
941.000000000000110E+0	130.874819549332670E+0	-19.500090464895372E+0
942.000000000000110E+0	24.912536039628513E+0	-5.436998616768387E+0
943.000000000000110E+0	40.450006632376443E+0	-1.898862773414177E+0
944.000000000000110E+0	85.333199895248498E+0	-5.002723597014564E+0
945.000000000000110E+0	60.894092883717136E+0	-3.397106482385071E+0
946.000000000000110E+0	56.965494030530735E+0	-7.243379825941288E+0
947.000000000000110E+0	28.582168019309069E+0	-4.682841775094255E+0
948.000000000000110E+0	19.114072465341525E+0	-7.374818085417284E+0
949.000000000000110E+0	79.364971350657697E+0	-24.843030930468394E+0
950.000000000000110E+0	85.825373599740033E+0	-30.721083668985045E+0
951.000000000000110E+0	46.810966437481866E+0	-20.103976588156193E+0
952.000000000000110E+0	8.196881460834396E+0	-1.063440251051200E+0
953.000000000000110E+0	44.515904316109314E+0	-24.413641221257627E+0
954.000000000000110E+0	67.367421302128847E+0	-44.351347078598316E+0
955.000000000000110E+0	25.625296158078861E+0	-16.696986410370947E+0
956.000000000000110E+0	20.712249355672554E+0	-19.860770962528612E+0
957.000000000000110E+0	9.603933467802491E+0	-14.235168476758071E+0
958.000000000000110E+0	19.589488317645934E+0	-30.374098567999720E+0
959.000000000000110E+0	38.942152400969256E+0	-83.322162837416243E+0
960.000000000000110E+0	9.191093624405147E+0	-32.703821326596177E+0
961.000000000000110E+0	1.647667244776301E+0	-4.268809116427080E+0
962.000000000000110E+0	1.048577256392545E+0	-20.401104873859104E+0
963.000000000000110E+0	-2.410627473036759E+0	-33.725529203156988E+0
964.000000000000110E+0	-4.007911403330087E+0	-27.867278215540164E+0
965.000000000000110E+0	-38.404955323013822E-3	-8.472640853489512E+0
966.000000000000110E+0	187.537166268051670E-3	-6.172498969471494E+0
967.000000000000110E+0	1.307089021263065E+0	-6.234499985137907E+0
968.000000000000110E+0	1.809748898216620E+0	-8.084091437452797E+0
969.000000000000110E+0	-286.436772721571860E-3	-7.865908623986803E+0
970.000000000000110E+0	158.828514914065300E-3	-3.237979639104211E+0
971.000000000000110E+0	559.461253658287470E-3	-1.599336198108712E+0
972.000000000000110E+0	7.071927770552779E+0	-16.842410736654106E+0
973.000000000000110E+0	5.472106732263160E+0	-11.196805307047835E+0
974.000000000000110E+0	2.600965862910479E+0	-3.780552075173923E+0
975.000000000000110E+0	3.566442662619218E+0	-3.011028692786697E+0
976.000000000000110E+0	2.271537856045018E+0	-823.143174895247020E-3
977.000000000000110E+0	6.910718547554343E+0	-6.289204558748181E+0
978.000000000000110E+0	9.935308287376815E+0	-9.359783486944254E+0
979.000000000000110E+0	3.457393389149466E+0	-3.621706179737625E+0
980.000000000000110E+0	72.283152500558168E-3	-486.717002949395290E-3
981.000000000000110E+0	5.626965986990787E+0	-10.076719294721560E+0
982.000000000000110E+0	16.284545732995259E+0	-24.498724011920824E+0
983.000000000000110E+0	9.423576417643222E+0	-13.323057155578301E+0
984.000000000000110E+0	410.577278262216020E-3	-266.276630380353980E-3
985.000000000000110E+0	3.138554656255502E+0	-6.562575991776621E+0
986.000000000000110E+0	5.849590622430010E+0	-9.717345697022614E+0
987.000000000000110E+0	7.343618366558672E+0	-16.168556935156779E+0
988.000000000000110E+0	11.274719109522481E+0	-25.991106012172388E+0
989.000000000000110E+0	2.689492525381051E+0	-4.880518942000586E+0
990.000000000000110E+0	1.607082325265547E+0	-9.123932746506423E+0
991.000000000000110E+0	11.145468162909967E+0	-51.890312641858692E+0
992.000000000000110E+0	7.482795963060619E+0	-25.726888862680276E+0
993.000000000000110E+0	1.607336446769233E+0	-3.845280373413901E+0
994.000000000000110E+0	-488.186470942918500E-3	-1.331471504079448E+0
995.000000000000110E+0	-7.864333904583882E+0	-16.937148531233070E+0
996.000000000000110E+0	-16.747436341464805E+0	-38.877535848506923E+0
997.000000000000110E+0	-8.144492226394940E+0	-16.090532639836425E+0
998.000000000000110E+0	-12.784003463336985E+0	-17.783566945909666E+0
999.000000000000110E+0	-1.340644272977793E+0	-183.269938242917100E-3
1.000000000000000E+3	-29.554303129019910E+0	-24.977094991884442E+0
